 1 - depth, m
 2 - temperature, C
 3 - salinity, kg/kg
 4 - turbulent kinetic energy, m**2/s**2
 5 - dissipation rate, m**2/s**3
 6 - kinematic heat conductance, m**2/s
 7 - modulus of horizontal velocity, m/s
 8 - Richardson number, n/d
   -0.000000   28.05969  0.7746E-13  0.1027E-04  0.3100E-06  0.5936E-04  0.8221E-02 -0.5869E+00
   -0.112493   28.11936  0.7746E-13  0.1678E-04  0.1197E-06  0.8538E-03  0.2568E-02  0.3493E+03
   -0.224987   28.12324  0.7746E-13  0.1863E-04  0.9377E-07  0.1215E-02  0.2180E-02  0.8592E+01
   -0.337482   28.12581  0.7746E-13  0.2009E-04  0.8010E-07  0.1622E-02  0.1925E-02  0.4703E+01
   -0.449979   28.12765  0.7746E-13  0.2129E-04  0.7153E-07  0.2002E-02  0.1741E-02  0.3213E+01
   -0.562476   28.12907  0.7746E-13  0.2229E-04  0.6561E-07  0.2369E-02  0.1598E-02  0.2475E+01
   -0.674974   28.13023  0.7746E-13  0.2315E-04  0.6125E-07  0.2720E-02  0.1480E-02  0.2048E+01
   -0.787472   28.13121  0.7746E-13  0.2390E-04  0.5790E-07  0.3052E-02  0.1381E-02  0.1779E+01
   -0.899972   28.13206  0.7746E-13  0.2456E-04  0.5524E-07  0.3365E-02  0.1296E-02  0.1601E+01
   -1.012472   28.13282  0.7746E-13  0.2513E-04  0.5310E-07  0.3659E-02  0.1220E-02  0.1480E+01
   -1.124972   28.13350  0.7746E-13  0.2564E-04  0.5133E-07  0.3933E-02  0.1153E-02  0.1398E+01
   -1.237474   28.13413  0.7746E-13  0.2610E-04  0.4985E-07  0.4188E-02  0.1092E-02  0.1343E+01
   -1.349975   28.13471  0.7746E-13  0.2650E-04  0.4861E-07  0.4422E-02  0.1037E-02  0.1309E+01
   -1.462478   28.13525  0.7746E-13  0.2685E-04  0.4756E-07  0.4638E-02  0.9856E-03  0.1293E+01
   -1.574980   28.13576  0.7746E-13  0.2717E-04  0.4668E-07  0.4833E-02  0.9384E-03  0.1290E+01
   -1.687483   28.13624  0.7746E-13  0.2744E-04  0.4593E-07  0.5008E-02  0.8946E-03  0.1299E+01
   -1.799986   28.13671  0.7746E-13  0.2767E-04  0.4530E-07  0.5162E-02  0.8535E-03  0.1321E+01
   -1.912490   28.13715  0.7746E-13  0.2787E-04  0.4478E-07  0.5295E-02  0.8149E-03  0.1353E+01
   -2.024993   28.13759  0.7746E-13  0.2803E-04  0.4435E-07  0.5408E-02  0.7785E-03  0.1398E+01
   -2.137497   28.13801  0.7746E-13  0.2816E-04  0.4402E-07  0.5498E-02  0.7440E-03  0.1456E+01
   -2.250001   28.13842  0.7746E-13  0.2826E-04  0.4378E-07  0.5567E-02  0.7111E-03  0.1528E+01
   -2.362505   28.13882  0.7746E-13  0.2833E-04  0.4363E-07  0.5612E-02  0.6798E-03  0.1615E+01
   -2.475008   28.13922  0.7746E-13  0.2836E-04  0.4357E-07  0.5633E-02  0.6498E-03  0.1722E+01
   -2.587512   28.13962  0.7746E-13  0.2836E-04  0.4361E-07  0.5629E-02  0.6210E-03  0.1850E+01
   -2.700015   28.14001  0.7746E-13  0.2832E-04  0.4375E-07  0.5598E-02  0.5932E-03  0.2007E+01
   -2.812519   28.14041  0.7746E-13  0.2825E-04  0.4401E-07  0.5540E-02  0.5663E-03  0.2200E+01
   -2.925022   28.14080  0.7746E-13  0.2814E-04  0.4440E-07  0.5452E-02  0.5402E-03  0.2442E+01
   -3.037524   28.14120  0.7746E-13  0.2798E-04  0.4495E-07  0.5332E-02  0.5148E-03  0.2748E+01
   -3.150026   28.14161  0.7746E-13  0.2779E-04  0.4570E-07  0.5177E-02  0.4900E-03  0.3148E+01
   -3.262528   28.14203  0.7746E-13  0.2754E-04  0.4669E-07  0.4986E-02  0.4658E-03  0.3682E+01
   -3.375029   28.14246  0.7746E-13  0.2723E-04  0.4800E-07  0.4753E-02  0.4418E-03  0.4425E+01
   -3.487530   28.14292  0.7746E-13  0.2685E-04  0.4975E-07  0.4479E-02  0.4182E-03  0.5496E+01
   -3.600030   28.14340  0.7746E-13  0.2638E-04  0.5212E-07  0.4148E-02  0.3947E-03  0.7178E+01
   -3.712530   28.14391  0.7746E-13  0.2581E-04  0.5542E-07  0.3788E-02  0.3711E-03  0.1001E+02
   -3.825028   28.14448  0.7746E-13  0.2508E-04  0.6039E-07  0.3326E-02  0.3474E-03  0.1243E+03
   -3.937526   28.14514  0.7746E-13  0.2411E-04  0.6838E-07  0.2882E-02  0.3224E-03  0.3176E+03
   -4.050023   28.14590  0.7746E-13  0.2275E-04  0.8292E-07  0.2205E-02  0.2971E-03  0.3900E+03
   -4.162519   28.14713  0.7746E-13  0.2081E-04  0.1114E-06  0.1922E-02  0.2661E-03  0.5073E+04
   -4.275015   28.14815  0.7746E-13  0.1739E-04  0.2037E-06  0.7757E-03  0.2409E-03 -0.1858E+03
   -4.387509   28.15406  0.7746E-13  0.7907E-05  0.7265E-06  0.1270E-03  0.1905E-03 -0.2114E+05
   -4.500002   28.17115  0.7746E-13  0.0000E+00  0.0000E+00  0.0000E+00  0.2125E-03  0.0000E+00
