 1 - depth, m
 2 - temperature, C
 3 - salinity, kg/kg
 4 - turbulent kinetic energy, m**2/s**2
 5 - dissipation rate, m**2/s**3
 6 - kinematic heat conductance, m**2/s
 7 - modulus of horizontal velocity, m/s
 8 - Richardson number, n/d
   -0.000000   31.16313  0.1843E-13  0.6629E-05  0.3303E-06  0.7240E-04  0.2065E-02 -0.2005E+02
   -0.112493   31.21215  0.1843E-13  0.1481E-04  0.1290E-06  0.5783E-03  0.7679E-03  0.9909E+04
   -0.224987   31.21973  0.1843E-13  0.1789E-04  0.9277E-07  0.1220E-02  0.5781E-03  0.6626E+04
   -0.337482   31.22225  0.1843E-13  0.1980E-04  0.7931E-07  0.1573E-02  0.5096E-03  0.1380E+03
   -0.449978   31.22411  0.1843E-13  0.2129E-04  0.7118E-07  0.2011E-02  0.4593E-03  0.9166E+02
   -0.562475   31.22550  0.1843E-13  0.2251E-04  0.6566E-07  0.2406E-02  0.4212E-03  0.6862E+02
   -0.674973   31.22662  0.1843E-13  0.2353E-04  0.6164E-07  0.2784E-02  0.3904E-03  0.5651E+02
   -0.787472   31.22755  0.1843E-13  0.2440E-04  0.5855E-07  0.3138E-02  0.3645E-03  0.4835E+02
   -0.899971   31.22836  0.1843E-13  0.2516E-04  0.5612E-07  0.3470E-02  0.3422E-03  0.4356E+02
   -1.012471   31.22908  0.1843E-13  0.2582E-04  0.5415E-07  0.3781E-02  0.3227E-03  0.3965E+02
   -1.124972   31.22972  0.1843E-13  0.2641E-04  0.5253E-07  0.4069E-02  0.3052E-03  0.3757E+02
   -1.237473   31.23031  0.1843E-13  0.2693E-04  0.5118E-07  0.4337E-02  0.2895E-03  0.3550E+02
   -1.349975   31.23086  0.1843E-13  0.2739E-04  0.5005E-07  0.4583E-02  0.2751E-03  0.3477E+02
   -1.462477   31.23137  0.1843E-13  0.2780E-04  0.4910E-07  0.4807E-02  0.2619E-03  0.3369E+02
   -1.574980   31.23185  0.1843E-13  0.2815E-04  0.4830E-07  0.5011E-02  0.2496E-03  0.3381E+02
   -1.687483   31.23230  0.1843E-13  0.2847E-04  0.4762E-07  0.5193E-02  0.2383E-03  0.3339E+02
   -1.799986   31.23274  0.1843E-13  0.2874E-04  0.4706E-07  0.5354E-02  0.2276E-03  0.3415E+02
   -1.912489   31.23316  0.1843E-13  0.2898E-04  0.4661E-07  0.5494E-02  0.2176E-03  0.3427E+02
   -2.024993   31.23357  0.1843E-13  0.2918E-04  0.4624E-07  0.5612E-02  0.2081E-03  0.3563E+02
   -2.137497   31.23396  0.1843E-13  0.2934E-04  0.4597E-07  0.5707E-02  0.1991E-03  0.3629E+02
   -2.250000   31.23435  0.1843E-13  0.2947E-04  0.4579E-07  0.5779E-02  0.1905E-03  0.3832E+02
   -2.362504   31.23473  0.1843E-13  0.2956E-04  0.4569E-07  0.5828E-02  0.1823E-03  0.3960E+02
   -2.475008   31.23511  0.1843E-13  0.2962E-04  0.4568E-07  0.5853E-02  0.1745E-03  0.4246E+02
   -2.587511   31.23548  0.1843E-13  0.2964E-04  0.4577E-07  0.5852E-02  0.1669E-03  0.4457E+02
   -2.700015   31.23585  0.1843E-13  0.2963E-04  0.4596E-07  0.5824E-02  0.1596E-03  0.4858E+02
   -2.812518   31.23622  0.1843E-13  0.2958E-04  0.4627E-07  0.5768E-02  0.1526E-03  0.5198E+02
   -2.925021   31.23659  0.1843E-13  0.2950E-04  0.4672E-07  0.5682E-02  0.1458E-03  0.5787E+02
   -3.037524   31.23697  0.1843E-13  0.2936E-04  0.4732E-07  0.5564E-02  0.1391E-03  0.6351E+02
   -3.150026   31.23735  0.1843E-13  0.2919E-04  0.4812E-07  0.5412E-02  0.1326E-03  0.7274E+02
   -3.262527   31.23774  0.1843E-13  0.2896E-04  0.4916E-07  0.5222E-02  0.1262E-03  0.8276E+02
   -3.375029   31.23815  0.1843E-13  0.2868E-04  0.5051E-07  0.4991E-02  0.1199E-03  0.9881E+02
   -3.487529   31.23857  0.1843E-13  0.2832E-04  0.5228E-07  0.4714E-02  0.1137E-03  0.1187E+03
   -3.600029   31.23902  0.1843E-13  0.2789E-04  0.5464E-07  0.4388E-02  0.1075E-03  0.1516E+03
   -3.712529   31.23949  0.1843E-13  0.2735E-04  0.5784E-07  0.4007E-02  0.1013E-03  0.2001E+03
   -3.825027   31.24002  0.1843E-13  0.2668E-04  0.6234E-07  0.3557E-02  0.9507E-04  0.2895E+03
   -3.937525   31.24060  0.1843E-13  0.2582E-04  0.6901E-07  0.3082E-02  0.8869E-04  0.4614E+03
   -4.050022   31.24127  0.1843E-13  0.2468E-04  0.7982E-07  0.2382E-02  0.8216E-04  0.9189E+03
   -4.162518   31.24215  0.1843E-13  0.2306E-04  0.9956E-07  0.2139E-02  0.7502E-04  0.1955E+04
   -4.275014   31.24310  0.1843E-13  0.1975E-04  0.1631E-06  0.8288E-03  0.6870E-04 -0.4243E+04
   -4.387508   31.24773  0.1843E-13  0.8845E-05  0.5648E-06  0.1145E-03  0.5579E-04 -0.2016E+06
   -4.500001   31.26515  0.1843E-13  0.0000E+00  0.0000E+00  0.0000E+00  0.5983E-04  0.0000E+00
