 1 - depth, m
 2 - temperature, C
 3 - salinity, kg/kg
 4 - turbulent kinetic energy, m**2/s**2
 5 - dissipation rate, m**2/s**3
 6 - kinematic heat conductance, m**2/s
 7 - modulus of horizontal velocity, m/s
 8 - Richardson number, n/d
   -0.000000   30.80028  0.4124E-13  0.5939E-05  0.2713E-06  0.6301E-04  0.5400E-03 -0.1481E+03
   -0.112493   30.85114  0.4124E-13  0.1405E-04  0.1079E-06  0.6047E-03  0.1846E-03  0.3744E+04
   -0.224987   30.85722  0.4124E-13  0.1676E-04  0.7987E-07  0.1229E-02  0.1401E-03  0.2933E+04
   -0.337482   30.85947  0.4124E-13  0.1847E-04  0.6893E-07  0.1575E-02  0.1237E-03  0.1174E+04
   -0.449979   30.86112  0.4124E-13  0.1980E-04  0.6218E-07  0.1992E-02  0.1115E-03  0.7934E+03
   -0.562476   30.86238  0.4124E-13  0.2090E-04  0.5753E-07  0.2372E-02  0.1023E-03  0.6050E+03
   -0.674974   30.86339  0.4124E-13  0.2182E-04  0.5411E-07  0.2733E-02  0.9471E-04  0.4994E+03
   -0.787472   30.86424  0.4124E-13  0.2261E-04  0.5148E-07  0.3072E-02  0.8836E-04  0.4340E+03
   -0.899972   30.86497  0.4124E-13  0.2330E-04  0.4940E-07  0.3390E-02  0.8289E-04  0.3905E+03
   -1.012472   30.86563  0.4124E-13  0.2391E-04  0.4771E-07  0.3686E-02  0.7807E-04  0.3616E+03
   -1.124972   30.86621  0.4124E-13  0.2445E-04  0.4632E-07  0.3962E-02  0.7377E-04  0.3414E+03
   -1.237474   30.86675  0.4124E-13  0.2493E-04  0.4517E-07  0.4218E-02  0.6988E-04  0.3287E+03
   -1.349975   30.86725  0.4124E-13  0.2535E-04  0.4420E-07  0.4453E-02  0.6634E-04  0.3204E+03
   -1.462478   30.86772  0.4124E-13  0.2573E-04  0.4339E-07  0.4668E-02  0.6309E-04  0.3168E+03
   -1.574980   30.86816  0.4124E-13  0.2606E-04  0.4271E-07  0.4863E-02  0.6008E-04  0.3160E+03
   -1.687483   30.86858  0.4124E-13  0.2635E-04  0.4214E-07  0.5037E-02  0.5727E-04  0.3189E+03
   -1.799986   30.86898  0.4124E-13  0.2661E-04  0.4167E-07  0.5191E-02  0.5465E-04  0.3239E+03
   -1.912490   30.86937  0.4124E-13  0.2683E-04  0.4129E-07  0.5325E-02  0.5218E-04  0.3325E+03
   -2.024993   30.86974  0.4124E-13  0.2702E-04  0.4099E-07  0.5437E-02  0.4985E-04  0.3431E+03
   -2.137497   30.87011  0.4124E-13  0.2718E-04  0.4078E-07  0.5528E-02  0.4763E-04  0.3577E+03
   -2.250001   30.87047  0.4124E-13  0.2730E-04  0.4064E-07  0.5597E-02  0.4553E-04  0.3748E+03
   -2.362505   30.87082  0.4124E-13  0.2740E-04  0.4058E-07  0.5644E-02  0.4352E-04  0.3967E+03
   -2.475008   30.87117  0.4124E-13  0.2746E-04  0.4060E-07  0.5667E-02  0.4160E-04  0.4220E+03
   -2.587512   30.87152  0.4124E-13  0.2749E-04  0.4070E-07  0.5665E-02  0.3975E-04  0.4536E+03
   -2.700016   30.87186  0.4124E-13  0.2749E-04  0.4090E-07  0.5638E-02  0.3797E-04  0.4907E+03
   -2.812519   30.87221  0.4124E-13  0.2745E-04  0.4120E-07  0.5584E-02  0.3625E-04  0.5375E+03
   -2.925022   30.87255  0.4124E-13  0.2738E-04  0.4162E-07  0.5501E-02  0.3458E-04  0.5942E+03
   -3.037524   30.87291  0.4124E-13  0.2727E-04  0.4218E-07  0.5387E-02  0.3296E-04  0.6672E+03
   -3.150027   30.87326  0.4124E-13  0.2711E-04  0.4292E-07  0.5241E-02  0.3137E-04  0.7593E+03
   -3.262528   30.87363  0.4124E-13  0.2691E-04  0.4387E-07  0.5058E-02  0.2982E-04  0.8826E+03
   -3.375030   30.87401  0.4124E-13  0.2666E-04  0.4510E-07  0.4836E-02  0.2829E-04  0.1048E+04
   -3.487530   30.87441  0.4124E-13  0.2634E-04  0.4670E-07  0.4570E-02  0.2679E-04  0.1284E+04
   -3.600030   30.87483  0.4124E-13  0.2595E-04  0.4882E-07  0.4257E-02  0.2529E-04  0.1633E+04
   -3.712530   30.87528  0.4124E-13  0.2547E-04  0.5168E-07  0.3891E-02  0.2380E-04  0.2193E+04
   -3.825028   30.87577  0.4124E-13  0.2486E-04  0.5569E-07  0.3460E-02  0.2230E-04  0.3161E+04
   -3.937526   30.87632  0.4124E-13  0.2408E-04  0.6162E-07  0.2998E-02  0.2076E-04  0.5106E+04
   -4.050023   30.87695  0.4124E-13  0.2304E-04  0.7115E-07  0.2334E-02  0.1920E-04  0.1009E+05
   -4.162519   30.87776  0.4124E-13  0.2157E-04  0.8845E-07  0.2083E-02  0.1750E-04  0.2187E+05
   -4.275015   30.87866  0.4124E-13  0.1856E-04  0.1439E-06  0.8161E-03  0.1599E-04 -0.4642E+05
   -4.387509   30.88291  0.4124E-13  0.8259E-05  0.5003E-06  0.1080E-03  0.1297E-04 -0.2298E+07
   -4.500002   30.90000  0.4124E-13  0.0000E+00  0.0000E+00  0.0000E+00  0.1389E-04  0.0000E+00
