 1 - depth, m
 2 - temperature, C
 3 - salinity, kg/kg
 4 - turbulent kinetic energy, m**2/s**2
 5 - dissipation rate, m**2/s**3
 6 - kinematic heat conductance, m**2/s
 7 - modulus of horizontal velocity, m/s
 8 - Richardson number, n/d
   -0.000000   30.77783  0.7435E-13  0.6490E-05  0.3221E-06  0.7090E-04  0.9152E-03 -0.8007E+02
   -0.112493   30.82878  0.7435E-13  0.1502E-04  0.1273E-06  0.5781E-03  0.3420E-03  0.1598E+04
   -0.224987   30.83656  0.7435E-13  0.1814E-04  0.9243E-07  0.1259E-02  0.2544E-03  0.1411E+04
   -0.337482   30.83909  0.7435E-13  0.2005E-04  0.7953E-07  0.1599E-02  0.2251E-03  0.5709E+03
   -0.449979   30.84100  0.7435E-13  0.2153E-04  0.7162E-07  0.2034E-02  0.2032E-03  0.3873E+03
   -0.562476   30.84244  0.7435E-13  0.2272E-04  0.6617E-07  0.2426E-02  0.1865E-03  0.2940E+03
   -0.674973   30.84361  0.7435E-13  0.2372E-04  0.6214E-07  0.2798E-02  0.1730E-03  0.2434E+03
   -0.787472   30.84459  0.7435E-13  0.2456E-04  0.5902E-07  0.3146E-02  0.1616E-03  0.2099E+03
   -0.899971   30.84544  0.7435E-13  0.2528E-04  0.5651E-07  0.3472E-02  0.1517E-03  0.1892E+03
   -1.012472   30.84619  0.7435E-13  0.2591E-04  0.5445E-07  0.3776E-02  0.1431E-03  0.1732E+03
   -1.124972   30.84686  0.7435E-13  0.2644E-04  0.5273E-07  0.4057E-02  0.1353E-03  0.1638E+03
   -1.237473   30.84748  0.7435E-13  0.2691E-04  0.5126E-07  0.4318E-02  0.1283E-03  0.1554E+03
   -1.349975   30.84804  0.7435E-13  0.2732E-04  0.5000E-07  0.4557E-02  0.1220E-03  0.1516E+03
   -1.462477   30.84857  0.7435E-13  0.2766E-04  0.4891E-07  0.4775E-02  0.1161E-03  0.1474E+03
   -1.574980   30.84907  0.7435E-13  0.2796E-04  0.4797E-07  0.4972E-02  0.1106E-03  0.1471E+03
   -1.687483   30.84953  0.7435E-13  0.2821E-04  0.4715E-07  0.5148E-02  0.1056E-03  0.1457E+03
   -1.799986   30.84998  0.7435E-13  0.2842E-04  0.4644E-07  0.5304E-02  0.1008E-03  0.1480E+03
   -1.912490   30.85041  0.7435E-13  0.2859E-04  0.4582E-07  0.5438E-02  0.9635E-04  0.1488E+03
   -2.024993   30.85081  0.7435E-13  0.2872E-04  0.4530E-07  0.5552E-02  0.9212E-04  0.1536E+03
   -2.137497   30.85121  0.7435E-13  0.2882E-04  0.4486E-07  0.5643E-02  0.8811E-04  0.1567E+03
   -2.250001   30.85159  0.7435E-13  0.2887E-04  0.4450E-07  0.5712E-02  0.8429E-04  0.1641E+03
   -2.362504   30.85197  0.7435E-13  0.2890E-04  0.4422E-07  0.5759E-02  0.8064E-04  0.1698E+03
   -2.475008   30.85233  0.7435E-13  0.2889E-04  0.4403E-07  0.5781E-02  0.7714E-04  0.1805E+03
   -2.587512   30.85269  0.7435E-13  0.2884E-04  0.4393E-07  0.5779E-02  0.7377E-04  0.1895E+03
   -2.700015   30.85305  0.7435E-13  0.2876E-04  0.4392E-07  0.5751E-02  0.7053E-04  0.2047E+03
   -2.812518   30.85340  0.7435E-13  0.2865E-04  0.4402E-07  0.5695E-02  0.6739E-04  0.2191E+03
   -2.925021   30.85375  0.7435E-13  0.2850E-04  0.4424E-07  0.5611E-02  0.6434E-04  0.2416E+03
   -3.037524   30.85410  0.7435E-13  0.2830E-04  0.4461E-07  0.5495E-02  0.6137E-04  0.2650E+03
   -3.150026   30.85445  0.7435E-13  0.2807E-04  0.4516E-07  0.5345E-02  0.5847E-04  0.3007E+03
   -3.262528   30.85481  0.7435E-13  0.2779E-04  0.4592E-07  0.5159E-02  0.5563E-04  0.3417E+03
   -3.375029   30.85517  0.7435E-13  0.2745E-04  0.4697E-07  0.4932E-02  0.5283E-04  0.4043E+03
   -3.487530   30.85555  0.7435E-13  0.2705E-04  0.4840E-07  0.4661E-02  0.5007E-04  0.4847E+03
   -3.600030   30.85594  0.7435E-13  0.2658E-04  0.5035E-07  0.4341E-02  0.4733E-04  0.6135E+03
   -3.712529   30.85636  0.7435E-13  0.2601E-04  0.5307E-07  0.3967E-02  0.4459E-04  0.8079E+03
   -3.825028   30.85681  0.7435E-13  0.2532E-04  0.5695E-07  0.3526E-02  0.4182E-04  0.1158E+04
   -3.937526   30.85731  0.7435E-13  0.2446E-04  0.6279E-07  0.3058E-02  0.3901E-04  0.1837E+04
   -4.050023   30.85787  0.7435E-13  0.2333E-04  0.7235E-07  0.2367E-02  0.3612E-04  0.3614E+04
   -4.162519   30.85859  0.7435E-13  0.2176E-04  0.8997E-07  0.2119E-02  0.3297E-04  0.7612E+04
   -4.275014   30.85937  0.7435E-13  0.1860E-04  0.1473E-06  0.8133E-03  0.3017E-04 -0.1524E+05
   -4.387508   30.86315  0.7435E-13  0.8217E-05  0.5096E-06  0.1113E-03  0.2442E-04 -0.7571E+06
   -4.500001   30.87718  0.7435E-13  0.0000E+00  0.0000E+00  0.0000E+00  0.2627E-04  0.0000E+00
