 1 - depth, m
 2 - temperature, C
 3 - salinity, kg/kg
 4 - turbulent kinetic energy, m**2/s**2
 5 - dissipation rate, m**2/s**3
 6 - kinematic heat conductance, m**2/s
 7 - modulus of horizontal velocity, m/s
 8 - Richardson number, n/d
   -0.000000   29.57677  0.7490E-13  0.8659E-05  0.2591E-06  0.5631E-04  0.6153E-02 -0.1072E+01
   -0.112493   29.63428  0.7490E-13  0.1581E-04  0.1038E-06  0.8638E-03  0.1827E-02  0.3496E+03
   -0.224987   29.63774  0.7490E-13  0.1765E-04  0.8266E-07  0.1233E-02  0.1553E-02  0.1585E+02
   -0.337482   29.64001  0.7490E-13  0.1906E-04  0.7127E-07  0.1636E-02  0.1374E-02  0.8809E+01
   -0.449978   29.64162  0.7490E-13  0.2021E-04  0.6404E-07  0.2015E-02  0.1243E-02  0.6081E+01
   -0.562475   29.64286  0.7490E-13  0.2117E-04  0.5899E-07  0.2378E-02  0.1141E-02  0.4708E+01
   -0.674973   29.64388  0.7490E-13  0.2200E-04  0.5525E-07  0.2723E-02  0.1058E-02  0.3914E+01
   -0.787472   29.64474  0.7490E-13  0.2272E-04  0.5238E-07  0.3051E-02  0.9871E-03  0.3405E+01
   -0.899971   29.64548  0.7490E-13  0.2335E-04  0.5010E-07  0.3359E-02  0.9259E-03  0.3074E+01
   -1.012471   29.64614  0.7490E-13  0.2391E-04  0.4826E-07  0.3649E-02  0.8719E-03  0.2841E+01
   -1.124972   29.64673  0.7490E-13  0.2442E-04  0.4675E-07  0.3920E-02  0.8238E-03  0.2690E+01
   -1.237473   29.64728  0.7490E-13  0.2487E-04  0.4550E-07  0.4171E-02  0.7802E-03  0.2584E+01
   -1.349975   29.64779  0.7490E-13  0.2527E-04  0.4445E-07  0.4403E-02  0.7405E-03  0.2526E+01
   -1.462477   29.64826  0.7490E-13  0.2563E-04  0.4358E-07  0.4616E-02  0.7040E-03  0.2491E+01
   -1.574980   29.64871  0.7490E-13  0.2595E-04  0.4285E-07  0.4809E-02  0.6702E-03  0.2493E+01
   -1.687483   29.64914  0.7490E-13  0.2624E-04  0.4224E-07  0.4983E-02  0.6388E-03  0.2510E+01
   -1.799986   29.64955  0.7490E-13  0.2649E-04  0.4175E-07  0.5136E-02  0.6093E-03  0.2558E+01
   -1.912489   29.64994  0.7490E-13  0.2671E-04  0.4135E-07  0.5270E-02  0.5817E-03  0.2620E+01
   -2.024993   29.65033  0.7490E-13  0.2690E-04  0.4104E-07  0.5383E-02  0.5555E-03  0.2714E+01
   -2.137497   29.65071  0.7490E-13  0.2706E-04  0.4081E-07  0.5475E-02  0.5308E-03  0.2822E+01
   -2.250000   29.65107  0.7490E-13  0.2718E-04  0.4067E-07  0.5545E-02  0.5072E-03  0.2970E+01
   -2.362504   29.65144  0.7490E-13  0.2728E-04  0.4061E-07  0.5593E-02  0.4848E-03  0.3135E+01
   -2.475008   29.65180  0.7490E-13  0.2735E-04  0.4063E-07  0.5618E-02  0.4633E-03  0.3349E+01
   -2.587511   29.65215  0.7490E-13  0.2739E-04  0.4074E-07  0.5618E-02  0.4426E-03  0.3592E+01
   -2.700015   29.65251  0.7490E-13  0.2739E-04  0.4095E-07  0.5593E-02  0.4227E-03  0.3902E+01
   -2.812518   29.65287  0.7490E-13  0.2736E-04  0.4126E-07  0.5540E-02  0.4035E-03  0.4266E+01
   -2.925021   29.65323  0.7490E-13  0.2730E-04  0.4170E-07  0.5459E-02  0.3848E-03  0.4736E+01
   -3.037524   29.65360  0.7490E-13  0.2720E-04  0.4228E-07  0.5348E-02  0.3667E-03  0.5307E+01
   -3.150026   29.65397  0.7490E-13  0.2706E-04  0.4303E-07  0.5204E-02  0.3490E-03  0.6065E+01
   -3.262528   29.65436  0.7490E-13  0.2687E-04  0.4400E-07  0.5023E-02  0.3316E-03  0.7040E+01
   -3.375029   29.65476  0.7490E-13  0.2662E-04  0.4526E-07  0.4804E-02  0.3146E-03  0.8393E+01
   -3.487529   29.65518  0.7490E-13  0.2632E-04  0.4689E-07  0.4541E-02  0.2978E-03  0.1027E+02
   -3.600029   29.65562  0.7490E-13  0.2594E-04  0.4904E-07  0.4231E-02  0.2811E-03  0.1311E+02
   -3.712529   29.65609  0.7490E-13  0.2546E-04  0.5194E-07  0.3868E-02  0.2644E-03  0.1759E+02
   -3.825027   29.65661  0.7490E-13  0.2486E-04  0.5599E-07  0.3441E-02  0.2476E-03  0.2545E+02
   -3.937525   29.65719  0.7490E-13  0.2409E-04  0.6197E-07  0.2982E-02  0.2306E-03  0.4111E+02
   -4.050022   29.65787  0.7490E-13  0.2306E-04  0.7157E-07  0.2323E-02  0.2131E-03  0.8153E+02
   -4.162518   29.65874  0.7490E-13  0.2160E-04  0.8896E-07  0.2071E-02  0.1942E-03  0.1773E+03
   -4.275014   29.65970  0.7490E-13  0.1860E-04  0.1446E-06  0.8136E-03  0.1774E-03 -0.3742E+03
   -4.387508   29.66425  0.7490E-13  0.8296E-05  0.5022E-06  0.1079E-03  0.1438E-03 -0.1872E+05
   -4.500001   29.68265  0.7490E-13  0.0000E+00  0.0000E+00  0.0000E+00  0.1539E-03  0.0000E+00
