 1 - depth, m
 2 - temperature, C
 3 - salinity, kg/kg
 4 - turbulent kinetic energy, m**2/s**2
 5 - dissipation rate, m**2/s**3
 6 - kinematic heat conductance, m**2/s
 7 - modulus of horizontal velocity, m/s
 8 - Richardson number, n/d
   -0.000000   30.79827  0.3202E-13  0.5942E-05  0.2716E-06  0.6305E-04  0.5398E-03 -0.1482E+03
   -0.112493   30.84911  0.3202E-13  0.1405E-04  0.1080E-06  0.6046E-03  0.1846E-03  0.3728E+04
   -0.224987   30.85520  0.3202E-13  0.1677E-04  0.7994E-07  0.1230E-02  0.1401E-03  0.2933E+04
   -0.337482   30.85744  0.3202E-13  0.1848E-04  0.6899E-07  0.1576E-02  0.1237E-03  0.1173E+04
   -0.449979   30.85910  0.3202E-13  0.1982E-04  0.6223E-07  0.1993E-02  0.1115E-03  0.7933E+03
   -0.562476   30.86035  0.3202E-13  0.2091E-04  0.5759E-07  0.2373E-02  0.1022E-03  0.6051E+03
   -0.674974   30.86136  0.3202E-13  0.2184E-04  0.5416E-07  0.2734E-02  0.9470E-04  0.4994E+03
   -0.787472   30.86221  0.3202E-13  0.2263E-04  0.5153E-07  0.3073E-02  0.8835E-04  0.4340E+03
   -0.899972   30.86295  0.3202E-13  0.2332E-04  0.4945E-07  0.3391E-02  0.8288E-04  0.3906E+03
   -1.012472   30.86360  0.3202E-13  0.2393E-04  0.4776E-07  0.3688E-02  0.7806E-04  0.3616E+03
   -1.124972   30.86419  0.3202E-13  0.2447E-04  0.4637E-07  0.3965E-02  0.7376E-04  0.3415E+03
   -1.237474   30.86473  0.3202E-13  0.2495E-04  0.4522E-07  0.4220E-02  0.6988E-04  0.3287E+03
   -1.349975   30.86523  0.3202E-13  0.2537E-04  0.4425E-07  0.4456E-02  0.6634E-04  0.3204E+03
   -1.462478   30.86570  0.3202E-13  0.2575E-04  0.4344E-07  0.4671E-02  0.6309E-04  0.3169E+03
   -1.574980   30.86614  0.3202E-13  0.2608E-04  0.4276E-07  0.4865E-02  0.6008E-04  0.3160E+03
   -1.687483   30.86656  0.3202E-13  0.2638E-04  0.4219E-07  0.5040E-02  0.5727E-04  0.3190E+03
   -1.799986   30.86696  0.3202E-13  0.2663E-04  0.4172E-07  0.5194E-02  0.5465E-04  0.3240E+03
   -1.912490   30.86735  0.3202E-13  0.2686E-04  0.4134E-07  0.5328E-02  0.5218E-04  0.3326E+03
   -2.024993   30.86772  0.3202E-13  0.2705E-04  0.4104E-07  0.5440E-02  0.4985E-04  0.3432E+03
   -2.137497   30.86809  0.3202E-13  0.2720E-04  0.4083E-07  0.5531E-02  0.4764E-04  0.3578E+03
   -2.250001   30.86845  0.3202E-13  0.2733E-04  0.4069E-07  0.5600E-02  0.4554E-04  0.3749E+03
   -2.362505   30.86880  0.3202E-13  0.2742E-04  0.4063E-07  0.5647E-02  0.4353E-04  0.3967E+03
   -2.475008   30.86915  0.3202E-13  0.2748E-04  0.4065E-07  0.5670E-02  0.4161E-04  0.4221E+03
   -2.587512   30.86950  0.3202E-13  0.2751E-04  0.4075E-07  0.5668E-02  0.3976E-04  0.4536E+03
   -2.700016   30.86984  0.3202E-13  0.2751E-04  0.4095E-07  0.5641E-02  0.3798E-04  0.4907E+03
   -2.812519   30.87019  0.3202E-13  0.2748E-04  0.4125E-07  0.5587E-02  0.3626E-04  0.5376E+03
   -2.925022   30.87054  0.3202E-13  0.2740E-04  0.4167E-07  0.5504E-02  0.3459E-04  0.5942E+03
   -3.037524   30.87089  0.3202E-13  0.2729E-04  0.4224E-07  0.5390E-02  0.3297E-04  0.6672E+03
   -3.150027   30.87125  0.3202E-13  0.2714E-04  0.4297E-07  0.5243E-02  0.3138E-04  0.7593E+03
   -3.262528   30.87162  0.3202E-13  0.2694E-04  0.4393E-07  0.5060E-02  0.2983E-04  0.8827E+03
   -3.375030   30.87200  0.3202E-13  0.2668E-04  0.4516E-07  0.4838E-02  0.2830E-04  0.1048E+04
   -3.487530   30.87239  0.3202E-13  0.2637E-04  0.4676E-07  0.4572E-02  0.2680E-04  0.1284E+04
   -3.600030   30.87281  0.3202E-13  0.2598E-04  0.4888E-07  0.4259E-02  0.2530E-04  0.1633E+04
   -3.712530   30.87326  0.3202E-13  0.2549E-04  0.5175E-07  0.3892E-02  0.2381E-04  0.2193E+04
   -3.825028   30.87375  0.3202E-13  0.2488E-04  0.5577E-07  0.3462E-02  0.2230E-04  0.3161E+04
   -3.937526   30.87430  0.3202E-13  0.2410E-04  0.6171E-07  0.3000E-02  0.2077E-04  0.5106E+04
   -4.050023   30.87494  0.3202E-13  0.2306E-04  0.7125E-07  0.2334E-02  0.1921E-04  0.1010E+05
   -4.162519   30.87575  0.3202E-13  0.2158E-04  0.8858E-07  0.2083E-02  0.1751E-04  0.2187E+05
   -4.275015   30.87665  0.3202E-13  0.1858E-04  0.1441E-06  0.8162E-03  0.1600E-04 -0.4642E+05
   -4.387509   30.88091  0.3202E-13  0.8266E-05  0.5011E-06  0.1081E-03  0.1297E-04 -0.2294E+07
   -4.500002   30.89799  0.3202E-13  0.0000E+00  0.0000E+00  0.0000E+00  0.1389E-04  0.0000E+00
