 1 - depth, m
 2 - temperature, C
 3 - salinity, kg/kg
 4 - turbulent kinetic energy, m**2/s**2
 5 - dissipation rate, m**2/s**3
 6 - kinematic heat conductance, m**2/s
 7 - modulus of horizontal velocity, m/s
 8 - Richardson number, n/d
   -0.000000   26.44716  0.5798E-13  0.1358E-04  0.4160E-06  0.6076E-04  0.1264E-01 -0.2717E+00
   -0.112493   26.50691  0.5798E-13  0.1812E-04  0.1396E-06  0.7282E-03  0.4536E-02  0.7220E+00
   -0.224987   26.51161  0.5798E-13  0.1961E-04  0.1030E-06  0.1290E-02  0.3614E-02  0.4573E+01
   -0.337482   26.51409  0.5798E-13  0.2068E-04  0.8738E-07  0.1577E-02  0.3240E-02  0.2044E+01
   -0.449978   26.51601  0.5798E-13  0.2162E-04  0.7749E-07  0.1912E-02  0.2950E-02  0.1515E+01
   -0.562475   26.51753  0.5798E-13  0.2248E-04  0.7059E-07  0.2225E-02  0.2721E-02  0.1367E+01
   -0.674973   26.51879  0.5798E-13  0.2328E-04  0.6532E-07  0.2556E-02  0.2524E-02  0.1416E+01
   -0.787472   26.51985  0.5798E-13  0.2405E-04  0.6108E-07  0.2908E-02  0.2345E-02  0.1461E+01
   -0.899971   26.52076  0.5798E-13  0.2477E-04  0.5762E-07  0.3264E-02  0.2182E-02  0.1492E+01
   -1.012471   26.52155  0.5798E-13  0.2545E-04  0.5476E-07  0.3619E-02  0.2032E-02  0.1512E+01
   -1.124972   26.52225  0.5798E-13  0.2607E-04  0.5238E-07  0.3968E-02  0.1895E-02  0.1523E+01
   -1.237473   26.52288  0.5798E-13  0.2663E-04  0.5039E-07  0.4304E-02  0.1768E-02  0.1527E+01
   -1.349975   26.52345  0.5798E-13  0.2714E-04  0.4872E-07  0.4621E-02  0.1652E-02  0.1524E+01
   -1.462477   26.52397  0.5798E-13  0.2759E-04  0.4732E-07  0.4915E-02  0.1545E-02  0.1516E+01
   -1.574980   26.52446  0.5798E-13  0.2798E-04  0.4616E-07  0.5182E-02  0.1446E-02  0.1503E+01
   -1.687483   26.52492  0.5798E-13  0.2831E-04  0.4519E-07  0.5418E-02  0.1355E-02  0.1486E+01
   -1.799986   26.52536  0.5798E-13  0.2858E-04  0.4441E-07  0.5620E-02  0.1271E-02  0.1466E+01
   -1.912489   26.52577  0.5798E-13  0.2880E-04  0.4379E-07  0.5787E-02  0.1194E-02  0.1442E+01
   -2.024993   26.52617  0.5798E-13  0.2897E-04  0.4331E-07  0.5918E-02  0.1123E-02  0.1414E+01
   -2.137497   26.52656  0.5798E-13  0.2909E-04  0.4297E-07  0.6013E-02  0.1057E-02  0.1383E+01
   -2.250000   26.52695  0.5798E-13  0.2916E-04  0.4275E-07  0.6071E-02  0.9973E-03  0.1350E+01
   -2.362504   26.52732  0.5798E-13  0.2919E-04  0.4264E-07  0.6095E-02  0.9424E-03  0.1313E+01
   -2.475008   26.52769  0.5798E-13  0.2918E-04  0.4265E-07  0.6085E-02  0.8920E-03  0.1275E+01
   -2.587511   26.52806  0.5798E-13  0.2913E-04  0.4277E-07  0.6045E-02  0.8459E-03  0.1233E+01
   -2.700015   26.52843  0.5798E-13  0.2905E-04  0.4300E-07  0.5976E-02  0.8037E-03  0.1193E+01
   -2.812518   26.52881  0.5798E-13  0.2893E-04  0.4333E-07  0.5882E-02  0.7651E-03  0.1163E+01
   -2.925021   26.52919  0.5798E-13  0.2878E-04  0.4378E-07  0.5775E-02  0.7297E-03  0.1173E+01
   -3.037523   26.52957  0.5798E-13  0.2860E-04  0.4438E-07  0.5640E-02  0.6968E-03  0.1309E+01
   -3.150026   26.52996  0.5798E-13  0.2838E-04  0.4517E-07  0.5462E-02  0.6646E-03  0.1501E+01
   -3.262527   26.53036  0.5798E-13  0.2810E-04  0.4621E-07  0.5245E-02  0.6329E-03  0.1759E+01
   -3.375029   26.53078  0.5798E-13  0.2777E-04  0.4757E-07  0.4987E-02  0.6016E-03  0.2116E+01
   -3.487529   26.53122  0.5798E-13  0.2737E-04  0.4938E-07  0.4687E-02  0.5706E-03  0.2631E+01
   -3.600029   26.53168  0.5798E-13  0.2688E-04  0.5181E-07  0.4330E-02  0.5396E-03  0.3438E+01
   -3.712529   26.53218  0.5798E-13  0.2629E-04  0.5517E-07  0.3944E-02  0.5084E-03  0.4789E+01
   -3.825027   26.53273  0.5798E-13  0.2555E-04  0.6018E-07  0.3452E-02  0.4770E-03  0.9838E+02
   -3.937525   26.53337  0.5798E-13  0.2457E-04  0.6813E-07  0.2990E-02  0.4437E-03  0.2148E+03
   -4.050022   26.53410  0.5798E-13  0.2322E-04  0.8236E-07  0.2268E-02  0.4100E-03  0.5959E+02
   -4.162518   26.53529  0.5798E-13  0.2127E-04  0.1099E-06  0.1987E-02  0.3687E-03  0.1165E+05
   -4.275013   26.53628  0.5798E-13  0.1778E-04  0.1974E-06  0.7906E-03  0.3349E-03 -0.8978E+03
   -4.387508   26.54215  0.5798E-13  0.8061E-05  0.7070E-06  0.1268E-03  0.2655E-03 -0.1034E+05
   -4.500001   26.55911  0.5798E-13  0.0000E+00  0.0000E+00  0.0000E+00  0.2951E-03  0.0000E+00
