 1 - depth, m
 2 - temperature, C
 3 - salinity, kg/kg
 4 - turbulent kinetic energy, m**2/s**2
 5 - dissipation rate, m**2/s**3
 6 - kinematic heat conductance, m**2/s
 7 - modulus of horizontal velocity, m/s
 8 - Richardson number, n/d
   -0.000000   29.28766  0.1404E-12  0.6067E-05  0.1690E-06  0.4565E-04  0.3384E-02 -0.2944E+01
   -0.112493   29.34206  0.1404E-12  0.1256E-04  0.7050E-07  0.8068E-03  0.8937E-03  0.1241E+05
   -0.224987   29.34489  0.1404E-12  0.1408E-04  0.5708E-07  0.1144E-02  0.7570E-03  0.6299E+02
   -0.337483   29.34673  0.1404E-12  0.1522E-04  0.4968E-07  0.1505E-02  0.6670E-03  0.3399E+02
   -0.449979   29.34805  0.1404E-12  0.1613E-04  0.4487E-07  0.1842E-02  0.6016E-03  0.2337E+02
   -0.562476   29.34907  0.1404E-12  0.1688E-04  0.4146E-07  0.2163E-02  0.5502E-03  0.1814E+02
   -0.674974   29.34989  0.1404E-12  0.1752E-04  0.3891E-07  0.2468E-02  0.5081E-03  0.1512E+02
   -0.787472   29.35059  0.1404E-12  0.1807E-04  0.3691E-07  0.2755E-02  0.4724E-03  0.1320E+02
   -0.899972   29.35119  0.1404E-12  0.1855E-04  0.3531E-07  0.3025E-02  0.4415E-03  0.1194E+02
   -1.012472   29.35173  0.1404E-12  0.1897E-04  0.3400E-07  0.3278E-02  0.4143E-03  0.1108E+02
   -1.124973   29.35221  0.1404E-12  0.1935E-04  0.3292E-07  0.3514E-02  0.3900E-03  0.1051E+02
   -1.237474   29.35265  0.1404E-12  0.1968E-04  0.3201E-07  0.3733E-02  0.3681E-03  0.1013E+02
   -1.349976   29.35305  0.1404E-12  0.1998E-04  0.3125E-07  0.3935E-02  0.3481E-03  0.9920E+01
   -1.462478   29.35343  0.1404E-12  0.2024E-04  0.3060E-07  0.4120E-02  0.3298E-03  0.9824E+01
   -1.574981   29.35379  0.1404E-12  0.2047E-04  0.3005E-07  0.4288E-02  0.3128E-03  0.9846E+01
   -1.687484   29.35413  0.1404E-12  0.2067E-04  0.2959E-07  0.4439E-02  0.2971E-03  0.9954E+01
   -1.799987   29.35446  0.1404E-12  0.2085E-04  0.2920E-07  0.4573E-02  0.2824E-03  0.1016E+02
   -1.912490   29.35477  0.1404E-12  0.2101E-04  0.2888E-07  0.4689E-02  0.2686E-03  0.1046E+02
   -2.024994   29.35508  0.1404E-12  0.2114E-04  0.2863E-07  0.4787E-02  0.2556E-03  0.1085E+02
   -2.137498   29.35537  0.1404E-12  0.2124E-04  0.2843E-07  0.4867E-02  0.2433E-03  0.1134E+02
   -2.250002   29.35566  0.1404E-12  0.2132E-04  0.2829E-07  0.4928E-02  0.2317E-03  0.1196E+02
   -2.362506   29.35595  0.1404E-12  0.2138E-04  0.2821E-07  0.4969E-02  0.2206E-03  0.1269E+02
   -2.475009   29.35623  0.1404E-12  0.2142E-04  0.2819E-07  0.4991E-02  0.2100E-03  0.1359E+02
   -2.587513   29.35651  0.1404E-12  0.2143E-04  0.2823E-07  0.4991E-02  0.1998E-03  0.1466E+02
   -2.700016   29.35678  0.1404E-12  0.2142E-04  0.2833E-07  0.4969E-02  0.1901E-03  0.1598E+02
   -2.812520   29.35706  0.1404E-12  0.2139E-04  0.2851E-07  0.4923E-02  0.1807E-03  0.1757E+02
   -2.925023   29.35734  0.1404E-12  0.2132E-04  0.2877E-07  0.4852E-02  0.1716E-03  0.1958E+02
   -3.037525   29.35763  0.1404E-12  0.2123E-04  0.2913E-07  0.4755E-02  0.1628E-03  0.2209E+02
   -3.150028   29.35791  0.1404E-12  0.2111E-04  0.2961E-07  0.4629E-02  0.1543E-03  0.2536E+02
   -3.262529   29.35821  0.1404E-12  0.2095E-04  0.3024E-07  0.4472E-02  0.1460E-03  0.2967E+02
   -3.375031   29.35852  0.1404E-12  0.2075E-04  0.3106E-07  0.4280E-02  0.1378E-03  0.3558E+02
   -3.487531   29.35883  0.1404E-12  0.2051E-04  0.3213E-07  0.4051E-02  0.1298E-03  0.4395E+02
   -3.600032   29.35917  0.1404E-12  0.2021E-04  0.3356E-07  0.3780E-02  0.1219E-03  0.5657E+02
   -3.712531   29.35953  0.1404E-12  0.1984E-04  0.3550E-07  0.3466E-02  0.1140E-03  0.7693E+02
   -3.825030   29.35992  0.1404E-12  0.1937E-04  0.3823E-07  0.3093E-02  0.1062E-03  0.1131E+03
   -3.937528   29.36036  0.1404E-12  0.1878E-04  0.4229E-07  0.2698E-02  0.9820E-04  0.2119E+03
   -4.050025   29.36087  0.1404E-12  0.1796E-04  0.4918E-07  0.2139E-02  0.9016E-04  0.5133E+04
   -4.162521   29.36155  0.1404E-12  0.1675E-04  0.6237E-07  0.1814E-02  0.8125E-04  0.3109E+04
   -4.275016   29.36234  0.1404E-12  0.1441E-04  0.1016E-06  0.8178E-03  0.7299E-04 -0.6771E+04
   -4.387510   29.36562  0.1404E-12  0.6321E-05  0.3671E-06  0.9007E-04  0.5871E-04 -0.2144E+06
   -4.500003   29.38196  0.1404E-12  0.0000E+00  0.0000E+00  0.0000E+00  0.6336E-04  0.0000E+00
