 1 - depth, m
 2 - temperature, C
 3 - salinity, kg/kg
 4 - turbulent kinetic energy, m**2/s**2
 5 - dissipation rate, m**2/s**3
 6 - kinematic heat conductance, m**2/s
 7 - modulus of horizontal velocity, m/s
 8 - Richardson number, n/d
   -0.000000   30.61428  0.3001E-13  0.6172E-05  0.2963E-06  0.7047E-04  0.2011E-02 -0.9975E+01
   -0.112493   30.66047  0.3001E-13  0.1382E-04  0.1163E-06  0.5550E-03  0.7464E-03  0.3874E+04
   -0.224987   30.66769  0.3001E-13  0.1671E-04  0.8360E-07  0.1182E-02  0.5571E-03  0.2161E+03
   -0.337482   30.67008  0.3001E-13  0.1849E-04  0.7150E-07  0.1525E-02  0.4902E-03  0.7894E+02
   -0.449979   30.67184  0.3001E-13  0.1988E-04  0.6419E-07  0.1947E-02  0.4410E-03  0.5163E+02
   -0.562476   30.67316  0.3001E-13  0.2101E-04  0.5921E-07  0.2329E-02  0.4037E-03  0.3877E+02
   -0.674974   30.67422  0.3001E-13  0.2196E-04  0.5558E-07  0.2693E-02  0.3736E-03  0.3175E+02
   -0.787472   30.67511  0.3001E-13  0.2278E-04  0.5280E-07  0.3036E-02  0.3483E-03  0.2743E+02
   -0.899972   30.67588  0.3001E-13  0.2348E-04  0.5060E-07  0.3356E-02  0.3265E-03  0.2460E+02
   -1.012472   30.67656  0.3001E-13  0.2410E-04  0.4882E-07  0.3656E-02  0.3074E-03  0.2269E+02
   -1.124972   30.67717  0.3001E-13  0.2465E-04  0.4736E-07  0.3935E-02  0.2904E-03  0.2139E+02
   -1.237474   30.67773  0.3001E-13  0.2513E-04  0.4614E-07  0.4193E-02  0.2751E-03  0.2054E+02
   -1.349975   30.67824  0.3001E-13  0.2556E-04  0.4511E-07  0.4430E-02  0.2611E-03  0.1999E+02
   -1.462478   30.67872  0.3001E-13  0.2594E-04  0.4425E-07  0.4648E-02  0.2482E-03  0.1972E+02
   -1.574980   30.67918  0.3001E-13  0.2627E-04  0.4352E-07  0.4844E-02  0.2364E-03  0.1965E+02
   -1.687483   30.67961  0.3001E-13  0.2656E-04  0.4291E-07  0.5021E-02  0.2253E-03  0.1979E+02
   -1.799986   30.68002  0.3001E-13  0.2682E-04  0.4240E-07  0.5177E-02  0.2149E-03  0.2009E+02
   -1.912490   30.68042  0.3001E-13  0.2703E-04  0.4198E-07  0.5312E-02  0.2052E-03  0.2058E+02
   -2.024993   30.68081  0.3001E-13  0.2722E-04  0.4165E-07  0.5426E-02  0.1960E-03  0.2123E+02
   -2.137497   30.68118  0.3001E-13  0.2737E-04  0.4140E-07  0.5519E-02  0.1873E-03  0.2209E+02
   -2.250001   30.68155  0.3001E-13  0.2749E-04  0.4123E-07  0.5590E-02  0.1791E-03  0.2313E+02
   -2.362505   30.68191  0.3001E-13  0.2757E-04  0.4114E-07  0.5638E-02  0.1712E-03  0.2443E+02
   -2.475008   30.68226  0.3001E-13  0.2763E-04  0.4112E-07  0.5662E-02  0.1636E-03  0.2597E+02
   -2.587512   30.68261  0.3001E-13  0.2765E-04  0.4120E-07  0.5662E-02  0.1563E-03  0.2787E+02
   -2.700016   30.68296  0.3001E-13  0.2764E-04  0.4137E-07  0.5636E-02  0.1493E-03  0.3012E+02
   -2.812519   30.68331  0.3001E-13  0.2759E-04  0.4164E-07  0.5583E-02  0.1426E-03  0.3294E+02
   -2.925022   30.68367  0.3001E-13  0.2751E-04  0.4203E-07  0.5501E-02  0.1360E-03  0.3638E+02
   -3.037524   30.68402  0.3001E-13  0.2739E-04  0.4256E-07  0.5388E-02  0.1296E-03  0.4078E+02
   -3.150027   30.68438  0.3001E-13  0.2723E-04  0.4327E-07  0.5242E-02  0.1234E-03  0.4637E+02
   -3.262528   30.68475  0.3001E-13  0.2702E-04  0.4419E-07  0.5060E-02  0.1173E-03  0.5382E+02
   -3.375030   30.68513  0.3001E-13  0.2675E-04  0.4539E-07  0.4839E-02  0.1113E-03  0.6385E+02
   -3.487530   30.68553  0.3001E-13  0.2643E-04  0.4697E-07  0.4573E-02  0.1054E-03  0.7810E+02
   -3.600030   30.68595  0.3001E-13  0.2602E-04  0.4906E-07  0.4260E-02  0.9949E-04  0.9924E+02
   -3.712530   30.68640  0.3001E-13  0.2553E-04  0.5190E-07  0.3894E-02  0.9363E-04  0.1331E+03
   -3.825028   30.68689  0.3001E-13  0.2491E-04  0.5589E-07  0.3463E-02  0.8772E-04  0.1917E+03
   -3.937526   30.68743  0.3001E-13  0.2412E-04  0.6180E-07  0.3001E-02  0.8170E-04  0.3094E+03
   -4.050023   30.68807  0.3001E-13  0.2307E-04  0.7133E-07  0.2334E-02  0.7555E-04  0.6115E+03
   -4.162519   30.68887  0.3001E-13  0.2158E-04  0.8867E-07  0.2084E-02  0.6888E-04  0.1320E+04
   -4.275015   30.68977  0.3001E-13  0.1855E-04  0.1444E-06  0.8132E-03  0.6294E-04 -0.2780E+04
   -4.387509   30.69401  0.3001E-13  0.8248E-05  0.5014E-06  0.1086E-03  0.5100E-04 -0.1351E+06
   -4.500002   30.71072  0.3001E-13  0.0000E+00  0.0000E+00  0.0000E+00  0.5465E-04  0.0000E+00
