 1 - depth, m
 2 - temperature, C
 3 - salinity, kg/kg
 4 - turbulent kinetic energy, m**2/s**2
 5 - dissipation rate, m**2/s**3
 6 - kinematic heat conductance, m**2/s
 7 - modulus of horizontal velocity, m/s
 8 - Richardson number, n/d
   -0.000000   29.56204  0.1254E-12  0.9658E-05  0.2724E-06  0.5302E-04  0.8975E-02 -0.4511E+00
   -0.112493   29.61364  0.1254E-12  0.1482E-04  0.9967E-07  0.8067E-03  0.2797E-02  0.1845E+05
   -0.224987   29.61681  0.1254E-12  0.1632E-04  0.7655E-07  0.1171E-02  0.2299E-02  0.8753E+01
   -0.337483   29.61886  0.1254E-12  0.1742E-04  0.6526E-07  0.1504E-02  0.2031E-02  0.4356E+01
   -0.449979   29.62038  0.1254E-12  0.1834E-04  0.5807E-07  0.1844E-02  0.1832E-02  0.3003E+01
   -0.562476   29.62156  0.1254E-12  0.1912E-04  0.5305E-07  0.2168E-02  0.1676E-02  0.2317E+01
   -0.674974   29.62252  0.1254E-12  0.1979E-04  0.4933E-07  0.2479E-02  0.1548E-02  0.1920E+01
   -0.787472   29.62334  0.1254E-12  0.2037E-04  0.4646E-07  0.2774E-02  0.1440E-02  0.1671E+01
   -0.899972   29.62404  0.1254E-12  0.2088E-04  0.4417E-07  0.3051E-02  0.1346E-02  0.1519E+01
   -1.012472   29.62467  0.1254E-12  0.2133E-04  0.4229E-07  0.3315E-02  0.1263E-02  0.1430E+01
   -1.124973   29.62523  0.1254E-12  0.2173E-04  0.4073E-07  0.3565E-02  0.1189E-02  0.1382E+01
   -1.237474   29.62575  0.1254E-12  0.2208E-04  0.3940E-07  0.3802E-02  0.1121E-02  0.1354E+01
   -1.349976   29.62622  0.1254E-12  0.2240E-04  0.3827E-07  0.4025E-02  0.1059E-02  0.1339E+01
   -1.462478   29.62666  0.1254E-12  0.2268E-04  0.3729E-07  0.4231E-02  0.1002E-02  0.1329E+01
   -1.574981   29.62708  0.1254E-12  0.2292E-04  0.3646E-07  0.4419E-02  0.9486E-03  0.1324E+01
   -1.687484   29.62747  0.1254E-12  0.2313E-04  0.3575E-07  0.4588E-02  0.8994E-03  0.1321E+01
   -1.799987   29.62784  0.1254E-12  0.2331E-04  0.3514E-07  0.4737E-02  0.8536E-03  0.1323E+01
   -1.912490   29.62819  0.1254E-12  0.2345E-04  0.3462E-07  0.4866E-02  0.8110E-03  0.1329E+01
   -2.024994   29.62854  0.1254E-12  0.2357E-04  0.3420E-07  0.4974E-02  0.7713E-03  0.1345E+01
   -2.137498   29.62887  0.1254E-12  0.2365E-04  0.3385E-07  0.5061E-02  0.7342E-03  0.1371E+01
   -2.250002   29.62919  0.1254E-12  0.2371E-04  0.3357E-07  0.5127E-02  0.6994E-03  0.1415E+01
   -2.362505   29.62951  0.1254E-12  0.2375E-04  0.3337E-07  0.5172E-02  0.6665E-03  0.1480E+01
   -2.475009   29.62982  0.1254E-12  0.2375E-04  0.3323E-07  0.5197E-02  0.6353E-03  0.1574E+01
   -2.587513   29.63012  0.1254E-12  0.2373E-04  0.3316E-07  0.5200E-02  0.6054E-03  0.1686E+01
   -2.700016   29.63043  0.1254E-12  0.2369E-04  0.3318E-07  0.5180E-02  0.5767E-03  0.1824E+01
   -2.812520   29.63073  0.1254E-12  0.2362E-04  0.3327E-07  0.5135E-02  0.5489E-03  0.1992E+01
   -2.925023   29.63103  0.1254E-12  0.2351E-04  0.3347E-07  0.5065E-02  0.5221E-03  0.2202E+01
   -3.037525   29.63133  0.1254E-12  0.2338E-04  0.3377E-07  0.4967E-02  0.4962E-03  0.2464E+01
   -3.150028   29.63164  0.1254E-12  0.2321E-04  0.3421E-07  0.4838E-02  0.4709E-03  0.2804E+01
   -3.262529   29.63195  0.1254E-12  0.2301E-04  0.3482E-07  0.4677E-02  0.4462E-03  0.3250E+01
   -3.375031   29.63227  0.1254E-12  0.2276E-04  0.3563E-07  0.4480E-02  0.4220E-03  0.3860E+01
   -3.487531   29.63261  0.1254E-12  0.2246E-04  0.3674E-07  0.4243E-02  0.3983E-03  0.4714E+01
   -3.600031   29.63295  0.1254E-12  0.2210E-04  0.3823E-07  0.3963E-02  0.3748E-03  0.5992E+01
   -3.712531   29.63332  0.1254E-12  0.2167E-04  0.4028E-07  0.3633E-02  0.3515E-03  0.8019E+01
   -3.825030   29.63372  0.1254E-12  0.2113E-04  0.4318E-07  0.3247E-02  0.3281E-03  0.1153E+02
   -3.937527   29.63417  0.1254E-12  0.2047E-04  0.4750E-07  0.2821E-02  0.3044E-03  0.1852E+02
   -4.050025   29.63468  0.1254E-12  0.1959E-04  0.5445E-07  0.2230E-02  0.2803E-03  0.3605E+02
   -4.162521   29.63532  0.1254E-12  0.1836E-04  0.6706E-07  0.1963E-02  0.2547E-03  0.7901E+02
   -4.275016   29.63603  0.1254E-12  0.1590E-04  0.1072E-06  0.7871E-03  0.2315E-03 -0.1343E+03
   -4.387510   29.63924  0.1254E-12  0.6947E-05  0.3756E-06  0.9514E-04  0.1871E-03 -0.9163E+04
   -4.500003   29.65378  0.1254E-12  0.0000E+00  0.0000E+00  0.0000E+00  0.1998E-03  0.0000E+00
