 1 - depth, m
 2 - temperature, C
 3 - salinity, kg/kg
 4 - turbulent kinetic energy, m**2/s**2
 5 - dissipation rate, m**2/s**3
 6 - kinematic heat conductance, m**2/s
 7 - modulus of horizontal velocity, m/s
 8 - Richardson number, n/d
   -0.000000   29.17760  0.1019E-12  0.9825E-05  0.3044E-06  0.5845E-04  0.7348E-02 -0.7773E+00
   -0.112493   29.23945  0.1019E-12  0.1717E-04  0.1199E-06  0.8863E-03  0.2234E-02  0.1685E+03
   -0.224987   29.24326  0.1019E-12  0.1913E-04  0.9496E-07  0.1258E-02  0.1904E-02  0.1062E+02
   -0.337482   29.24579  0.1019E-12  0.2065E-04  0.8161E-07  0.1673E-02  0.1686E-02  0.5957E+01
   -0.449979   29.24760  0.1019E-12  0.2188E-04  0.7317E-07  0.2061E-02  0.1528E-02  0.4114E+01
   -0.562476   29.24901  0.1019E-12  0.2291E-04  0.6729E-07  0.2434E-02  0.1404E-02  0.3187E+01
   -0.674973   29.25015  0.1019E-12  0.2379E-04  0.6293E-07  0.2789E-02  0.1303E-02  0.2647E+01
   -0.787472   29.25112  0.1019E-12  0.2455E-04  0.5956E-07  0.3125E-02  0.1217E-02  0.2303E+01
   -0.899971   29.25196  0.1019E-12  0.2522E-04  0.5688E-07  0.3442E-02  0.1142E-02  0.2076E+01
   -1.012471   29.25271  0.1019E-12  0.2580E-04  0.5470E-07  0.3738E-02  0.1077E-02  0.1918E+01
   -1.124972   29.25338  0.1019E-12  0.2632E-04  0.5289E-07  0.4015E-02  0.1018E-02  0.1811E+01
   -1.237473   29.25400  0.1019E-12  0.2677E-04  0.5138E-07  0.4272E-02  0.9652E-03  0.1738E+01
   -1.349975   29.25457  0.1019E-12  0.2717E-04  0.5011E-07  0.4508E-02  0.9168E-03  0.1694E+01
   -1.462477   29.25510  0.1019E-12  0.2753E-04  0.4902E-07  0.4725E-02  0.8723E-03  0.1668E+01
   -1.574980   29.25561  0.1019E-12  0.2784E-04  0.4810E-07  0.4921E-02  0.8310E-03  0.1663E+01
   -1.687483   29.25608  0.1019E-12  0.2811E-04  0.4732E-07  0.5097E-02  0.7926E-03  0.1672E+01
   -1.799986   29.25654  0.1019E-12  0.2834E-04  0.4665E-07  0.5252E-02  0.7567E-03  0.1697E+01
   -1.912490   29.25698  0.1019E-12  0.2853E-04  0.4610E-07  0.5387E-02  0.7228E-03  0.1734E+01
   -2.024993   29.25740  0.1019E-12  0.2869E-04  0.4565E-07  0.5500E-02  0.6909E-03  0.1789E+01
   -2.137497   29.25782  0.1019E-12  0.2881E-04  0.4529E-07  0.5591E-02  0.6606E-03  0.1857E+01
   -2.250001   29.25822  0.1019E-12  0.2890E-04  0.4502E-07  0.5660E-02  0.6317E-03  0.1944E+01
   -2.362504   29.25861  0.1019E-12  0.2896E-04  0.4484E-07  0.5706E-02  0.6042E-03  0.2049E+01
   -2.475008   29.25900  0.1019E-12  0.2899E-04  0.4475E-07  0.5727E-02  0.5778E-03  0.2179E+01
   -2.587512   29.25939  0.1019E-12  0.2898E-04  0.4476E-07  0.5724E-02  0.5524E-03  0.2332E+01
   -2.700015   29.25977  0.1019E-12  0.2893E-04  0.4488E-07  0.5693E-02  0.5279E-03  0.2523E+01
   -2.812518   29.26016  0.1019E-12  0.2885E-04  0.4511E-07  0.5635E-02  0.5043E-03  0.2754E+01
   -2.925021   29.26054  0.1019E-12  0.2874E-04  0.4548E-07  0.5548E-02  0.4813E-03  0.3047E+01
   -3.037524   29.26093  0.1019E-12  0.2858E-04  0.4601E-07  0.5428E-02  0.4589E-03  0.3413E+01
   -3.150026   29.26132  0.1019E-12  0.2837E-04  0.4673E-07  0.5274E-02  0.4371E-03  0.3892E+01
   -3.262528   29.26173  0.1019E-12  0.2811E-04  0.4770E-07  0.5082E-02  0.4157E-03  0.4526E+01
   -3.375029   29.26214  0.1019E-12  0.2780E-04  0.4899E-07  0.4850E-02  0.3946E-03  0.5402E+01
   -3.487530   29.26258  0.1019E-12  0.2742E-04  0.5070E-07  0.4574E-02  0.3737E-03  0.6652E+01
   -3.600030   29.26304  0.1019E-12  0.2695E-04  0.5302E-07  0.4245E-02  0.3530E-03  0.8578E+01
   -3.712529   29.26353  0.1019E-12  0.2638E-04  0.5623E-07  0.3876E-02  0.3323E-03  0.1175E+02
   -3.825028   29.26407  0.1019E-12  0.2566E-04  0.6097E-07  0.3420E-02  0.3113E-03  0.2098E+04
   -3.937526   29.26468  0.1019E-12  0.2473E-04  0.6838E-07  0.2963E-02  0.2896E-03  0.1214E+04
   -4.050023   29.26539  0.1019E-12  0.2344E-04  0.8143E-07  0.2278E-02  0.2675E-03  0.1337E+03
   -4.162519   29.26643  0.1019E-12  0.2158E-04  0.1068E-06  0.1991E-02  0.2414E-03  0.1243E+05
   -4.275014   29.26747  0.1019E-12  0.1813E-04  0.1886E-06  0.8083E-03  0.2188E-03  0.2517E+05
   -4.387508   29.27269  0.1019E-12  0.8201E-05  0.6676E-06  0.1216E-03  0.1748E-03 -0.1815E+05
   -4.500001   29.28972  0.1019E-12  0.0000E+00  0.0000E+00  0.0000E+00  0.1924E-03  0.0000E+00
