 1 - depth, m
 2 - temperature, C
 3 - salinity, kg/kg
 4 - turbulent kinetic energy, m**2/s**2
 5 - dissipation rate, m**2/s**3
 6 - kinematic heat conductance, m**2/s
 7 - modulus of horizontal velocity, m/s
 8 - Richardson number, n/d
   -0.000000   30.66808  0.1550E-13  0.5879E-05  0.2726E-06  0.6641E-04  0.8168E-03 -0.8182E+02
   -0.112493   30.71548  0.1550E-13  0.1367E-04  0.1079E-06  0.5640E-03  0.2963E-03  0.2343E+04
   -0.224987   30.72219  0.1550E-13  0.1645E-04  0.7881E-07  0.1212E-02  0.2207E-03  0.1665E+04
   -0.337482   30.72443  0.1550E-13  0.1815E-04  0.6785E-07  0.1547E-02  0.1948E-03  0.6463E+03
   -0.449979   30.72609  0.1550E-13  0.1949E-04  0.6112E-07  0.1964E-02  0.1756E-03  0.4347E+03
   -0.562476   30.72734  0.1550E-13  0.2058E-04  0.5651E-07  0.2342E-02  0.1609E-03  0.3294E+03
   -0.674974   30.72835  0.1550E-13  0.2150E-04  0.5313E-07  0.2701E-02  0.1490E-03  0.2720E+03
   -0.787472   30.72920  0.1550E-13  0.2229E-04  0.5054E-07  0.3039E-02  0.1390E-03  0.2350E+03
   -0.899972   30.72993  0.1550E-13  0.2298E-04  0.4848E-07  0.3356E-02  0.1304E-03  0.2119E+03
   -1.012472   30.73058  0.1550E-13  0.2358E-04  0.4682E-07  0.3652E-02  0.1228E-03  0.1949E+03
   -1.124972   30.73116  0.1550E-13  0.2412E-04  0.4546E-07  0.3927E-02  0.1161E-03  0.1846E+03
   -1.237474   30.73170  0.1550E-13  0.2459E-04  0.4433E-07  0.4182E-02  0.1100E-03  0.1764E+03
   -1.349975   30.73219  0.1550E-13  0.2501E-04  0.4338E-07  0.4417E-02  0.1044E-03  0.1725E+03
   -1.462478   30.73266  0.1550E-13  0.2539E-04  0.4258E-07  0.4631E-02  0.9929E-04  0.1693E+03
   -1.574980   30.73309  0.1550E-13  0.2572E-04  0.4192E-07  0.4825E-02  0.9455E-04  0.1695E+03
   -1.687483   30.73351  0.1550E-13  0.2602E-04  0.4136E-07  0.4999E-02  0.9014E-04  0.1697E+03
   -1.799986   30.73391  0.1550E-13  0.2627E-04  0.4091E-07  0.5153E-02  0.8601E-04  0.1732E+03
   -1.912490   30.73430  0.1550E-13  0.2650E-04  0.4054E-07  0.5287E-02  0.8214E-04  0.1762E+03
   -2.024994   30.73467  0.1550E-13  0.2668E-04  0.4025E-07  0.5399E-02  0.7847E-04  0.1827E+03
   -2.137497   30.73503  0.1550E-13  0.2684E-04  0.4004E-07  0.5490E-02  0.7500E-04  0.1888E+03
   -2.250001   30.73539  0.1550E-13  0.2697E-04  0.3991E-07  0.5560E-02  0.7168E-04  0.1989E+03
   -2.362505   30.73574  0.1550E-13  0.2706E-04  0.3986E-07  0.5606E-02  0.6853E-04  0.2085E+03
   -2.475009   30.73608  0.1550E-13  0.2713E-04  0.3988E-07  0.5630E-02  0.6550E-04  0.2230E+03
   -2.587512   30.73643  0.1550E-13  0.2716E-04  0.3999E-07  0.5629E-02  0.6260E-04  0.2375E+03
   -2.700016   30.73677  0.1550E-13  0.2716E-04  0.4018E-07  0.5603E-02  0.5980E-04  0.2583E+03
   -2.812519   30.73711  0.1550E-13  0.2712E-04  0.4048E-07  0.5549E-02  0.5709E-04  0.2804E+03
   -2.925022   30.73746  0.1550E-13  0.2706E-04  0.4090E-07  0.5467E-02  0.5446E-04  0.3115E+03
   -3.037525   30.73781  0.1550E-13  0.2695E-04  0.4146E-07  0.5355E-02  0.5190E-04  0.3468E+03
   -3.150027   30.73817  0.1550E-13  0.2680E-04  0.4218E-07  0.5209E-02  0.4940E-04  0.3965E+03
   -3.262529   30.73853  0.1550E-13  0.2660E-04  0.4312E-07  0.5028E-02  0.4696E-04  0.4572E+03
   -3.375030   30.73891  0.1550E-13  0.2635E-04  0.4433E-07  0.4808E-02  0.4455E-04  0.5452E+03
   -3.487530   30.73930  0.1550E-13  0.2604E-04  0.4591E-07  0.4545E-02  0.4218E-04  0.6630E+03
   -3.600031   30.73972  0.1550E-13  0.2566E-04  0.4799E-07  0.4234E-02  0.3982E-04  0.8461E+03
   -3.712530   30.74017  0.1550E-13  0.2518E-04  0.5081E-07  0.3870E-02  0.3747E-04  0.1129E+04
   -3.825029   30.74065  0.1550E-13  0.2458E-04  0.5475E-07  0.3443E-02  0.3510E-04  0.1632E+04
   -3.937527   30.74120  0.1550E-13  0.2382E-04  0.6056E-07  0.2984E-02  0.3268E-04  0.2622E+04
   -4.050024   30.74183  0.1550E-13  0.2279E-04  0.6991E-07  0.2325E-02  0.3021E-04  0.5188E+04
   -4.162520   30.74264  0.1550E-13  0.2134E-04  0.8685E-07  0.2073E-02  0.2754E-04  0.1119E+05
   -4.275015   30.74354  0.1550E-13  0.1838E-04  0.1411E-06  0.8142E-03  0.2515E-04 -0.2338E+05
   -4.387509   30.74775  0.1550E-13  0.8170E-05  0.4910E-06  0.1070E-03  0.2040E-04 -0.1175E+07
   -4.500002   30.76481  0.1550E-13  0.0000E+00  0.0000E+00  0.0000E+00  0.2185E-04  0.0000E+00
