 1 - depth, m
 2 - temperature, C
 3 - salinity, kg/kg
 4 - turbulent kinetic energy, m**2/s**2
 5 - dissipation rate, m**2/s**3
 6 - kinematic heat conductance, m**2/s
 7 - modulus of horizontal velocity, m/s
 8 - Richardson number, n/d
   -0.000000   30.43560  0.3011E-13  0.5717E-05  0.2644E-06  0.6814E-04  0.1404E-02 -0.1896E+02
   -0.112493   30.47928  0.3011E-13  0.1303E-04  0.1044E-06  0.5325E-03  0.5162E-03  0.1321E+04
   -0.224987   30.48612  0.3011E-13  0.1576E-04  0.7531E-07  0.1173E-02  0.3817E-03  0.4520E+03
   -0.337482   30.48832  0.3011E-13  0.1743E-04  0.6463E-07  0.1501E-02  0.3359E-03  0.1593E+03
   -0.449979   30.48996  0.3011E-13  0.1872E-04  0.5813E-07  0.1911E-02  0.3020E-03  0.1047E+03
   -0.562476   30.49118  0.3011E-13  0.1978E-04  0.5369E-07  0.2282E-02  0.2762E-03  0.7879E+02
   -0.674974   30.49217  0.3011E-13  0.2067E-04  0.5044E-07  0.2635E-02  0.2554E-03  0.6468E+02
   -0.787472   30.49300  0.3011E-13  0.2144E-04  0.4795E-07  0.2967E-02  0.2379E-03  0.5600E+02
   -0.899972   30.49371  0.3011E-13  0.2210E-04  0.4598E-07  0.3278E-02  0.2229E-03  0.5032E+02
   -1.012472   30.49435  0.3011E-13  0.2269E-04  0.4439E-07  0.3569E-02  0.2097E-03  0.4651E+02
   -1.124972   30.49492  0.3011E-13  0.2321E-04  0.4308E-07  0.3840E-02  0.1979E-03  0.4391E+02
   -1.237474   30.49544  0.3011E-13  0.2366E-04  0.4200E-07  0.4091E-02  0.1873E-03  0.4224E+02
   -1.349976   30.49592  0.3011E-13  0.2407E-04  0.4109E-07  0.4321E-02  0.1776E-03  0.4120E+02
   -1.462478   30.49638  0.3011E-13  0.2443E-04  0.4033E-07  0.4532E-02  0.1688E-03  0.4072E+02
   -1.574980   30.49680  0.3011E-13  0.2475E-04  0.3969E-07  0.4724E-02  0.1606E-03  0.4066E+02
   -1.687483   30.49721  0.3011E-13  0.2504E-04  0.3915E-07  0.4895E-02  0.1529E-03  0.4104E+02
   -1.799987   30.49760  0.3011E-13  0.2528E-04  0.3871E-07  0.5047E-02  0.1458E-03  0.4174E+02
   -1.912490   30.49797  0.3011E-13  0.2550E-04  0.3835E-07  0.5178E-02  0.1391E-03  0.4285E+02
   -2.024994   30.49834  0.3011E-13  0.2568E-04  0.3807E-07  0.5289E-02  0.1328E-03  0.4429E+02
   -2.137497   30.49869  0.3011E-13  0.2583E-04  0.3787E-07  0.5380E-02  0.1268E-03  0.4619E+02
   -2.250001   30.49903  0.3011E-13  0.2595E-04  0.3773E-07  0.5448E-02  0.1211E-03  0.4848E+02
   -2.362505   30.49937  0.3011E-13  0.2604E-04  0.3767E-07  0.5495E-02  0.1156E-03  0.5132E+02
   -2.475009   30.49971  0.3011E-13  0.2610E-04  0.3768E-07  0.5519E-02  0.1104E-03  0.5469E+02
   -2.587512   30.50004  0.3011E-13  0.2613E-04  0.3778E-07  0.5519E-02  0.1055E-03  0.5881E+02
   -2.700016   30.50038  0.3011E-13  0.2613E-04  0.3795E-07  0.5494E-02  0.1007E-03  0.6373E+02
   -2.812519   30.50071  0.3011E-13  0.2609E-04  0.3822E-07  0.5443E-02  0.9601E-04  0.6986E+02
   -2.925022   30.50104  0.3011E-13  0.2603E-04  0.3861E-07  0.5364E-02  0.9151E-04  0.7736E+02
   -3.037525   30.50138  0.3011E-13  0.2592E-04  0.3912E-07  0.5255E-02  0.8713E-04  0.8692E+02
   -3.150027   30.50173  0.3011E-13  0.2578E-04  0.3979E-07  0.5113E-02  0.8287E-04  0.9909E+02
   -3.262529   30.50208  0.3011E-13  0.2559E-04  0.4066E-07  0.4937E-02  0.7869E-04  0.1153E+03
   -3.375030   30.50244  0.3011E-13  0.2535E-04  0.4179E-07  0.4722E-02  0.7459E-04  0.1371E+03
   -3.487531   30.50282  0.3011E-13  0.2505E-04  0.4326E-07  0.4465E-02  0.7055E-04  0.1681E+03
   -3.600031   30.50323  0.3011E-13  0.2468E-04  0.4521E-07  0.4162E-02  0.6655E-04  0.2141E+03
   -3.712530   30.50366  0.3011E-13  0.2423E-04  0.4783E-07  0.3807E-02  0.6255E-04  0.2876E+03
   -3.825029   30.50412  0.3011E-13  0.2365E-04  0.5151E-07  0.3391E-02  0.5853E-04  0.4148E+03
   -3.937527   30.50465  0.3011E-13  0.2292E-04  0.5693E-07  0.2940E-02  0.5445E-04  0.6700E+03
   -4.050024   30.50525  0.3011E-13  0.2194E-04  0.6564E-07  0.2300E-02  0.5028E-04  0.1320E+04
   -4.162520   30.50603  0.3011E-13  0.2056E-04  0.8138E-07  0.2043E-02  0.4578E-04  0.2878E+04
   -4.275015   30.50688  0.3011E-13  0.1774E-04  0.1317E-06  0.8085E-03  0.4176E-04 -0.5781E+04
   -4.387509   30.51086  0.3011E-13  0.7854E-05  0.4591E-06  0.1036E-03  0.3384E-04 -0.3144E+06
   -4.500002   30.52749  0.3011E-13  0.0000E+00  0.0000E+00  0.0000E+00  0.3620E-04  0.0000E+00
