 1 - depth, m
 2 - temperature, C
 3 - salinity, kg/kg
 4 - turbulent kinetic energy, m**2/s**2
 5 - dissipation rate, m**2/s**3
 6 - kinematic heat conductance, m**2/s
 7 - modulus of horizontal velocity, m/s
 8 - Richardson number, n/d
   -0.000000   30.22312  0.5496E-13  0.8030E-05  0.2715E-06  0.5331E-04  0.4408E-02 -0.2217E+01
   -0.112493   30.28873  0.5496E-13  0.1675E-04  0.1108E-06  0.9181E-03  0.1231E-02  0.7338E+03
   -0.224987   30.29258  0.5496E-13  0.1892E-04  0.8876E-07  0.1315E-02  0.1045E-02  0.8858E+02
   -0.337482   30.29495  0.5496E-13  0.2053E-04  0.7730E-07  0.1735E-02  0.9283E-03  0.1821E+02
   -0.449979   30.29668  0.5496E-13  0.2181E-04  0.6996E-07  0.2131E-02  0.8436E-03  0.1273E+02
   -0.562476   30.29803  0.5496E-13  0.2286E-04  0.6477E-07  0.2506E-02  0.7769E-03  0.9975E+01
   -0.674974   30.29914  0.5496E-13  0.2374E-04  0.6087E-07  0.2861E-02  0.7220E-03  0.8362E+01
   -0.787472   30.30008  0.5496E-13  0.2449E-04  0.5780E-07  0.3195E-02  0.6753E-03  0.7325E+01
   -0.899972   30.30090  0.5496E-13  0.2514E-04  0.5531E-07  0.3508E-02  0.6347E-03  0.6630E+01
   -1.012472   30.30163  0.5496E-13  0.2570E-04  0.5325E-07  0.3799E-02  0.5987E-03  0.6143E+01
   -1.124972   30.30229  0.5496E-13  0.2618E-04  0.5152E-07  0.4070E-02  0.5665E-03  0.5806E+01
   -1.237474   30.30289  0.5496E-13  0.2659E-04  0.5003E-07  0.4321E-02  0.5373E-03  0.5570E+01
   -1.349976   30.30345  0.5496E-13  0.2695E-04  0.4875E-07  0.4551E-02  0.5106E-03  0.5417E+01
   -1.462478   30.30397  0.5496E-13  0.2726E-04  0.4763E-07  0.4761E-02  0.4860E-03  0.5324E+01
   -1.574980   30.30446  0.5496E-13  0.2751E-04  0.4666E-07  0.4951E-02  0.4632E-03  0.5287E+01
   -1.687483   30.30492  0.5496E-13  0.2773E-04  0.4580E-07  0.5121E-02  0.4418E-03  0.5292E+01
   -1.799987   30.30535  0.5496E-13  0.2790E-04  0.4505E-07  0.5270E-02  0.4219E-03  0.5343E+01
   -1.912490   30.30577  0.5496E-13  0.2804E-04  0.4440E-07  0.5400E-02  0.4030E-03  0.5432E+01
   -2.024994   30.30617  0.5496E-13  0.2813E-04  0.4383E-07  0.5508E-02  0.3852E-03  0.5566E+01
   -2.137497   30.30656  0.5496E-13  0.2820E-04  0.4334E-07  0.5596E-02  0.3683E-03  0.5739E+01
   -2.250001   30.30693  0.5496E-13  0.2823E-04  0.4294E-07  0.5661E-02  0.3522E-03  0.5965E+01
   -2.362505   30.30730  0.5496E-13  0.2823E-04  0.4262E-07  0.5705E-02  0.3369E-03  0.6237E+01
   -2.475009   30.30766  0.5496E-13  0.2819E-04  0.4237E-07  0.5725E-02  0.3221E-03  0.6575E+01
   -2.587512   30.30801  0.5496E-13  0.2812E-04  0.4222E-07  0.5721E-02  0.3080E-03  0.6977E+01
   -2.700016   30.30835  0.5496E-13  0.2802E-04  0.4215E-07  0.5692E-02  0.2943E-03  0.7473E+01
   -2.812519   30.30869  0.5496E-13  0.2789E-04  0.4219E-07  0.5636E-02  0.2811E-03  0.8077E+01
   -2.925022   30.30903  0.5496E-13  0.2772E-04  0.4234E-07  0.5552E-02  0.2682E-03  0.8835E+01
   -3.037525   30.30937  0.5496E-13  0.2751E-04  0.4264E-07  0.5437E-02  0.2558E-03  0.9783E+01
   -3.150027   30.30970  0.5496E-13  0.2726E-04  0.4310E-07  0.5288E-02  0.2436E-03  0.1101E+02
   -3.262529   30.31005  0.5496E-13  0.2697E-04  0.4377E-07  0.5104E-02  0.2316E-03  0.1262E+02
   -3.375030   30.31040  0.5496E-13  0.2662E-04  0.4470E-07  0.4881E-02  0.2199E-03  0.1482E+02
   -3.487531   30.31075  0.5496E-13  0.2622E-04  0.4600E-07  0.4613E-02  0.2083E-03  0.1791E+02
   -3.600031   30.31113  0.5496E-13  0.2574E-04  0.4779E-07  0.4297E-02  0.1968E-03  0.2251E+02
   -3.712530   30.31152  0.5496E-13  0.2517E-04  0.5029E-07  0.3929E-02  0.1853E-03  0.2982E+02
   -3.825029   30.31194  0.5496E-13  0.2449E-04  0.5389E-07  0.3493E-02  0.1737E-03  0.4247E+02
   -3.937527   30.31241  0.5496E-13  0.2364E-04  0.5934E-07  0.3030E-02  0.1619E-03  0.6765E+02
   -4.050024   30.31294  0.5496E-13  0.2254E-04  0.6827E-07  0.2350E-02  0.1499E-03  0.1320E+03
   -4.162520   30.31361  0.5496E-13  0.2102E-04  0.8477E-07  0.2098E-02  0.1368E-03  0.2779E+03
   -4.275015   30.31433  0.5496E-13  0.1796E-04  0.1387E-06  0.8020E-03  0.1251E-03 -0.5275E+03
   -4.387509   30.31780  0.5496E-13  0.7890E-05  0.4795E-06  0.1093E-03  0.1010E-03 -0.2588E+05
   -4.500002   30.33070  0.5496E-13  0.0000E+00  0.0000E+00  0.0000E+00  0.1087E-03  0.0000E+00
