 1 - depth, m
 2 - temperature, C
 3 - salinity, kg/kg
 4 - turbulent kinetic energy, m**2/s**2
 5 - dissipation rate, m**2/s**3
 6 - kinematic heat conductance, m**2/s
 7 - modulus of horizontal velocity, m/s
 8 - Richardson number, n/d
   -0.000000   31.01725  0.1115E-13  0.6039E-05  0.2883E-06  0.6979E-04  0.1709E-02 -0.1368E+02
   -0.112493   31.06249  0.1115E-13  0.1365E-04  0.1134E-06  0.5574E-03  0.6308E-03  0.2088E+05
   -0.224987   31.06940  0.1115E-13  0.1650E-04  0.8166E-07  0.1182E-02  0.4701E-03  0.2972E+03
   -0.337482   31.07171  0.1115E-13  0.1826E-04  0.6991E-07  0.1523E-02  0.4136E-03  0.1084E+03
   -0.449979   31.07340  0.1115E-13  0.1964E-04  0.6279E-07  0.1944E-02  0.3721E-03  0.7109E+02
   -0.562476   31.07468  0.1115E-13  0.2076E-04  0.5795E-07  0.2325E-02  0.3406E-03  0.5342E+02
   -0.674973   31.07570  0.1115E-13  0.2170E-04  0.5442E-07  0.2687E-02  0.3151E-03  0.4377E+02
   -0.787472   31.07656  0.1115E-13  0.2251E-04  0.5173E-07  0.3029E-02  0.2938E-03  0.3784E+02
   -0.899972   31.07730  0.1115E-13  0.2321E-04  0.4960E-07  0.3349E-02  0.2754E-03  0.3395E+02
   -1.012472   31.07796  0.1115E-13  0.2383E-04  0.4788E-07  0.3648E-02  0.2593E-03  0.3135E+02
   -1.124972   31.07855  0.1115E-13  0.2438E-04  0.4647E-07  0.3926E-02  0.2449E-03  0.2956E+02
   -1.237474   31.07909  0.1115E-13  0.2486E-04  0.4530E-07  0.4184E-02  0.2319E-03  0.2841E+02
   -1.349975   31.07959  0.1115E-13  0.2530E-04  0.4432E-07  0.4421E-02  0.2201E-03  0.2768E+02
   -1.462478   31.08006  0.1115E-13  0.2568E-04  0.4351E-07  0.4638E-02  0.2093E-03  0.2733E+02
   -1.574980   31.08050  0.1115E-13  0.2602E-04  0.4282E-07  0.4834E-02  0.1993E-03  0.2726E+02
   -1.687483   31.08092  0.1115E-13  0.2632E-04  0.4225E-07  0.5010E-02  0.1899E-03  0.2749E+02
   -1.799986   31.08133  0.1115E-13  0.2659E-04  0.4178E-07  0.5166E-02  0.1812E-03  0.2793E+02
   -1.912490   31.08171  0.1115E-13  0.2681E-04  0.4140E-07  0.5301E-02  0.1730E-03  0.2865E+02
   -2.024993   31.08209  0.1115E-13  0.2701E-04  0.4111E-07  0.5415E-02  0.1652E-03  0.2958E+02
   -2.137497   31.08246  0.1115E-13  0.2717E-04  0.4089E-07  0.5508E-02  0.1579E-03  0.3082E+02
   -2.250001   31.08282  0.1115E-13  0.2730E-04  0.4075E-07  0.5578E-02  0.1509E-03  0.3231E+02
   -2.362505   31.08317  0.1115E-13  0.2740E-04  0.4070E-07  0.5626E-02  0.1442E-03  0.3418E+02
   -2.475008   31.08352  0.1115E-13  0.2746E-04  0.4072E-07  0.5650E-02  0.1379E-03  0.3638E+02
   -2.587512   31.08386  0.1115E-13  0.2750E-04  0.4083E-07  0.5650E-02  0.1317E-03  0.3908E+02
   -2.700015   31.08421  0.1115E-13  0.2750E-04  0.4103E-07  0.5624E-02  0.1258E-03  0.4231E+02
   -2.812519   31.08455  0.1115E-13  0.2746E-04  0.4133E-07  0.5571E-02  0.1201E-03  0.4633E+02
   -2.925022   31.08490  0.1115E-13  0.2739E-04  0.4176E-07  0.5489E-02  0.1146E-03  0.5125E+02
   -3.037524   31.08526  0.1115E-13  0.2729E-04  0.4232E-07  0.5377E-02  0.1092E-03  0.5752E+02
   -3.150026   31.08561  0.1115E-13  0.2714E-04  0.4306E-07  0.5231E-02  0.1039E-03  0.6551E+02
   -3.262528   31.08598  0.1115E-13  0.2694E-04  0.4402E-07  0.5049E-02  0.9878E-04  0.7612E+02
   -3.375029   31.08636  0.1115E-13  0.2669E-04  0.4525E-07  0.4828E-02  0.9372E-04  0.9046E+02
   -3.487530   31.08676  0.1115E-13  0.2637E-04  0.4686E-07  0.4563E-02  0.8872E-04  0.1108E+03
   -3.600030   31.08718  0.1115E-13  0.2598E-04  0.4899E-07  0.4251E-02  0.8377E-04  0.1410E+03
   -3.712530   31.08763  0.1115E-13  0.2550E-04  0.5186E-07  0.3886E-02  0.7882E-04  0.1893E+03
   -3.825028   31.08812  0.1115E-13  0.2489E-04  0.5589E-07  0.3456E-02  0.7383E-04  0.2730E+03
   -3.937526   31.08867  0.1115E-13  0.2411E-04  0.6184E-07  0.2995E-02  0.6876E-04  0.4409E+03
   -4.050023   31.08931  0.1115E-13  0.2307E-04  0.7140E-07  0.2331E-02  0.6357E-04  0.8724E+03
   -4.162519   31.09013  0.1115E-13  0.2160E-04  0.8875E-07  0.2080E-02  0.5795E-04  0.1891E+04
   -4.275014   31.09103  0.1115E-13  0.1858E-04  0.1444E-06  0.8151E-03  0.5294E-04 -0.4009E+04
   -4.387509   31.09529  0.1115E-13  0.8273E-05  0.5017E-06  0.1081E-03  0.4293E-04 -0.1974E+06
   -4.500002   31.11237  0.1115E-13  0.0000E+00  0.0000E+00  0.0000E+00  0.4597E-04  0.0000E+00
