 1 - depth, m
 2 - temperature, C
 3 - salinity, kg/kg
 4 - turbulent kinetic energy, m**2/s**2
 5 - dissipation rate, m**2/s**3
 6 - kinematic heat conductance, m**2/s
 7 - modulus of horizontal velocity, m/s
 8 - Richardson number, n/d
   -0.000000   29.22026  0.1685E-13  0.9227E-05  0.2922E-06  0.5647E-04  0.6172E-02 -0.1112E+01
   -0.112493   29.28552  0.1685E-13  0.1747E-04  0.1179E-06  0.9279E-03  0.1799E-02  0.1235E+03
   -0.224987   29.28924  0.1685E-13  0.1954E-04  0.9453E-07  0.1313E-02  0.1540E-02  0.1435E+02
   -0.337482   29.29172  0.1685E-13  0.2113E-04  0.8186E-07  0.1741E-02  0.1368E-02  0.8267E+01
   -0.449979   29.29350  0.1685E-13  0.2241E-04  0.7378E-07  0.2140E-02  0.1243E-02  0.5780E+01
   -0.562476   29.29489  0.1685E-13  0.2349E-04  0.6812E-07  0.2523E-02  0.1144E-02  0.4513E+01
   -0.674973   29.29603  0.1685E-13  0.2441E-04  0.6392E-07  0.2886E-02  0.1063E-02  0.3766E+01
   -0.787472   29.29700  0.1685E-13  0.2520E-04  0.6065E-07  0.3230E-02  0.9945E-03  0.3291E+01
   -0.899971   29.29784  0.1685E-13  0.2590E-04  0.5805E-07  0.3553E-02  0.9349E-03  0.2973E+01
   -1.012471   29.29858  0.1685E-13  0.2651E-04  0.5593E-07  0.3855E-02  0.8822E-03  0.2756E+01
   -1.124972   29.29926  0.1685E-13  0.2705E-04  0.5418E-07  0.4137E-02  0.8350E-03  0.2606E+01
   -1.237473   29.29988  0.1685E-13  0.2753E-04  0.5271E-07  0.4399E-02  0.7923E-03  0.2507E+01
   -1.349975   29.30045  0.1685E-13  0.2795E-04  0.5147E-07  0.4639E-02  0.7533E-03  0.2444E+01
   -1.462477   29.30099  0.1685E-13  0.2832E-04  0.5041E-07  0.4860E-02  0.7173E-03  0.2412E+01
   -1.574980   29.30150  0.1685E-13  0.2865E-04  0.4952E-07  0.5060E-02  0.6840E-03  0.2405E+01
   -1.687483   29.30198  0.1685E-13  0.2894E-04  0.4876E-07  0.5239E-02  0.6529E-03  0.2421E+01
   -1.799986   29.30244  0.1685E-13  0.2918E-04  0.4812E-07  0.5397E-02  0.6237E-03  0.2457E+01
   -1.912489   29.30288  0.1685E-13  0.2939E-04  0.4759E-07  0.5534E-02  0.5963E-03  0.2515E+01
   -2.024993   29.30331  0.1685E-13  0.2957E-04  0.4716E-07  0.5649E-02  0.5704E-03  0.2593E+01
   -2.137497   29.30373  0.1685E-13  0.2970E-04  0.4682E-07  0.5743E-02  0.5457E-03  0.2694E+01
   -2.250001   29.30414  0.1685E-13  0.2981E-04  0.4658E-07  0.5813E-02  0.5223E-03  0.2819E+01
   -2.362504   29.30454  0.1685E-13  0.2988E-04  0.4642E-07  0.5861E-02  0.4999E-03  0.2972E+01
   -2.475008   29.30493  0.1685E-13  0.2992E-04  0.4636E-07  0.5884E-02  0.4784E-03  0.3157E+01
   -2.587512   29.30532  0.1685E-13  0.2992E-04  0.4639E-07  0.5881E-02  0.4577E-03  0.3381E+01
   -2.700015   29.30571  0.1685E-13  0.2988E-04  0.4654E-07  0.5852E-02  0.4378E-03  0.3651E+01
   -2.812518   29.30610  0.1685E-13  0.2982E-04  0.4680E-07  0.5795E-02  0.4185E-03  0.3985E+01
   -2.925021   29.30649  0.1685E-13  0.2971E-04  0.4719E-07  0.5707E-02  0.3997E-03  0.4397E+01
   -3.037524   29.30689  0.1685E-13  0.2956E-04  0.4775E-07  0.5588E-02  0.3815E-03  0.4918E+01
   -3.150026   29.30729  0.1685E-13  0.2936E-04  0.4850E-07  0.5434E-02  0.3636E-03  0.5586E+01
   -3.262528   29.30770  0.1685E-13  0.2912E-04  0.4950E-07  0.5243E-02  0.3461E-03  0.6469E+01
   -3.375029   29.30812  0.1685E-13  0.2881E-04  0.5081E-07  0.5010E-02  0.3289E-03  0.7667E+01
   -3.487530   29.30856  0.1685E-13  0.2844E-04  0.5255E-07  0.4732E-02  0.3119E-03  0.9360E+01
   -3.600030   29.30902  0.1685E-13  0.2799E-04  0.5487E-07  0.4404E-02  0.2950E-03  0.1188E+02
   -3.712529   29.30952  0.1685E-13  0.2744E-04  0.5803E-07  0.4022E-02  0.2781E-03  0.1592E+02
   -3.825028   29.31005  0.1685E-13  0.2675E-04  0.6250E-07  0.3569E-02  0.2610E-03  0.2294E+02
   -3.937526   29.31066  0.1685E-13  0.2587E-04  0.6917E-07  0.3093E-02  0.2435E-03  0.3699E+02
   -4.050023   29.31135  0.1685E-13  0.2471E-04  0.7999E-07  0.2388E-02  0.2256E-03  0.7365E+02
   -4.162519   29.31225  0.1685E-13  0.2308E-04  0.9981E-07  0.2144E-02  0.2061E-03  0.1589E+03
   -4.275014   29.31324  0.1685E-13  0.1974E-04  0.1638E-06  0.8287E-03  0.1887E-03 -0.3444E+03
   -4.387508   29.31803  0.1685E-13  0.8830E-05  0.5665E-06  0.1150E-03  0.1531E-03 -0.1688E+05
   -4.500001   29.33578  0.1685E-13  0.0000E+00  0.0000E+00  0.0000E+00  0.1643E-03  0.0000E+00
