 1 - depth, m
 2 - temperature, C
 3 - salinity, kg/kg
 4 - turbulent kinetic energy, m**2/s**2
 5 - dissipation rate, m**2/s**3
 6 - kinematic heat conductance, m**2/s
 7 - modulus of horizontal velocity, m/s
 8 - Richardson number, n/d
   -0.000000   30.02857  0.2694E-13  0.6609E-05  0.2750E-06  0.6203E-04  0.3093E-02 -0.4427E+01
   -0.112493   30.08129  0.2694E-13  0.1420E-04  0.1070E-06  0.6906E-03  0.9890E-03  0.1934E+05
   -0.224987   30.08684  0.2694E-13  0.1665E-04  0.8011E-07  0.1187E-02  0.7867E-03  0.8999E+02
   -0.337482   30.08917  0.2694E-13  0.1829E-04  0.6875E-07  0.1566E-02  0.6927E-03  0.3696E+02
   -0.449978   30.09083  0.2694E-13  0.1959E-04  0.6179E-07  0.1971E-02  0.6248E-03  0.2435E+02
   -0.562475   30.09208  0.2694E-13  0.2066E-04  0.5703E-07  0.2348E-02  0.5727E-03  0.1838E+02
   -0.674973   30.09309  0.2694E-13  0.2157E-04  0.5356E-07  0.2706E-02  0.5303E-03  0.1509E+02
   -0.787472   30.09393  0.2694E-13  0.2235E-04  0.5091E-07  0.3044E-02  0.4947E-03  0.1304E+02
   -0.899971   30.09466  0.2694E-13  0.2305E-04  0.4883E-07  0.3362E-02  0.4639E-03  0.1172E+02
   -1.012471   30.09531  0.2694E-13  0.2366E-04  0.4716E-07  0.3659E-02  0.4369E-03  0.1081E+02
   -1.124972   30.09589  0.2694E-13  0.2421E-04  0.4580E-07  0.3936E-02  0.4128E-03  0.1022E+02
   -1.237473   30.09643  0.2694E-13  0.2470E-04  0.4469E-07  0.4193E-02  0.3910E-03  0.9822E+01
   -1.349975   30.09693  0.2694E-13  0.2514E-04  0.4377E-07  0.4430E-02  0.3712E-03  0.9600E+01
   -1.462477   30.09739  0.2694E-13  0.2554E-04  0.4301E-07  0.4647E-02  0.3530E-03  0.9484E+01
   -1.574980   30.09783  0.2694E-13  0.2590E-04  0.4239E-07  0.4844E-02  0.3361E-03  0.9497E+01
   -1.687483   30.09825  0.2694E-13  0.2622E-04  0.4189E-07  0.5020E-02  0.3204E-03  0.9583E+01
   -1.799986   30.09866  0.2694E-13  0.2651E-04  0.4149E-07  0.5176E-02  0.3058E-03  0.9780E+01
   -1.912489   30.09905  0.2694E-13  0.2676E-04  0.4118E-07  0.5312E-02  0.2920E-03  0.1004E+02
   -2.024993   30.09943  0.2694E-13  0.2698E-04  0.4097E-07  0.5426E-02  0.2789E-03  0.1042E+02
   -2.137497   30.09981  0.2694E-13  0.2717E-04  0.4083E-07  0.5519E-02  0.2666E-03  0.1087E+02
   -2.250000   30.10017  0.2694E-13  0.2733E-04  0.4077E-07  0.5590E-02  0.2548E-03  0.1145E+02
   -2.362504   30.10054  0.2694E-13  0.2746E-04  0.4080E-07  0.5638E-02  0.2436E-03  0.1213E+02
   -2.475008   30.10090  0.2694E-13  0.2756E-04  0.4090E-07  0.5662E-02  0.2328E-03  0.1298E+02
   -2.587511   30.10126  0.2694E-13  0.2762E-04  0.4110E-07  0.5662E-02  0.2225E-03  0.1397E+02
   -2.700015   30.10162  0.2694E-13  0.2765E-04  0.4139E-07  0.5636E-02  0.2126E-03  0.1521E+02
   -2.812518   30.10198  0.2694E-13  0.2765E-04  0.4179E-07  0.5582E-02  0.2029E-03  0.1668E+02
   -2.925021   30.10235  0.2694E-13  0.2761E-04  0.4231E-07  0.5500E-02  0.1936E-03  0.1856E+02
   -3.037523   30.10272  0.2694E-13  0.2754E-04  0.4298E-07  0.5387E-02  0.1845E-03  0.2087E+02
   -3.150026   30.10310  0.2694E-13  0.2742E-04  0.4383E-07  0.5240E-02  0.1757E-03  0.2389E+02
   -3.262527   30.10349  0.2694E-13  0.2725E-04  0.4491E-07  0.5058E-02  0.1670E-03  0.2783E+02
   -3.375029   30.10390  0.2694E-13  0.2702E-04  0.4627E-07  0.4836E-02  0.1584E-03  0.3324E+02
   -3.487529   30.10433  0.2694E-13  0.2674E-04  0.4802E-07  0.4570E-02  0.1500E-03  0.4079E+02
   -3.600029   30.10479  0.2694E-13  0.2637E-04  0.5032E-07  0.4256E-02  0.1416E-03  0.5216E+02
   -3.712529   30.10528  0.2694E-13  0.2591E-04  0.5338E-07  0.3890E-02  0.1333E-03  0.7020E+02
   -3.825027   30.10582  0.2694E-13  0.2532E-04  0.5764E-07  0.3459E-02  0.1248E-03  0.1017E+03
   -3.937525   30.10642  0.2694E-13  0.2455E-04  0.6389E-07  0.2997E-02  0.1163E-03  0.1648E+03
   -4.050022   30.10713  0.2694E-13  0.2351E-04  0.7389E-07  0.2333E-02  0.1075E-03  0.3277E+03
   -4.162518   30.10804  0.2694E-13  0.2203E-04  0.9194E-07  0.2082E-02  0.9799E-04  0.7162E+03
   -4.275013   30.10905  0.2694E-13  0.1899E-04  0.1495E-06  0.8211E-03  0.8952E-04 -0.1574E+04
   -4.387508   30.11381  0.2694E-13  0.8504E-05  0.5197E-06  0.1089E-03  0.7270E-04 -0.7712E+05
   -4.500001   30.13316  0.2694E-13  0.0000E+00  0.0000E+00  0.0000E+00  0.7774E-04  0.0000E+00
