 1 - depth, m
 2 - temperature, C
 3 - salinity, kg/kg
 4 - turbulent kinetic energy, m**2/s**2
 5 - dissipation rate, m**2/s**3
 6 - kinematic heat conductance, m**2/s
 7 - modulus of horizontal velocity, m/s
 8 - Richardson number, n/d
   -0.000000   30.36444  0.3185E-13  0.6945E-05  0.2871E-06  0.6219E-04  0.3259E-02 -0.4143E+01
   -0.112493   30.41825  0.3185E-13  0.1486E-04  0.1121E-06  0.7268E-03  0.1031E-02  0.1843E+05
   -0.224987   30.42369  0.3185E-13  0.1738E-04  0.8468E-07  0.1214E-02  0.8288E-03  0.8001E+02
   -0.337482   30.42608  0.3185E-13  0.1909E-04  0.7288E-07  0.1601E-02  0.7313E-03  0.3433E+02
   -0.449979   30.42781  0.3185E-13  0.2043E-04  0.6561E-07  0.2009E-02  0.6607E-03  0.2287E+02
   -0.562476   30.42913  0.3185E-13  0.2152E-04  0.6060E-07  0.2388E-02  0.6063E-03  0.1740E+02
   -0.674974   30.43020  0.3185E-13  0.2245E-04  0.5691E-07  0.2748E-02  0.5620E-03  0.1435E+02
   -0.787472   30.43110  0.3185E-13  0.2324E-04  0.5406E-07  0.3086E-02  0.5246E-03  0.1243E+02
   -0.899972   30.43189  0.3185E-13  0.2392E-04  0.5178E-07  0.3404E-02  0.4923E-03  0.1119E+02
   -1.012472   30.43258  0.3185E-13  0.2452E-04  0.4993E-07  0.3700E-02  0.4639E-03  0.1032E+02
   -1.124972   30.43320  0.3185E-13  0.2504E-04  0.4839E-07  0.3976E-02  0.4385E-03  0.9740E+01
   -1.237474   30.43377  0.3185E-13  0.2551E-04  0.4710E-07  0.4231E-02  0.4155E-03  0.9332E+01
   -1.349975   30.43430  0.3185E-13  0.2591E-04  0.4601E-07  0.4466E-02  0.3946E-03  0.9088E+01
   -1.462478   30.43479  0.3185E-13  0.2627E-04  0.4507E-07  0.4680E-02  0.3753E-03  0.8939E+01
   -1.574980   30.43526  0.3185E-13  0.2658E-04  0.4428E-07  0.4874E-02  0.3575E-03  0.8904E+01
   -1.687483   30.43570  0.3185E-13  0.2685E-04  0.4360E-07  0.5049E-02  0.3409E-03  0.8933E+01
   -1.799986   30.43612  0.3185E-13  0.2708E-04  0.4302E-07  0.5202E-02  0.3253E-03  0.9058E+01
   -1.912490   30.43652  0.3185E-13  0.2727E-04  0.4254E-07  0.5335E-02  0.3107E-03  0.9238E+01
   -2.024994   30.43691  0.3185E-13  0.2743E-04  0.4214E-07  0.5448E-02  0.2968E-03  0.9516E+01
   -2.137497   30.43729  0.3185E-13  0.2755E-04  0.4182E-07  0.5538E-02  0.2837E-03  0.9851E+01
   -2.250001   30.43766  0.3185E-13  0.2765E-04  0.4159E-07  0.5607E-02  0.2712E-03  0.1030E+02
   -2.362505   30.43802  0.3185E-13  0.2771E-04  0.4143E-07  0.5654E-02  0.2593E-03  0.1082E+02
   -2.475009   30.43838  0.3185E-13  0.2774E-04  0.4135E-07  0.5677E-02  0.2479E-03  0.1149E+02
   -2.587512   30.43873  0.3185E-13  0.2773E-04  0.4136E-07  0.5675E-02  0.2369E-03  0.1225E+02
   -2.700016   30.43908  0.3185E-13  0.2769E-04  0.4146E-07  0.5648E-02  0.2264E-03  0.1322E+02
   -2.812519   30.43943  0.3185E-13  0.2762E-04  0.4166E-07  0.5594E-02  0.2161E-03  0.1437E+02
   -2.925022   30.43977  0.3185E-13  0.2751E-04  0.4198E-07  0.5512E-02  0.2062E-03  0.1584E+02
   -3.037524   30.44012  0.3185E-13  0.2737E-04  0.4244E-07  0.5398E-02  0.1966E-03  0.1765E+02
   -3.150027   30.44048  0.3185E-13  0.2718E-04  0.4308E-07  0.5252E-02  0.1871E-03  0.2003E+02
   -3.262528   30.44084  0.3185E-13  0.2695E-04  0.4393E-07  0.5069E-02  0.1779E-03  0.2311E+02
   -3.375030   30.44121  0.3185E-13  0.2666E-04  0.4505E-07  0.4847E-02  0.1688E-03  0.2736E+02
   -3.487530   30.44160  0.3185E-13  0.2631E-04  0.4654E-07  0.4581E-02  0.1599E-03  0.3328E+02
   -3.600031   30.44201  0.3185E-13  0.2589E-04  0.4854E-07  0.4267E-02  0.1510E-03  0.4219E+02
   -3.712530   30.44244  0.3185E-13  0.2537E-04  0.5127E-07  0.3901E-02  0.1421E-03  0.5629E+02
   -3.825029   30.44291  0.3185E-13  0.2474E-04  0.5514E-07  0.3469E-02  0.1332E-03  0.8085E+02
   -3.937526   30.44344  0.3185E-13  0.2393E-04  0.6089E-07  0.3007E-02  0.1241E-03  0.1298E+03
   -4.050024   30.44404  0.3185E-13  0.2287E-04  0.7022E-07  0.2337E-02  0.1147E-03  0.2557E+03
   -4.162520   30.44481  0.3185E-13  0.2138E-04  0.8726E-07  0.2086E-02  0.1046E-03  0.5472E+03
   -4.275015   30.44565  0.3185E-13  0.1834E-04  0.1423E-06  0.8090E-03  0.9561E-04 -0.1117E+04
   -4.387509   30.44968  0.3185E-13  0.8127E-05  0.4934E-06  0.1087E-03  0.7741E-04 -0.5435E+05
   -4.500002   30.46532  0.3185E-13  0.0000E+00  0.0000E+00  0.0000E+00  0.8305E-04  0.0000E+00
