 1 - depth, m
 2 - temperature, C
 3 - salinity, kg/kg
 4 - turbulent kinetic energy, m**2/s**2
 5 - dissipation rate, m**2/s**3
 6 - kinematic heat conductance, m**2/s
 7 - modulus of horizontal velocity, m/s
 8 - Richardson number, n/d
   -0.000000   28.03348  0.6768E-13  0.9647E-05  0.2977E-06  0.5873E-04  0.7079E-02 -0.8128E+00
   -0.112493   28.09608  0.6768E-13  0.1706E-04  0.1178E-06  0.8886E-03  0.2144E-02  0.1475E+03
   -0.224987   28.09995  0.6768E-13  0.1902E-04  0.9346E-07  0.1264E-02  0.1827E-02  0.1115E+02
   -0.337482   28.10252  0.6768E-13  0.2054E-04  0.8044E-07  0.1680E-02  0.1618E-02  0.6281E+01
   -0.449979   28.10436  0.6768E-13  0.2178E-04  0.7219E-07  0.2070E-02  0.1467E-02  0.4348E+01
   -0.562476   28.10580  0.6768E-13  0.2281E-04  0.6645E-07  0.2444E-02  0.1348E-02  0.3378E+01
   -0.674973   28.10697  0.6768E-13  0.2370E-04  0.6219E-07  0.2800E-02  0.1251E-02  0.2809E+01
   -0.787472   28.10796  0.6768E-13  0.2446E-04  0.5890E-07  0.3137E-02  0.1168E-02  0.2449E+01
   -0.899971   28.10882  0.6768E-13  0.2513E-04  0.5629E-07  0.3454E-02  0.1097E-02  0.2208E+01
   -1.012472   28.10958  0.6768E-13  0.2572E-04  0.5416E-07  0.3752E-02  0.1034E-02  0.2045E+01
   -1.124972   28.11027  0.6768E-13  0.2624E-04  0.5240E-07  0.4029E-02  0.9775E-03  0.1931E+01
   -1.237473   28.11091  0.6768E-13  0.2670E-04  0.5092E-07  0.4286E-02  0.9266E-03  0.1858E+01
   -1.349975   28.11149  0.6768E-13  0.2711E-04  0.4968E-07  0.4524E-02  0.8801E-03  0.1809E+01
   -1.462477   28.11204  0.6768E-13  0.2746E-04  0.4862E-07  0.4741E-02  0.8373E-03  0.1786E+01
   -1.574980   28.11256  0.6768E-13  0.2778E-04  0.4773E-07  0.4938E-02  0.7978E-03  0.1780E+01
   -1.687483   28.11305  0.6768E-13  0.2805E-04  0.4696E-07  0.5115E-02  0.7609E-03  0.1793E+01
   -1.799986   28.11352  0.6768E-13  0.2829E-04  0.4632E-07  0.5271E-02  0.7264E-03  0.1818E+01
   -1.912490   28.11397  0.6768E-13  0.2849E-04  0.4578E-07  0.5406E-02  0.6939E-03  0.1862E+01
   -2.024993   28.11440  0.6768E-13  0.2865E-04  0.4534E-07  0.5520E-02  0.6632E-03  0.1919E+01
   -2.137497   28.11483  0.6768E-13  0.2878E-04  0.4500E-07  0.5613E-02  0.6341E-03  0.1995E+01
   -2.250001   28.11524  0.6768E-13  0.2888E-04  0.4474E-07  0.5683E-02  0.6064E-03  0.2087E+01
   -2.362504   28.11565  0.6768E-13  0.2894E-04  0.4457E-07  0.5730E-02  0.5799E-03  0.2203E+01
   -2.475008   28.11605  0.6768E-13  0.2897E-04  0.4449E-07  0.5753E-02  0.5546E-03  0.2340E+01
   -2.587512   28.11645  0.6768E-13  0.2897E-04  0.4451E-07  0.5750E-02  0.5303E-03  0.2509E+01
   -2.700015   28.11684  0.6768E-13  0.2893E-04  0.4463E-07  0.5722E-02  0.5068E-03  0.2709E+01
   -2.812518   28.11723  0.6768E-13  0.2886E-04  0.4487E-07  0.5666E-02  0.4841E-03  0.2961E+01
   -2.925021   28.11763  0.6768E-13  0.2875E-04  0.4524E-07  0.5580E-02  0.4621E-03  0.3268E+01
   -3.037524   28.11803  0.6768E-13  0.2859E-04  0.4576E-07  0.5462E-02  0.4406E-03  0.3663E+01
   -3.150026   28.11843  0.6768E-13  0.2840E-04  0.4648E-07  0.5311E-02  0.4197E-03  0.4165E+01
   -3.262528   28.11885  0.6768E-13  0.2815E-04  0.4743E-07  0.5122E-02  0.3991E-03  0.4837E+01
   -3.375029   28.11928  0.6768E-13  0.2785E-04  0.4869E-07  0.4892E-02  0.3790E-03  0.5746E+01
   -3.487530   28.11972  0.6768E-13  0.2748E-04  0.5036E-07  0.4619E-02  0.3590E-03  0.7048E+01
   -3.600030   28.12019  0.6768E-13  0.2703E-04  0.5261E-07  0.4294E-02  0.3392E-03  0.9005E+01
   -3.712529   28.12070  0.6768E-13  0.2648E-04  0.5571E-07  0.3922E-02  0.3193E-03  0.1219E+02
   -3.825028   28.12124  0.6768E-13  0.2579E-04  0.6018E-07  0.3473E-02  0.2993E-03  0.3627E+02
   -3.937526   28.12186  0.6768E-13  0.2490E-04  0.6703E-07  0.3007E-02  0.2787E-03  0.9489E+03
   -4.050023   28.12258  0.6768E-13  0.2370E-04  0.7861E-07  0.2319E-02  0.2576E-03  0.9565E+02
   -4.162519   28.12357  0.6768E-13  0.2200E-04  0.1002E-06  0.2066E-02  0.2338E-03  0.1931E+04
   -4.275014   28.12455  0.6768E-13  0.1872E-04  0.1700E-06  0.8047E-03  0.2133E-03  0.1871E+02
   -4.387508   28.12967  0.6768E-13  0.8390E-05  0.5920E-06  0.1177E-03  0.1714E-03 -0.1408E+05
   -4.500001   28.14725  0.6768E-13  0.0000E+00  0.0000E+00  0.0000E+00  0.1862E-03  0.0000E+00
