 1 - depth, m
 2 - temperature, C
 3 - salinity, kg/kg
 4 - turbulent kinetic energy, m**2/s**2
 5 - dissipation rate, m**2/s**3
 6 - kinematic heat conductance, m**2/s
 7 - modulus of horizontal velocity, m/s
 8 - Richardson number, n/d
   -0.000000   30.41645  0.6157E-13  0.5523E-05  0.2272E-06  0.5843E-04  0.6883E-03 -0.8237E+02
   -0.112493   30.46586  0.6158E-13  0.1314E-04  0.9238E-07  0.6401E-03  0.2230E-03  0.1809E+07
   -0.224987   30.47090  0.6158E-13  0.1550E-04  0.6995E-07  0.1190E-02  0.1719E-03  0.1896E+04
   -0.337483   30.47296  0.6158E-13  0.1703E-04  0.6045E-07  0.1537E-02  0.1515E-03  0.7919E+03
   -0.449979   30.47447  0.6158E-13  0.1823E-04  0.5455E-07  0.1930E-02  0.1365E-03  0.5354E+03
   -0.562476   30.47561  0.6158E-13  0.1922E-04  0.5048E-07  0.2293E-02  0.1251E-03  0.4093E+03
   -0.674974   30.47653  0.6158E-13  0.2005E-04  0.4748E-07  0.2637E-02  0.1157E-03  0.3388E+03
   -0.787472   30.47730  0.6158E-13  0.2077E-04  0.4518E-07  0.2962E-02  0.1078E-03  0.2945E+03
   -0.899972   30.47797  0.6158E-13  0.2141E-04  0.4336E-07  0.3266E-02  0.1011E-03  0.2658E+03
   -1.012472   30.47857  0.6158E-13  0.2197E-04  0.4189E-07  0.3551E-02  0.9509E-04  0.2462E+03
   -1.124973   30.47910  0.6158E-13  0.2246E-04  0.4069E-07  0.3816E-02  0.8976E-04  0.2335E+03
   -1.237474   30.47960  0.6158E-13  0.2291E-04  0.3970E-07  0.4061E-02  0.8496E-04  0.2249E+03
   -1.349976   30.48005  0.6158E-13  0.2331E-04  0.3887E-07  0.4288E-02  0.8058E-04  0.2204E+03
   -1.462478   30.48048  0.6158E-13  0.2366E-04  0.3819E-07  0.4494E-02  0.7655E-04  0.2182E+03
   -1.574980   30.48088  0.6158E-13  0.2398E-04  0.3762E-07  0.4682E-02  0.7283E-04  0.2189E+03
   -1.687483   30.48127  0.6158E-13  0.2426E-04  0.3715E-07  0.4850E-02  0.6937E-04  0.2213E+03
   -1.799987   30.48164  0.6158E-13  0.2451E-04  0.3677E-07  0.4999E-02  0.6612E-04  0.2262E+03
   -1.912490   30.48200  0.6158E-13  0.2473E-04  0.3647E-07  0.5128E-02  0.6308E-04  0.2326E+03
   -2.024994   30.48235  0.6158E-13  0.2492E-04  0.3624E-07  0.5237E-02  0.6020E-04  0.2417E+03
   -2.137497   30.48268  0.6158E-13  0.2508E-04  0.3609E-07  0.5326E-02  0.5748E-04  0.2526E+03
   -2.250001   30.48302  0.6158E-13  0.2521E-04  0.3601E-07  0.5393E-02  0.5488E-04  0.2665E+03
   -2.362505   30.48335  0.6158E-13  0.2532E-04  0.3599E-07  0.5439E-02  0.5241E-04  0.2827E+03
   -2.475009   30.48367  0.6158E-13  0.2539E-04  0.3605E-07  0.5462E-02  0.5005E-04  0.3030E+03
   -2.587512   30.48399  0.6158E-13  0.2544E-04  0.3619E-07  0.5461E-02  0.4778E-04  0.3266E+03
   -2.700016   30.48432  0.6158E-13  0.2545E-04  0.3640E-07  0.5436E-02  0.4559E-04  0.3559E+03
   -2.812519   30.48464  0.6158E-13  0.2544E-04  0.3671E-07  0.5385E-02  0.4348E-04  0.3910E+03
   -2.925022   30.48497  0.6158E-13  0.2539E-04  0.3713E-07  0.5306E-02  0.4143E-04  0.4355E+03
   -3.037525   30.48530  0.6158E-13  0.2530E-04  0.3768E-07  0.5198E-02  0.3944E-04  0.4905E+03
   -3.150027   30.48564  0.6158E-13  0.2518E-04  0.3838E-07  0.5058E-02  0.3750E-04  0.5623E+03
   -3.262529   30.48599  0.6158E-13  0.2501E-04  0.3927E-07  0.4884E-02  0.3560E-04  0.6557E+03
   -3.375030   30.48635  0.6158E-13  0.2480E-04  0.4041E-07  0.4672E-02  0.3373E-04  0.7843E+03
   -3.487531   30.48673  0.6158E-13  0.2452E-04  0.4189E-07  0.4418E-02  0.3189E-04  0.9637E+03
   -3.600031   30.48713  0.6158E-13  0.2418E-04  0.4382E-07  0.4118E-02  0.3007E-04  0.1234E+04
   -3.712530   30.48756  0.6158E-13  0.2375E-04  0.4642E-07  0.3768E-02  0.2825E-04  0.1661E+04
   -3.825029   30.48803  0.6158E-13  0.2321E-04  0.5004E-07  0.3358E-02  0.2642E-04  0.2407E+04
   -3.937527   30.48856  0.6158E-13  0.2251E-04  0.5535E-07  0.2912E-02  0.2457E-04  0.3896E+04
   -4.050024   30.48917  0.6158E-13  0.2157E-04  0.6382E-07  0.2284E-02  0.2267E-04  0.7696E+04
   -4.162520   30.48995  0.6158E-13  0.2023E-04  0.7908E-07  0.2025E-02  0.2064E-04  0.1699E+05
   -4.275015   30.49082  0.6158E-13  0.1751E-04  0.1275E-06  0.8099E-03  0.1881E-04 -0.3425E+05
   -4.387509   30.49480  0.6158E-13  0.7756E-05  0.4457E-06  0.1014E-03  0.1526E-04 -0.1976E+07
   -4.500003   30.51215  0.6158E-13  0.0000E+00  0.0000E+00  0.0000E+00  0.1631E-04  0.0000E+00
