 1 - depth, m
 2 - temperature, C
 3 - salinity, kg/kg
 4 - turbulent kinetic energy, m**2/s**2
 5 - dissipation rate, m**2/s**3
 6 - kinematic heat conductance, m**2/s
 7 - modulus of horizontal velocity, m/s
 8 - Richardson number, n/d
   -0.000000   30.96934  0.3051E-13  0.6323E-05  0.3109E-06  0.7208E-04  0.1608E-02 -0.1691E+02
   -0.112493   31.01686  0.3051E-13  0.1422E-04  0.1223E-06  0.5537E-03  0.6037E-03  0.1380E+05
   -0.224987   31.02448  0.3051E-13  0.1722E-04  0.8762E-07  0.1204E-02  0.4487E-03  0.3378E+03
   -0.337482   31.02692  0.3051E-13  0.1907E-04  0.7490E-07  0.1546E-02  0.3953E-03  0.1237E+03
   -0.449978   31.02871  0.3051E-13  0.2050E-04  0.6721E-07  0.1978E-02  0.3559E-03  0.8084E+02
   -0.562475   31.03005  0.3051E-13  0.2167E-04  0.6200E-07  0.2368E-02  0.3261E-03  0.6050E+02
   -0.674973   31.03112  0.3051E-13  0.2266E-04  0.5820E-07  0.2740E-02  0.3020E-03  0.4948E+02
   -0.787472   31.03202  0.3051E-13  0.2351E-04  0.5531E-07  0.3090E-02  0.2818E-03  0.4263E+02
   -0.899971   31.03279  0.3051E-13  0.2425E-04  0.5303E-07  0.3419E-02  0.2644E-03  0.3821E+02
   -1.012471   31.03347  0.3051E-13  0.2491E-04  0.5120E-07  0.3725E-02  0.2491E-03  0.3518E+02
   -1.124972   31.03409  0.3051E-13  0.2548E-04  0.4970E-07  0.4011E-02  0.2355E-03  0.3318E+02
   -1.237473   31.03465  0.3051E-13  0.2600E-04  0.4847E-07  0.4275E-02  0.2232E-03  0.3180E+02
   -1.349975   31.03517  0.3051E-13  0.2646E-04  0.4744E-07  0.4519E-02  0.2120E-03  0.3100E+02
   -1.462477   31.03566  0.3051E-13  0.2688E-04  0.4659E-07  0.4742E-02  0.2017E-03  0.3055E+02
   -1.574980   31.03612  0.3051E-13  0.2724E-04  0.4588E-07  0.4944E-02  0.1922E-03  0.3051E+02
   -1.687483   31.03656  0.3051E-13  0.2757E-04  0.4530E-07  0.5125E-02  0.1834E-03  0.3069E+02
   -1.799986   31.03698  0.3051E-13  0.2786E-04  0.4482E-07  0.5285E-02  0.1751E-03  0.3124E+02
   -1.912489   31.03739  0.3051E-13  0.2811E-04  0.4445E-07  0.5424E-02  0.1673E-03  0.3197E+02
   -2.024993   31.03778  0.3051E-13  0.2833E-04  0.4417E-07  0.5541E-02  0.1599E-03  0.3308E+02
   -2.137496   31.03817  0.3051E-13  0.2851E-04  0.4397E-07  0.5636E-02  0.1529E-03  0.3439E+02
   -2.250000   31.03854  0.3051E-13  0.2866E-04  0.4386E-07  0.5708E-02  0.1463E-03  0.3614E+02
   -2.362504   31.03892  0.3051E-13  0.2877E-04  0.4384E-07  0.5757E-02  0.1399E-03  0.3814E+02
   -2.475008   31.03929  0.3051E-13  0.2886E-04  0.4390E-07  0.5782E-02  0.1338E-03  0.4070E+02
   -2.587511   31.03965  0.3051E-13  0.2891E-04  0.4406E-07  0.5782E-02  0.1280E-03  0.4364E+02
   -2.700015   31.04002  0.3051E-13  0.2892E-04  0.4431E-07  0.5755E-02  0.1223E-03  0.4735E+02
   -2.812518   31.04039  0.3051E-13  0.2890E-04  0.4469E-07  0.5700E-02  0.1169E-03  0.5176E+02
   -2.925021   31.04076  0.3051E-13  0.2884E-04  0.4519E-07  0.5615E-02  0.1116E-03  0.5738E+02
   -3.037523   31.04113  0.3051E-13  0.2874E-04  0.4585E-07  0.5499E-02  0.1064E-03  0.6430E+02
   -3.150025   31.04152  0.3051E-13  0.2859E-04  0.4670E-07  0.5349E-02  0.1014E-03  0.7338E+02
   -3.262527   31.04191  0.3051E-13  0.2840E-04  0.4779E-07  0.5162E-02  0.9647E-04  0.8515E+02
   -3.375028   31.04232  0.3051E-13  0.2814E-04  0.4918E-07  0.4934E-02  0.9161E-04  0.1014E+03
   -3.487529   31.04275  0.3051E-13  0.2782E-04  0.5099E-07  0.4661E-02  0.8682E-04  0.1240E+03
   -3.600029   31.04320  0.3051E-13  0.2742E-04  0.5337E-07  0.4340E-02  0.8205E-04  0.1581E+03
   -3.712528   31.04369  0.3051E-13  0.2692E-04  0.5657E-07  0.3964E-02  0.7728E-04  0.2122E+03
   -3.825027   31.04422  0.3051E-13  0.2628E-04  0.6104E-07  0.3521E-02  0.7247E-04  0.3067E+03
   -3.937525   31.04483  0.3051E-13  0.2546E-04  0.6764E-07  0.3050E-02  0.6757E-04  0.4955E+03
   -4.050022   31.04552  0.3051E-13  0.2436E-04  0.7826E-07  0.2363E-02  0.6255E-04  0.9867E+03
   -4.162518   31.04642  0.3051E-13  0.2279E-04  0.9753E-07  0.2118E-02  0.5708E-04  0.2132E+04
   -4.275013   31.04741  0.3051E-13  0.1958E-04  0.1594E-06  0.8247E-03  0.5222E-04 -0.4837E+04
   -4.387507   31.05219  0.3051E-13  0.8781E-05  0.5525E-06  0.1128E-03  0.4240E-04 -0.2172E+06
   -4.500000   31.07065  0.3051E-13  0.0000E+00  0.0000E+00  0.0000E+00  0.4543E-04  0.0000E+00
