 1 - depth, m
 2 - temperature, C
 3 - salinity, kg/kg
 4 - turbulent kinetic energy, m**2/s**2
 5 - dissipation rate, m**2/s**3
 6 - kinematic heat conductance, m**2/s
 7 - modulus of horizontal velocity, m/s
 8 - Richardson number, n/d
   -0.000000   31.11776  0.3038E-13  0.6332E-05  0.2927E-06  0.6361E-04  0.6747E-03 -0.1468E+03
   -0.112493   31.17298  0.3038E-13  0.1501E-04  0.1184E-06  0.6461E-03  0.2330E-03  0.2927E+07
   -0.224987   31.17928  0.3038E-13  0.1786E-04  0.8861E-07  0.1251E-02  0.1775E-03  0.2657E+04
   -0.337482   31.18171  0.3038E-13  0.1969E-04  0.7639E-07  0.1612E-02  0.1568E-03  0.1198E+04
   -0.449979   31.18351  0.3038E-13  0.2112E-04  0.6886E-07  0.2038E-02  0.1414E-03  0.8153E+03
   -0.562476   31.18486  0.3038E-13  0.2228E-04  0.6367E-07  0.2427E-02  0.1297E-03  0.6296E+03
   -0.674973   31.18596  0.3038E-13  0.2325E-04  0.5984E-07  0.2796E-02  0.1202E-03  0.5207E+03
   -0.787472   31.18689  0.3038E-13  0.2408E-04  0.5687E-07  0.3142E-02  0.1122E-03  0.4559E+03
   -0.899971   31.18769  0.3038E-13  0.2479E-04  0.5450E-07  0.3466E-02  0.1053E-03  0.4094E+03
   -1.012472   31.18840  0.3038E-13  0.2541E-04  0.5257E-07  0.3768E-02  0.9923E-04  0.3815E+03
   -1.124972   31.18904  0.3038E-13  0.2595E-04  0.5096E-07  0.4049E-02  0.9381E-04  0.3584E+03
   -1.237473   31.18962  0.3038E-13  0.2643E-04  0.4960E-07  0.4309E-02  0.8890E-04  0.3470E+03
   -1.349975   31.19016  0.3038E-13  0.2685E-04  0.4844E-07  0.4548E-02  0.8444E-04  0.3359E+03
   -1.462477   31.19067  0.3038E-13  0.2721E-04  0.4746E-07  0.4765E-02  0.8032E-04  0.3339E+03
   -1.574980   31.19114  0.3038E-13  0.2753E-04  0.4661E-07  0.4963E-02  0.7652E-04  0.3301E+03
   -1.687483   31.19159  0.3038E-13  0.2780E-04  0.4588E-07  0.5139E-02  0.7297E-04  0.3349E+03
   -1.799986   31.19202  0.3038E-13  0.2803E-04  0.4526E-07  0.5295E-02  0.6966E-04  0.3368E+03
   -1.912490   31.19243  0.3038E-13  0.2822E-04  0.4474E-07  0.5430E-02  0.6653E-04  0.3474E+03
   -2.024993   31.19282  0.3038E-13  0.2838E-04  0.4431E-07  0.5543E-02  0.6359E-04  0.3545E+03
   -2.137497   31.19321  0.3038E-13  0.2850E-04  0.4396E-07  0.5635E-02  0.6079E-04  0.3714E+03
   -2.250001   31.19358  0.3038E-13  0.2859E-04  0.4369E-07  0.5704E-02  0.5813E-04  0.3845E+03
   -2.362504   31.19395  0.3038E-13  0.2864E-04  0.4350E-07  0.5751E-02  0.5558E-04  0.4087E+03
   -2.475008   31.19431  0.3038E-13  0.2866E-04  0.4340E-07  0.5773E-02  0.5316E-04  0.4293E+03
   -2.587512   31.19466  0.3038E-13  0.2865E-04  0.4339E-07  0.5771E-02  0.5081E-04  0.4634E+03
   -2.700015   31.19501  0.3038E-13  0.2860E-04  0.4347E-07  0.5743E-02  0.4856E-04  0.4948E+03
   -2.812518   31.19536  0.3038E-13  0.2852E-04  0.4366E-07  0.5687E-02  0.4638E-04  0.5441E+03
   -2.925021   31.19571  0.3038E-13  0.2840E-04  0.4398E-07  0.5602E-02  0.4427E-04  0.5935E+03
   -3.037524   31.19607  0.3038E-13  0.2824E-04  0.4444E-07  0.5486E-02  0.4221E-04  0.6686E+03
   -3.150026   31.19642  0.3038E-13  0.2803E-04  0.4508E-07  0.5336E-02  0.4020E-04  0.7510E+03
   -3.262528   31.19679  0.3038E-13  0.2778E-04  0.4594E-07  0.5149E-02  0.3823E-04  0.8753E+03
   -3.375029   31.19716  0.3038E-13  0.2747E-04  0.4709E-07  0.4923E-02  0.3630E-04  0.1026E+04
   -3.487530   31.19755  0.3038E-13  0.2711E-04  0.4863E-07  0.4651E-02  0.3439E-04  0.1260E+04
   -3.600030   31.19795  0.3038E-13  0.2666E-04  0.5070E-07  0.4331E-02  0.3250E-04  0.1584E+04
   -3.712529   31.19838  0.3038E-13  0.2612E-04  0.5354E-07  0.3958E-02  0.3060E-04  0.2128E+04
   -3.825028   31.19885  0.3038E-13  0.2545E-04  0.5757E-07  0.3517E-02  0.2869E-04  0.3038E+04
   -3.937526   31.19937  0.3038E-13  0.2461E-04  0.6358E-07  0.3048E-02  0.2675E-04  0.4906E+04
   -4.050023   31.19997  0.3038E-13  0.2350E-04  0.7336E-07  0.2361E-02  0.2476E-04  0.9639E+04
   -4.162519   31.20074  0.3038E-13  0.2195E-04  0.9128E-07  0.2114E-02  0.2259E-04  0.2059E+05
   -4.275014   31.20157  0.3038E-13  0.1880E-04  0.1493E-06  0.8151E-03  0.2067E-04 -0.4295E+05
   -4.387508   31.20560  0.3038E-13  0.8340E-05  0.5171E-06  0.1112E-03  0.1673E-04 -0.1960E+07
   -4.500001   31.22083  0.3038E-13  0.0000E+00  0.0000E+00  0.0000E+00  0.1796E-04  0.0000E+00
