 1 - depth, m
 2 - temperature, C
 3 - salinity, kg/kg
 4 - turbulent kinetic energy, m**2/s**2
 5 - dissipation rate, m**2/s**3
 6 - kinematic heat conductance, m**2/s
 7 - modulus of horizontal velocity, m/s
 8 - Richardson number, n/d
   -0.000000   25.74525  0.1450E-13  0.1135E-04  0.3268E-06  0.5747E-04  0.1047E-01 -0.3451E+00
   -0.112493   25.80251  0.1450E-13  0.1629E-04  0.1147E-06  0.8040E-03  0.3515E-02  0.3170E+02
   -0.224987   25.80633  0.1450E-13  0.1780E-04  0.8649E-07  0.1253E-02  0.2839E-02  0.5862E+01
   -0.337482   25.80862  0.1450E-13  0.1889E-04  0.7368E-07  0.1565E-02  0.2529E-02  0.2777E+01
   -0.449979   25.81037  0.1450E-13  0.1983E-04  0.6552E-07  0.1913E-02  0.2293E-02  0.1969E+01
   -0.562476   25.81173  0.1450E-13  0.2064E-04  0.5988E-07  0.2240E-02  0.2107E-02  0.1545E+01
   -0.674974   25.81285  0.1450E-13  0.2137E-04  0.5574E-07  0.2549E-02  0.1955E-02  0.1347E+01
   -0.787472   25.81381  0.1450E-13  0.2203E-04  0.5252E-07  0.2852E-02  0.1824E-02  0.1307E+01
   -0.899972   25.81464  0.1450E-13  0.2265E-04  0.4990E-07  0.3161E-02  0.1706E-02  0.1320E+01
   -1.012472   25.81538  0.1450E-13  0.2323E-04  0.4773E-07  0.3469E-02  0.1598E-02  0.1341E+01
   -1.124972   25.81604  0.1450E-13  0.2376E-04  0.4591E-07  0.3772E-02  0.1498E-02  0.1356E+01
   -1.237474   25.81663  0.1450E-13  0.2426E-04  0.4440E-07  0.4062E-02  0.1406E-02  0.1366E+01
   -1.349975   25.81718  0.1450E-13  0.2471E-04  0.4313E-07  0.4337E-02  0.1321E-02  0.1370E+01
   -1.462478   25.81769  0.1450E-13  0.2511E-04  0.4207E-07  0.4593E-02  0.1243E-02  0.1369E+01
   -1.574980   25.81817  0.1450E-13  0.2548E-04  0.4119E-07  0.4826E-02  0.1170E-02  0.1365E+01
   -1.687483   25.81862  0.1450E-13  0.2580E-04  0.4046E-07  0.5034E-02  0.1103E-02  0.1357E+01
   -1.799986   25.81905  0.1450E-13  0.2607E-04  0.3988E-07  0.5216E-02  0.1041E-02  0.1345E+01
   -1.912490   25.81946  0.1450E-13  0.2631E-04  0.3943E-07  0.5370E-02  0.9837E-03  0.1329E+01
   -2.024994   25.81986  0.1450E-13  0.2650E-04  0.3908E-07  0.5495E-02  0.9308E-03  0.1311E+01
   -2.137497   25.82025  0.1450E-13  0.2665E-04  0.3884E-07  0.5591E-02  0.8821E-03  0.1289E+01
   -2.250001   25.82063  0.1450E-13  0.2677E-04  0.3870E-07  0.5658E-02  0.8371E-03  0.1264E+01
   -2.362505   25.82101  0.1450E-13  0.2685E-04  0.3865E-07  0.5697E-02  0.7957E-03  0.1235E+01
   -2.475009   25.82139  0.1450E-13  0.2690E-04  0.3868E-07  0.5708E-02  0.7576E-03  0.1220E+01
   -2.587512   25.82176  0.1450E-13  0.2691E-04  0.3880E-07  0.5696E-02  0.7225E-03  0.1240E+01
   -2.700016   25.82213  0.1450E-13  0.2690E-04  0.3901E-07  0.5661E-02  0.6896E-03  0.1306E+01
   -2.812519   25.82251  0.1450E-13  0.2685E-04  0.3931E-07  0.5601E-02  0.6583E-03  0.1421E+01
   -2.925022   25.82289  0.1450E-13  0.2677E-04  0.3974E-07  0.5512E-02  0.6282E-03  0.1579E+01
   -3.037525   25.82327  0.1450E-13  0.2666E-04  0.4030E-07  0.5393E-02  0.5988E-03  0.1778E+01
   -3.150027   25.82367  0.1450E-13  0.2651E-04  0.4103E-07  0.5241E-02  0.5701E-03  0.2037E+01
   -3.262529   25.82407  0.1450E-13  0.2631E-04  0.4197E-07  0.5054E-02  0.5419E-03  0.2375E+01
   -3.375030   25.82449  0.1450E-13  0.2606E-04  0.4318E-07  0.4828E-02  0.5142E-03  0.2837E+01
   -3.487531   25.82494  0.1450E-13  0.2575E-04  0.4475E-07  0.4559E-02  0.4869E-03  0.3487E+01
   -3.600031   25.82540  0.1450E-13  0.2537E-04  0.4683E-07  0.4243E-02  0.4597E-03  0.4462E+01
   -3.712530   25.82590  0.1450E-13  0.2490E-04  0.4963E-07  0.3875E-02  0.4325E-03  0.6014E+01
   -3.825029   25.82645  0.1450E-13  0.2431E-04  0.5354E-07  0.3444E-02  0.4051E-03  0.8722E+01
   -3.937527   25.82707  0.1450E-13  0.2355E-04  0.5931E-07  0.2982E-02  0.3773E-03  0.1415E+02
   -4.050024   25.82779  0.1450E-13  0.2254E-04  0.6856E-07  0.2320E-02  0.3487E-03  0.2813E+02
   -4.162520   25.82871  0.1450E-13  0.2110E-04  0.8534E-07  0.2066E-02  0.3178E-03  0.6139E+02
   -4.275015   25.82973  0.1450E-13  0.1817E-04  0.1390E-06  0.8092E-03  0.2902E-03 -0.1264E+03
   -4.387509   25.83457  0.1450E-13  0.8082E-05  0.4836E-06  0.1067E-03  0.2351E-03 -0.6600E+04
   -4.500002   25.85416  0.1450E-13  0.0000E+00  0.0000E+00  0.0000E+00  0.2516E-03  0.0000E+00
