 1 - depth, m
 2 - temperature, C
 3 - salinity, kg/kg
 4 - turbulent kinetic energy, m**2/s**2
 5 - dissipation rate, m**2/s**3
 6 - kinematic heat conductance, m**2/s
 7 - modulus of horizontal velocity, m/s
 8 - Richardson number, n/d
   -0.000000   26.14103  0.1284E-13  0.1184E-04  0.3489E-06  0.5918E-04  0.1071E-01 -0.3452E+00
   -0.112493   26.19931  0.1284E-13  0.1693E-04  0.1229E-06  0.8157E-03  0.3640E-02  0.1802E+03
   -0.224987   26.20331  0.1284E-13  0.1852E-04  0.9268E-07  0.1261E-02  0.2956E-02  0.5618E+01
   -0.337482   26.20573  0.1284E-13  0.1967E-04  0.7892E-07  0.1581E-02  0.2635E-02  0.2717E+01
   -0.449979   26.20757  0.1284E-13  0.2066E-04  0.7018E-07  0.1933E-02  0.2391E-02  0.1929E+01
   -0.562476   26.20901  0.1284E-13  0.2151E-04  0.6415E-07  0.2262E-02  0.2200E-02  0.1523E+01
   -0.674974   26.21020  0.1284E-13  0.2226E-04  0.5970E-07  0.2573E-02  0.2043E-02  0.1357E+01
   -0.787472   26.21122  0.1284E-13  0.2295E-04  0.5621E-07  0.2884E-02  0.1906E-02  0.1340E+01
   -0.899972   26.21210  0.1284E-13  0.2359E-04  0.5335E-07  0.3202E-02  0.1783E-02  0.1354E+01
   -1.012472   26.21288  0.1284E-13  0.2418E-04  0.5096E-07  0.3516E-02  0.1669E-02  0.1374E+01
   -1.124972   26.21357  0.1284E-13  0.2473E-04  0.4896E-07  0.3824E-02  0.1565E-02  0.1389E+01
   -1.237474   26.21420  0.1284E-13  0.2522E-04  0.4727E-07  0.4119E-02  0.1469E-02  0.1397E+01
   -1.349976   26.21478  0.1284E-13  0.2567E-04  0.4585E-07  0.4398E-02  0.1379E-02  0.1399E+01
   -1.462478   26.21531  0.1284E-13  0.2607E-04  0.4464E-07  0.4656E-02  0.1297E-02  0.1397E+01
   -1.574980   26.21581  0.1284E-13  0.2641E-04  0.4363E-07  0.4891E-02  0.1221E-02  0.1390E+01
   -1.687483   26.21628  0.1284E-13  0.2671E-04  0.4279E-07  0.5100E-02  0.1151E-02  0.1379E+01
   -1.799987   26.21673  0.1284E-13  0.2696E-04  0.4209E-07  0.5281E-02  0.1085E-02  0.1365E+01
   -1.912490   26.21715  0.1284E-13  0.2716E-04  0.4153E-07  0.5433E-02  0.1025E-02  0.1346E+01
   -2.024994   26.21757  0.1284E-13  0.2733E-04  0.4109E-07  0.5555E-02  0.9696E-03  0.1325E+01
   -2.137497   26.21797  0.1284E-13  0.2744E-04  0.4076E-07  0.5646E-02  0.9184E-03  0.1299E+01
   -2.250001   26.21836  0.1284E-13  0.2752E-04  0.4054E-07  0.5708E-02  0.8711E-03  0.1271E+01
   -2.362505   26.21874  0.1284E-13  0.2756E-04  0.4042E-07  0.5740E-02  0.8276E-03  0.1240E+01
   -2.475009   26.21912  0.1284E-13  0.2757E-04  0.4039E-07  0.5745E-02  0.7876E-03  0.1216E+01
   -2.587512   26.21950  0.1284E-13  0.2755E-04  0.4045E-07  0.5725E-02  0.7507E-03  0.1210E+01
   -2.700016   26.21988  0.1284E-13  0.2749E-04  0.4061E-07  0.5682E-02  0.7165E-03  0.1245E+01
   -2.812519   26.22026  0.1284E-13  0.2740E-04  0.4087E-07  0.5614E-02  0.6843E-03  0.1352E+01
   -2.925022   26.22064  0.1284E-13  0.2727E-04  0.4125E-07  0.5516E-02  0.6531E-03  0.1502E+01
   -3.037525   26.22103  0.1284E-13  0.2711E-04  0.4178E-07  0.5386E-02  0.6228E-03  0.1692E+01
   -3.150027   26.22142  0.1284E-13  0.2690E-04  0.4250E-07  0.5223E-02  0.5930E-03  0.1941E+01
   -3.262529   26.22183  0.1284E-13  0.2665E-04  0.4344E-07  0.5022E-02  0.5639E-03  0.2271E+01
   -3.375030   26.22224  0.1284E-13  0.2634E-04  0.4468E-07  0.4782E-02  0.5351E-03  0.2731E+01
   -3.487531   26.22268  0.1284E-13  0.2596E-04  0.4633E-07  0.4501E-02  0.5066E-03  0.3392E+01
   -3.600031   26.22315  0.1284E-13  0.2550E-04  0.4857E-07  0.4164E-02  0.4783E-03  0.4423E+01
   -3.712530   26.22365  0.1284E-13  0.2494E-04  0.5166E-07  0.3796E-02  0.4498E-03  0.6149E+01
   -3.825029   26.22419  0.1284E-13  0.2424E-04  0.5628E-07  0.3334E-02  0.4211E-03  0.1900E+02
   -3.937527   26.22483  0.1284E-13  0.2332E-04  0.6366E-07  0.2887E-02  0.3910E-03  0.3002E+03
   -4.050024   26.22556  0.1284E-13  0.2202E-04  0.7709E-07  0.2207E-02  0.3604E-03  0.8234E+02
   -4.162520   26.22673  0.1284E-13  0.2013E-04  0.1035E-06  0.1909E-02  0.3230E-03  0.1143E+06
   -4.275015   26.22779  0.1284E-13  0.1679E-04  0.1879E-06  0.7785E-03  0.2914E-03 -0.1163E+04
   -4.387509   26.23345  0.1284E-13  0.7603E-05  0.6711E-06  0.1231E-03  0.2303E-03 -0.1492E+05
   -4.500002   26.25022  0.1284E-13  0.0000E+00  0.0000E+00  0.0000E+00  0.2574E-03  0.0000E+00
