 1 - depth, m
 2 - temperature, C
 3 - salinity, kg/kg
 4 - turbulent kinetic energy, m**2/s**2
 5 - dissipation rate, m**2/s**3
 6 - kinematic heat conductance, m**2/s
 7 - modulus of horizontal velocity, m/s
 8 - Richardson number, n/d
   -0.000000   26.06548  0.8685E-13  0.1298E-04  0.3868E-06  0.6048E-04  0.1200E-01 -0.2875E+00
   -0.112493   26.12387  0.8685E-13  0.1757E-04  0.1318E-06  0.7450E-03  0.4262E-02  0.1432E+01
   -0.224987   26.12833  0.8685E-13  0.1906E-04  0.9781E-07  0.1281E-02  0.3406E-02  0.4818E+01
   -0.337482   26.13076  0.8685E-13  0.2013E-04  0.8307E-07  0.1572E-02  0.3049E-02  0.2184E+01
   -0.449979   26.13263  0.8685E-13  0.2106E-04  0.7371E-07  0.1912E-02  0.2773E-02  0.1594E+01
   -0.562476   26.13411  0.8685E-13  0.2189E-04  0.6723E-07  0.2223E-02  0.2556E-02  0.1354E+01
   -0.674973   26.13534  0.8685E-13  0.2266E-04  0.6233E-07  0.2540E-02  0.2373E-02  0.1378E+01
   -0.787472   26.13638  0.8685E-13  0.2339E-04  0.5839E-07  0.2880E-02  0.2207E-02  0.1421E+01
   -0.899972   26.13727  0.8685E-13  0.2408E-04  0.5516E-07  0.3225E-02  0.2055E-02  0.1453E+01
   -1.012472   26.13806  0.8685E-13  0.2473E-04  0.5248E-07  0.3568E-02  0.1917E-02  0.1473E+01
   -1.124972   26.13875  0.8685E-13  0.2532E-04  0.5025E-07  0.3905E-02  0.1789E-02  0.1486E+01
   -1.237474   26.13937  0.8685E-13  0.2586E-04  0.4838E-07  0.4229E-02  0.1672E-02  0.1491E+01
   -1.349975   26.13994  0.8685E-13  0.2635E-04  0.4680E-07  0.4536E-02  0.1563E-02  0.1490E+01
   -1.462478   26.14046  0.8685E-13  0.2678E-04  0.4548E-07  0.4821E-02  0.1464E-02  0.1484E+01
   -1.574980   26.14094  0.8685E-13  0.2716E-04  0.4438E-07  0.5081E-02  0.1371E-02  0.1473E+01
   -1.687483   26.14140  0.8685E-13  0.2748E-04  0.4346E-07  0.5312E-02  0.1287E-02  0.1458E+01
   -1.799986   26.14183  0.8685E-13  0.2775E-04  0.4271E-07  0.5511E-02  0.1208E-02  0.1439E+01
   -1.912490   26.14225  0.8685E-13  0.2797E-04  0.4212E-07  0.5678E-02  0.1136E-02  0.1417E+01
   -2.024993   26.14264  0.8685E-13  0.2815E-04  0.4165E-07  0.5811E-02  0.1070E-02  0.1392E+01
   -2.137497   26.14303  0.8685E-13  0.2827E-04  0.4131E-07  0.5909E-02  0.1009E-02  0.1364E+01
   -2.250001   26.14341  0.8685E-13  0.2836E-04  0.4108E-07  0.5974E-02  0.9526E-03  0.1332E+01
   -2.362505   26.14378  0.8685E-13  0.2840E-04  0.4097E-07  0.6006E-02  0.9009E-03  0.1298E+01
   -2.475008   26.14415  0.8685E-13  0.2840E-04  0.4095E-07  0.6006E-02  0.8536E-03  0.1261E+01
   -2.587512   26.14451  0.8685E-13  0.2837E-04  0.4104E-07  0.5977E-02  0.8101E-03  0.1221E+01
   -2.700015   26.14488  0.8685E-13  0.2831E-04  0.4123E-07  0.5918E-02  0.7703E-03  0.1177E+01
   -2.812519   26.14525  0.8685E-13  0.2821E-04  0.4152E-07  0.5843E-02  0.7339E-03  0.1135E+01
   -2.925022   26.14562  0.8685E-13  0.2809E-04  0.4191E-07  0.5749E-02  0.7008E-03  0.1207E+01
   -3.037524   26.14599  0.8685E-13  0.2793E-04  0.4245E-07  0.5620E-02  0.6690E-03  0.1351E+01
   -3.150026   26.14638  0.8685E-13  0.2773E-04  0.4317E-07  0.5454E-02  0.6378E-03  0.1540E+01
   -3.262528   26.14677  0.8685E-13  0.2749E-04  0.4411E-07  0.5251E-02  0.6073E-03  0.1790E+01
   -3.375029   26.14717  0.8685E-13  0.2719E-04  0.4533E-07  0.5009E-02  0.5771E-03  0.2130E+01
   -3.487530   26.14760  0.8685E-13  0.2683E-04  0.4694E-07  0.4723E-02  0.5472E-03  0.2609E+01
   -3.600030   26.14804  0.8685E-13  0.2640E-04  0.4908E-07  0.4388E-02  0.5175E-03  0.3327E+01
   -3.712530   26.14852  0.8685E-13  0.2588E-04  0.5199E-07  0.4000E-02  0.4877E-03  0.4474E+01
   -3.825028   26.14905  0.8685E-13  0.2523E-04  0.5609E-07  0.3546E-02  0.4577E-03  0.6474E+01
   -3.937526   26.14964  0.8685E-13  0.2441E-04  0.6217E-07  0.3067E-02  0.4269E-03  0.1049E+02
   -4.050023   26.15032  0.8685E-13  0.2332E-04  0.7201E-07  0.2368E-02  0.3954E-03  0.2092E+02
   -4.162519   26.15120  0.8685E-13  0.2179E-04  0.8998E-07  0.2117E-02  0.3609E-03  0.4498E+02
   -4.275014   26.15216  0.8685E-13  0.1868E-04  0.1480E-06  0.8131E-03  0.3302E-03 -0.9542E+02
   -4.387509   26.15689  0.8685E-13  0.8310E-05  0.5136E-06  0.1112E-03  0.2673E-03 -0.4557E+04
   -4.500002   26.17486  0.8685E-13  0.0000E+00  0.0000E+00  0.0000E+00  0.2868E-03  0.0000E+00
