 1 - depth, m
 2 - temperature, C
 3 - salinity, kg/kg
 4 - turbulent kinetic energy, m**2/s**2
 5 - dissipation rate, m**2/s**3
 6 - kinematic heat conductance, m**2/s
 7 - modulus of horizontal velocity, m/s
 8 - Richardson number, n/d
   -0.000000   30.16951  0.1513E-13  0.5734E-05  0.2649E-06  0.6618E-04  0.7499E-03 -0.6883E+02
   -0.112493   30.21562  0.1513E-13  0.1336E-04  0.1047E-06  0.5492E-03  0.2689E-03  0.2368E+04
   -0.224987   30.22242  0.1513E-13  0.1610E-04  0.7631E-07  0.1204E-02  0.2001E-03  0.1538E+04
   -0.337483   30.22463  0.1513E-13  0.1778E-04  0.6574E-07  0.1533E-02  0.1765E-03  0.5633E+03
   -0.449979   30.22628  0.1513E-13  0.1909E-04  0.5925E-07  0.1946E-02  0.1590E-03  0.3754E+03
   -0.562476   30.22752  0.1513E-13  0.2016E-04  0.5481E-07  0.2321E-02  0.1456E-03  0.2841E+03
   -0.674974   30.22853  0.1513E-13  0.2107E-04  0.5154E-07  0.2676E-02  0.1348E-03  0.2342E+03
   -0.787472   30.22937  0.1513E-13  0.2184E-04  0.4903E-07  0.3010E-02  0.1257E-03  0.2030E+03
   -0.899972   30.23010  0.1513E-13  0.2251E-04  0.4704E-07  0.3323E-02  0.1178E-03  0.1828E+03
   -1.012472   30.23075  0.1513E-13  0.2310E-04  0.4542E-07  0.3616E-02  0.1109E-03  0.1689E+03
   -1.124973   30.23133  0.1513E-13  0.2362E-04  0.4409E-07  0.3888E-02  0.1047E-03  0.1597E+03
   -1.237474   30.23187  0.1513E-13  0.2408E-04  0.4299E-07  0.4139E-02  0.9918E-04  0.1534E+03
   -1.349976   30.23236  0.1513E-13  0.2449E-04  0.4206E-07  0.4371E-02  0.9411E-04  0.1497E+03
   -1.462478   30.23282  0.1513E-13  0.2486E-04  0.4127E-07  0.4582E-02  0.8946E-04  0.1477E+03
   -1.574980   30.23326  0.1513E-13  0.2518E-04  0.4061E-07  0.4774E-02  0.8515E-04  0.1476E+03
   -1.687483   30.23367  0.1513E-13  0.2546E-04  0.4006E-07  0.4946E-02  0.8114E-04  0.1486E+03
   -1.799987   30.23407  0.1513E-13  0.2570E-04  0.3960E-07  0.5098E-02  0.7739E-04  0.1512E+03
   -1.912490   30.23445  0.1513E-13  0.2591E-04  0.3923E-07  0.5229E-02  0.7386E-04  0.1548E+03
   -2.024994   30.23483  0.1513E-13  0.2609E-04  0.3893E-07  0.5340E-02  0.7053E-04  0.1601E+03
   -2.137497   30.23519  0.1513E-13  0.2624E-04  0.3871E-07  0.5430E-02  0.6737E-04  0.1665E+03
   -2.250001   30.23554  0.1513E-13  0.2635E-04  0.3856E-07  0.5498E-02  0.6437E-04  0.1748E+03
   -2.362505   30.23589  0.1513E-13  0.2644E-04  0.3848E-07  0.5544E-02  0.6151E-04  0.1845E+03
   -2.475009   30.23623  0.1513E-13  0.2649E-04  0.3848E-07  0.5567E-02  0.5876E-04  0.1967E+03
   -2.587512   30.23657  0.1513E-13  0.2651E-04  0.3856E-07  0.5566E-02  0.5613E-04  0.2108E+03
   -2.700016   30.23691  0.1513E-13  0.2651E-04  0.3873E-07  0.5540E-02  0.5359E-04  0.2285E+03
   -2.812519   30.23724  0.1513E-13  0.2646E-04  0.3899E-07  0.5488E-02  0.5114E-04  0.2497E+03
   -2.925022   30.23758  0.1513E-13  0.2639E-04  0.3937E-07  0.5407E-02  0.4876E-04  0.2765E+03
   -3.037525   30.23793  0.1513E-13  0.2627E-04  0.3987E-07  0.5296E-02  0.4644E-04  0.3097E+03
   -3.150027   30.23828  0.1513E-13  0.2612E-04  0.4054E-07  0.5153E-02  0.4419E-04  0.3531E+03
   -3.262529   30.23863  0.1513E-13  0.2592E-04  0.4142E-07  0.4975E-02  0.4198E-04  0.4095E+03
   -3.375030   30.23900  0.1513E-13  0.2567E-04  0.4255E-07  0.4758E-02  0.3981E-04  0.4871E+03
   -3.487531   30.23939  0.1513E-13  0.2537E-04  0.4403E-07  0.4498E-02  0.3766E-04  0.5954E+03
   -3.600031   30.23979  0.1513E-13  0.2498E-04  0.4599E-07  0.4192E-02  0.3554E-04  0.7581E+03
   -3.712530   30.24023  0.1513E-13  0.2451E-04  0.4865E-07  0.3834E-02  0.3342E-04  0.1016E+04
   -3.825029   30.24070  0.1513E-13  0.2393E-04  0.5238E-07  0.3413E-02  0.3129E-04  0.1465E+04
   -3.937527   30.24123  0.1513E-13  0.2318E-04  0.5790E-07  0.2959E-02  0.2912E-04  0.2361E+04
   -4.050024   30.24184  0.1513E-13  0.2218E-04  0.6676E-07  0.2311E-02  0.2690E-04  0.4653E+04
   -4.162520   30.24262  0.1513E-13  0.2077E-04  0.8282E-07  0.2055E-02  0.2451E-04  0.1011E+05
   -4.275015   30.24348  0.1513E-13  0.1790E-04  0.1342E-06  0.8099E-03  0.2237E-04 -0.2049E+05
   -4.387509   30.24749  0.1513E-13  0.7927E-05  0.4676E-06  0.1048E-03  0.1813E-04 -0.1089E+07
   -4.500003   30.26405  0.1513E-13  0.0000E+00  0.0000E+00  0.0000E+00  0.1941E-04  0.0000E+00
