 1 - depth, m
 2 - temperature, C
 3 - salinity, kg/kg
 4 - turbulent kinetic energy, m**2/s**2
 5 - dissipation rate, m**2/s**3
 6 - kinematic heat conductance, m**2/s
 7 - modulus of horizontal velocity, m/s
 8 - Richardson number, n/d
   -0.000000   29.67944  0.1631E-13  0.8796E-05  0.2667E-06  0.5683E-04  0.6121E-02 -0.1105E+01
   -0.112493   29.73793  0.1631E-13  0.1619E-04  0.1070E-06  0.8773E-03  0.1818E-02  0.2429E+03
   -0.224987   29.74143  0.1631E-13  0.1808E-04  0.8533E-07  0.1252E-02  0.1547E-02  0.1566E+02
   -0.337482   29.74373  0.1631E-13  0.1954E-04  0.7364E-07  0.1662E-02  0.1370E-02  0.8781E+01
   -0.449978   29.74537  0.1631E-13  0.2072E-04  0.6621E-07  0.2045E-02  0.1241E-02  0.6081E+01
   -0.562475   29.74664  0.1631E-13  0.2171E-04  0.6103E-07  0.2414E-02  0.1140E-02  0.4716E+01
   -0.674973   29.74767  0.1631E-13  0.2256E-04  0.5720E-07  0.2765E-02  0.1057E-02  0.3924E+01
   -0.787472   29.74854  0.1631E-13  0.2330E-04  0.5424E-07  0.3097E-02  0.9871E-03  0.3416E+01
   -0.899971   29.74930  0.1631E-13  0.2395E-04  0.5190E-07  0.3410E-02  0.9264E-03  0.3085E+01
   -1.012471   29.74997  0.1631E-13  0.2453E-04  0.5001E-07  0.3703E-02  0.8730E-03  0.2853E+01
   -1.124972   29.75058  0.1631E-13  0.2505E-04  0.4846E-07  0.3977E-02  0.8251E-03  0.2701E+01
   -1.237473   29.75114  0.1631E-13  0.2551E-04  0.4717E-07  0.4232E-02  0.7819E-03  0.2594E+01
   -1.349975   29.75165  0.1631E-13  0.2593E-04  0.4610E-07  0.4467E-02  0.7425E-03  0.2536E+01
   -1.462477   29.75214  0.1631E-13  0.2630E-04  0.4520E-07  0.4682E-02  0.7062E-03  0.2501E+01
   -1.574980   29.75260  0.1631E-13  0.2663E-04  0.4445E-07  0.4878E-02  0.6726E-03  0.2502E+01
   -1.687483   29.75304  0.1631E-13  0.2692E-04  0.4383E-07  0.5053E-02  0.6413E-03  0.2518E+01
   -1.799986   29.75346  0.1631E-13  0.2718E-04  0.4332E-07  0.5209E-02  0.6121E-03  0.2566E+01
   -1.912489   29.75386  0.1631E-13  0.2741E-04  0.4291E-07  0.5344E-02  0.5845E-03  0.2626E+01
   -2.024993   29.75425  0.1631E-13  0.2760E-04  0.4259E-07  0.5458E-02  0.5585E-03  0.2720E+01
   -2.137497   29.75464  0.1631E-13  0.2776E-04  0.4236E-07  0.5550E-02  0.5339E-03  0.2827E+01
   -2.250000   29.75502  0.1631E-13  0.2789E-04  0.4221E-07  0.5621E-02  0.5104E-03  0.2973E+01
   -2.362504   29.75539  0.1631E-13  0.2799E-04  0.4215E-07  0.5669E-02  0.4880E-03  0.3136E+01
   -2.475008   29.75575  0.1631E-13  0.2806E-04  0.4218E-07  0.5693E-02  0.4666E-03  0.3349E+01
   -2.587511   29.75612  0.1631E-13  0.2810E-04  0.4229E-07  0.5693E-02  0.4460E-03  0.3589E+01
   -2.700015   29.75649  0.1631E-13  0.2810E-04  0.4251E-07  0.5667E-02  0.4261E-03  0.3898E+01
   -2.812518   29.75685  0.1631E-13  0.2807E-04  0.4284E-07  0.5613E-02  0.4069E-03  0.4258E+01
   -2.925021   29.75722  0.1631E-13  0.2800E-04  0.4329E-07  0.5530E-02  0.3882E-03  0.4724E+01
   -3.037523   29.75760  0.1631E-13  0.2790E-04  0.4389E-07  0.5417E-02  0.3701E-03  0.5290E+01
   -3.150026   29.75798  0.1631E-13  0.2775E-04  0.4468E-07  0.5269E-02  0.3524E-03  0.6042E+01
   -3.262527   29.75837  0.1631E-13  0.2755E-04  0.4569E-07  0.5086E-02  0.3350E-03  0.7007E+01
   -3.375029   29.75878  0.1631E-13  0.2730E-04  0.4699E-07  0.4863E-02  0.3180E-03  0.8349E+01
   -3.487529   29.75921  0.1631E-13  0.2698E-04  0.4869E-07  0.4595E-02  0.3011E-03  0.1021E+02
   -3.600029   29.75966  0.1631E-13  0.2659E-04  0.5093E-07  0.4280E-02  0.2844E-03  0.1302E+02
   -3.712529   29.76014  0.1631E-13  0.2610E-04  0.5395E-07  0.3911E-02  0.2677E-03  0.1747E+02
   -3.825027   29.76067  0.1631E-13  0.2548E-04  0.5817E-07  0.3477E-02  0.2509E-03  0.2526E+02
   -3.937525   29.76127  0.1631E-13  0.2469E-04  0.6441E-07  0.3012E-02  0.2337E-03  0.4081E+02
   -4.050022   29.76196  0.1631E-13  0.2362E-04  0.7444E-07  0.2340E-02  0.2162E-03  0.8109E+02
   -4.162518   29.76285  0.1631E-13  0.2210E-04  0.9265E-07  0.2091E-02  0.1971E-03  0.1755E+03
   -4.275013   29.76384  0.1631E-13  0.1900E-04  0.1511E-06  0.8162E-03  0.1802E-03 -0.3788E+03
   -4.387508   29.76853  0.1631E-13  0.8494E-05  0.5238E-06  0.1103E-03  0.1461E-03 -0.1797E+05
   -4.500001   29.78700  0.1631E-13  0.0000E+00  0.0000E+00  0.0000E+00  0.1564E-03  0.0000E+00
