 1 - depth, m
 2 - temperature, C
 3 - salinity, kg/kg
 4 - turbulent kinetic energy, m**2/s**2
 5 - dissipation rate, m**2/s**3
 6 - kinematic heat conductance, m**2/s
 7 - modulus of horizontal velocity, m/s
 8 - Richardson number, n/d
   -0.000000   28.54384  0.9820E-13  0.1220E-04  0.3805E-06  0.6179E-04  0.1060E-01 -0.3896E+00
   -0.112493   28.60368  0.9820E-13  0.1771E-04  0.1365E-06  0.8015E-03  0.3576E-02  0.1947E+04
   -0.224987   28.60804  0.9820E-13  0.1950E-04  0.1034E-06  0.1235E-02  0.2951E-02  0.6009E+01
   -0.337482   28.61065  0.9820E-13  0.2082E-04  0.8766E-07  0.1593E-02  0.2620E-02  0.2992E+01
   -0.449978   28.61256  0.9820E-13  0.2194E-04  0.7778E-07  0.1962E-02  0.2375E-02  0.2059E+01
   -0.562475   28.61405  0.9820E-13  0.2289E-04  0.7100E-07  0.2312E-02  0.2184E-02  0.1596E+01
   -0.674973   28.61525  0.9820E-13  0.2372E-04  0.6604E-07  0.2638E-02  0.2028E-02  0.1363E+01
   -0.787472   28.61628  0.9820E-13  0.2446E-04  0.6219E-07  0.2955E-02  0.1894E-02  0.1318E+01
   -0.899971   28.61717  0.9820E-13  0.2515E-04  0.5906E-07  0.3280E-02  0.1774E-02  0.1321E+01
   -1.012471   28.61795  0.9820E-13  0.2578E-04  0.5645E-07  0.3602E-02  0.1665E-02  0.1341E+01
   -1.124972   28.61865  0.9820E-13  0.2637E-04  0.5426E-07  0.3918E-02  0.1563E-02  0.1355E+01
   -1.237473   28.61928  0.9820E-13  0.2690E-04  0.5241E-07  0.4222E-02  0.1469E-02  0.1364E+01
   -1.349975   28.61986  0.9820E-13  0.2739E-04  0.5085E-07  0.4508E-02  0.1383E-02  0.1368E+01
   -1.462477   28.62039  0.9820E-13  0.2782E-04  0.4954E-07  0.4775E-02  0.1302E-02  0.1368E+01
   -1.574979   28.62089  0.9820E-13  0.2820E-04  0.4843E-07  0.5017E-02  0.1228E-02  0.1363E+01
   -1.687482   28.62136  0.9820E-13  0.2852E-04  0.4752E-07  0.5233E-02  0.1159E-02  0.1354E+01
   -1.799985   28.62181  0.9820E-13  0.2880E-04  0.4676E-07  0.5421E-02  0.1095E-02  0.1342E+01
   -1.912489   28.62223  0.9820E-13  0.2903E-04  0.4616E-07  0.5580E-02  0.1036E-02  0.1326E+01
   -2.024992   28.62265  0.9820E-13  0.2922E-04  0.4569E-07  0.5707E-02  0.9816E-03  0.1307E+01
   -2.137496   28.62305  0.9820E-13  0.2936E-04  0.4535E-07  0.5804E-02  0.9311E-03  0.1284E+01
   -2.250000   28.62344  0.9820E-13  0.2945E-04  0.4512E-07  0.5870E-02  0.8846E-03  0.1258E+01
   -2.362504   28.62383  0.9820E-13  0.2951E-04  0.4500E-07  0.5906E-02  0.8417E-03  0.1229E+01
   -2.475007   28.62421  0.9820E-13  0.2953E-04  0.4498E-07  0.5913E-02  0.8021E-03  0.1208E+01
   -2.587511   28.62459  0.9820E-13  0.2952E-04  0.4507E-07  0.5895E-02  0.7656E-03  0.1211E+01
   -2.700014   28.62497  0.9820E-13  0.2947E-04  0.4526E-07  0.5853E-02  0.7316E-03  0.1256E+01
   -2.812517   28.62535  0.9820E-13  0.2938E-04  0.4557E-07  0.5784E-02  0.6994E-03  0.1372E+01
   -2.925020   28.62574  0.9820E-13  0.2926E-04  0.4602E-07  0.5683E-02  0.6682E-03  0.1522E+01
   -3.037523   28.62612  0.9820E-13  0.2909E-04  0.4663E-07  0.5551E-02  0.6377E-03  0.1714E+01
   -3.150025   28.62652  0.9820E-13  0.2888E-04  0.4745E-07  0.5383E-02  0.6079E-03  0.1963E+01
   -3.262527   28.62693  0.9820E-13  0.2862E-04  0.4853E-07  0.5177E-02  0.5786E-03  0.2296E+01
   -3.375028   28.62735  0.9820E-13  0.2830E-04  0.4995E-07  0.4930E-02  0.5497E-03  0.2754E+01
   -3.487529   28.62780  0.9820E-13  0.2790E-04  0.5182E-07  0.4640E-02  0.5210E-03  0.3415E+01
   -3.600029   28.62827  0.9820E-13  0.2742E-04  0.5434E-07  0.4292E-02  0.4925E-03  0.4443E+01
   -3.712528   28.62877  0.9820E-13  0.2683E-04  0.5784E-07  0.3912E-02  0.4638E-03  0.6192E+01
   -3.825027   28.62933  0.9820E-13  0.2608E-04  0.6305E-07  0.3435E-02  0.4348E-03  0.2738E+02
   -3.937524   28.62998  0.9820E-13  0.2509E-04  0.7132E-07  0.2971E-02  0.4043E-03  0.1318E+04
   -4.050021   28.63073  0.9820E-13  0.2372E-04  0.8614E-07  0.2265E-02  0.3734E-03 -0.5643E+02
   -4.162517   28.63191  0.9820E-13  0.2174E-04  0.1150E-06  0.1984E-02  0.3357E-03  0.2836E+04
   -4.275013   28.63294  0.9820E-13  0.1818E-04  0.2084E-06  0.7880E-03  0.3045E-03 -0.1978E+03
   -4.387507   28.63883  0.9820E-13  0.8288E-05  0.7294E-06  0.1295E-03  0.2416E-03 -0.6705E+04
   -4.500000   28.65591  0.9820E-13  0.0000E+00  0.0000E+00  0.0000E+00  0.2685E-03  0.0000E+00
