 1 - depth, m
 2 - temperature, C
 3 - salinity, kg/kg
 4 - turbulent kinetic energy, m**2/s**2
 5 - dissipation rate, m**2/s**3
 6 - kinematic heat conductance, m**2/s
 7 - modulus of horizontal velocity, m/s
 8 - Richardson number, n/d
   -0.000000   28.48046  0.6575E-13  0.1070E-04  0.3190E-06  0.5892E-04  0.9259E-02 -0.4550E+00
   -0.112493   28.53664  0.6575E-13  0.1627E-04  0.1175E-06  0.8018E-03  0.2987E-02  0.6437E+04
   -0.224987   28.54050  0.6575E-13  0.1798E-04  0.9011E-07  0.1200E-02  0.2479E-02  0.7464E+01
   -0.337482   28.54290  0.6575E-13  0.1927E-04  0.7656E-07  0.1567E-02  0.2190E-02  0.3761E+01
   -0.449978   28.54463  0.6575E-13  0.2035E-04  0.6807E-07  0.1933E-02  0.1979E-02  0.2561E+01
   -0.562475   28.54597  0.6575E-13  0.2126E-04  0.6221E-07  0.2285E-02  0.1815E-02  0.1964E+01
   -0.674973   28.54705  0.6575E-13  0.2206E-04  0.5792E-07  0.2621E-02  0.1680E-02  0.1621E+01
   -0.787472   28.54797  0.6575E-13  0.2276E-04  0.5464E-07  0.2941E-02  0.1566E-02  0.1408E+01
   -0.899971   28.54877  0.6575E-13  0.2337E-04  0.5207E-07  0.3238E-02  0.1468E-02  0.1277E+01
   -1.012471   28.54947  0.6575E-13  0.2393E-04  0.4999E-07  0.3517E-02  0.1382E-02  0.1240E+01
   -1.124972   28.55011  0.6575E-13  0.2444E-04  0.4825E-07  0.3794E-02  0.1304E-02  0.1251E+01
   -1.237473   28.55069  0.6575E-13  0.2491E-04  0.4678E-07  0.4063E-02  0.1231E-02  0.1262E+01
   -1.349975   28.55123  0.6575E-13  0.2533E-04  0.4554E-07  0.4317E-02  0.1163E-02  0.1269E+01
   -1.462477   28.55173  0.6575E-13  0.2572E-04  0.4449E-07  0.4553E-02  0.1101E-02  0.1271E+01
   -1.574980   28.55220  0.6575E-13  0.2607E-04  0.4362E-07  0.4770E-02  0.1042E-02  0.1270E+01
   -1.687483   28.55264  0.6575E-13  0.2637E-04  0.4289E-07  0.4964E-02  0.9884E-03  0.1265E+01
   -1.799986   28.55307  0.6575E-13  0.2664E-04  0.4230E-07  0.5134E-02  0.9383E-03  0.1257E+01
   -1.912489   28.55348  0.6575E-13  0.2687E-04  0.4183E-07  0.5280E-02  0.8919E-03  0.1246E+01
   -2.024993   28.55387  0.6575E-13  0.2706E-04  0.4146E-07  0.5401E-02  0.8489E-03  0.1231E+01
   -2.137497   28.55426  0.6575E-13  0.2721E-04  0.4120E-07  0.5494E-02  0.8090E-03  0.1213E+01
   -2.250000   28.55464  0.6575E-13  0.2733E-04  0.4103E-07  0.5561E-02  0.7722E-03  0.1214E+01
   -2.362504   28.55501  0.6575E-13  0.2742E-04  0.4094E-07  0.5605E-02  0.7379E-03  0.1277E+01
   -2.475008   28.55538  0.6575E-13  0.2748E-04  0.4094E-07  0.5629E-02  0.7052E-03  0.1364E+01
   -2.587511   28.55575  0.6575E-13  0.2751E-04  0.4103E-07  0.5628E-02  0.6738E-03  0.1468E+01
   -2.700015   28.55612  0.6575E-13  0.2751E-04  0.4122E-07  0.5602E-02  0.6435E-03  0.1595E+01
   -2.812518   28.55649  0.6575E-13  0.2747E-04  0.4152E-07  0.5549E-02  0.6142E-03  0.1751E+01
   -2.925021   28.55686  0.6575E-13  0.2740E-04  0.4193E-07  0.5468E-02  0.5858E-03  0.1944E+01
   -3.037524   28.55723  0.6575E-13  0.2729E-04  0.4250E-07  0.5356E-02  0.5582E-03  0.2187E+01
   -3.150026   28.55762  0.6575E-13  0.2714E-04  0.4324E-07  0.5211E-02  0.5313E-03  0.2500E+01
   -3.262528   28.55802  0.6575E-13  0.2694E-04  0.4420E-07  0.5030E-02  0.5049E-03  0.2911E+01
   -3.375029   28.55843  0.6575E-13  0.2669E-04  0.4544E-07  0.4810E-02  0.4790E-03  0.3472E+01
   -3.487529   28.55885  0.6575E-13  0.2638E-04  0.4706E-07  0.4547E-02  0.4534E-03  0.4263E+01
   -3.600029   28.55931  0.6575E-13  0.2599E-04  0.4920E-07  0.4235E-02  0.4280E-03  0.5445E+01
   -3.712529   28.55980  0.6575E-13  0.2551E-04  0.5210E-07  0.3872E-02  0.4026E-03  0.7331E+01
   -3.825027   28.56033  0.6575E-13  0.2491E-04  0.5615E-07  0.3444E-02  0.3771E-03  0.1061E+02
   -3.937525   28.56093  0.6575E-13  0.2413E-04  0.6214E-07  0.2984E-02  0.3511E-03  0.1720E+02
   -4.050022   28.56162  0.6575E-13  0.2309E-04  0.7177E-07  0.2323E-02  0.3246E-03  0.3416E+02
   -4.162518   28.56251  0.6575E-13  0.2161E-04  0.8923E-07  0.2071E-02  0.2958E-03  0.7452E+02
   -4.275014   28.56350  0.6575E-13  0.1859E-04  0.1453E-06  0.8108E-03  0.2701E-03 -0.1568E+03
   -4.387508   28.56819  0.6575E-13  0.8294E-05  0.5037E-06  0.1085E-03  0.2189E-03 -0.7838E+04
   -4.500001   28.58693  0.6575E-13  0.0000E+00  0.0000E+00  0.0000E+00  0.2342E-03  0.0000E+00
