 1 - depth, m
 2 - temperature, C
 3 - salinity, kg/kg
 4 - turbulent kinetic energy, m**2/s**2
 5 - dissipation rate, m**2/s**3
 6 - kinematic heat conductance, m**2/s
 7 - modulus of horizontal velocity, m/s
 8 - Richardson number, n/d
   -0.000000   30.38065  0.2323E-13  0.6176E-05  0.2938E-06  0.6966E-04  0.2225E-02 -0.7991E+01
   -0.112493   30.42690  0.2323E-13  0.1380E-04  0.1152E-06  0.5621E-03  0.8185E-03  0.9317E+03
   -0.224987   30.43393  0.2323E-13  0.1665E-04  0.8326E-07  0.1174E-02  0.6157E-03  0.1760E+03
   -0.337482   30.43634  0.2323E-13  0.1843E-04  0.7125E-07  0.1521E-02  0.5415E-03  0.6529E+02
   -0.449979   30.43812  0.2323E-13  0.1981E-04  0.6398E-07  0.1940E-02  0.4873E-03  0.4280E+02
   -0.562476   30.43946  0.2323E-13  0.2094E-04  0.5903E-07  0.2319E-02  0.4461E-03  0.3221E+02
   -0.674974   30.44054  0.2323E-13  0.2188E-04  0.5540E-07  0.2679E-02  0.4128E-03  0.2642E+02
   -0.787472   30.44144  0.2323E-13  0.2268E-04  0.5260E-07  0.3018E-02  0.3848E-03  0.2284E+02
   -0.899972   30.44223  0.2323E-13  0.2337E-04  0.5038E-07  0.3336E-02  0.3608E-03  0.2049E+02
   -1.012472   30.44292  0.2323E-13  0.2397E-04  0.4857E-07  0.3632E-02  0.3396E-03  0.1889E+02
   -1.124972   30.44354  0.2323E-13  0.2449E-04  0.4707E-07  0.3907E-02  0.3208E-03  0.1780E+02
   -1.237474   30.44411  0.2323E-13  0.2495E-04  0.4580E-07  0.4162E-02  0.3038E-03  0.1706E+02
   -1.349976   30.44464  0.2323E-13  0.2535E-04  0.4473E-07  0.4396E-02  0.2883E-03  0.1660E+02
   -1.462478   30.44513  0.2323E-13  0.2571E-04  0.4381E-07  0.4610E-02  0.2741E-03  0.1634E+02
   -1.574980   30.44559  0.2323E-13  0.2601E-04  0.4303E-07  0.4804E-02  0.2609E-03  0.1625E+02
   -1.687483   30.44602  0.2323E-13  0.2628E-04  0.4236E-07  0.4977E-02  0.2486E-03  0.1632E+02
   -1.799987   30.44644  0.2323E-13  0.2650E-04  0.4179E-07  0.5131E-02  0.2372E-03  0.1654E+02
   -1.912490   30.44684  0.2323E-13  0.2669E-04  0.4130E-07  0.5264E-02  0.2264E-03  0.1688E+02
   -2.024994   30.44723  0.2323E-13  0.2684E-04  0.4090E-07  0.5376E-02  0.2162E-03  0.1737E+02
   -2.137497   30.44760  0.2323E-13  0.2696E-04  0.4058E-07  0.5467E-02  0.2066E-03  0.1801E+02
   -2.250001   30.44796  0.2323E-13  0.2705E-04  0.4033E-07  0.5536E-02  0.1974E-03  0.1881E+02
   -2.362505   30.44832  0.2323E-13  0.2711E-04  0.4016E-07  0.5583E-02  0.1886E-03  0.1979E+02
   -2.475009   30.44867  0.2323E-13  0.2713E-04  0.4007E-07  0.5607E-02  0.1802E-03  0.2098E+02
   -2.587512   30.44901  0.2323E-13  0.2712E-04  0.4006E-07  0.5607E-02  0.1722E-03  0.2241E+02
   -2.700016   30.44935  0.2323E-13  0.2708E-04  0.4014E-07  0.5581E-02  0.1644E-03  0.2416E+02
   -2.812519   30.44969  0.2323E-13  0.2701E-04  0.4031E-07  0.5529E-02  0.1569E-03  0.2629E+02
   -2.925022   30.45003  0.2323E-13  0.2690E-04  0.4061E-07  0.5448E-02  0.1497E-03  0.2896E+02
   -3.037525   30.45038  0.2323E-13  0.2675E-04  0.4103E-07  0.5337E-02  0.1426E-03  0.3231E+02
   -3.150027   30.45072  0.2323E-13  0.2656E-04  0.4162E-07  0.5193E-02  0.1357E-03  0.3663E+02
   -3.262529   30.45108  0.2323E-13  0.2633E-04  0.4241E-07  0.5014E-02  0.1290E-03  0.4230E+02
   -3.375030   30.45144  0.2323E-13  0.2604E-04  0.4347E-07  0.4796E-02  0.1223E-03  0.5005E+02
   -3.487531   30.45181  0.2323E-13  0.2570E-04  0.4488E-07  0.4534E-02  0.1158E-03  0.6092E+02
   -3.600031   30.45221  0.2323E-13  0.2528E-04  0.4678E-07  0.4225E-02  0.1093E-03  0.7717E+02
   -3.712530   30.45263  0.2323E-13  0.2478E-04  0.4938E-07  0.3864E-02  0.1028E-03  0.1030E+03
   -3.825029   30.45308  0.2323E-13  0.2415E-04  0.5306E-07  0.3439E-02  0.9631E-04  0.1478E+03
   -3.937527   30.45358  0.2323E-13  0.2336E-04  0.5854E-07  0.2982E-02  0.8968E-04  0.2373E+03
   -4.050024   30.45416  0.2323E-13  0.2233E-04  0.6743E-07  0.2323E-02  0.8290E-04  0.4660E+03
   -4.162520   30.45490  0.2323E-13  0.2087E-04  0.8367E-07  0.2070E-02  0.7556E-04  0.9989E+03
   -4.275015   30.45571  0.2323E-13  0.1793E-04  0.1361E-06  0.8054E-03  0.6901E-04 -0.1983E+04
   -4.387509   30.45953  0.2323E-13  0.7916E-05  0.4726E-06  0.1066E-03  0.5584E-04 -0.1007E+06
   -4.500002   30.47460  0.2323E-13  0.0000E+00  0.0000E+00  0.0000E+00  0.5991E-04  0.0000E+00
