 1 - depth, m
 2 - temperature, C
 3 - salinity, kg/kg
 4 - turbulent kinetic energy, m**2/s**2
 5 - dissipation rate, m**2/s**3
 6 - kinematic heat conductance, m**2/s
 7 - modulus of horizontal velocity, m/s
 8 - Richardson number, n/d
   -0.000000   28.23737  0.5230E-13  0.1076E-04  0.3162E-06  0.5616E-04  0.9685E-02 -0.4138E+00
   -0.112493   28.29379  0.5230E-13  0.1625E-04  0.1146E-06  0.8458E-03  0.3100E-02  0.2826E+03
   -0.224987   28.29730  0.5230E-13  0.1789E-04  0.8769E-07  0.1228E-02  0.2553E-02  0.6763E+01
   -0.337482   28.29957  0.5230E-13  0.1911E-04  0.7473E-07  0.1576E-02  0.2263E-02  0.3424E+01
   -0.449979   28.30124  0.5230E-13  0.2013E-04  0.6652E-07  0.1936E-02  0.2048E-02  0.2381E+01
   -0.562476   28.30255  0.5230E-13  0.2101E-04  0.6084E-07  0.2279E-02  0.1880E-02  0.1844E+01
   -0.674974   28.30362  0.5230E-13  0.2177E-04  0.5667E-07  0.2607E-02  0.1741E-02  0.1536E+01
   -0.787472   28.30452  0.5230E-13  0.2244E-04  0.5348E-07  0.2914E-02  0.1624E-02  0.1360E+01
   -0.899972   28.30531  0.5230E-13  0.2304E-04  0.5094E-07  0.3207E-02  0.1523E-02  0.1298E+01
   -1.012472   28.30601  0.5230E-13  0.2359E-04  0.4884E-07  0.3496E-02  0.1431E-02  0.1286E+01
   -1.124972   28.30665  0.5230E-13  0.2410E-04  0.4709E-07  0.3779E-02  0.1347E-02  0.1290E+01
   -1.237474   28.30722  0.5230E-13  0.2456E-04  0.4561E-07  0.4050E-02  0.1270E-02  0.1297E+01
   -1.349975   28.30775  0.5230E-13  0.2498E-04  0.4436E-07  0.4306E-02  0.1198E-02  0.1303E+01
   -1.462478   28.30825  0.5230E-13  0.2535E-04  0.4330E-07  0.4545E-02  0.1132E-02  0.1304E+01
   -1.574980   28.30871  0.5230E-13  0.2569E-04  0.4241E-07  0.4763E-02  0.1070E-02  0.1301E+01
   -1.687483   28.30915  0.5230E-13  0.2598E-04  0.4167E-07  0.4959E-02  0.1013E-02  0.1294E+01
   -1.799986   28.30956  0.5230E-13  0.2624E-04  0.4106E-07  0.5130E-02  0.9601E-03  0.1284E+01
   -1.912490   28.30997  0.5230E-13  0.2645E-04  0.4057E-07  0.5276E-02  0.9110E-03  0.1270E+01
   -2.024994   28.31035  0.5230E-13  0.2663E-04  0.4018E-07  0.5396E-02  0.8656E-03  0.1255E+01
   -2.137497   28.31073  0.5230E-13  0.2676E-04  0.3989E-07  0.5490E-02  0.8235E-03  0.1240E+01
   -2.250001   28.31110  0.5230E-13  0.2687E-04  0.3970E-07  0.5557E-02  0.7846E-03  0.1228E+01
   -2.362505   28.31146  0.5230E-13  0.2694E-04  0.3959E-07  0.5599E-02  0.7486E-03  0.1235E+01
   -2.475009   28.31182  0.5230E-13  0.2698E-04  0.3956E-07  0.5618E-02  0.7149E-03  0.1284E+01
   -2.587512   28.31218  0.5230E-13  0.2699E-04  0.3962E-07  0.5615E-02  0.6830E-03  0.1378E+01
   -2.700016   28.31254  0.5230E-13  0.2697E-04  0.3977E-07  0.5586E-02  0.6523E-03  0.1495E+01
   -2.812519   28.31289  0.5230E-13  0.2692E-04  0.4002E-07  0.5532E-02  0.6225E-03  0.1637E+01
   -2.925022   28.31325  0.5230E-13  0.2683E-04  0.4039E-07  0.5449E-02  0.5937E-03  0.1815E+01
   -3.037524   28.31362  0.5230E-13  0.2671E-04  0.4090E-07  0.5336E-02  0.5657E-03  0.2038E+01
   -3.150027   28.31399  0.5230E-13  0.2655E-04  0.4158E-07  0.5190E-02  0.5383E-03  0.2325E+01
   -3.262528   28.31437  0.5230E-13  0.2634E-04  0.4246E-07  0.5009E-02  0.5115E-03  0.2703E+01
   -3.375030   28.31476  0.5230E-13  0.2608E-04  0.4362E-07  0.4789E-02  0.4851E-03  0.3218E+01
   -3.487530   28.31517  0.5230E-13  0.2576E-04  0.4514E-07  0.4526E-02  0.4591E-03  0.3943E+01
   -3.600031   28.31560  0.5230E-13  0.2537E-04  0.4715E-07  0.4216E-02  0.4334E-03  0.5028E+01
   -3.712530   28.31607  0.5230E-13  0.2489E-04  0.4989E-07  0.3854E-02  0.4076E-03  0.6757E+01
   -3.825029   28.31657  0.5230E-13  0.2429E-04  0.5373E-07  0.3428E-02  0.3817E-03  0.9764E+01
   -3.937526   28.31714  0.5230E-13  0.2352E-04  0.5941E-07  0.2970E-02  0.3553E-03  0.1579E+02
   -4.050024   28.31780  0.5230E-13  0.2250E-04  0.6856E-07  0.2315E-02  0.3283E-03  0.3127E+02
   -4.162520   28.31864  0.5230E-13  0.2106E-04  0.8519E-07  0.2060E-02  0.2991E-03  0.6789E+02
   -4.275015   28.31957  0.5230E-13  0.1812E-04  0.1386E-06  0.8056E-03  0.2731E-03 -0.1378E+03
   -4.387509   28.32396  0.5230E-13  0.8046E-05  0.4812E-06  0.1068E-03  0.2210E-03 -0.7069E+04
   -4.500002   28.34162  0.5230E-13  0.0000E+00  0.0000E+00  0.0000E+00  0.2367E-03  0.0000E+00
