 1 - depth, m
 2 - temperature, C
 3 - salinity, kg/kg
 4 - turbulent kinetic energy, m**2/s**2
 5 - dissipation rate, m**2/s**3
 6 - kinematic heat conductance, m**2/s
 7 - modulus of horizontal velocity, m/s
 8 - Richardson number, n/d
   -0.000000   25.54684  0.2399E-13  0.1551E-04  0.4764E-06  0.6457E-04  0.1477E-01 -0.1964E+00
   -0.112493   25.60110  0.2399E-13  0.1846E-04  0.1520E-06  0.5108E-03  0.5838E-02 -0.8220E+00
   -0.224987   25.60754  0.2399E-13  0.1959E-04  0.1080E-06  0.1261E-02  0.4485E-02  0.4518E+01
   -0.337482   25.60999  0.2399E-13  0.2047E-04  0.9082E-07  0.1492E-02  0.4034E-02  0.1651E+01
   -0.449978   25.61195  0.2399E-13  0.2132E-04  0.7983E-07  0.1803E-02  0.3676E-02  0.1467E+01
   -0.562476   25.61351  0.2399E-13  0.2216E-04  0.7194E-07  0.2128E-02  0.3379E-02  0.1549E+01
   -0.674973   25.61478  0.2399E-13  0.2300E-04  0.6586E-07  0.2487E-02  0.3113E-02  0.1622E+01
   -0.787472   25.61584  0.2399E-13  0.2380E-04  0.6107E-07  0.2860E-02  0.2873E-02  0.1667E+01
   -0.899971   25.61674  0.2399E-13  0.2457E-04  0.5721E-07  0.3244E-02  0.2656E-02  0.1696E+01
   -1.012471   25.61751  0.2399E-13  0.2529E-04  0.5407E-07  0.3629E-02  0.2457E-02  0.1710E+01
   -1.124972   25.61819  0.2399E-13  0.2596E-04  0.5148E-07  0.4009E-02  0.2276E-02  0.1714E+01
   -1.237473   25.61880  0.2399E-13  0.2656E-04  0.4934E-07  0.4377E-02  0.2110E-02  0.1707E+01
   -1.349975   25.61934  0.2399E-13  0.2711E-04  0.4756E-07  0.4726E-02  0.1958E-02  0.1694E+01
   -1.462477   25.61985  0.2399E-13  0.2758E-04  0.4610E-07  0.5049E-02  0.1819E-02  0.1675E+01
   -1.574980   25.62031  0.2399E-13  0.2800E-04  0.4489E-07  0.5340E-02  0.1691E-02  0.1651E+01
   -1.687483   25.62075  0.2399E-13  0.2835E-04  0.4390E-07  0.5596E-02  0.1574E-02  0.1623E+01
   -1.799986   25.62117  0.2399E-13  0.2864E-04  0.4312E-07  0.5813E-02  0.1467E-02  0.1591E+01
   -1.912489   25.62156  0.2399E-13  0.2886E-04  0.4251E-07  0.5989E-02  0.1368E-02  0.1557E+01
   -2.024993   25.62195  0.2399E-13  0.2903E-04  0.4206E-07  0.6122E-02  0.1279E-02  0.1519E+01
   -2.137497   25.62232  0.2399E-13  0.2915E-04  0.4175E-07  0.6212E-02  0.1196E-02  0.1479E+01
   -2.250000   25.62269  0.2399E-13  0.2921E-04  0.4158E-07  0.6261E-02  0.1122E-02  0.1437E+01
   -2.362504   25.62305  0.2399E-13  0.2922E-04  0.4154E-07  0.6271E-02  0.1053E-02  0.1393E+01
   -2.475008   25.62341  0.2399E-13  0.2919E-04  0.4162E-07  0.6242E-02  0.9912E-03  0.1347E+01
   -2.587512   25.62377  0.2399E-13  0.2913E-04  0.4182E-07  0.6179E-02  0.9345E-03  0.1299E+01
   -2.700015   25.62413  0.2399E-13  0.2902E-04  0.4213E-07  0.6083E-02  0.8830E-03  0.1248E+01
   -2.812518   25.62450  0.2399E-13  0.2888E-04  0.4256E-07  0.5961E-02  0.8362E-03  0.1194E+01
   -2.925021   25.62488  0.2399E-13  0.2871E-04  0.4311E-07  0.5814E-02  0.7938E-03  0.1148E+01
   -3.037524   25.62526  0.2399E-13  0.2852E-04  0.4378E-07  0.5663E-02  0.7553E-03  0.1124E+01
   -3.150026   25.62565  0.2399E-13  0.2828E-04  0.4463E-07  0.5491E-02  0.7201E-03  0.1250E+01
   -3.262528   25.62606  0.2399E-13  0.2800E-04  0.4573E-07  0.5268E-02  0.6860E-03  0.1467E+01
   -3.375029   25.62648  0.2399E-13  0.2766E-04  0.4716E-07  0.4999E-02  0.6523E-03  0.1776E+01
   -3.487530   25.62692  0.2399E-13  0.2725E-04  0.4906E-07  0.4689E-02  0.6188E-03  0.2224E+01
   -3.600030   25.62739  0.2399E-13  0.2676E-04  0.5161E-07  0.4318E-02  0.5853E-03  0.2937E+01
   -3.712529   25.62791  0.2399E-13  0.2615E-04  0.5516E-07  0.3927E-02  0.5515E-03  0.4197E+01
   -3.825028   25.62847  0.2399E-13  0.2538E-04  0.6056E-07  0.3423E-02  0.5173E-03  0.2757E+03
   -3.937525   25.62915  0.2399E-13  0.2436E-04  0.6935E-07  0.2956E-02  0.4806E-03  0.9277E+03
   -4.050022   25.62993  0.2399E-13  0.2292E-04  0.8532E-07  0.2235E-02  0.4434E-03  0.7921E+04
   -4.162519   25.63124  0.2399E-13  0.2086E-04  0.1167E-06  0.1935E-02  0.3967E-03  0.4598E+04
   -4.275014   25.63228  0.2399E-13  0.1729E-04  0.2190E-06  0.7844E-03  0.3588E-03  0.4543E+01
   -4.387508   25.63872  0.2399E-13  0.7907E-05  0.7729E-06  0.1337E-03  0.2825E-03 -0.8179E+04
   -4.500001   25.65586  0.2399E-13  0.0000E+00  0.0000E+00  0.0000E+00  0.3184E-03  0.0000E+00
