 1 - depth, m
 2 - temperature, C
 3 - salinity, kg/kg
 4 - turbulent kinetic energy, m**2/s**2
 5 - dissipation rate, m**2/s**3
 6 - kinematic heat conductance, m**2/s
 7 - modulus of horizontal velocity, m/s
 8 - Richardson number, n/d
   -0.000000   30.69785  0.8158E-13  0.5659E-05  0.2178E-06  0.5023E-04  0.4539E-03 -0.3070E+03
   -0.112493   30.75753  0.8158E-13  0.1388E-04  0.9019E-07  0.7599E-03  0.1322E-03  0.5673E+07
   -0.224987   30.76152  0.8158E-13  0.1605E-04  0.7086E-07  0.1226E-02  0.1048E-03  0.6524E+04
   -0.337482   30.76357  0.8159E-13  0.1754E-04  0.6156E-07  0.1603E-02  0.9230E-04  0.3373E+04
   -0.449979   30.76503  0.8159E-13  0.1873E-04  0.5570E-07  0.1991E-02  0.8321E-04  0.2336E+04
   -0.562476   30.76615  0.8159E-13  0.1971E-04  0.5162E-07  0.2355E-02  0.7620E-04  0.1818E+04
   -0.674974   30.76706  0.8159E-13  0.2054E-04  0.4860E-07  0.2701E-02  0.7049E-04  0.1516E+04
   -0.787472   30.76783  0.8159E-13  0.2126E-04  0.4628E-07  0.3026E-02  0.6568E-04  0.1327E+04
   -0.899972   30.76849  0.8159E-13  0.2190E-04  0.4444E-07  0.3332E-02  0.6153E-04  0.1202E+04
   -1.012472   30.76908  0.8159E-13  0.2246E-04  0.4296E-07  0.3618E-02  0.5788E-04  0.1119E+04
   -1.124972   30.76962  0.8159E-13  0.2296E-04  0.4174E-07  0.3884E-02  0.5462E-04  0.1062E+04
   -1.237474   30.77011  0.8159E-13  0.2341E-04  0.4074E-07  0.4130E-02  0.5168E-04  0.1028E+04
   -1.349975   30.77056  0.8159E-13  0.2382E-04  0.3991E-07  0.4358E-02  0.4901E-04  0.1008E+04
   -1.462478   30.77099  0.8159E-13  0.2418E-04  0.3923E-07  0.4566E-02  0.4654E-04  0.1003E+04
   -1.574980   30.77139  0.8159E-13  0.2450E-04  0.3866E-07  0.4754E-02  0.4427E-04  0.1006E+04
   -1.687483   30.77178  0.8159E-13  0.2479E-04  0.3820E-07  0.4923E-02  0.4215E-04  0.1022E+04
   -1.799987   30.77215  0.8159E-13  0.2505E-04  0.3782E-07  0.5073E-02  0.4017E-04  0.1045E+04
   -1.912490   30.77251  0.8159E-13  0.2528E-04  0.3754E-07  0.5202E-02  0.3831E-04  0.1080E+04
   -2.024994   30.77286  0.8159E-13  0.2548E-04  0.3733E-07  0.5311E-02  0.3656E-04  0.1122E+04
   -2.137497   30.77320  0.8159E-13  0.2564E-04  0.3719E-07  0.5400E-02  0.3490E-04  0.1178E+04
   -2.250001   30.77353  0.8159E-13  0.2578E-04  0.3713E-07  0.5467E-02  0.3332E-04  0.1243E+04
   -2.362505   30.77386  0.8159E-13  0.2589E-04  0.3713E-07  0.5512E-02  0.3181E-04  0.1325E+04
   -2.475009   30.77419  0.8159E-13  0.2597E-04  0.3722E-07  0.5534E-02  0.3038E-04  0.1420E+04
   -2.587512   30.77452  0.8159E-13  0.2603E-04  0.3738E-07  0.5533E-02  0.2899E-04  0.1538E+04
   -2.700016   30.77485  0.8159E-13  0.2605E-04  0.3763E-07  0.5506E-02  0.2767E-04  0.1677E+04
   -2.812519   30.77518  0.8159E-13  0.2604E-04  0.3797E-07  0.5453E-02  0.2638E-04  0.1851E+04
   -2.925022   30.77551  0.8159E-13  0.2599E-04  0.3843E-07  0.5373E-02  0.2514E-04  0.2061E+04
   -3.037525   30.77585  0.8159E-13  0.2591E-04  0.3902E-07  0.5262E-02  0.2393E-04  0.2332E+04
   -3.150027   30.77619  0.8159E-13  0.2579E-04  0.3977E-07  0.5119E-02  0.2275E-04  0.2674E+04
   -3.262529   30.77655  0.8159E-13  0.2563E-04  0.4073E-07  0.4941E-02  0.2160E-04  0.3132E+04
   -3.375030   30.77692  0.8159E-13  0.2542E-04  0.4194E-07  0.4725E-02  0.2047E-04  0.3747E+04
   -3.487531   30.77731  0.8159E-13  0.2514E-04  0.4351E-07  0.4467E-02  0.1935E-04  0.4623E+04
   -3.600031   30.77772  0.8159E-13  0.2479E-04  0.4556E-07  0.4162E-02  0.1825E-04  0.5922E+04
   -3.712530   30.77816  0.8159E-13  0.2436E-04  0.4830E-07  0.3807E-02  0.1715E-04  0.8006E+04
   -3.825029   30.77864  0.8159E-13  0.2381E-04  0.5211E-07  0.3390E-02  0.1604E-04  0.1161E+05
   -3.937527   30.77919  0.8159E-13  0.2309E-04  0.5769E-07  0.2938E-02  0.1491E-04  0.1887E+05
   -4.050024   30.77982  0.8159E-13  0.2213E-04  0.6661E-07  0.2299E-02  0.1377E-04  0.3740E+05
   -4.162520   30.78063  0.8159E-13  0.2076E-04  0.8265E-07  0.2042E-02  0.1253E-04  0.8276E+05
   -4.275015   30.78154  0.8159E-13  0.1795E-04  0.1336E-06  0.8146E-03  0.1143E-04 -0.1742E+06
   -4.387509   30.78571  0.8159E-13  0.7982E-05  0.4666E-06  0.1033E-03  0.9270E-05 -0.9620E+07
   -4.500002   30.80364  0.8159E-13  0.0000E+00  0.0000E+00  0.0000E+00  0.9895E-05  0.0000E+00
