 1 - depth, m
 2 - temperature, C
 3 - salinity, kg/kg
 4 - turbulent kinetic energy, m**2/s**2
 5 - dissipation rate, m**2/s**3
 6 - kinematic heat conductance, m**2/s
 7 - modulus of horizontal velocity, m/s
 8 - Richardson number, n/d
   -0.000000   30.67896  0.2373E-13  0.6113E-05  0.2786E-06  0.6311E-04  0.7151E-03 -0.1078E+03
   -0.112493   30.73266  0.2373E-13  0.1442E-04  0.1118E-06  0.6277E-03  0.2490E-03  0.2407E+07
   -0.224987   30.73884  0.2373E-13  0.1716E-04  0.8316E-07  0.1235E-02  0.1895E-03  0.2021E+04
   -0.337482   30.74117  0.2373E-13  0.1890E-04  0.7165E-07  0.1589E-02  0.1676E-03  0.8427E+03
   -0.449978   30.74288  0.2373E-13  0.2027E-04  0.6455E-07  0.2010E-02  0.1513E-03  0.5681E+03
   -0.562475   30.74416  0.2373E-13  0.2139E-04  0.5969E-07  0.2395E-02  0.1388E-03  0.4319E+03
   -0.674973   30.74520  0.2373E-13  0.2234E-04  0.5612E-07  0.2761E-02  0.1287E-03  0.3562E+03
   -0.787472   30.74607  0.2373E-13  0.2315E-04  0.5338E-07  0.3105E-02  0.1202E-03  0.3083E+03
   -0.899971   30.74682  0.2373E-13  0.2386E-04  0.5122E-07  0.3428E-02  0.1129E-03  0.2776E+03
   -1.012471   30.74748  0.2373E-13  0.2449E-04  0.4948E-07  0.3729E-02  0.1064E-03  0.2562E+03
   -1.124972   30.74808  0.2373E-13  0.2505E-04  0.4805E-07  0.4010E-02  0.1007E-03  0.2424E+03
   -1.237473   30.74863  0.2373E-13  0.2555E-04  0.4687E-07  0.4270E-02  0.9546E-04  0.2328E+03
   -1.349975   30.74914  0.2373E-13  0.2600E-04  0.4589E-07  0.4510E-02  0.9070E-04  0.2276E+03
   -1.462477   30.74962  0.2373E-13  0.2639E-04  0.4508E-07  0.4728E-02  0.8633E-04  0.2246E+03
   -1.574980   30.75007  0.2373E-13  0.2675E-04  0.4440E-07  0.4927E-02  0.8228E-04  0.2250E+03
   -1.687483   30.75050  0.2373E-13  0.2707E-04  0.4384E-07  0.5105E-02  0.7851E-04  0.2267E+03
   -1.799986   30.75091  0.2373E-13  0.2734E-04  0.4339E-07  0.5262E-02  0.7496E-04  0.2314E+03
   -1.912489   30.75131  0.2373E-13  0.2759E-04  0.4303E-07  0.5398E-02  0.7164E-04  0.2372E+03
   -2.024993   30.75170  0.2373E-13  0.2780E-04  0.4276E-07  0.5512E-02  0.6849E-04  0.2462E+03
   -2.137497   30.75207  0.2373E-13  0.2797E-04  0.4258E-07  0.5605E-02  0.6551E-04  0.2563E+03
   -2.250000   30.75245  0.2373E-13  0.2812E-04  0.4247E-07  0.5676E-02  0.6266E-04  0.2701E+03
   -2.362504   30.75281  0.2373E-13  0.2823E-04  0.4245E-07  0.5723E-02  0.5995E-04  0.2855E+03
   -2.475008   30.75317  0.2373E-13  0.2831E-04  0.4252E-07  0.5747E-02  0.5735E-04  0.3056E+03
   -2.587511   30.75353  0.2373E-13  0.2836E-04  0.4267E-07  0.5746E-02  0.5485E-04  0.3282E+03
   -2.700015   30.75389  0.2373E-13  0.2837E-04  0.4292E-07  0.5718E-02  0.5243E-04  0.3572E+03
   -2.812518   30.75425  0.2373E-13  0.2835E-04  0.4329E-07  0.5663E-02  0.5010E-04  0.3910E+03
   -2.925021   30.75462  0.2373E-13  0.2829E-04  0.4378E-07  0.5578E-02  0.4782E-04  0.4349E+03
   -3.037523   30.75499  0.2373E-13  0.2819E-04  0.4442E-07  0.5462E-02  0.4562E-04  0.4881E+03
   -3.150026   30.75537  0.2373E-13  0.2804E-04  0.4524E-07  0.5313E-02  0.4346E-04  0.5588E+03
   -3.262527   30.75575  0.2373E-13  0.2785E-04  0.4630E-07  0.5127E-02  0.4134E-04  0.6493E+03
   -3.375029   30.75616  0.2373E-13  0.2760E-04  0.4765E-07  0.4900E-02  0.3926E-04  0.7754E+03
   -3.487529   30.75658  0.2373E-13  0.2729E-04  0.4940E-07  0.4630E-02  0.3720E-04  0.9498E+03
   -3.600029   30.75702  0.2373E-13  0.2690E-04  0.5171E-07  0.4311E-02  0.3515E-04  0.1214E+04
   -3.712529   30.75750  0.2373E-13  0.2641E-04  0.5481E-07  0.3938E-02  0.3311E-04  0.1632E+04
   -3.825027   30.75803  0.2373E-13  0.2579E-04  0.5914E-07  0.3500E-02  0.3104E-04  0.2364E+04
   -3.937525   30.75862  0.2373E-13  0.2498E-04  0.6552E-07  0.3031E-02  0.2894E-04  0.3824E+04
   -4.050022   30.75930  0.2373E-13  0.2391E-04  0.7578E-07  0.2353E-02  0.2678E-04  0.7618E+04
   -4.162518   30.76018  0.2373E-13  0.2238E-04  0.9436E-07  0.2105E-02  0.2444E-04  0.1656E+05
   -4.275013   30.76116  0.2373E-13  0.1924E-04  0.1539E-06  0.8228E-03  0.2235E-04 -0.3750E+05
   -4.387508   30.76581  0.2373E-13  0.8612E-05  0.5345E-06  0.1109E-03  0.1814E-04 -0.1752E+07
   -4.500001   30.78414  0.2373E-13  0.0000E+00  0.0000E+00  0.0000E+00  0.1945E-04  0.0000E+00
