 1 - depth, m
 2 - temperature, C
 3 - salinity, kg/kg
 4 - turbulent kinetic energy, m**2/s**2
 5 - dissipation rate, m**2/s**3
 6 - kinematic heat conductance, m**2/s
 7 - modulus of horizontal velocity, m/s
 8 - Richardson number, n/d
   -0.000000   26.51483  0.2105E-13  0.1362E-04  0.4184E-06  0.6090E-04  0.1262E-01 -0.2746E+00
   -0.112493   26.57501  0.2105E-13  0.1824E-04  0.1407E-06  0.7415E-03  0.4523E-02  0.9968E+00
   -0.224987   26.57967  0.2105E-13  0.1975E-04  0.1040E-06  0.1294E-02  0.3612E-02  0.4530E+01
   -0.337482   26.58217  0.2105E-13  0.2083E-04  0.8828E-07  0.1583E-02  0.3238E-02  0.2048E+01
   -0.449978   26.58410  0.2105E-13  0.2179E-04  0.7831E-07  0.1921E-02  0.2949E-02  0.1517E+01
   -0.562475   26.58563  0.2105E-13  0.2265E-04  0.7137E-07  0.2235E-02  0.2721E-02  0.1365E+01
   -0.674973   26.58690  0.2105E-13  0.2347E-04  0.6607E-07  0.2566E-02  0.2525E-02  0.1414E+01
   -0.787472   26.58797  0.2105E-13  0.2424E-04  0.6180E-07  0.2919E-02  0.2346E-02  0.1459E+01
   -0.899971   26.58888  0.2105E-13  0.2497E-04  0.5831E-07  0.3276E-02  0.2183E-02  0.1490E+01
   -1.012471   26.58968  0.2105E-13  0.2565E-04  0.5544E-07  0.3632E-02  0.2034E-02  0.1511E+01
   -1.124972   26.59039  0.2105E-13  0.2627E-04  0.5304E-07  0.3980E-02  0.1897E-02  0.1522E+01
   -1.237473   26.59102  0.2105E-13  0.2684E-04  0.5103E-07  0.4316E-02  0.1771E-02  0.1525E+01
   -1.349975   26.59160  0.2105E-13  0.2735E-04  0.4936E-07  0.4632E-02  0.1654E-02  0.1523E+01
   -1.462477   26.59213  0.2105E-13  0.2780E-04  0.4795E-07  0.4925E-02  0.1547E-02  0.1515E+01
   -1.574980   26.59263  0.2105E-13  0.2819E-04  0.4678E-07  0.5190E-02  0.1449E-02  0.1502E+01
   -1.687483   26.59309  0.2105E-13  0.2852E-04  0.4582E-07  0.5424E-02  0.1358E-02  0.1485E+01
   -1.799986   26.59353  0.2105E-13  0.2879E-04  0.4503E-07  0.5624E-02  0.1274E-02  0.1464E+01
   -1.912489   26.59395  0.2105E-13  0.2901E-04  0.4441E-07  0.5788E-02  0.1197E-02  0.1440E+01
   -2.024993   26.59436  0.2105E-13  0.2917E-04  0.4394E-07  0.5915E-02  0.1126E-02  0.1412E+01
   -2.137497   26.59475  0.2105E-13  0.2929E-04  0.4360E-07  0.6006E-02  0.1061E-02  0.1381E+01
   -2.250000   26.59514  0.2105E-13  0.2935E-04  0.4339E-07  0.6061E-02  0.1001E-02  0.1347E+01
   -2.362504   26.59552  0.2105E-13  0.2938E-04  0.4329E-07  0.6081E-02  0.9464E-03  0.1310E+01
   -2.475008   26.59590  0.2105E-13  0.2936E-04  0.4331E-07  0.6067E-02  0.8961E-03  0.1271E+01
   -2.587511   26.59628  0.2105E-13  0.2930E-04  0.4344E-07  0.6022E-02  0.8502E-03  0.1229E+01
   -2.700015   26.59666  0.2105E-13  0.2921E-04  0.4368E-07  0.5950E-02  0.8081E-03  0.1191E+01
   -2.812518   26.59704  0.2105E-13  0.2909E-04  0.4404E-07  0.5854E-02  0.7696E-03  0.1173E+01
   -2.925021   26.59742  0.2105E-13  0.2893E-04  0.4451E-07  0.5741E-02  0.7342E-03  0.1200E+01
   -3.037523   26.59781  0.2105E-13  0.2874E-04  0.4514E-07  0.5600E-02  0.7010E-03  0.1344E+01
   -3.150026   26.59821  0.2105E-13  0.2850E-04  0.4598E-07  0.5415E-02  0.6686E-03  0.1547E+01
   -3.262527   26.59862  0.2105E-13  0.2821E-04  0.4708E-07  0.5192E-02  0.6367E-03  0.1822E+01
   -3.375029   26.59905  0.2105E-13  0.2785E-04  0.4852E-07  0.4926E-02  0.6051E-03  0.2206E+01
   -3.487529   26.59950  0.2105E-13  0.2742E-04  0.5044E-07  0.4620E-02  0.5737E-03  0.2768E+01
   -3.600029   26.59997  0.2105E-13  0.2691E-04  0.5305E-07  0.4251E-02  0.5424E-03  0.3667E+01
   -3.712529   26.60049  0.2105E-13  0.2628E-04  0.5669E-07  0.3866E-02  0.5108E-03  0.5201E+01
   -3.825027   26.60106  0.2105E-13  0.2548E-04  0.6225E-07  0.3362E-02  0.4788E-03  0.1389E+04
   -3.937525   26.60173  0.2105E-13  0.2441E-04  0.7138E-07  0.2909E-02  0.4447E-03  0.3219E+03
   -4.050022   26.60252  0.2105E-13  0.2287E-04  0.8875E-07  0.2183E-02  0.4099E-03  0.3682E+03
   -4.162518   26.60388  0.2105E-13  0.2062E-04  0.1231E-06  0.1863E-02  0.3648E-03  0.2249E+07
   -4.275013   26.60499  0.2105E-13  0.1685E-04  0.2313E-06  0.7770E-03  0.3282E-03  0.1686E+04
   -4.387508   26.61167  0.2105E-13  0.7750E-05  0.8271E-06  0.1378E-03  0.2563E-03 -0.1641E+05
   -4.500001   26.62799  0.2105E-13  0.0000E+00  0.0000E+00  0.0000E+00  0.2921E-03  0.0000E+00
