 1 - depth, m
 2 - temperature, C
 3 - salinity, kg/kg
 4 - turbulent kinetic energy, m**2/s**2
 5 - dissipation rate, m**2/s**3
 6 - kinematic heat conductance, m**2/s
 7 - modulus of horizontal velocity, m/s
 8 - Richardson number, n/d
   -0.000000   29.76230  0.3363E-13  0.5519E-05  0.2494E-06  0.6646E-04  0.1450E-02 -0.1891E+02
   -0.112493   29.80513  0.3363E-13  0.1263E-04  0.9848E-07  0.5347E-03  0.5254E-03  0.1538E+04
   -0.224987   29.81164  0.3363E-13  0.1526E-04  0.7138E-07  0.1158E-02  0.3896E-03  0.4809E+03
   -0.337483   29.81379  0.3363E-13  0.1687E-04  0.6134E-07  0.1484E-02  0.3424E-03  0.1692E+03
   -0.449979   29.81539  0.3363E-13  0.1812E-04  0.5522E-07  0.1885E-02  0.3076E-03  0.1118E+03
   -0.562476   29.81660  0.3363E-13  0.1915E-04  0.5103E-07  0.2250E-02  0.2812E-03  0.8467E+02
   -0.674974   29.81758  0.3363E-13  0.2001E-04  0.4796E-07  0.2596E-02  0.2598E-03  0.6968E+02
   -0.787472   29.81840  0.3363E-13  0.2074E-04  0.4559E-07  0.2921E-02  0.2419E-03  0.6060E+02
   -0.899972   29.81911  0.3363E-13  0.2138E-04  0.4372E-07  0.3226E-02  0.2264E-03  0.5449E+02
   -1.012472   29.81974  0.3363E-13  0.2194E-04  0.4220E-07  0.3510E-02  0.2128E-03  0.5055E+02
   -1.124973   29.82031  0.3363E-13  0.2243E-04  0.4094E-07  0.3775E-02  0.2008E-03  0.4770E+02
   -1.237474   29.82082  0.3363E-13  0.2286E-04  0.3989E-07  0.4020E-02  0.1899E-03  0.4602E+02
   -1.349976   29.82130  0.3363E-13  0.2325E-04  0.3901E-07  0.4246E-02  0.1800E-03  0.4481E+02
   -1.462478   29.82175  0.3363E-13  0.2358E-04  0.3826E-07  0.4452E-02  0.1708E-03  0.4442E+02
   -1.574981   29.82218  0.3363E-13  0.2388E-04  0.3762E-07  0.4638E-02  0.1624E-03  0.4423E+02
   -1.687484   29.82258  0.3363E-13  0.2414E-04  0.3708E-07  0.4806E-02  0.1546E-03  0.4475E+02
   -1.799987   29.82296  0.3363E-13  0.2437E-04  0.3663E-07  0.4954E-02  0.1473E-03  0.4537E+02
   -1.912490   29.82333  0.3363E-13  0.2456E-04  0.3626E-07  0.5082E-02  0.1404E-03  0.4669E+02
   -2.024994   29.82369  0.3363E-13  0.2472E-04  0.3596E-07  0.5191E-02  0.1340E-03  0.4808E+02
   -2.137498   29.82403  0.3363E-13  0.2485E-04  0.3573E-07  0.5279E-02  0.1278E-03  0.5025E+02
   -2.250002   29.82437  0.3363E-13  0.2495E-04  0.3557E-07  0.5346E-02  0.1220E-03  0.5252E+02
   -2.362505   29.82471  0.3363E-13  0.2502E-04  0.3547E-07  0.5391E-02  0.1164E-03  0.5571E+02
   -2.475009   29.82503  0.3363E-13  0.2506E-04  0.3544E-07  0.5415E-02  0.1111E-03  0.5912E+02
   -2.587513   29.82536  0.3363E-13  0.2507E-04  0.3548E-07  0.5415E-02  0.1060E-03  0.6368E+02
   -2.700016   29.82568  0.3363E-13  0.2506E-04  0.3560E-07  0.5391E-02  0.1011E-03  0.6871E+02
   -2.812520   29.82600  0.3363E-13  0.2501E-04  0.3582E-07  0.5341E-02  0.9639E-04  0.7543E+02
   -2.925023   29.82632  0.3363E-13  0.2493E-04  0.3613E-07  0.5264E-02  0.9181E-04  0.8316E+02
   -3.037525   29.82665  0.3363E-13  0.2481E-04  0.3656E-07  0.5157E-02  0.8735E-04  0.9356E+02
   -3.150027   29.82698  0.3363E-13  0.2466E-04  0.3714E-07  0.5020E-02  0.8301E-04  0.1062E+03
   -3.262529   29.82732  0.3363E-13  0.2447E-04  0.3791E-07  0.4848E-02  0.7877E-04  0.1237E+03
   -3.375031   29.82766  0.3363E-13  0.2422E-04  0.3890E-07  0.4639E-02  0.7461E-04  0.1465E+03
   -3.487531   29.82803  0.3363E-13  0.2393E-04  0.4022E-07  0.4388E-02  0.7051E-04  0.1797E+03
   -3.600031   29.82841  0.3363E-13  0.2356E-04  0.4196E-07  0.4092E-02  0.6645E-04  0.2279E+03
   -3.712531   29.82881  0.3363E-13  0.2311E-04  0.4434E-07  0.3746E-02  0.6240E-04  0.3062E+03
   -3.825029   29.82925  0.3363E-13  0.2256E-04  0.4767E-07  0.3340E-02  0.5834E-04  0.4398E+03
   -3.937527   29.82974  0.3363E-13  0.2185E-04  0.5260E-07  0.2898E-02  0.5422E-04  0.7094E+03
   -4.050024   29.83031  0.3363E-13  0.2092E-04  0.6052E-07  0.2275E-02  0.5002E-04  0.1387E+04
   -4.162521   29.83102  0.3363E-13  0.1960E-04  0.7486E-07  0.2014E-02  0.4550E-04  0.3023E+04
   -4.275016   29.83182  0.3363E-13  0.1694E-04  0.1206E-06  0.8006E-03  0.4146E-04 -0.5655E+04
   -4.387510   29.83545  0.3363E-13  0.7448E-05  0.4216E-06  0.9999E-04  0.3356E-04 -0.3331E+06
   -4.500003   29.85104  0.3363E-13  0.0000E+00  0.0000E+00  0.0000E+00  0.3589E-04  0.0000E+00
