 1 - depth, m
 2 - temperature, C
 3 - salinity, kg/kg
 4 - turbulent kinetic energy, m**2/s**2
 5 - dissipation rate, m**2/s**3
 6 - kinematic heat conductance, m**2/s
 7 - modulus of horizontal velocity, m/s
 8 - Richardson number, n/d
   -0.000000   26.36076  0.1321E-12  0.1323E-04  0.3813E-06  0.6024E-04  0.1313E-01 -0.2223E+00
   -0.112493   26.41025  0.1321E-12  0.1612E-04  0.1229E-06  0.5092E-03  0.4975E-02 -0.8771E+00
   -0.224987   26.41572  0.1321E-12  0.1714E-04  0.8769E-07  0.1187E-02  0.3790E-02  0.6270E+01
   -0.337482   26.41786  0.1321E-12  0.1791E-04  0.7354E-07  0.1424E-02  0.3384E-02  0.2053E+01
   -0.449979   26.41954  0.1321E-12  0.1862E-04  0.6461E-07  0.1720E-02  0.3065E-02  0.1514E+01
   -0.562476   26.42086  0.1321E-12  0.1929E-04  0.5837E-07  0.2004E-02  0.2814E-02  0.1431E+01
   -0.674973   26.42194  0.1321E-12  0.1994E-04  0.5360E-07  0.2312E-02  0.2596E-02  0.1484E+01
   -0.787472   26.42285  0.1321E-12  0.2058E-04  0.4981E-07  0.2636E-02  0.2398E-02  0.1524E+01
   -0.899971   26.42362  0.1321E-12  0.2118E-04  0.4675E-07  0.2965E-02  0.2220E-02  0.1551E+01
   -1.012472   26.42429  0.1321E-12  0.2175E-04  0.4426E-07  0.3297E-02  0.2057E-02  0.1567E+01
   -1.124972   26.42488  0.1321E-12  0.2229E-04  0.4220E-07  0.3623E-02  0.1909E-02  0.1574E+01
   -1.237473   26.42541  0.1321E-12  0.2278E-04  0.4050E-07  0.3940E-02  0.1773E-02  0.1573E+01
   -1.349975   26.42589  0.1321E-12  0.2323E-04  0.3909E-07  0.4241E-02  0.1649E-02  0.1567E+01
   -1.462477   26.42633  0.1321E-12  0.2364E-04  0.3793E-07  0.4522E-02  0.1535E-02  0.1555E+01
   -1.574980   26.42674  0.1321E-12  0.2400E-04  0.3698E-07  0.4779E-02  0.1430E-02  0.1540E+01
   -1.687483   26.42713  0.1321E-12  0.2431E-04  0.3620E-07  0.5007E-02  0.1334E-02  0.1520E+01
   -1.799986   26.42749  0.1321E-12  0.2458E-04  0.3559E-07  0.5205E-02  0.1246E-02  0.1497E+01
   -1.912490   26.42785  0.1321E-12  0.2481E-04  0.3511E-07  0.5371E-02  0.1165E-02  0.1471E+01
   -2.024993   26.42819  0.1321E-12  0.2499E-04  0.3476E-07  0.5502E-02  0.1091E-02  0.1442E+01
   -2.137497   26.42852  0.1321E-12  0.2513E-04  0.3452E-07  0.5600E-02  0.1024E-02  0.1410E+01
   -2.250001   26.42884  0.1321E-12  0.2523E-04  0.3439E-07  0.5664E-02  0.9622E-03  0.1377E+01
   -2.362504   26.42916  0.1321E-12  0.2530E-04  0.3435E-07  0.5696E-02  0.9058E-03  0.1340E+01
   -2.475008   26.42948  0.1321E-12  0.2533E-04  0.3441E-07  0.5697E-02  0.8543E-03  0.1302E+01
   -2.587512   26.42980  0.1321E-12  0.2533E-04  0.3455E-07  0.5668E-02  0.8074E-03  0.1260E+01
   -2.700015   26.43012  0.1321E-12  0.2529E-04  0.3478E-07  0.5612E-02  0.7646E-03  0.1216E+01
   -2.812518   26.43045  0.1321E-12  0.2523E-04  0.3510E-07  0.5533E-02  0.7256E-03  0.1170E+01
   -2.925021   26.43077  0.1321E-12  0.2515E-04  0.3550E-07  0.5443E-02  0.6903E-03  0.1173E+01
   -3.037524   26.43111  0.1321E-12  0.2503E-04  0.3602E-07  0.5327E-02  0.6577E-03  0.1314E+01
   -3.150026   26.43145  0.1321E-12  0.2488E-04  0.3670E-07  0.5172E-02  0.6259E-03  0.1510E+01
   -3.262528   26.43181  0.1321E-12  0.2470E-04  0.3756E-07  0.4983E-02  0.5947E-03  0.1768E+01
   -3.375029   26.43218  0.1321E-12  0.2446E-04  0.3867E-07  0.4757E-02  0.5639E-03  0.2120E+01
   -3.487530   26.43256  0.1321E-12  0.2417E-04  0.4010E-07  0.4489E-02  0.5336E-03  0.2616E+01
   -3.600030   26.43297  0.1321E-12  0.2382E-04  0.4199E-07  0.4176E-02  0.5034E-03  0.3360E+01
   -3.712529   26.43341  0.1321E-12  0.2338E-04  0.4454E-07  0.3814E-02  0.4733E-03  0.4548E+01
   -3.825028   26.43390  0.1321E-12  0.2283E-04  0.4808E-07  0.3391E-02  0.4429E-03  0.6616E+01
   -3.937526   26.43445  0.1321E-12  0.2214E-04  0.5328E-07  0.2935E-02  0.4120E-03  0.1077E+02
   -4.050023   26.43509  0.1321E-12  0.2121E-04  0.6159E-07  0.2294E-02  0.3805E-03  0.2142E+02
   -4.162519   26.43590  0.1321E-12  0.1989E-04  0.7658E-07  0.2031E-02  0.3464E-03  0.4720E+02
   -4.275014   26.43682  0.1321E-12  0.1720E-04  0.1242E-06  0.8040E-03  0.3158E-03 -0.9450E+02
   -4.387508   26.44111  0.1321E-12  0.7617E-05  0.4351E-06  0.1013E-03  0.2558E-03 -0.5460E+04
   -4.500001   26.45976  0.1321E-12  0.0000E+00  0.0000E+00  0.0000E+00  0.2732E-03  0.0000E+00
