 1 - depth, m
 2 - temperature, C
 3 - salinity, kg/kg
 4 - turbulent kinetic energy, m**2/s**2
 5 - dissipation rate, m**2/s**3
 6 - kinematic heat conductance, m**2/s
 7 - modulus of horizontal velocity, m/s
 8 - Richardson number, n/d
   -0.000000   30.42213  0.2355E-13  0.6259E-05  0.2630E-06  0.6409E-04  0.2893E-02 -0.4414E+01
   -0.112493   30.46942  0.2355E-13  0.1367E-04  0.1021E-06  0.6609E-03  0.9473E-03  0.5234E+05
   -0.224987   30.47485  0.2355E-13  0.1611E-04  0.7605E-07  0.1179E-02  0.7388E-03  0.1114E+03
   -0.337482   30.47705  0.2355E-13  0.1770E-04  0.6534E-07  0.1540E-02  0.6502E-03  0.4080E+02
   -0.449979   30.47864  0.2355E-13  0.1896E-04  0.5877E-07  0.1940E-02  0.5857E-03  0.2704E+02
   -0.562476   30.47984  0.2355E-13  0.2000E-04  0.5427E-07  0.2309E-02  0.5364E-03  0.2051E+02
   -0.674974   30.48082  0.2355E-13  0.2088E-04  0.5098E-07  0.2661E-02  0.4963E-03  0.1688E+02
   -0.787472   30.48164  0.2355E-13  0.2163E-04  0.4845E-07  0.2992E-02  0.4625E-03  0.1464E+02
   -0.899972   30.48235  0.2355E-13  0.2229E-04  0.4646E-07  0.3302E-02  0.4334E-03  0.1317E+02
   -1.012472   30.48297  0.2355E-13  0.2288E-04  0.4485E-07  0.3593E-02  0.4079E-03  0.1219E+02
   -1.124972   30.48354  0.2355E-13  0.2339E-04  0.4353E-07  0.3864E-02  0.3851E-03  0.1152E+02
   -1.237474   30.48406  0.2355E-13  0.2385E-04  0.4244E-07  0.4115E-02  0.3645E-03  0.1109E+02
   -1.349975   30.48454  0.2355E-13  0.2427E-04  0.4153E-07  0.4346E-02  0.3458E-03  0.1082E+02
   -1.462478   30.48499  0.2355E-13  0.2463E-04  0.4077E-07  0.4557E-02  0.3286E-03  0.1071E+02
   -1.574980   30.48542  0.2355E-13  0.2496E-04  0.4013E-07  0.4749E-02  0.3127E-03  0.1070E+02
   -1.687483   30.48583  0.2355E-13  0.2525E-04  0.3961E-07  0.4921E-02  0.2978E-03  0.1082E+02
   -1.799987   30.48621  0.2355E-13  0.2550E-04  0.3918E-07  0.5073E-02  0.2840E-03  0.1101E+02
   -1.912490   30.48659  0.2355E-13  0.2572E-04  0.3883E-07  0.5205E-02  0.2710E-03  0.1132E+02
   -2.024994   30.48695  0.2355E-13  0.2591E-04  0.3857E-07  0.5317E-02  0.2587E-03  0.1171E+02
   -2.137497   30.48731  0.2355E-13  0.2607E-04  0.3838E-07  0.5407E-02  0.2470E-03  0.1222E+02
   -2.250001   30.48766  0.2355E-13  0.2620E-04  0.3826E-07  0.5476E-02  0.2360E-03  0.1284E+02
   -2.362505   30.48800  0.2355E-13  0.2630E-04  0.3822E-07  0.5523E-02  0.2254E-03  0.1361E+02
   -2.475009   30.48834  0.2355E-13  0.2637E-04  0.3826E-07  0.5547E-02  0.2153E-03  0.1452E+02
   -2.587512   30.48868  0.2355E-13  0.2640E-04  0.3837E-07  0.5547E-02  0.2056E-03  0.1563E+02
   -2.700016   30.48901  0.2355E-13  0.2641E-04  0.3858E-07  0.5521E-02  0.1963E-03  0.1696E+02
   -2.812519   30.48935  0.2355E-13  0.2638E-04  0.3888E-07  0.5470E-02  0.1873E-03  0.1861E+02
   -2.925022   30.48969  0.2355E-13  0.2632E-04  0.3929E-07  0.5390E-02  0.1785E-03  0.2063E+02
   -3.037525   30.49003  0.2355E-13  0.2623E-04  0.3984E-07  0.5280E-02  0.1700E-03  0.2321E+02
   -3.150027   30.49039  0.2355E-13  0.2609E-04  0.4055E-07  0.5137E-02  0.1617E-03  0.2649E+02
   -3.262529   30.49075  0.2355E-13  0.2591E-04  0.4147E-07  0.4959E-02  0.1536E-03  0.3085E+02
   -3.375030   30.49112  0.2355E-13  0.2567E-04  0.4265E-07  0.4743E-02  0.1456E-03  0.3673E+02
   -3.487531   30.49151  0.2355E-13  0.2538E-04  0.4418E-07  0.4485E-02  0.1377E-03  0.4508E+02
   -3.600031   30.49192  0.2355E-13  0.2501E-04  0.4619E-07  0.4179E-02  0.1299E-03  0.5748E+02
   -3.712530   30.49236  0.2355E-13  0.2455E-04  0.4891E-07  0.3822E-02  0.1222E-03  0.7733E+02
   -3.825029   30.49284  0.2355E-13  0.2398E-04  0.5271E-07  0.3403E-02  0.1143E-03  0.1117E+03
   -3.937527   30.49339  0.2355E-13  0.2324E-04  0.5830E-07  0.2949E-02  0.1064E-03  0.1806E+03
   -4.050024   30.49401  0.2355E-13  0.2225E-04  0.6727E-07  0.2305E-02  0.9825E-04  0.3568E+03
   -4.162520   30.49481  0.2355E-13  0.2085E-04  0.8348E-07  0.2049E-02  0.8948E-04  0.7792E+03
   -4.275015   30.49570  0.2355E-13  0.1799E-04  0.1352E-06  0.8104E-03  0.8164E-04 -0.1594E+04
   -4.387509   30.49984  0.2355E-13  0.7985E-05  0.4711E-06  0.1047E-03  0.6618E-04 -0.8491E+05
   -4.500002   30.51704  0.2355E-13  0.0000E+00  0.0000E+00  0.0000E+00  0.7078E-04  0.0000E+00
