 1 - depth, m
 2 - temperature, C
 3 - salinity, kg/kg
 4 - turbulent kinetic energy, m**2/s**2
 5 - dissipation rate, m**2/s**3
 6 - kinematic heat conductance, m**2/s
 7 - modulus of horizontal velocity, m/s
 8 - Richardson number, n/d
   -0.000000   26.28932  0.9869E-13  0.1286E-04  0.3762E-06  0.5993E-04  0.1223E-01 -0.2644E+00
   -0.112493   26.34387  0.9870E-13  0.1689E-04  0.1257E-06  0.6516E-03  0.4415E-02 -0.3503E+00
   -0.224987   26.34856  0.9870E-13  0.1822E-04  0.9225E-07  0.1253E-02  0.3470E-02  0.5175E+01
   -0.337482   26.35083  0.9870E-13  0.1917E-04  0.7811E-07  0.1523E-02  0.3104E-02  0.2137E+01
   -0.449978   26.35260  0.9870E-13  0.2001E-04  0.6912E-07  0.1848E-02  0.2819E-02  0.1562E+01
   -0.562476   26.35398  0.9870E-13  0.2078E-04  0.6290E-07  0.2148E-02  0.2595E-02  0.1352E+01
   -0.674973   26.35513  0.9870E-13  0.2150E-04  0.5819E-07  0.2459E-02  0.2405E-02  0.1395E+01
   -0.787472   26.35610  0.9870E-13  0.2219E-04  0.5440E-07  0.2793E-02  0.2232E-02  0.1438E+01
   -0.899971   26.35693  0.9870E-13  0.2285E-04  0.5132E-07  0.3131E-02  0.2075E-02  0.1468E+01
   -1.012471   26.35766  0.9870E-13  0.2347E-04  0.4878E-07  0.3468E-02  0.1932E-02  0.1488E+01
   -1.124972   26.35830  0.9870E-13  0.2404E-04  0.4667E-07  0.3800E-02  0.1800E-02  0.1499E+01
   -1.237473   26.35888  0.9870E-13  0.2457E-04  0.4491E-07  0.4120E-02  0.1679E-02  0.1504E+01
   -1.349975   26.35941  0.9870E-13  0.2504E-04  0.4345E-07  0.4423E-02  0.1567E-02  0.1502E+01
   -1.462477   26.35989  0.9870E-13  0.2547E-04  0.4223E-07  0.4705E-02  0.1465E-02  0.1495E+01
   -1.574980   26.36034  0.9870E-13  0.2585E-04  0.4123E-07  0.4962E-02  0.1370E-02  0.1484E+01
   -1.687483   26.36077  0.9870E-13  0.2618E-04  0.4040E-07  0.5191E-02  0.1284E-02  0.1468E+01
   -1.799986   26.36117  0.9870E-13  0.2645E-04  0.3974E-07  0.5389E-02  0.1204E-02  0.1449E+01
   -1.912489   26.36156  0.9870E-13  0.2668E-04  0.3922E-07  0.5554E-02  0.1130E-02  0.1427E+01
   -2.024993   26.36193  0.9870E-13  0.2687E-04  0.3883E-07  0.5686E-02  0.1063E-02  0.1402E+01
   -2.137497   26.36229  0.9870E-13  0.2701E-04  0.3856E-07  0.5784E-02  0.1001E-02  0.1373E+01
   -2.250000   26.36265  0.9870E-13  0.2711E-04  0.3839E-07  0.5848E-02  0.9439E-03  0.1342E+01
   -2.362504   26.36300  0.9870E-13  0.2717E-04  0.3833E-07  0.5880E-02  0.8917E-03  0.1308E+01
   -2.475008   26.36335  0.9870E-13  0.2719E-04  0.3837E-07  0.5881E-02  0.8439E-03  0.1272E+01
   -2.587512   26.36370  0.9870E-13  0.2718E-04  0.3850E-07  0.5853E-02  0.8002E-03  0.1232E+01
   -2.700015   26.36405  0.9870E-13  0.2714E-04  0.3872E-07  0.5796E-02  0.7602E-03  0.1190E+01
   -2.812518   26.36440  0.9870E-13  0.2707E-04  0.3903E-07  0.5723E-02  0.7236E-03  0.1147E+01
   -2.925021   26.36475  0.9870E-13  0.2697E-04  0.3945E-07  0.5631E-02  0.6904E-03  0.1224E+01
   -3.037524   26.36511  0.9870E-13  0.2683E-04  0.4001E-07  0.5505E-02  0.6586E-03  0.1375E+01
   -3.150026   26.36548  0.9870E-13  0.2666E-04  0.4073E-07  0.5344E-02  0.6275E-03  0.1575E+01
   -3.262528   26.36586  0.9870E-13  0.2644E-04  0.4166E-07  0.5147E-02  0.5969E-03  0.1837E+01
   -3.375029   26.36626  0.9870E-13  0.2618E-04  0.4287E-07  0.4911E-02  0.5668E-03  0.2195E+01
   -3.487530   26.36667  0.9870E-13  0.2586E-04  0.4443E-07  0.4632E-02  0.5371E-03  0.2700E+01
   -3.600030   26.36711  0.9870E-13  0.2546E-04  0.4651E-07  0.4305E-02  0.5074E-03  0.3455E+01
   -3.712529   26.36758  0.9870E-13  0.2497E-04  0.4931E-07  0.3927E-02  0.4778E-03  0.4663E+01
   -3.825028   26.36809  0.9870E-13  0.2437E-04  0.5323E-07  0.3485E-02  0.4479E-03  0.6769E+01
   -3.937525   26.36867  0.9870E-13  0.2360E-04  0.5902E-07  0.3015E-02  0.4173E-03  0.1100E+02
   -4.050022   26.36935  0.9870E-13  0.2258E-04  0.6833E-07  0.2338E-02  0.3861E-03  0.2193E+02
   -4.162519   26.37022  0.9870E-13  0.2113E-04  0.8523E-07  0.2084E-02  0.3520E-03  0.4768E+02
   -4.275014   26.37118  0.9870E-13  0.1818E-04  0.1394E-06  0.8100E-03  0.3217E-03 -0.9994E+02
   -4.387508   26.37580  0.9870E-13  0.8081E-05  0.4856E-06  0.1075E-03  0.2605E-03 -0.5075E+04
   -4.500001   26.39433  0.9870E-13  0.0000E+00  0.0000E+00  0.0000E+00  0.2790E-03  0.0000E+00
