 1 - depth, m
 2 - temperature, C
 3 - salinity, kg/kg
 4 - turbulent kinetic energy, m**2/s**2
 5 - dissipation rate, m**2/s**3
 6 - kinematic heat conductance, m**2/s
 7 - modulus of horizontal velocity, m/s
 8 - Richardson number, n/d
   -0.000000   30.32235  0.1727E-13  0.5638E-05  0.2018E-06  0.4103E-04  0.1462E-03 -0.6460E+04
   -0.112493   30.39224  0.1727E-13  0.1430E-04  0.8354E-07  0.8823E-03  0.3244E-04  0.2452E+08
   -0.224987   30.39529  0.1727E-13  0.1621E-04  0.6809E-07  0.1268E-02  0.2759E-04  0.1153E+06
   -0.337482   30.39722  0.1727E-13  0.1763E-04  0.5971E-07  0.1672E-02  0.2446E-04  0.6334E+05
   -0.449978   30.39861  0.1727E-13  0.1877E-04  0.5431E-07  0.2050E-02  0.2218E-04  0.4464E+05
   -0.562475   30.39969  0.1727E-13  0.1972E-04  0.5051E-07  0.2412E-02  0.2038E-04  0.3462E+05
   -0.674973   30.40057  0.1727E-13  0.2052E-04  0.4766E-07  0.2753E-02  0.1891E-04  0.2926E+05
   -0.787472   30.40131  0.1727E-13  0.2122E-04  0.4546E-07  0.3074E-02  0.1766E-04  0.2530E+05
   -0.899971   30.40197  0.1727E-13  0.2184E-04  0.4370E-07  0.3376E-02  0.1657E-04  0.2317E+05
   -1.012471   30.40255  0.1727E-13  0.2239E-04  0.4228E-07  0.3658E-02  0.1561E-04  0.2117E+05
   -1.124972   30.40307  0.1727E-13  0.2287E-04  0.4111E-07  0.3921E-02  0.1475E-04  0.2031E+05
   -1.237473   30.40356  0.1727E-13  0.2331E-04  0.4014E-07  0.4164E-02  0.1397E-04  0.1921E+05
   -1.349975   30.40401  0.1727E-13  0.2370E-04  0.3934E-07  0.4388E-02  0.1326E-04  0.1900E+05
   -1.462477   30.40443  0.1727E-13  0.2405E-04  0.3866E-07  0.4592E-02  0.1261E-04  0.1842E+05
   -1.574980   30.40483  0.1727E-13  0.2437E-04  0.3811E-07  0.4778E-02  0.1200E-04  0.1863E+05
   -1.687482   30.40522  0.1727E-13  0.2465E-04  0.3765E-07  0.4944E-02  0.1143E-04  0.1841E+05
   -1.799986   30.40558  0.1727E-13  0.2490E-04  0.3728E-07  0.5090E-02  0.1090E-04  0.1894E+05
   -1.912489   30.40594  0.1727E-13  0.2511E-04  0.3699E-07  0.5217E-02  0.1041E-04  0.1903E+05
   -2.024993   30.40629  0.1727E-13  0.2530E-04  0.3678E-07  0.5324E-02  0.9936E-05  0.1987E+05
   -2.137496   30.40663  0.1727E-13  0.2546E-04  0.3663E-07  0.5410E-02  0.9490E-05  0.2027E+05
   -2.250000   30.40696  0.1727E-13  0.2559E-04  0.3656E-07  0.5474E-02  0.9065E-05  0.2147E+05
   -2.362504   30.40729  0.1727E-13  0.2569E-04  0.3655E-07  0.5517E-02  0.8660E-05  0.2222E+05
   -2.475007   30.40761  0.1727E-13  0.2576E-04  0.3662E-07  0.5538E-02  0.8271E-05  0.2388E+05
   -2.587511   30.40794  0.1727E-13  0.2581E-04  0.3677E-07  0.5534E-02  0.7898E-05  0.2511E+05
   -2.700014   30.40826  0.1727E-13  0.2582E-04  0.3700E-07  0.5506E-02  0.7538E-05  0.2741E+05
   -2.812518   30.40859  0.1727E-13  0.2580E-04  0.3733E-07  0.5452E-02  0.7191E-05  0.2939E+05
   -2.925021   30.40892  0.1727E-13  0.2575E-04  0.3776E-07  0.5370E-02  0.6854E-05  0.3275E+05
   -3.037523   30.40926  0.1727E-13  0.2567E-04  0.3833E-07  0.5258E-02  0.6526E-05  0.3601E+05
   -3.150025   30.40960  0.1727E-13  0.2554E-04  0.3905E-07  0.5114E-02  0.6206E-05  0.4127E+05
   -3.262527   30.40995  0.1727E-13  0.2537E-04  0.3998E-07  0.4936E-02  0.5893E-05  0.4704E+05
   -3.375028   30.41032  0.1727E-13  0.2515E-04  0.4115E-07  0.4720E-02  0.5584E-05  0.5619E+05
   -3.487529   30.41070  0.1727E-13  0.2487E-04  0.4267E-07  0.4461E-02  0.5281E-05  0.6760E+05
   -3.600029   30.41110  0.1727E-13  0.2452E-04  0.4466E-07  0.4157E-02  0.4980E-05  0.8634E+05
   -3.712528   30.41154  0.1727E-13  0.2409E-04  0.4733E-07  0.3801E-02  0.4679E-05  0.1141E+06
   -3.825027   30.41201  0.1727E-13  0.2353E-04  0.5105E-07  0.3385E-02  0.4377E-05  0.1648E+06
   -3.937525   30.41255  0.1727E-13  0.2282E-04  0.5651E-07  0.2934E-02  0.4070E-05  0.2628E+06
   -4.050022   30.41317  0.1727E-13  0.2187E-04  0.6522E-07  0.2297E-02  0.3756E-05  0.5191E+06
   -4.162518   30.41396  0.1727E-13  0.2051E-04  0.8091E-07  0.2038E-02  0.3419E-05  0.1107E+07
   -4.275013   30.41484  0.1727E-13  0.1773E-04  0.1307E-06  0.8128E-03  0.3116E-05 -0.2245E+07
   -4.387507   30.41889  0.1727E-13  0.7865E-05  0.4568E-06  0.1026E-03  0.2531E-05 -0.1113E+09
   -4.500000   30.43639  0.1727E-13  0.0000E+00  0.0000E+00  0.0000E+00  0.2702E-05  0.0000E+00
