 1 - depth, m
 2 - temperature, C
 3 - salinity, kg/kg
 4 - turbulent kinetic energy, m**2/s**2
 5 - dissipation rate, m**2/s**3
 6 - kinematic heat conductance, m**2/s
 7 - modulus of horizontal velocity, m/s
 8 - Richardson number, n/d
   -0.000000   29.21967  0.1910E-13  0.9226E-05  0.2922E-06  0.5646E-04  0.6172E-02 -0.1112E+01
   -0.112493   29.28492  0.1910E-13  0.1747E-04  0.1179E-06  0.9278E-03  0.1799E-02  0.1236E+03
   -0.224987   29.28864  0.1910E-13  0.1954E-04  0.9451E-07  0.1313E-02  0.1540E-02  0.1435E+02
   -0.337482   29.29112  0.1910E-13  0.2113E-04  0.8185E-07  0.1741E-02  0.1368E-02  0.8267E+01
   -0.449979   29.29291  0.1910E-13  0.2241E-04  0.7377E-07  0.2140E-02  0.1243E-02  0.5780E+01
   -0.562476   29.29430  0.1910E-13  0.2349E-04  0.6811E-07  0.2523E-02  0.1144E-02  0.4513E+01
   -0.674973   29.29543  0.1910E-13  0.2440E-04  0.6390E-07  0.2886E-02  0.1063E-02  0.3766E+01
   -0.787472   29.29640  0.1910E-13  0.2520E-04  0.6064E-07  0.3229E-02  0.9945E-03  0.3291E+01
   -0.899971   29.29724  0.1910E-13  0.2589E-04  0.5804E-07  0.3552E-02  0.9349E-03  0.2973E+01
   -1.012471   29.29799  0.1910E-13  0.2650E-04  0.5592E-07  0.3855E-02  0.8822E-03  0.2756E+01
   -1.124972   29.29866  0.1910E-13  0.2704E-04  0.5417E-07  0.4137E-02  0.8350E-03  0.2606E+01
   -1.237473   29.29928  0.1910E-13  0.2752E-04  0.5270E-07  0.4398E-02  0.7923E-03  0.2507E+01
   -1.349975   29.29986  0.1910E-13  0.2795E-04  0.5146E-07  0.4639E-02  0.7533E-03  0.2444E+01
   -1.462477   29.30039  0.1910E-13  0.2832E-04  0.5041E-07  0.4859E-02  0.7173E-03  0.2412E+01
   -1.574980   29.30090  0.1910E-13  0.2865E-04  0.4951E-07  0.5059E-02  0.6840E-03  0.2405E+01
   -1.687483   29.30138  0.1910E-13  0.2893E-04  0.4875E-07  0.5238E-02  0.6529E-03  0.2421E+01
   -1.799986   29.30184  0.1910E-13  0.2918E-04  0.4811E-07  0.5396E-02  0.6237E-03  0.2457E+01
   -1.912489   29.30229  0.1910E-13  0.2939E-04  0.4758E-07  0.5533E-02  0.5963E-03  0.2515E+01
   -2.024993   29.30272  0.1910E-13  0.2956E-04  0.4715E-07  0.5649E-02  0.5703E-03  0.2592E+01
   -2.137497   29.30313  0.1910E-13  0.2970E-04  0.4681E-07  0.5742E-02  0.5457E-03  0.2694E+01
   -2.250001   29.30354  0.1910E-13  0.2980E-04  0.4657E-07  0.5813E-02  0.5223E-03  0.2819E+01
   -2.362504   29.30394  0.1910E-13  0.2987E-04  0.4641E-07  0.5860E-02  0.4998E-03  0.2972E+01
   -2.475008   29.30434  0.1910E-13  0.2991E-04  0.4635E-07  0.5883E-02  0.4784E-03  0.3157E+01
   -2.587512   29.30473  0.1910E-13  0.2991E-04  0.4638E-07  0.5881E-02  0.4577E-03  0.3381E+01
   -2.700015   29.30512  0.1910E-13  0.2988E-04  0.4653E-07  0.5851E-02  0.4378E-03  0.3651E+01
   -2.812518   29.30550  0.1910E-13  0.2981E-04  0.4679E-07  0.5794E-02  0.4185E-03  0.3985E+01
   -2.925021   29.30589  0.1910E-13  0.2970E-04  0.4718E-07  0.5707E-02  0.3997E-03  0.4396E+01
   -3.037524   29.30629  0.1910E-13  0.2955E-04  0.4774E-07  0.5588E-02  0.3815E-03  0.4918E+01
   -3.150026   29.30669  0.1910E-13  0.2936E-04  0.4849E-07  0.5434E-02  0.3636E-03  0.5586E+01
   -3.262528   29.30710  0.1910E-13  0.2911E-04  0.4949E-07  0.5243E-02  0.3461E-03  0.6469E+01
   -3.375029   29.30752  0.1910E-13  0.2881E-04  0.5080E-07  0.5010E-02  0.3289E-03  0.7667E+01
   -3.487530   29.30796  0.1910E-13  0.2844E-04  0.5253E-07  0.4732E-02  0.3119E-03  0.9360E+01
   -3.600030   29.30842  0.1910E-13  0.2799E-04  0.5485E-07  0.4404E-02  0.2950E-03  0.1189E+02
   -3.712529   29.30892  0.1910E-13  0.2743E-04  0.5802E-07  0.4021E-02  0.2780E-03  0.1592E+02
   -3.825028   29.30946  0.1910E-13  0.2675E-04  0.6249E-07  0.3568E-02  0.2609E-03  0.2294E+02
   -3.937526   29.31006  0.1910E-13  0.2587E-04  0.6915E-07  0.3093E-02  0.2435E-03  0.3699E+02
   -4.050023   29.31076  0.1910E-13  0.2471E-04  0.7997E-07  0.2388E-02  0.2256E-03  0.7365E+02
   -4.162519   29.31166  0.1910E-13  0.2307E-04  0.9978E-07  0.2144E-02  0.2061E-03  0.1589E+03
   -4.275014   29.31264  0.1910E-13  0.1974E-04  0.1637E-06  0.8286E-03  0.1887E-03 -0.3444E+03
   -4.387508   29.31743  0.1910E-13  0.8829E-05  0.5663E-06  0.1150E-03  0.1531E-03 -0.1687E+05
   -4.500001   29.33518  0.1910E-13  0.0000E+00  0.0000E+00  0.0000E+00  0.1643E-03  0.0000E+00
