 1 - depth, m
 2 - temperature, C
 3 - salinity, kg/kg
 4 - turbulent kinetic energy, m**2/s**2
 5 - dissipation rate, m**2/s**3
 6 - kinematic heat conductance, m**2/s
 7 - modulus of horizontal velocity, m/s
 8 - Richardson number, n/d
   -0.000000   27.14739  0.5094E-13  0.9295E-05  0.2596E-06  0.5497E-04  0.8202E-02 -0.5150E+00
   -0.112493   27.20078  0.5094E-13  0.1466E-04  0.9684E-07  0.8125E-03  0.2555E-02  0.2622E+04
   -0.224987   27.20412  0.5094E-13  0.1621E-04  0.7478E-07  0.1180E-02  0.2111E-02  0.9276E+01
   -0.337482   27.20626  0.5094E-13  0.1736E-04  0.6386E-07  0.1530E-02  0.1864E-02  0.4656E+01
   -0.449979   27.20781  0.5094E-13  0.1833E-04  0.5695E-07  0.1882E-02  0.1681E-02  0.3186E+01
   -0.562476   27.20901  0.5094E-13  0.1916E-04  0.5216E-07  0.2219E-02  0.1538E-02  0.2447E+01
   -0.674974   27.20998  0.5094E-13  0.1988E-04  0.4865E-07  0.2543E-02  0.1422E-02  0.2022E+01
   -0.787472   27.21081  0.5094E-13  0.2051E-04  0.4596E-07  0.2852E-02  0.1323E-02  0.1755E+01
   -0.899972   27.21152  0.5094E-13  0.2108E-04  0.4386E-07  0.3144E-02  0.1238E-02  0.1581E+01
   -1.012472   27.21215  0.5094E-13  0.2159E-04  0.4218E-07  0.3420E-02  0.1163E-02  0.1464E+01
   -1.124972   27.21273  0.5094E-13  0.2206E-04  0.4081E-07  0.3678E-02  0.1096E-02  0.1389E+01
   -1.237474   27.21326  0.5094E-13  0.2247E-04  0.3969E-07  0.3918E-02  0.1036E-02  0.1346E+01
   -1.349975   27.21375  0.5094E-13  0.2285E-04  0.3876E-07  0.4143E-02  0.9810E-03  0.1329E+01
   -1.462478   27.21421  0.5094E-13  0.2320E-04  0.3799E-07  0.4351E-02  0.9304E-03  0.1323E+01
   -1.574980   27.21464  0.5094E-13  0.2351E-04  0.3736E-07  0.4542E-02  0.8836E-03  0.1327E+01
   -1.687483   27.21506  0.5094E-13  0.2380E-04  0.3684E-07  0.4712E-02  0.8402E-03  0.1337E+01
   -1.799986   27.21546  0.5094E-13  0.2405E-04  0.3643E-07  0.4863E-02  0.7998E-03  0.1361E+01
   -1.912490   27.21584  0.5094E-13  0.2427E-04  0.3611E-07  0.4994E-02  0.7620E-03  0.1398E+01
   -2.024994   27.21622  0.5094E-13  0.2447E-04  0.3588E-07  0.5105E-02  0.7264E-03  0.1451E+01
   -2.137497   27.21659  0.5094E-13  0.2464E-04  0.3572E-07  0.5196E-02  0.6929E-03  0.1519E+01
   -2.250001   27.21696  0.5094E-13  0.2478E-04  0.3564E-07  0.5267E-02  0.6610E-03  0.1606E+01
   -2.362505   27.21732  0.5094E-13  0.2490E-04  0.3563E-07  0.5316E-02  0.6307E-03  0.1709E+01
   -2.475009   27.21767  0.5094E-13  0.2498E-04  0.3570E-07  0.5343E-02  0.6017E-03  0.1836E+01
   -2.587512   27.21803  0.5094E-13  0.2505E-04  0.3585E-07  0.5347E-02  0.5739E-03  0.1985E+01
   -2.700016   27.21839  0.5094E-13  0.2508E-04  0.3608E-07  0.5326E-02  0.5472E-03  0.2170E+01
   -2.812519   27.21875  0.5094E-13  0.2508E-04  0.3641E-07  0.5280E-02  0.5214E-03  0.2391E+01
   -2.925022   27.21911  0.5094E-13  0.2505E-04  0.3685E-07  0.5206E-02  0.4964E-03  0.2671E+01
   -3.037524   27.21949  0.5094E-13  0.2498E-04  0.3741E-07  0.5103E-02  0.4722E-03  0.3018E+01
   -3.150027   27.21987  0.5094E-13  0.2488E-04  0.3814E-07  0.4969E-02  0.4486E-03  0.3469E+01
   -3.262528   27.22026  0.5094E-13  0.2474E-04  0.3905E-07  0.4801E-02  0.4255E-03  0.4059E+01
   -3.375030   27.22067  0.5094E-13  0.2454E-04  0.4022E-07  0.4596E-02  0.4029E-03  0.4868E+01
   -3.487530   27.22110  0.5094E-13  0.2429E-04  0.4172E-07  0.4349E-02  0.3806E-03  0.6001E+01
   -3.600031   27.22155  0.5094E-13  0.2397E-04  0.4367E-07  0.4057E-02  0.3586E-03  0.7702E+01
   -3.712530   27.22204  0.5094E-13  0.2356E-04  0.4629E-07  0.3715E-02  0.3366E-03  0.1040E+02
   -3.825029   27.22258  0.5094E-13  0.2304E-04  0.4992E-07  0.3313E-02  0.3145E-03  0.1511E+02
   -3.937526   27.22318  0.5094E-13  0.2236E-04  0.5523E-07  0.2874E-02  0.2922E-03  0.2453E+02
   -4.050024   27.22389  0.5094E-13  0.2144E-04  0.6367E-07  0.2261E-02  0.2694E-03  0.4851E+02
   -4.162520   27.22478  0.5094E-13  0.2013E-04  0.7881E-07  0.1999E-02  0.2450E-03  0.1082E+03
   -4.275015   27.22580  0.5094E-13  0.1744E-04  0.1267E-06  0.8058E-03  0.2230E-03 -0.2106E+03
   -4.387509   27.23033  0.5094E-13  0.7748E-05  0.4420E-06  0.1005E-03  0.1809E-03 -0.1282E+05
   -4.500002   27.25058  0.5094E-13  0.0000E+00  0.0000E+00  0.0000E+00  0.1929E-03  0.0000E+00
