 1 - depth, m
 2 - temperature, C
 3 - salinity, kg/kg
 4 - turbulent kinetic energy, m**2/s**2
 5 - dissipation rate, m**2/s**3
 6 - kinematic heat conductance, m**2/s
 7 - modulus of horizontal velocity, m/s
 8 - Richardson number, n/d
   -0.000000   29.45167  0.1406E-12  0.5197E-05  0.1898E-06  0.5397E-04  0.9595E-03 -0.4123E+02
   -0.112493   29.50147  0.1406E-12  0.1224E-04  0.7849E-07  0.6764E-03  0.2863E-03  0.1532E+08
   -0.224987   29.50571  0.1406E-12  0.1420E-04  0.6083E-07  0.1134E-02  0.2255E-03  0.1161E+04
   -0.337483   29.50773  0.1406E-12  0.1550E-04  0.5268E-07  0.1468E-02  0.1982E-03  0.5116E+03
   -0.449979   29.50919  0.1406E-12  0.1651E-04  0.4752E-07  0.1821E-02  0.1781E-03  0.3476E+03
   -0.562476   29.51031  0.1406E-12  0.1733E-04  0.4389E-07  0.2151E-02  0.1627E-03  0.2680E+03
   -0.674974   29.51122  0.1406E-12  0.1802E-04  0.4117E-07  0.2462E-02  0.1501E-03  0.2224E+03
   -0.787472   29.51198  0.1406E-12  0.1860E-04  0.3905E-07  0.2754E-02  0.1394E-03  0.1942E+03
   -0.899972   29.51264  0.1406E-12  0.1910E-04  0.3733E-07  0.3028E-02  0.1303E-03  0.1753E+03
   -1.012472   29.51322  0.1406E-12  0.1953E-04  0.3593E-07  0.3283E-02  0.1222E-03  0.1628E+03
   -1.124973   29.51374  0.1406E-12  0.1991E-04  0.3475E-07  0.3520E-02  0.1150E-03  0.1541E+03
   -1.237474   29.51421  0.1406E-12  0.2024E-04  0.3375E-07  0.3739E-02  0.1085E-03  0.1488E+03
   -1.349976   29.51465  0.1406E-12  0.2053E-04  0.3290E-07  0.3941E-02  0.1026E-03  0.1453E+03
   -1.462478   29.51506  0.1406E-12  0.2077E-04  0.3217E-07  0.4124E-02  0.9720E-04  0.1442E+03
   -1.574981   29.51544  0.1406E-12  0.2099E-04  0.3153E-07  0.4291E-02  0.9220E-04  0.1441E+03
   -1.687484   29.51581  0.1406E-12  0.2117E-04  0.3099E-07  0.4439E-02  0.8754E-04  0.1459E+03
   -1.799987   29.51615  0.1406E-12  0.2132E-04  0.3052E-07  0.4569E-02  0.8320E-04  0.1485E+03
   -1.912490   29.51648  0.1406E-12  0.2144E-04  0.3013E-07  0.4682E-02  0.7913E-04  0.1531E+03
   -2.024994   29.51680  0.1406E-12  0.2154E-04  0.2979E-07  0.4776E-02  0.7529E-04  0.1584E+03
   -2.137498   29.51711  0.1406E-12  0.2161E-04  0.2952E-07  0.4851E-02  0.7166E-04  0.1659E+03
   -2.250002   29.51741  0.1406E-12  0.2165E-04  0.2930E-07  0.4907E-02  0.6822E-04  0.1745E+03
   -2.362506   29.51771  0.1406E-12  0.2168E-04  0.2915E-07  0.4942E-02  0.6494E-04  0.1856E+03
   -2.475009   29.51799  0.1406E-12  0.2167E-04  0.2905E-07  0.4957E-02  0.6182E-04  0.1984E+03
   -2.587513   29.51828  0.1406E-12  0.2164E-04  0.2902E-07  0.4951E-02  0.5882E-04  0.2146E+03
   -2.700016   29.51856  0.1406E-12  0.2158E-04  0.2905E-07  0.4921E-02  0.5594E-04  0.2336E+03
   -2.812520   29.51884  0.1406E-12  0.2150E-04  0.2917E-07  0.4868E-02  0.5317E-04  0.2580E+03
   -2.925023   29.51913  0.1406E-12  0.2139E-04  0.2937E-07  0.4788E-02  0.5049E-04  0.2876E+03
   -3.037525   29.51941  0.1406E-12  0.2124E-04  0.2967E-07  0.4681E-02  0.4789E-04  0.3265E+03
   -3.150028   29.51970  0.1406E-12  0.2107E-04  0.3010E-07  0.4545E-02  0.4536E-04  0.3761E+03
   -3.262529   29.51999  0.1406E-12  0.2085E-04  0.3069E-07  0.4376E-02  0.4289E-04  0.4443E+03
   -3.375031   29.52030  0.1406E-12  0.2059E-04  0.3149E-07  0.4172E-02  0.4047E-04  0.5376E+03
   -3.487531   29.52061  0.1406E-12  0.2028E-04  0.3257E-07  0.3930E-02  0.3809E-04  0.6754E+03
   -3.600032   29.52094  0.1406E-12  0.1991E-04  0.3405E-07  0.3642E-02  0.3574E-04  0.8880E+03
   -3.712531   29.52130  0.1406E-12  0.1946E-04  0.3613E-07  0.3320E-02  0.3340E-04  0.1249E+04
   -3.825030   29.52168  0.1406E-12  0.1889E-04  0.3917E-07  0.2923E-02  0.3105E-04  0.1954E+04
   -3.937528   29.52212  0.1406E-12  0.1817E-04  0.4399E-07  0.2548E-02  0.2864E-04  0.2113E+05
   -4.050025   29.52263  0.1406E-12  0.1713E-04  0.5367E-07  0.1954E-02  0.2620E-04  0.1899E+06
   -4.162521   29.52347  0.1406E-12  0.1541E-04  0.7447E-07  0.1537E-02  0.2310E-04  0.2402E+07
   -4.275016   29.52440  0.1406E-12  0.1235E-04  0.1351E-06  0.7621E-03  0.2018E-04  0.7849E+06
   -4.387510   29.52859  0.1406E-12  0.5495E-05  0.4969E-06  0.1074E-03  0.1540E-04 -0.5484E+07
   -4.500003   29.54193  0.1406E-12  0.0000E+00  0.0000E+00  0.0000E+00  0.1785E-04  0.0000E+00
