 1 - depth, m
 2 - temperature, C
 3 - salinity, kg/kg
 4 - turbulent kinetic energy, m**2/s**2
 5 - dissipation rate, m**2/s**3
 6 - kinematic heat conductance, m**2/s
 7 - modulus of horizontal velocity, m/s
 8 - Richardson number, n/d
   -0.000000   26.55226  0.4553E-13  0.9317E-05  0.2706E-06  0.5490E-04  0.8227E-02 -0.5093E+00
   -0.112493   26.60705  0.4553E-13  0.1485E-04  0.9943E-07  0.8021E-03  0.2543E-02  0.5488E+04
   -0.224987   26.61058  0.4553E-13  0.1650E-04  0.7655E-07  0.1195E-02  0.2094E-02  0.9528E+01
   -0.337482   26.61280  0.4553E-13  0.1770E-04  0.6551E-07  0.1547E-02  0.1850E-02  0.4757E+01
   -0.449979   26.61442  0.4553E-13  0.1871E-04  0.5852E-07  0.1903E-02  0.1670E-02  0.3272E+01
   -0.562476   26.61569  0.4553E-13  0.1956E-04  0.5367E-07  0.2243E-02  0.1529E-02  0.2526E+01
   -0.674974   26.61672  0.4553E-13  0.2030E-04  0.5009E-07  0.2569E-02  0.1414E-02  0.2097E+01
   -0.787472   26.61760  0.4553E-13  0.2094E-04  0.4735E-07  0.2879E-02  0.1317E-02  0.1825E+01
   -0.899972   26.61837  0.4553E-13  0.2151E-04  0.4517E-07  0.3171E-02  0.1232E-02  0.1647E+01
   -1.012472   26.61905  0.4553E-13  0.2202E-04  0.4342E-07  0.3446E-02  0.1158E-02  0.1527E+01
   -1.124973   26.61966  0.4553E-13  0.2247E-04  0.4197E-07  0.3703E-02  0.1092E-02  0.1452E+01
   -1.237474   26.62022  0.4553E-13  0.2287E-04  0.4077E-07  0.3944E-02  0.1032E-02  0.1409E+01
   -1.349976   26.62074  0.4553E-13  0.2323E-04  0.3976E-07  0.4169E-02  0.9777E-03  0.1386E+01
   -1.462478   26.62123  0.4553E-13  0.2356E-04  0.3890E-07  0.4376E-02  0.9274E-03  0.1375E+01
   -1.574980   26.62169  0.4553E-13  0.2385E-04  0.3818E-07  0.4564E-02  0.8808E-03  0.1376E+01
   -1.687483   26.62213  0.4553E-13  0.2410E-04  0.3758E-07  0.4734E-02  0.8375E-03  0.1385E+01
   -1.799987   26.62255  0.4553E-13  0.2432E-04  0.3708E-07  0.4884E-02  0.7971E-03  0.1405E+01
   -1.912490   26.62295  0.4553E-13  0.2451E-04  0.3667E-07  0.5014E-02  0.7594E-03  0.1435E+01
   -2.024994   26.62335  0.4553E-13  0.2467E-04  0.3634E-07  0.5123E-02  0.7239E-03  0.1480E+01
   -2.137497   26.62373  0.4553E-13  0.2480E-04  0.3609E-07  0.5213E-02  0.6905E-03  0.1539E+01
   -2.250001   26.62410  0.4553E-13  0.2491E-04  0.3591E-07  0.5281E-02  0.6588E-03  0.1618E+01
   -2.362505   26.62447  0.4553E-13  0.2499E-04  0.3581E-07  0.5329E-02  0.6286E-03  0.1714E+01
   -2.475009   26.62483  0.4553E-13  0.2504E-04  0.3578E-07  0.5355E-02  0.5998E-03  0.1832E+01
   -2.587512   26.62519  0.4553E-13  0.2506E-04  0.3582E-07  0.5358E-02  0.5721E-03  0.1971E+01
   -2.700016   26.62555  0.4553E-13  0.2505E-04  0.3595E-07  0.5336E-02  0.5455E-03  0.2142E+01
   -2.812519   26.62591  0.4553E-13  0.2501E-04  0.3618E-07  0.5289E-02  0.5198E-03  0.2350E+01
   -2.925022   26.62627  0.4553E-13  0.2494E-04  0.3650E-07  0.5215E-02  0.4950E-03  0.2610E+01
   -3.037525   26.62664  0.4553E-13  0.2484E-04  0.3696E-07  0.5112E-02  0.4709E-03  0.2935E+01
   -3.150027   26.62701  0.4553E-13  0.2470E-04  0.3756E-07  0.4977E-02  0.4474E-03  0.3356E+01
   -3.262529   26.62739  0.4553E-13  0.2451E-04  0.3835E-07  0.4808E-02  0.4244E-03  0.3907E+01
   -3.375030   26.62779  0.4553E-13  0.2428E-04  0.3938E-07  0.4603E-02  0.4019E-03  0.4661E+01
   -3.487531   26.62820  0.4553E-13  0.2399E-04  0.4073E-07  0.4356E-02  0.3797E-03  0.5719E+01
   -3.600031   26.62863  0.4553E-13  0.2364E-04  0.4252E-07  0.4063E-02  0.3577E-03  0.7303E+01
   -3.712530   26.62909  0.4553E-13  0.2320E-04  0.4494E-07  0.3721E-02  0.3359E-03  0.9821E+01
   -3.825029   26.62960  0.4553E-13  0.2266E-04  0.4834E-07  0.3319E-02  0.3139E-03  0.1419E+02
   -3.937527   26.63016  0.4553E-13  0.2196E-04  0.5336E-07  0.2880E-02  0.2917E-03  0.2294E+02
   -4.050024   26.63081  0.4553E-13  0.2102E-04  0.6140E-07  0.2263E-02  0.2690E-03  0.4512E+02
   -4.162520   26.63164  0.4553E-13  0.1971E-04  0.7594E-07  0.2002E-02  0.2446E-03  0.9929E+02
   -4.275015   26.63257  0.4553E-13  0.1704E-04  0.1223E-06  0.7982E-03  0.2228E-03 -0.1861E+03
   -4.387509   26.63677  0.4553E-13  0.7517E-05  0.4264E-06  0.1003E-03  0.1803E-03 -0.1125E+05
   -4.500003   26.65498  0.4553E-13  0.0000E+00  0.0000E+00  0.0000E+00  0.1927E-03  0.0000E+00
