 1 - depth, m
 2 - temperature, C
 3 - salinity, kg/kg
 4 - turbulent kinetic energy, m**2/s**2
 5 - dissipation rate, m**2/s**3
 6 - kinematic heat conductance, m**2/s
 7 - modulus of horizontal velocity, m/s
 8 - Richardson number, n/d
   -0.000000   30.51026  0.6951E-13  0.6069E-05  0.2680E-06  0.6593E-04  0.2090E-02 -0.9623E+01
   -0.112493   30.55691  0.6951E-13  0.1357E-04  0.1052E-06  0.6149E-03  0.7077E-03  0.6791E+04
   -0.224987   30.56298  0.6951E-13  0.1616E-04  0.7745E-07  0.1178E-02  0.5451E-03  0.2182E+03
   -0.337482   30.56523  0.6951E-13  0.1781E-04  0.6650E-07  0.1528E-02  0.4798E-03  0.8232E+02
   -0.449979   30.56688  0.6951E-13  0.1910E-04  0.5980E-07  0.1933E-02  0.4320E-03  0.5428E+02
   -0.562476   30.56812  0.6951E-13  0.2016E-04  0.5522E-07  0.2304E-02  0.3956E-03  0.4097E+02
   -0.674974   30.56913  0.6951E-13  0.2105E-04  0.5185E-07  0.2657E-02  0.3660E-03  0.3366E+02
   -0.787472   30.56997  0.6951E-13  0.2181E-04  0.4926E-07  0.2989E-02  0.3411E-03  0.2914E+02
   -0.899972   30.57070  0.6951E-13  0.2247E-04  0.4721E-07  0.3300E-02  0.3197E-03  0.2617E+02
   -1.012472   30.57135  0.6951E-13  0.2305E-04  0.4555E-07  0.3591E-02  0.3008E-03  0.2416E+02
   -1.124972   30.57193  0.6951E-13  0.2356E-04  0.4418E-07  0.3861E-02  0.2840E-03  0.2280E+02
   -1.237474   30.57246  0.6951E-13  0.2401E-04  0.4303E-07  0.4112E-02  0.2688E-03  0.2188E+02
   -1.349976   30.57295  0.6951E-13  0.2441E-04  0.4207E-07  0.4342E-02  0.2550E-03  0.2132E+02
   -1.462478   30.57341  0.6951E-13  0.2477E-04  0.4126E-07  0.4553E-02  0.2423E-03  0.2102E+02
   -1.574980   30.57384  0.6951E-13  0.2508E-04  0.4057E-07  0.4744E-02  0.2306E-03  0.2096E+02
   -1.687483   30.57425  0.6951E-13  0.2536E-04  0.4000E-07  0.4916E-02  0.2197E-03  0.2109E+02
   -1.799987   30.57465  0.6951E-13  0.2559E-04  0.3951E-07  0.5067E-02  0.2095E-03  0.2141E+02
   -1.912490   30.57503  0.6951E-13  0.2580E-04  0.3912E-07  0.5198E-02  0.1999E-03  0.2192E+02
   -2.024994   30.57539  0.6951E-13  0.2597E-04  0.3880E-07  0.5309E-02  0.1908E-03  0.2261E+02
   -2.137497   30.57575  0.6951E-13  0.2611E-04  0.3856E-07  0.5399E-02  0.1822E-03  0.2350E+02
   -2.250001   30.57610  0.6951E-13  0.2622E-04  0.3839E-07  0.5468E-02  0.1740E-03  0.2462E+02
   -2.362505   30.57644  0.6951E-13  0.2630E-04  0.3830E-07  0.5515E-02  0.1663E-03  0.2597E+02
   -2.475009   30.57678  0.6951E-13  0.2635E-04  0.3828E-07  0.5538E-02  0.1588E-03  0.2761E+02
   -2.587512   30.57711  0.6951E-13  0.2637E-04  0.3834E-07  0.5538E-02  0.1516E-03  0.2959E+02
   -2.700016   30.57745  0.6951E-13  0.2636E-04  0.3849E-07  0.5513E-02  0.1447E-03  0.3199E+02
   -2.812519   30.57778  0.6951E-13  0.2631E-04  0.3874E-07  0.5462E-02  0.1381E-03  0.3494E+02
   -2.925022   30.57811  0.6951E-13  0.2623E-04  0.3910E-07  0.5382E-02  0.1316E-03  0.3860E+02
   -3.037525   30.57845  0.6951E-13  0.2612E-04  0.3959E-07  0.5272E-02  0.1254E-03  0.4321E+02
   -3.150027   30.57880  0.6951E-13  0.2596E-04  0.4023E-07  0.5131E-02  0.1192E-03  0.4914E+02
   -3.262529   30.57915  0.6951E-13  0.2576E-04  0.4108E-07  0.4954E-02  0.1132E-03  0.5696E+02
   -3.375030   30.57951  0.6951E-13  0.2551E-04  0.4219E-07  0.4738E-02  0.1074E-03  0.6759E+02
   -3.487531   30.57989  0.6951E-13  0.2520E-04  0.4364E-07  0.4481E-02  0.1016E-03  0.8258E+02
   -3.600031   30.58029  0.6951E-13  0.2482E-04  0.4558E-07  0.4176E-02  0.9581E-04  0.1049E+03
   -3.712530   30.58071  0.6951E-13  0.2435E-04  0.4819E-07  0.3820E-02  0.9007E-04  0.1405E+03
   -3.825029   30.58118  0.6951E-13  0.2377E-04  0.5187E-07  0.3402E-02  0.8429E-04  0.2022E+03
   -3.937527   30.58169  0.6951E-13  0.2302E-04  0.5730E-07  0.2949E-02  0.7843E-04  0.3256E+03
   -4.050024   30.58229  0.6951E-13  0.2203E-04  0.6605E-07  0.2305E-02  0.7244E-04  0.6402E+03
   -4.162520   30.58305  0.6951E-13  0.2063E-04  0.8190E-07  0.2049E-02  0.6597E-04  0.1387E+04
   -4.275015   30.58390  0.6951E-13  0.1778E-04  0.1327E-06  0.8079E-03  0.6019E-04 -0.2761E+04
   -4.387509   30.58782  0.6951E-13  0.7869E-05  0.4621E-06  0.1043E-03  0.4877E-04 -0.1478E+06
   -4.500002   30.60410  0.6951E-13  0.0000E+00  0.0000E+00  0.0000E+00  0.5220E-04  0.0000E+00
