 1 - depth, m
 2 - temperature, C
 3 - salinity, kg/kg
 4 - turbulent kinetic energy, m**2/s**2
 5 - dissipation rate, m**2/s**3
 6 - kinematic heat conductance, m**2/s
 7 - modulus of horizontal velocity, m/s
 8 - Richardson number, n/d
   -0.000000   30.32450  0.6941E-13  0.5969E-05  0.2643E-06  0.6579E-04  0.2041E-02 -0.9622E+01
   -0.112493   30.37060  0.6941E-13  0.1344E-04  0.1040E-06  0.6068E-03  0.6962E-03  0.1971E+05
   -0.224987   30.37668  0.6941E-13  0.1603E-04  0.7646E-07  0.1177E-02  0.5330E-03  0.2219E+03
   -0.337483   30.37892  0.6941E-13  0.1767E-04  0.6568E-07  0.1523E-02  0.4692E-03  0.8345E+02
   -0.449979   30.38057  0.6941E-13  0.1895E-04  0.5908E-07  0.1926E-02  0.4224E-03  0.5519E+02
   -0.562476   30.38181  0.6941E-13  0.2000E-04  0.5457E-07  0.2295E-02  0.3867E-03  0.4172E+02
   -0.674974   30.38281  0.6941E-13  0.2088E-04  0.5124E-07  0.2646E-02  0.3577E-03  0.3432E+02
   -0.787472   30.38366  0.6941E-13  0.2163E-04  0.4869E-07  0.2976E-02  0.3333E-03  0.2973E+02
   -0.899972   30.38439  0.6941E-13  0.2229E-04  0.4666E-07  0.3285E-02  0.3123E-03  0.2672E+02
   -1.012472   30.38504  0.6941E-13  0.2286E-04  0.4501E-07  0.3574E-02  0.2939E-03  0.2468E+02
   -1.124973   30.38562  0.6941E-13  0.2336E-04  0.4364E-07  0.3843E-02  0.2774E-03  0.2329E+02
   -1.237474   30.38615  0.6941E-13  0.2380E-04  0.4250E-07  0.4092E-02  0.2626E-03  0.2237E+02
   -1.349976   30.38664  0.6941E-13  0.2420E-04  0.4154E-07  0.4321E-02  0.2490E-03  0.2179E+02
   -1.462478   30.38710  0.6941E-13  0.2454E-04  0.4072E-07  0.4530E-02  0.2366E-03  0.2149E+02
   -1.574980   30.38754  0.6941E-13  0.2485E-04  0.4003E-07  0.4720E-02  0.2251E-03  0.2142E+02
   -1.687483   30.38795  0.6941E-13  0.2511E-04  0.3944E-07  0.4890E-02  0.2144E-03  0.2155E+02
   -1.799987   30.38834  0.6941E-13  0.2534E-04  0.3895E-07  0.5040E-02  0.2044E-03  0.2188E+02
   -1.912490   30.38872  0.6941E-13  0.2554E-04  0.3854E-07  0.5170E-02  0.1950E-03  0.2239E+02
   -2.024994   30.38909  0.6941E-13  0.2570E-04  0.3821E-07  0.5280E-02  0.1861E-03  0.2309E+02
   -2.137497   30.38944  0.6941E-13  0.2583E-04  0.3796E-07  0.5370E-02  0.1777E-03  0.2399E+02
   -2.250001   30.38979  0.6941E-13  0.2593E-04  0.3777E-07  0.5438E-02  0.1697E-03  0.2512E+02
   -2.362505   30.39013  0.6941E-13  0.2600E-04  0.3766E-07  0.5484E-02  0.1621E-03  0.2649E+02
   -2.475009   30.39046  0.6941E-13  0.2604E-04  0.3762E-07  0.5507E-02  0.1548E-03  0.2815E+02
   -2.587512   30.39080  0.6941E-13  0.2606E-04  0.3766E-07  0.5507E-02  0.1478E-03  0.3016E+02
   -2.700016   30.39112  0.6941E-13  0.2603E-04  0.3778E-07  0.5482E-02  0.1411E-03  0.3259E+02
   -2.812519   30.39145  0.6941E-13  0.2598E-04  0.3800E-07  0.5431E-02  0.1345E-03  0.3558E+02
   -2.925022   30.39178  0.6941E-13  0.2590E-04  0.3833E-07  0.5352E-02  0.1282E-03  0.3928E+02
   -3.037525   30.39212  0.6941E-13  0.2577E-04  0.3878E-07  0.5243E-02  0.1221E-03  0.4396E+02
   -3.150027   30.39246  0.6941E-13  0.2561E-04  0.3939E-07  0.5103E-02  0.1161E-03  0.4996E+02
   -3.262529   30.39280  0.6941E-13  0.2541E-04  0.4020E-07  0.4927E-02  0.1102E-03  0.5789E+02
   -3.375030   30.39316  0.6941E-13  0.2515E-04  0.4126E-07  0.4713E-02  0.1045E-03  0.6865E+02
   -3.487531   30.39353  0.6941E-13  0.2484E-04  0.4265E-07  0.4458E-02  0.9883E-04  0.8382E+02
   -3.600031   30.39392  0.6941E-13  0.2446E-04  0.4451E-07  0.4156E-02  0.9321E-04  0.1064E+03
   -3.712530   30.39433  0.6941E-13  0.2399E-04  0.4703E-07  0.3802E-02  0.8761E-04  0.1424E+03
   -3.825029   30.39479  0.6941E-13  0.2341E-04  0.5058E-07  0.3387E-02  0.8197E-04  0.2048E+03
   -3.937527   30.39529  0.6941E-13  0.2267E-04  0.5584E-07  0.2937E-02  0.7625E-04  0.3295E+03
   -4.050024   30.39587  0.6941E-13  0.2169E-04  0.6432E-07  0.2299E-02  0.7041E-04  0.6464E+03
   -4.162520   30.39661  0.6941E-13  0.2031E-04  0.7969E-07  0.2041E-02  0.6411E-04  0.1401E+04
   -4.275015   30.39743  0.6941E-13  0.1751E-04  0.1289E-06  0.8052E-03  0.5847E-04 -0.2729E+04
   -4.387509   30.40121  0.6941E-13  0.7729E-05  0.4494E-06  0.1032E-03  0.4736E-04 -0.1503E+06
   -4.500003   30.41702  0.6941E-13  0.0000E+00  0.0000E+00  0.0000E+00  0.5069E-04  0.0000E+00
