 1 - depth, m
 2 - temperature, C
 3 - salinity, kg/kg
 4 - turbulent kinetic energy, m**2/s**2
 5 - dissipation rate, m**2/s**3
 6 - kinematic heat conductance, m**2/s
 7 - modulus of horizontal velocity, m/s
 8 - Richardson number, n/d
   -0.000000   30.94431  0.1125E-12  0.6475E-05  0.3016E-06  0.6839E-04  0.2175E-02 -0.1840E+02
   -0.112493   30.99391  0.1125E-12  0.1441E-04  0.1179E-06  0.6135E-03  0.7535E-03  0.1613E+05
   -0.224987   31.00065  0.1125E-12  0.1722E-04  0.8613E-07  0.1206E-02  0.5803E-03  0.3561E+03
   -0.337482   31.00307  0.1125E-12  0.1899E-04  0.7382E-07  0.1560E-02  0.5116E-03  0.1356E+03
   -0.449979   31.00484  0.1125E-12  0.2038E-04  0.6630E-07  0.1980E-02  0.4613E-03  0.9016E+02
   -0.562476   31.00617  0.1125E-12  0.2151E-04  0.6117E-07  0.2363E-02  0.4229E-03  0.6756E+02
   -0.674973   31.00724  0.1125E-12  0.2246E-04  0.5740E-07  0.2728E-02  0.3918E-03  0.5563E+02
   -0.787472   31.00814  0.1125E-12  0.2327E-04  0.5451E-07  0.3070E-02  0.3656E-03  0.4760E+02
   -0.899971   31.00892  0.1125E-12  0.2397E-04  0.5221E-07  0.3392E-02  0.3430E-03  0.4289E+02
   -1.012471   31.00960  0.1125E-12  0.2459E-04  0.5035E-07  0.3692E-02  0.3232E-03  0.3905E+02
   -1.124972   31.01022  0.1125E-12  0.2514E-04  0.4882E-07  0.3972E-02  0.3055E-03  0.3700E+02
   -1.237473   31.01078  0.1125E-12  0.2562E-04  0.4754E-07  0.4230E-02  0.2895E-03  0.3497E+02
   -1.349975   31.01130  0.1125E-12  0.2604E-04  0.4647E-07  0.4469E-02  0.2749E-03  0.3425E+02
   -1.462477   31.01178  0.1125E-12  0.2642E-04  0.4556E-07  0.4686E-02  0.2615E-03  0.3321E+02
   -1.574980   31.01224  0.1125E-12  0.2675E-04  0.4480E-07  0.4884E-02  0.2491E-03  0.3333E+02
   -1.687483   31.01268  0.1125E-12  0.2705E-04  0.4415E-07  0.5061E-02  0.2376E-03  0.3294E+02
   -1.799986   31.01309  0.1125E-12  0.2730E-04  0.4362E-07  0.5217E-02  0.2268E-03  0.3369E+02
   -1.912489   31.01349  0.1125E-12  0.2752E-04  0.4318E-07  0.5353E-02  0.2166E-03  0.3384E+02
   -2.024993   31.01388  0.1125E-12  0.2770E-04  0.4282E-07  0.5467E-02  0.2070E-03  0.3519E+02
   -2.137497   31.01426  0.1125E-12  0.2785E-04  0.4255E-07  0.5560E-02  0.1979E-03  0.3588E+02
   -2.250001   31.01463  0.1125E-12  0.2797E-04  0.4237E-07  0.5631E-02  0.1892E-03  0.3790E+02
   -2.362504   31.01499  0.1125E-12  0.2805E-04  0.4226E-07  0.5679E-02  0.1810E-03  0.3920E+02
   -2.475008   31.01535  0.1125E-12  0.2810E-04  0.4224E-07  0.5703E-02  0.1730E-03  0.4204E+02
   -2.587512   31.01570  0.1125E-12  0.2812E-04  0.4231E-07  0.5702E-02  0.1654E-03  0.4417E+02
   -2.700015   31.01605  0.1125E-12  0.2811E-04  0.4248E-07  0.5676E-02  0.1581E-03  0.4817E+02
   -2.812518   31.01640  0.1125E-12  0.2806E-04  0.4275E-07  0.5622E-02  0.1510E-03  0.5160E+02
   -2.925021   31.01676  0.1125E-12  0.2797E-04  0.4315E-07  0.5539E-02  0.1441E-03  0.5747E+02
   -3.037524   31.01712  0.1125E-12  0.2785E-04  0.4369E-07  0.5426E-02  0.1374E-03  0.6315E+02
   -3.150026   31.01748  0.1125E-12  0.2768E-04  0.4441E-07  0.5278E-02  0.1308E-03  0.7236E+02
   -3.262528   31.01785  0.1125E-12  0.2747E-04  0.4536E-07  0.5095E-02  0.1244E-03  0.8242E+02
   -3.375029   31.01824  0.1125E-12  0.2720E-04  0.4659E-07  0.4871E-02  0.1181E-03  0.9846E+02
   -3.487530   31.01864  0.1125E-12  0.2686E-04  0.4821E-07  0.4604E-02  0.1119E-03  0.1184E+03
   -3.600030   31.01906  0.1125E-12  0.2645E-04  0.5036E-07  0.4288E-02  0.1057E-03  0.1513E+03
   -3.712529   31.01951  0.1125E-12  0.2595E-04  0.5328E-07  0.3919E-02  0.9948E-04  0.1999E+03
   -3.825028   31.02000  0.1125E-12  0.2532E-04  0.5739E-07  0.3484E-02  0.9323E-04  0.2891E+03
   -3.937526   31.02056  0.1125E-12  0.2451E-04  0.6347E-07  0.3019E-02  0.8688E-04  0.4610E+03
   -4.050023   31.02119  0.1125E-12  0.2344E-04  0.7328E-07  0.2345E-02  0.8037E-04  0.9139E+03
   -4.162519   31.02201  0.1125E-12  0.2193E-04  0.9115E-07  0.2096E-02  0.7331E-04  0.1947E+04
   -4.275014   31.02292  0.1125E-12  0.1884E-04  0.1486E-06  0.8169E-03  0.6701E-04 -0.4145E+04
   -4.387508   31.02724  0.1125E-12  0.8397E-05  0.5158E-06  0.1098E-03  0.5437E-04 -0.1990E+06
   -4.500001   31.04427  0.1125E-12  0.0000E+00  0.0000E+00  0.0000E+00  0.5826E-04  0.0000E+00
