 1 - depth, m
 2 - temperature, C
 3 - salinity, kg/kg
 4 - turbulent kinetic energy, m**2/s**2
 5 - dissipation rate, m**2/s**3
 6 - kinematic heat conductance, m**2/s
 7 - modulus of horizontal velocity, m/s
 8 - Richardson number, n/d
   -0.000000   29.85660  0.4467E-13  0.6706E-05  0.2675E-06  0.6043E-04  0.3357E-02 -0.3682E+01
   -0.112493   29.91055  0.4467E-13  0.1431E-04  0.1050E-06  0.7127E-03  0.1050E-02  0.5504E+04
   -0.224987   29.91586  0.4467E-13  0.1668E-04  0.7924E-07  0.1199E-02  0.8408E-03  0.8155E+03
   -0.337482   29.91816  0.4467E-13  0.1828E-04  0.6813E-07  0.1577E-02  0.7411E-03  0.3123E+02
   -0.449978   29.91981  0.4467E-13  0.1955E-04  0.6128E-07  0.1978E-02  0.6688E-03  0.2071E+02
   -0.562476   29.92105  0.4467E-13  0.2060E-04  0.5658E-07  0.2351E-02  0.6131E-03  0.1572E+02
   -0.674973   29.92206  0.4467E-13  0.2148E-04  0.5313E-07  0.2706E-02  0.5677E-03  0.1293E+02
   -0.787472   29.92290  0.4467E-13  0.2225E-04  0.5049E-07  0.3041E-02  0.5295E-03  0.1120E+02
   -0.899971   29.92364  0.4467E-13  0.2293E-04  0.4841E-07  0.3356E-02  0.4966E-03  0.1007E+02
   -1.012471   29.92428  0.4467E-13  0.2353E-04  0.4674E-07  0.3650E-02  0.4676E-03  0.9316E+01
   -1.124972   29.92487  0.4467E-13  0.2406E-04  0.4538E-07  0.3925E-02  0.4417E-03  0.8802E+01
   -1.237473   29.92540  0.4467E-13  0.2454E-04  0.4425E-07  0.4179E-02  0.4184E-03  0.8473E+01
   -1.349975   29.92590  0.4467E-13  0.2497E-04  0.4332E-07  0.4414E-02  0.3971E-03  0.8272E+01
   -1.462477   29.92637  0.4467E-13  0.2536E-04  0.4255E-07  0.4629E-02  0.3775E-03  0.8186E+01
   -1.574980   29.92681  0.4467E-13  0.2570E-04  0.4191E-07  0.4823E-02  0.3594E-03  0.8185E+01
   -1.687483   29.92723  0.4467E-13  0.2601E-04  0.4139E-07  0.4998E-02  0.3426E-03  0.8271E+01
   -1.799986   29.92763  0.4467E-13  0.2628E-04  0.4097E-07  0.5153E-02  0.3268E-03  0.8427E+01
   -1.912489   29.92802  0.4467E-13  0.2652E-04  0.4065E-07  0.5287E-02  0.3120E-03  0.8665E+01
   -2.024993   29.92840  0.4467E-13  0.2673E-04  0.4040E-07  0.5400E-02  0.2980E-03  0.8973E+01
   -2.137497   29.92877  0.4467E-13  0.2691E-04  0.4024E-07  0.5492E-02  0.2847E-03  0.9373E+01
   -2.250000   29.92914  0.4467E-13  0.2706E-04  0.4016E-07  0.5562E-02  0.2721E-03  0.9858E+01
   -2.362504   29.92950  0.4467E-13  0.2717E-04  0.4016E-07  0.5610E-02  0.2601E-03  0.1045E+02
   -2.475008   29.92986  0.4467E-13  0.2726E-04  0.4024E-07  0.5634E-02  0.2485E-03  0.1117E+02
   -2.587512   29.93021  0.4467E-13  0.2731E-04  0.4040E-07  0.5633E-02  0.2375E-03  0.1203E+02
   -2.700015   29.93057  0.4467E-13  0.2733E-04  0.4066E-07  0.5607E-02  0.2268E-03  0.1307E+02
   -2.812518   29.93093  0.4467E-13  0.2732E-04  0.4103E-07  0.5554E-02  0.2165E-03  0.1435E+02
   -2.925021   29.93129  0.4467E-13  0.2728E-04  0.4151E-07  0.5472E-02  0.2065E-03  0.1593E+02
   -3.037524   29.93165  0.4467E-13  0.2719E-04  0.4214E-07  0.5360E-02  0.1967E-03  0.1793E+02
   -3.150026   29.93203  0.4467E-13  0.2706E-04  0.4295E-07  0.5214E-02  0.1872E-03  0.2049E+02
   -3.262528   29.93242  0.4467E-13  0.2689E-04  0.4397E-07  0.5033E-02  0.1779E-03  0.2388E+02
   -3.375029   29.93282  0.4467E-13  0.2666E-04  0.4527E-07  0.4812E-02  0.1688E-03  0.2847E+02
   -3.487529   29.93324  0.4467E-13  0.2637E-04  0.4696E-07  0.4548E-02  0.1598E-03  0.3497E+02
   -3.600030   29.93368  0.4467E-13  0.2600E-04  0.4917E-07  0.4237E-02  0.1508E-03  0.4465E+02
   -3.712529   29.93416  0.4467E-13  0.2553E-04  0.5213E-07  0.3873E-02  0.1419E-03  0.6012E+02
   -3.825028   29.93469  0.4467E-13  0.2495E-04  0.5625E-07  0.3445E-02  0.1329E-03  0.8698E+02
   -3.937525   29.93528  0.4467E-13  0.2419E-04  0.6231E-07  0.2985E-02  0.1237E-03  0.1409E+03
   -4.050022   29.93596  0.4467E-13  0.2316E-04  0.7201E-07  0.2325E-02  0.1144E-03  0.2796E+03
   -4.162519   29.93685  0.4467E-13  0.2170E-04  0.8954E-07  0.2074E-02  0.1042E-03  0.6107E+03
   -4.275014   29.93783  0.4467E-13  0.1871E-04  0.1455E-06  0.8178E-03  0.9518E-04 -0.1314E+04
   -4.387508   29.94244  0.4467E-13  0.8355E-05  0.5060E-06  0.1078E-03  0.7725E-04 -0.6567E+05
   -4.500001   29.96126  0.4467E-13  0.0000E+00  0.0000E+00  0.0000E+00  0.8260E-04  0.0000E+00
