 1 - depth, m
 2 - temperature, C
 3 - salinity, kg/kg
 4 - turbulent kinetic energy, m**2/s**2
 5 - dissipation rate, m**2/s**3
 6 - kinematic heat conductance, m**2/s
 7 - modulus of horizontal velocity, m/s
 8 - Richardson number, n/d
   -0.000000   29.41641  0.1424E-12  0.4817E-05  0.1446E-06  0.4591E-04  0.1465E-02 -0.1347E+02
   -0.112493   29.46494  0.1424E-12  0.1103E-04  0.5981E-07  0.7341E-03  0.3677E-03  0.7513E+07
   -0.224987   29.46772  0.1424E-12  0.1248E-04  0.4811E-07  0.1085E-02  0.3056E-03  0.4358E+03
   -0.337483   29.46940  0.1424E-12  0.1351E-04  0.4184E-07  0.1415E-02  0.2682E-03  0.2115E+03
   -0.449979   29.47060  0.1424E-12  0.1433E-04  0.3778E-07  0.1736E-02  0.2410E-03  0.1430E+03
   -0.562476   29.47152  0.1424E-12  0.1500E-04  0.3489E-07  0.2040E-02  0.2197E-03  0.1100E+03
   -0.674974   29.47225  0.1424E-12  0.1557E-04  0.3272E-07  0.2328E-02  0.2023E-03  0.9109E+02
   -0.787472   29.47287  0.1424E-12  0.1606E-04  0.3104E-07  0.2600E-02  0.1876E-03  0.7937E+02
   -0.899972   29.47340  0.1424E-12  0.1649E-04  0.2969E-07  0.2856E-02  0.1749E-03  0.7164E+02
   -1.012472   29.47387  0.1424E-12  0.1687E-04  0.2860E-07  0.3096E-02  0.1638E-03  0.6654E+02
   -1.124973   29.47429  0.1424E-12  0.1721E-04  0.2770E-07  0.3320E-02  0.1538E-03  0.6313E+02
   -1.237474   29.47467  0.1424E-12  0.1752E-04  0.2695E-07  0.3528E-02  0.1449E-03  0.6108E+02
   -1.349976   29.47503  0.1424E-12  0.1779E-04  0.2632E-07  0.3720E-02  0.1367E-03  0.5994E+02
   -1.462478   29.47536  0.1424E-12  0.1804E-04  0.2580E-07  0.3897E-02  0.1293E-03  0.5969E+02
   -1.574981   29.47568  0.1424E-12  0.1826E-04  0.2536E-07  0.4057E-02  0.1224E-03  0.6002E+02
   -1.687484   29.47598  0.1424E-12  0.1846E-04  0.2500E-07  0.4201E-02  0.1160E-03  0.6109E+02
   -1.799987   29.47626  0.1424E-12  0.1863E-04  0.2471E-07  0.4328E-02  0.1101E-03  0.6265E+02
   -1.912491   29.47654  0.1424E-12  0.1879E-04  0.2447E-07  0.4440E-02  0.1045E-03  0.6494E+02
   -2.024994   29.47681  0.1424E-12  0.1892E-04  0.2429E-07  0.4534E-02  0.9926E-04  0.6775E+02
   -2.137498   29.47707  0.1424E-12  0.1903E-04  0.2416E-07  0.4610E-02  0.9431E-04  0.7140E+02
   -2.250002   29.47733  0.1424E-12  0.1913E-04  0.2409E-07  0.4669E-02  0.8963E-04  0.7572E+02
   -2.362506   29.47759  0.1424E-12  0.1920E-04  0.2406E-07  0.4710E-02  0.8518E-04  0.8108E+02
   -2.475009   29.47784  0.1424E-12  0.1926E-04  0.2408E-07  0.4731E-02  0.8094E-04  0.8739E+02
   -2.587513   29.47809  0.1424E-12  0.1929E-04  0.2416E-07  0.4732E-02  0.7688E-04  0.9516E+02
   -2.700017   29.47835  0.1424E-12  0.1930E-04  0.2430E-07  0.4712E-02  0.7299E-04  0.1044E+03
   -2.812520   29.47860  0.1424E-12  0.1929E-04  0.2450E-07  0.4669E-02  0.6925E-04  0.1160E+03
   -2.925023   29.47886  0.1424E-12  0.1926E-04  0.2478E-07  0.4603E-02  0.6564E-04  0.1302E+03
   -3.037526   29.47912  0.1424E-12  0.1920E-04  0.2514E-07  0.4512E-02  0.6215E-04  0.1484E+03
   -3.150028   29.47938  0.1424E-12  0.1911E-04  0.2560E-07  0.4393E-02  0.5876E-04  0.1717E+03
   -3.262530   29.47966  0.1424E-12  0.1899E-04  0.2620E-07  0.4245E-02  0.5547E-04  0.2031E+03
   -3.375031   29.47994  0.1424E-12  0.1884E-04  0.2697E-07  0.4065E-02  0.5225E-04  0.2457E+03
   -3.487532   29.48024  0.1424E-12  0.1864E-04  0.2796E-07  0.3850E-02  0.4909E-04  0.3070E+03
   -3.600032   29.48056  0.1424E-12  0.1838E-04  0.2927E-07  0.3594E-02  0.4598E-04  0.3994E+03
   -3.712531   29.48090  0.1424E-12  0.1807E-04  0.3102E-07  0.3299E-02  0.4290E-04  0.5505E+03
   -3.825030   29.48127  0.1424E-12  0.1767E-04  0.3348E-07  0.2946E-02  0.3983E-04  0.8223E+03
   -3.937528   29.48169  0.1424E-12  0.1715E-04  0.3712E-07  0.2582E-02  0.3673E-04  0.4860E+04
   -4.050025   29.48218  0.1424E-12  0.1642E-04  0.4344E-07  0.2065E-02  0.3362E-04  0.3049E+05
   -4.162521   29.48285  0.1424E-12  0.1528E-04  0.5615E-07  0.1665E-02  0.3013E-04  0.1466E+06
   -4.275016   29.48368  0.1424E-12  0.1309E-04  0.9141E-07  0.8949E-03  0.2670E-04  0.7280E+05
   -4.387511   29.48670  0.1424E-12  0.5738E-05  0.3306E-06  0.8119E-04  0.2156E-04 -0.2760E+07
   -4.500004   29.50505  0.1424E-12  0.0000E+00  0.0000E+00  0.0000E+00  0.2335E-04  0.0000E+00
