 1 - depth, m
 2 - temperature, C
 3 - salinity, kg/kg
 4 - turbulent kinetic energy, m**2/s**2
 5 - dissipation rate, m**2/s**3
 6 - kinematic heat conductance, m**2/s
 7 - modulus of horizontal velocity, m/s
 8 - Richardson number, n/d
   -0.000000   28.20873  0.9829E-13  0.1020E-04  0.3013E-06  0.5739E-04  0.8883E-02 -0.4846E+00
   -0.112493   28.26504  0.9829E-13  0.1575E-04  0.1115E-06  0.7942E-03  0.2814E-02  0.2417E+04
   -0.224987   28.26883  0.9829E-13  0.1742E-04  0.8570E-07  0.1184E-02  0.2335E-02  0.8365E+01
   -0.337482   28.27119  0.9829E-13  0.1868E-04  0.7287E-07  0.1549E-02  0.2059E-02  0.4205E+01
   -0.449978   28.27289  0.9829E-13  0.1973E-04  0.6480E-07  0.1910E-02  0.1859E-02  0.2852E+01
   -0.562475   28.27420  0.9829E-13  0.2062E-04  0.5923E-07  0.2257E-02  0.1702E-02  0.2184E+01
   -0.674973   28.27526  0.9829E-13  0.2138E-04  0.5514E-07  0.2590E-02  0.1574E-02  0.1800E+01
   -0.787472   28.27615  0.9829E-13  0.2206E-04  0.5201E-07  0.2907E-02  0.1466E-02  0.1560E+01
   -0.899971   28.27693  0.9829E-13  0.2265E-04  0.4955E-07  0.3205E-02  0.1373E-02  0.1404E+01
   -1.012471   28.27762  0.9829E-13  0.2319E-04  0.4756E-07  0.3483E-02  0.1291E-02  0.1314E+01
   -1.124972   28.27824  0.9829E-13  0.2367E-04  0.4592E-07  0.3748E-02  0.1217E-02  0.1279E+01
   -1.237473   28.27880  0.9829E-13  0.2410E-04  0.4455E-07  0.4002E-02  0.1150E-02  0.1268E+01
   -1.349975   28.27933  0.9829E-13  0.2450E-04  0.4340E-07  0.4242E-02  0.1089E-02  0.1262E+01
   -1.462477   28.27982  0.9829E-13  0.2486E-04  0.4243E-07  0.4465E-02  0.1031E-02  0.1260E+01
   -1.574980   28.28028  0.9829E-13  0.2518E-04  0.4161E-07  0.4668E-02  0.9782E-03  0.1258E+01
   -1.687483   28.28071  0.9829E-13  0.2546E-04  0.4094E-07  0.4851E-02  0.9290E-03  0.1257E+01
   -1.799986   28.28113  0.9829E-13  0.2571E-04  0.4038E-07  0.5011E-02  0.8833E-03  0.1257E+01
   -1.912489   28.28153  0.9829E-13  0.2592E-04  0.3994E-07  0.5149E-02  0.8408E-03  0.1262E+01
   -2.024993   28.28193  0.9829E-13  0.2610E-04  0.3959E-07  0.5263E-02  0.8012E-03  0.1276E+01
   -2.137497   28.28231  0.9829E-13  0.2625E-04  0.3933E-07  0.5355E-02  0.7642E-03  0.1307E+01
   -2.250000   28.28268  0.9829E-13  0.2637E-04  0.3916E-07  0.5425E-02  0.7294E-03  0.1360E+01
   -2.362504   28.28305  0.9829E-13  0.2646E-04  0.3907E-07  0.5473E-02  0.6965E-03  0.1437E+01
   -2.475008   28.28341  0.9829E-13  0.2652E-04  0.3907E-07  0.5499E-02  0.6651E-03  0.1535E+01
   -2.587511   28.28378  0.9829E-13  0.2656E-04  0.3915E-07  0.5501E-02  0.6349E-03  0.1655E+01
   -2.700015   28.28414  0.9829E-13  0.2656E-04  0.3932E-07  0.5478E-02  0.6059E-03  0.1798E+01
   -2.812518   28.28450  0.9829E-13  0.2653E-04  0.3960E-07  0.5429E-02  0.5778E-03  0.1976E+01
   -2.925021   28.28487  0.9829E-13  0.2646E-04  0.3999E-07  0.5352E-02  0.5507E-03  0.2194E+01
   -3.037524   28.28524  0.9829E-13  0.2636E-04  0.4053E-07  0.5245E-02  0.5243E-03  0.2472E+01
   -3.150026   28.28562  0.9829E-13  0.2622E-04  0.4123E-07  0.5106E-02  0.4986E-03  0.2825E+01
   -3.262528   28.28601  0.9829E-13  0.2604E-04  0.4214E-07  0.4931E-02  0.4734E-03  0.3296E+01
   -3.375029   28.28641  0.9829E-13  0.2580E-04  0.4331E-07  0.4718E-02  0.4487E-03  0.3932E+01
   -3.487529   28.28683  0.9829E-13  0.2551E-04  0.4485E-07  0.4462E-02  0.4244E-03  0.4833E+01
   -3.600029   28.28728  0.9829E-13  0.2514E-04  0.4687E-07  0.4160E-02  0.4003E-03  0.6173E+01
   -3.712529   28.28776  0.9829E-13  0.2468E-04  0.4961E-07  0.3806E-02  0.3762E-03  0.8319E+01
   -3.825027   28.28828  0.9829E-13  0.2410E-04  0.5345E-07  0.3390E-02  0.3520E-03  0.1204E+02
   -3.937525   28.28887  0.9829E-13  0.2336E-04  0.5910E-07  0.2939E-02  0.3275E-03  0.1951E+02
   -4.050022   28.28955  0.9829E-13  0.2236E-04  0.6816E-07  0.2298E-02  0.3024E-03  0.3862E+02
   -4.162518   28.29042  0.9829E-13  0.2095E-04  0.8456E-07  0.2042E-02  0.2753E-03  0.8485E+02
   -4.275014   28.29140  0.9829E-13  0.1807E-04  0.1369E-06  0.8077E-03  0.2511E-03 -0.1723E+03
   -4.387508   28.29592  0.9829E-13  0.8040E-05  0.4760E-06  0.1052E-03  0.2035E-03 -0.9324E+04
   -4.500001   28.31480  0.9829E-13  0.0000E+00  0.0000E+00  0.0000E+00  0.2175E-03  0.0000E+00
