 1 - depth, m
 2 - temperature, C
 3 - salinity, kg/kg
 4 - turbulent kinetic energy, m**2/s**2
 5 - dissipation rate, m**2/s**3
 6 - kinematic heat conductance, m**2/s
 7 - modulus of horizontal velocity, m/s
 8 - Richardson number, n/d
   -0.000000   31.30470  0.1116E-13  0.7028E-05  0.3722E-06  0.7648E-04  0.1652E-02 -0.1808E+02
   -0.112493   31.35632  0.1116E-13  0.1580E-04  0.1462E-06  0.5845E-03  0.6332E-03  0.6506E+03
   -0.224987   31.36483  0.1116E-13  0.1921E-04  0.1044E-06  0.1255E-02  0.4719E-03  0.3078E+03
   -0.337482   31.36760  0.1116E-13  0.2130E-04  0.8916E-07  0.1610E-02  0.4167E-03  0.1194E+03
   -0.449978   31.36965  0.1116E-13  0.2292E-04  0.7999E-07  0.2066E-02  0.3759E-03  0.7874E+02
   -0.562475   31.37119  0.1116E-13  0.2424E-04  0.7376E-07  0.2474E-02  0.3450E-03  0.5929E+02
   -0.674973   31.37243  0.1116E-13  0.2533E-04  0.6920E-07  0.2862E-02  0.3200E-03  0.4856E+02
   -0.787472   31.37347  0.1116E-13  0.2625E-04  0.6568E-07  0.3227E-02  0.2990E-03  0.4195E+02
   -0.899971   31.37436  0.1116E-13  0.2705E-04  0.6288E-07  0.3568E-02  0.2810E-03  0.3754E+02
   -1.012471   31.37516  0.1116E-13  0.2774E-04  0.6060E-07  0.3887E-02  0.2651E-03  0.3458E+02
   -1.124972   31.37587  0.1116E-13  0.2834E-04  0.5870E-07  0.4182E-02  0.2509E-03  0.3247E+02
   -1.237473   31.37652  0.1116E-13  0.2887E-04  0.5710E-07  0.4455E-02  0.2381E-03  0.3109E+02
   -1.349975   31.37711  0.1116E-13  0.2933E-04  0.5573E-07  0.4706E-02  0.2264E-03  0.3012E+02
   -1.462477   31.37767  0.1116E-13  0.2972E-04  0.5457E-07  0.4936E-02  0.2156E-03  0.2961E+02
   -1.574980   31.37820  0.1116E-13  0.3007E-04  0.5356E-07  0.5143E-02  0.2057E-03  0.2933E+02
   -1.687483   31.37869  0.1116E-13  0.3036E-04  0.5270E-07  0.5329E-02  0.1964E-03  0.2941E+02
   -1.799986   31.37916  0.1116E-13  0.3061E-04  0.5196E-07  0.5492E-02  0.1877E-03  0.2965E+02
   -1.912489   31.37962  0.1116E-13  0.3082E-04  0.5133E-07  0.5634E-02  0.1795E-03  0.3023E+02
   -2.024993   31.38005  0.1116E-13  0.3098E-04  0.5080E-07  0.5753E-02  0.1718E-03  0.3095E+02
   -2.137496   31.38047  0.1116E-13  0.3111E-04  0.5037E-07  0.5850E-02  0.1644E-03  0.3204E+02
   -2.250000   31.38088  0.1116E-13  0.3120E-04  0.5003E-07  0.5923E-02  0.1574E-03  0.3329E+02
   -2.362504   31.38129  0.1116E-13  0.3125E-04  0.4979E-07  0.5972E-02  0.1507E-03  0.3495E+02
   -2.475008   31.38168  0.1116E-13  0.3126E-04  0.4964E-07  0.5996E-02  0.1443E-03  0.3685E+02
   -2.587511   31.38207  0.1116E-13  0.3124E-04  0.4960E-07  0.5995E-02  0.1382E-03  0.3929E+02
   -2.700015   31.38245  0.1116E-13  0.3118E-04  0.4966E-07  0.5965E-02  0.1322E-03  0.4211E+02
   -2.812518   31.38283  0.1116E-13  0.3108E-04  0.4985E-07  0.5908E-02  0.1265E-03  0.4574E+02
   -2.925021   31.38321  0.1116E-13  0.3093E-04  0.5018E-07  0.5819E-02  0.1209E-03  0.5008E+02
   -3.037523   31.38360  0.1116E-13  0.3075E-04  0.5068E-07  0.5698E-02  0.1154E-03  0.5574E+02
   -3.150025   31.38398  0.1116E-13  0.3052E-04  0.5138E-07  0.5541E-02  0.1101E-03  0.6283E+02
   -3.262527   31.38438  0.1116E-13  0.3023E-04  0.5234E-07  0.5346E-02  0.1049E-03  0.7239E+02
   -3.375028   31.38478  0.1116E-13  0.2989E-04  0.5363E-07  0.5109E-02  0.9971E-04  0.8513E+02
   -3.487529   31.38520  0.1116E-13  0.2947E-04  0.5535E-07  0.4825E-02  0.9462E-04  0.1034E+03
   -3.600029   31.38564  0.1116E-13  0.2897E-04  0.5769E-07  0.4490E-02  0.8956E-04  0.1303E+03
   -3.712528   31.38611  0.1116E-13  0.2837E-04  0.6092E-07  0.4100E-02  0.8449E-04  0.1735E+03
   -3.825027   31.38661  0.1116E-13  0.2762E-04  0.6552E-07  0.3635E-02  0.7937E-04  0.2483E+03
   -3.937525   31.38718  0.1116E-13  0.2669E-04  0.7242E-07  0.3156E-02  0.7413E-04  0.3975E+03
   -4.050022   31.38782  0.1116E-13  0.2546E-04  0.8373E-07  0.2428E-02  0.6878E-04  0.7888E+03
   -4.162518   31.38865  0.1116E-13  0.2373E-04  0.1046E-06  0.2187E-02  0.6288E-04  0.1710E+04
   -4.275013   31.38955  0.1116E-13  0.2025E-04  0.1719E-06  0.8469E-03  0.5766E-04 -0.3485E+04
   -4.387507   31.39396  0.1116E-13  0.9044E-05  0.5951E-06  0.1174E-03  0.4684E-04 -0.2123E+06
   -4.500000   31.40990  0.1116E-13  0.0000E+00  0.0000E+00  0.0000E+00  0.5032E-04  0.0000E+00
