 1 - depth, m
 2 - temperature, C
 3 - salinity, kg/kg
 4 - turbulent kinetic energy, m**2/s**2
 5 - dissipation rate, m**2/s**3
 6 - kinematic heat conductance, m**2/s
 7 - modulus of horizontal velocity, m/s
 8 - Richardson number, n/d
   -0.000000   30.28743  0.2277E-13  0.5738E-05  0.2263E-06  0.6348E-04  0.1504E-02 -0.1585E+02
   -0.112493   30.33226  0.2277E-13  0.1328E-04  0.9084E-07  0.6778E-03  0.4620E-03  0.6989E+05
   -0.224987   30.33695  0.2277E-13  0.1554E-04  0.6929E-07  0.1204E-02  0.3650E-03  0.3856E+03
   -0.337483   30.33897  0.2277E-13  0.1701E-04  0.5989E-07  0.1550E-02  0.3221E-03  0.1551E+03
   -0.449979   30.34043  0.2277E-13  0.1818E-04  0.5404E-07  0.1939E-02  0.2906E-03  0.1044E+03
   -0.562476   30.34154  0.2277E-13  0.1915E-04  0.5000E-07  0.2301E-02  0.2662E-03  0.7956E+02
   -0.674974   30.34245  0.2277E-13  0.1998E-04  0.4703E-07  0.2644E-02  0.2464E-03  0.6576E+02
   -0.787472   30.34320  0.2277E-13  0.2070E-04  0.4476E-07  0.2968E-02  0.2296E-03  0.5710E+02
   -0.899972   30.34386  0.2277E-13  0.2133E-04  0.4297E-07  0.3272E-02  0.2152E-03  0.5151E+02
   -1.012472   30.34444  0.2277E-13  0.2189E-04  0.4153E-07  0.3557E-02  0.2025E-03  0.4769E+02
   -1.124973   30.34497  0.2277E-13  0.2239E-04  0.4037E-07  0.3822E-02  0.1912E-03  0.4521E+02
   -1.237474   30.34545  0.2277E-13  0.2284E-04  0.3941E-07  0.4068E-02  0.1809E-03  0.4355E+02
   -1.349976   30.34590  0.2277E-13  0.2325E-04  0.3862E-07  0.4295E-02  0.1716E-03  0.4267E+02
   -1.462478   30.34633  0.2277E-13  0.2362E-04  0.3797E-07  0.4503E-02  0.1630E-03  0.4225E+02
   -1.574980   30.34673  0.2277E-13  0.2395E-04  0.3744E-07  0.4691E-02  0.1551E-03  0.4240E+02
   -1.687483   30.34711  0.2277E-13  0.2424E-04  0.3701E-07  0.4860E-02  0.1477E-03  0.4287E+02
   -1.799987   30.34748  0.2277E-13  0.2451E-04  0.3667E-07  0.5010E-02  0.1408E-03  0.4384E+02
   -1.912490   30.34783  0.2277E-13  0.2474E-04  0.3641E-07  0.5140E-02  0.1343E-03  0.4510E+02
   -2.024994   30.34818  0.2277E-13  0.2495E-04  0.3623E-07  0.5249E-02  0.1282E-03  0.4689E+02
   -2.137497   30.34852  0.2277E-13  0.2512E-04  0.3612E-07  0.5338E-02  0.1224E-03  0.4901E+02
   -2.250001   30.34885  0.2277E-13  0.2527E-04  0.3608E-07  0.5406E-02  0.1169E-03  0.5176E+02
   -2.362505   30.34919  0.2277E-13  0.2539E-04  0.3611E-07  0.5452E-02  0.1116E-03  0.5492E+02
   -2.475009   30.34951  0.2277E-13  0.2548E-04  0.3621E-07  0.5475E-02  0.1066E-03  0.5891E+02
   -2.587512   30.34984  0.2277E-13  0.2555E-04  0.3640E-07  0.5475E-02  0.1017E-03  0.6351E+02
   -2.700016   30.35017  0.2277E-13  0.2558E-04  0.3666E-07  0.5450E-02  0.9706E-04  0.6927E+02
   -2.812519   30.35050  0.2277E-13  0.2558E-04  0.3702E-07  0.5398E-02  0.9257E-04  0.7614E+02
   -2.925022   30.35083  0.2277E-13  0.2555E-04  0.3749E-07  0.5319E-02  0.8821E-04  0.8486E+02
   -3.037525   30.35117  0.2277E-13  0.2548E-04  0.3809E-07  0.5210E-02  0.8397E-04  0.9562E+02
   -3.150027   30.35152  0.2277E-13  0.2537E-04  0.3885E-07  0.5070E-02  0.7983E-04  0.1097E+03
   -3.262529   30.35188  0.2277E-13  0.2522E-04  0.3981E-07  0.4894E-02  0.7579E-04  0.1280E+03
   -3.375030   30.35225  0.2277E-13  0.2502E-04  0.4102E-07  0.4681E-02  0.7182E-04  0.1532E+03
   -3.487531   30.35264  0.2277E-13  0.2476E-04  0.4257E-07  0.4426E-02  0.6790E-04  0.1883E+03
   -3.600031   30.35306  0.2277E-13  0.2442E-04  0.4459E-07  0.4126E-02  0.6402E-04  0.2413E+03
   -3.712530   30.35351  0.2277E-13  0.2400E-04  0.4729E-07  0.3774E-02  0.6015E-04  0.3251E+03
   -3.825029   30.35400  0.2277E-13  0.2347E-04  0.5104E-07  0.3362E-02  0.5625E-04  0.4714E+03
   -3.937527   30.35455  0.2277E-13  0.2277E-04  0.5652E-07  0.2915E-02  0.5230E-04  0.7638E+03
   -4.050024   30.35519  0.2277E-13  0.2183E-04  0.6524E-07  0.2286E-02  0.4826E-04  0.1511E+04
   -4.162520   30.35601  0.2277E-13  0.2049E-04  0.8089E-07  0.2027E-02  0.4392E-04  0.3333E+04
   -4.275015   30.35693  0.2277E-13  0.1774E-04  0.1304E-06  0.8125E-03  0.4004E-04 -0.6797E+04
   -4.387509   30.36112  0.2277E-13  0.7885E-05  0.4560E-06  0.1020E-03  0.3250E-04 -0.3842E+06
   -4.500003   30.37939  0.2277E-13  0.0000E+00  0.0000E+00  0.0000E+00  0.3469E-04  0.0000E+00
