 1 - depth, m
 2 - temperature, C
 3 - salinity, kg/kg
 4 - turbulent kinetic energy, m**2/s**2
 5 - dissipation rate, m**2/s**3
 6 - kinematic heat conductance, m**2/s
 7 - modulus of horizontal velocity, m/s
 8 - Richardson number, n/d
   -0.000000   31.34108  0.5063E-13  0.6210E-05  0.2884E-06  0.6341E-04  0.5661E-03 -0.1531E+03
   -0.112493   31.39480  0.5063E-13  0.1468E-04  0.1147E-06  0.6318E-03  0.1928E-03  0.3382E+04
   -0.224987   31.40083  0.5063E-13  0.1747E-04  0.8516E-07  0.1248E-02  0.1471E-03  0.2746E+04
   -0.337482   31.40315  0.5063E-13  0.1925E-04  0.7343E-07  0.1605E-02  0.1299E-03  0.1142E+04
   -0.449978   31.40485  0.5063E-13  0.2065E-04  0.6620E-07  0.2031E-02  0.1172E-03  0.7735E+03
   -0.562475   31.40613  0.5063E-13  0.2179E-04  0.6123E-07  0.2420E-02  0.1075E-03  0.5906E+03
   -0.674973   31.40716  0.5063E-13  0.2275E-04  0.5758E-07  0.2790E-02  0.9967E-04  0.4867E+03
   -0.787472   31.40803  0.5063E-13  0.2359E-04  0.5479E-07  0.3137E-02  0.9304E-04  0.4230E+03
   -0.899971   31.40878  0.5063E-13  0.2431E-04  0.5258E-07  0.3463E-02  0.8733E-04  0.3800E+03
   -1.012471   31.40944  0.5063E-13  0.2495E-04  0.5080E-07  0.3768E-02  0.8230E-04  0.3521E+03
   -1.124972   31.41004  0.5063E-13  0.2553E-04  0.4935E-07  0.4051E-02  0.7782E-04  0.3320E+03
   -1.237473   31.41059  0.5063E-13  0.2603E-04  0.4814E-07  0.4314E-02  0.7376E-04  0.3200E+03
   -1.349975   31.41110  0.5063E-13  0.2649E-04  0.4714E-07  0.4555E-02  0.7007E-04  0.3116E+03
   -1.462477   31.41158  0.5063E-13  0.2690E-04  0.4631E-07  0.4776E-02  0.6667E-04  0.3086E+03
   -1.574980   31.41203  0.5063E-13  0.2726E-04  0.4562E-07  0.4976E-02  0.6353E-04  0.3075E+03
   -1.687483   31.41246  0.5063E-13  0.2758E-04  0.4505E-07  0.5156E-02  0.6060E-04  0.3110E+03
   -1.799986   31.41287  0.5063E-13  0.2786E-04  0.4459E-07  0.5314E-02  0.5785E-04  0.3156E+03
   -1.912489   31.41327  0.5063E-13  0.2811E-04  0.4423E-07  0.5451E-02  0.5527E-04  0.3247E+03
   -2.024993   31.41365  0.5063E-13  0.2833E-04  0.4396E-07  0.5567E-02  0.5284E-04  0.3348E+03
   -2.137496   31.41403  0.5063E-13  0.2851E-04  0.4378E-07  0.5660E-02  0.5052E-04  0.3499E+03
   -2.250000   31.41440  0.5063E-13  0.2866E-04  0.4368E-07  0.5731E-02  0.4833E-04  0.3664E+03
   -2.362504   31.41477  0.5063E-13  0.2877E-04  0.4366E-07  0.5779E-02  0.4622E-04  0.3887E+03
   -2.475008   31.41513  0.5063E-13  0.2885E-04  0.4373E-07  0.5802E-02  0.4421E-04  0.4132E+03
   -2.587511   31.41549  0.5063E-13  0.2890E-04  0.4390E-07  0.5801E-02  0.4228E-04  0.4452E+03
   -2.700015   31.41585  0.5063E-13  0.2892E-04  0.4416E-07  0.5772E-02  0.4041E-04  0.4813E+03
   -2.812518   31.41621  0.5063E-13  0.2890E-04  0.4454E-07  0.5716E-02  0.3861E-04  0.5286E+03
   -2.925021   31.41657  0.5063E-13  0.2884E-04  0.4505E-07  0.5630E-02  0.3686E-04  0.5839E+03
   -3.037523   31.41694  0.5063E-13  0.2873E-04  0.4572E-07  0.5513E-02  0.3515E-04  0.6572E+03
   -3.150025   31.41732  0.5063E-13  0.2859E-04  0.4658E-07  0.5361E-02  0.3349E-04  0.7475E+03
   -3.262527   31.41771  0.5063E-13  0.2839E-04  0.4767E-07  0.5173E-02  0.3185E-04  0.8709E+03
   -3.375028   31.41812  0.5063E-13  0.2814E-04  0.4907E-07  0.4944E-02  0.3025E-04  0.1034E+04
   -3.487529   31.41854  0.5063E-13  0.2782E-04  0.5089E-07  0.4670E-02  0.2866E-04  0.1269E+04
   -3.600029   31.41899  0.5063E-13  0.2742E-04  0.5327E-07  0.4347E-02  0.2709E-04  0.1614E+04
   -3.712529   31.41947  0.5063E-13  0.2692E-04  0.5648E-07  0.3970E-02  0.2551E-04  0.2172E+04
   -3.825027   31.41999  0.5063E-13  0.2629E-04  0.6097E-07  0.3526E-02  0.2392E-04  0.3134E+04
   -3.937525   31.42059  0.5063E-13  0.2547E-04  0.6757E-07  0.3053E-02  0.2230E-04  0.5075E+04
   -4.050022   31.42127  0.5063E-13  0.2437E-04  0.7820E-07  0.2365E-02  0.2064E-04  0.1009E+05
   -4.162518   31.42217  0.5063E-13  0.2280E-04  0.9747E-07  0.2121E-02  0.1884E-04  0.2182E+05
   -4.275013   31.42315  0.5063E-13  0.1959E-04  0.1593E-06  0.8259E-03  0.1723E-04 -0.4967E+05
   -4.387507   31.42787  0.5063E-13  0.8786E-05  0.5527E-06  0.1127E-03  0.1399E-04 -0.2210E+07
   -4.500000   31.44619  0.5063E-13  0.0000E+00  0.0000E+00  0.0000E+00  0.1498E-04  0.0000E+00
