 1 - depth, m
 2 - temperature, C
 3 - salinity, kg/kg
 4 - turbulent kinetic energy, m**2/s**2
 5 - dissipation rate, m**2/s**3
 6 - kinematic heat conductance, m**2/s
 7 - modulus of horizontal velocity, m/s
 8 - Richardson number, n/d
   -0.000000   28.83751  0.7497E-13  0.1198E-04  0.3731E-06  0.6184E-04  0.1021E-01 -0.4197E+00
   -0.112493   28.89749  0.7497E-13  0.1775E-04  0.1361E-06  0.8192E-03  0.3399E-02  0.4856E+03
   -0.224987   28.90174  0.7497E-13  0.1958E-04  0.1039E-06  0.1231E-02  0.2829E-02  0.6167E+01
   -0.337482   28.90437  0.7497E-13  0.2097E-04  0.8807E-07  0.1608E-02  0.2508E-02  0.3161E+01
   -0.449978   28.90627  0.7497E-13  0.2213E-04  0.7820E-07  0.1984E-02  0.2273E-02  0.2162E+01
   -0.562475   28.90773  0.7497E-13  0.2312E-04  0.7143E-07  0.2345E-02  0.2090E-02  0.1666E+01
   -0.674973   28.90893  0.7497E-13  0.2398E-04  0.6650E-07  0.2683E-02  0.1940E-02  0.1397E+01
   -0.787472   28.90994  0.7497E-13  0.2475E-04  0.6271E-07  0.3004E-02  0.1813E-02  0.1296E+01
   -0.899971   28.91081  0.7497E-13  0.2545E-04  0.5966E-07  0.3323E-02  0.1701E-02  0.1285E+01
   -1.012471   28.91159  0.7497E-13  0.2610E-04  0.5713E-07  0.3643E-02  0.1598E-02  0.1305E+01
   -1.124972   28.91228  0.7497E-13  0.2670E-04  0.5501E-07  0.3959E-02  0.1503E-02  0.1321E+01
   -1.237473   28.91291  0.7497E-13  0.2725E-04  0.5322E-07  0.4263E-02  0.1416E-02  0.1331E+01
   -1.349975   28.91348  0.7497E-13  0.2775E-04  0.5171E-07  0.4549E-02  0.1334E-02  0.1337E+01
   -1.462477   28.91402  0.7497E-13  0.2820E-04  0.5045E-07  0.4817E-02  0.1259E-02  0.1338E+01
   -1.574979   28.91452  0.7497E-13  0.2860E-04  0.4939E-07  0.5061E-02  0.1189E-02  0.1335E+01
   -1.687482   28.91499  0.7497E-13  0.2896E-04  0.4852E-07  0.5279E-02  0.1124E-02  0.1329E+01
   -1.799985   28.91544  0.7497E-13  0.2926E-04  0.4780E-07  0.5470E-02  0.1064E-02  0.1319E+01
   -1.912489   28.91587  0.7497E-13  0.2952E-04  0.4724E-07  0.5632E-02  0.1008E-02  0.1305E+01
   -2.024992   28.91628  0.7497E-13  0.2973E-04  0.4681E-07  0.5764E-02  0.9562E-03  0.1288E+01
   -2.137496   28.91669  0.7497E-13  0.2989E-04  0.4650E-07  0.5865E-02  0.9084E-03  0.1268E+01
   -2.250000   28.91708  0.7497E-13  0.3002E-04  0.4630E-07  0.5937E-02  0.8642E-03  0.1244E+01
   -2.362504   28.91747  0.7497E-13  0.3010E-04  0.4621E-07  0.5979E-02  0.8234E-03  0.1217E+01
   -2.475007   28.91786  0.7497E-13  0.3015E-04  0.4623E-07  0.5993E-02  0.7858E-03  0.1197E+01
   -2.587511   28.91824  0.7497E-13  0.3016E-04  0.4634E-07  0.5982E-02  0.7511E-03  0.1209E+01
   -2.700014   28.91863  0.7497E-13  0.3014E-04  0.4656E-07  0.5946E-02  0.7186E-03  0.1291E+01
   -2.812517   28.91901  0.7497E-13  0.3008E-04  0.4689E-07  0.5883E-02  0.6872E-03  0.1413E+01
   -2.925020   28.91940  0.7497E-13  0.2998E-04  0.4737E-07  0.5789E-02  0.6568E-03  0.1564E+01
   -3.037523   28.91980  0.7497E-13  0.2984E-04  0.4801E-07  0.5663E-02  0.6271E-03  0.1755E+01
   -3.150025   28.92020  0.7497E-13  0.2966E-04  0.4886E-07  0.5502E-02  0.5981E-03  0.2000E+01
   -3.262527   28.92061  0.7497E-13  0.2943E-04  0.4995E-07  0.5303E-02  0.5695E-03  0.2324E+01
   -3.375028   28.92104  0.7497E-13  0.2914E-04  0.5137E-07  0.5064E-02  0.5414E-03  0.2763E+01
   -3.487529   28.92149  0.7497E-13  0.2878E-04  0.5323E-07  0.4778E-02  0.5136E-03  0.3385E+01
   -3.600029   28.92197  0.7497E-13  0.2833E-04  0.5569E-07  0.4443E-02  0.4859E-03  0.4312E+01
   -3.712528   28.92248  0.7497E-13  0.2779E-04  0.5902E-07  0.4052E-02  0.4582E-03  0.5797E+01
   -3.825027   28.92303  0.7497E-13  0.2711E-04  0.6371E-07  0.3592E-02  0.4302E-03  0.8388E+01
   -3.937524   28.92366  0.7497E-13  0.2624E-04  0.7065E-07  0.3110E-02  0.4015E-03  0.1358E+02
   -4.050021   28.92439  0.7497E-13  0.2507E-04  0.8190E-07  0.2395E-02  0.3722E-03  0.2722E+02
   -4.162517   28.92534  0.7497E-13  0.2342E-04  0.1024E-06  0.2153E-02  0.3400E-03  0.5887E+02
   -4.275013   28.92638  0.7497E-13  0.2004E-04  0.1686E-06  0.8308E-03  0.3114E-03 -0.1314E+03
   -4.387507   28.93151  0.7497E-13  0.9007E-05  0.5832E-06  0.1164E-03  0.2527E-03 -0.6258E+04
   -4.500000   28.95045  0.7497E-13  0.0000E+00  0.0000E+00  0.0000E+00  0.2710E-03  0.0000E+00
