 1 - depth, m
 2 - temperature, C
 3 - salinity, kg/kg
 4 - turbulent kinetic energy, m**2/s**2
 5 - dissipation rate, m**2/s**3
 6 - kinematic heat conductance, m**2/s
 7 - modulus of horizontal velocity, m/s
 8 - Richardson number, n/d
   -0.000000   30.76961  0.1933E-13  0.6028E-05  0.2889E-06  0.6932E-04  0.8851E-03 -0.5457E+02
   -0.112493   30.81622  0.1933E-13  0.1390E-04  0.1140E-06  0.5486E-03  0.3263E-03  0.1767E+04
   -0.224987   30.82354  0.1933E-13  0.1681E-04  0.8247E-07  0.1219E-02  0.2417E-03  0.1166E+04
   -0.337482   30.82586  0.1933E-13  0.1858E-04  0.7089E-07  0.1550E-02  0.2133E-03  0.4266E+03
   -0.449979   30.82758  0.1933E-13  0.1996E-04  0.6381E-07  0.1974E-02  0.1922E-03  0.2830E+03
   -0.562476   30.82888  0.1933E-13  0.2109E-04  0.5897E-07  0.2356E-02  0.1761E-03  0.2137E+03
   -0.674974   30.82993  0.1933E-13  0.2203E-04  0.5541E-07  0.2720E-02  0.1631E-03  0.1757E+03
   -0.787472   30.83081  0.1933E-13  0.2284E-04  0.5268E-07  0.3061E-02  0.1521E-03  0.1522E+03
   -0.899972   30.83157  0.1933E-13  0.2354E-04  0.5051E-07  0.3381E-02  0.1427E-03  0.1368E+03
   -1.012472   30.83224  0.1933E-13  0.2416E-04  0.4876E-07  0.3680E-02  0.1344E-03  0.1265E+03
   -1.124972   30.83285  0.1933E-13  0.2470E-04  0.4730E-07  0.3957E-02  0.1270E-03  0.1194E+03
   -1.237474   30.83341  0.1933E-13  0.2517E-04  0.4609E-07  0.4214E-02  0.1203E-03  0.1149E+03
   -1.349975   30.83392  0.1933E-13  0.2560E-04  0.4507E-07  0.4450E-02  0.1142E-03  0.1120E+03
   -1.462478   30.83440  0.1933E-13  0.2597E-04  0.4421E-07  0.4666E-02  0.1086E-03  0.1107E+03
   -1.574980   30.83485  0.1933E-13  0.2630E-04  0.4348E-07  0.4862E-02  0.1034E-03  0.1105E+03
   -1.687483   30.83528  0.1933E-13  0.2658E-04  0.4286E-07  0.5037E-02  0.9861E-04  0.1115E+03
   -1.799986   30.83569  0.1933E-13  0.2683E-04  0.4235E-07  0.5192E-02  0.9409E-04  0.1134E+03
   -1.912490   30.83608  0.1933E-13  0.2704E-04  0.4192E-07  0.5326E-02  0.8984E-04  0.1163E+03
   -2.024994   30.83647  0.1933E-13  0.2722E-04  0.4158E-07  0.5439E-02  0.8584E-04  0.1202E+03
   -2.137497   30.83684  0.1933E-13  0.2737E-04  0.4132E-07  0.5530E-02  0.8203E-04  0.1253E+03
   -2.250001   30.83720  0.1933E-13  0.2748E-04  0.4114E-07  0.5600E-02  0.7842E-04  0.1315E+03
   -2.362505   30.83756  0.1933E-13  0.2756E-04  0.4104E-07  0.5647E-02  0.7496E-04  0.1391E+03
   -2.475009   30.83791  0.1933E-13  0.2761E-04  0.4101E-07  0.5670E-02  0.7166E-04  0.1482E+03
   -2.587512   30.83826  0.1933E-13  0.2762E-04  0.4108E-07  0.5669E-02  0.6848E-04  0.1593E+03
   -2.700016   30.83860  0.1933E-13  0.2761E-04  0.4123E-07  0.5643E-02  0.6542E-04  0.1726E+03
   -2.812519   30.83895  0.1933E-13  0.2755E-04  0.4149E-07  0.5589E-02  0.6246E-04  0.1891E+03
   -2.925022   30.83930  0.1933E-13  0.2747E-04  0.4186E-07  0.5506E-02  0.5959E-04  0.2093E+03
   -3.037524   30.83965  0.1933E-13  0.2734E-04  0.4238E-07  0.5393E-02  0.5680E-04  0.2350E+03
   -3.150027   30.84000  0.1933E-13  0.2717E-04  0.4307E-07  0.5246E-02  0.5407E-04  0.2679E+03
   -3.262528   30.84037  0.1933E-13  0.2696E-04  0.4398E-07  0.5064E-02  0.5140E-04  0.3114E+03
   -3.375030   30.84075  0.1933E-13  0.2669E-04  0.4516E-07  0.4842E-02  0.4878E-04  0.3703E+03
   -3.487530   30.84114  0.1933E-13  0.2636E-04  0.4671E-07  0.4576E-02  0.4619E-04  0.4537E+03
   -3.600030   30.84155  0.1933E-13  0.2595E-04  0.4878E-07  0.4263E-02  0.4362E-04  0.5777E+03
   -3.712530   30.84199  0.1933E-13  0.2545E-04  0.5158E-07  0.3897E-02  0.4105E-04  0.7760E+03
   -3.825029   30.84247  0.1933E-13  0.2483E-04  0.5553E-07  0.3466E-02  0.3847E-04  0.1120E+04
   -3.937526   30.84301  0.1933E-13  0.2404E-04  0.6139E-07  0.3003E-02  0.3583E-04  0.1809E+04
   -4.050023   30.84362  0.1933E-13  0.2298E-04  0.7084E-07  0.2336E-02  0.3314E-04  0.3580E+04
   -4.162520   30.84442  0.1933E-13  0.2150E-04  0.8804E-07  0.2085E-02  0.3022E-04  0.7771E+04
   -4.275015   30.84529  0.1933E-13  0.1848E-04  0.1434E-06  0.8135E-03  0.2762E-04 -0.1654E+05
   -4.387509   30.84942  0.1933E-13  0.8206E-05  0.4979E-06  0.1083E-03  0.2237E-04 -0.8207E+06
   -4.500002   30.86578  0.1933E-13  0.0000E+00  0.0000E+00  0.0000E+00  0.2399E-04  0.0000E+00
