 1 - depth, m
 2 - temperature, C
 3 - salinity, kg/kg
 4 - turbulent kinetic energy, m**2/s**2
 5 - dissipation rate, m**2/s**3
 6 - kinematic heat conductance, m**2/s
 7 - modulus of horizontal velocity, m/s
 8 - Richardson number, n/d
   -0.000000   30.81701  0.2194E-13  0.6048E-05  0.2883E-06  0.6835E-04  0.8273E-03 -0.6741E+02
   -0.112493   30.86475  0.2194E-13  0.1399E-04  0.1137E-06  0.5586E-03  0.3010E-03  0.1960E+04
   -0.224987   30.87189  0.2194E-13  0.1687E-04  0.8251E-07  0.1224E-02  0.2235E-03  0.1385E+04
   -0.337482   30.87419  0.2194E-13  0.1864E-04  0.7095E-07  0.1559E-02  0.1972E-03  0.5175E+03
   -0.449979   30.87590  0.2194E-13  0.2002E-04  0.6387E-07  0.1984E-02  0.1775E-03  0.3444E+03
   -0.562476   30.87718  0.2194E-13  0.2115E-04  0.5903E-07  0.2368E-02  0.1626E-03  0.2608E+03
   -0.674974   30.87822  0.2194E-13  0.2210E-04  0.5549E-07  0.2733E-02  0.1506E-03  0.2144E+03
   -0.787472   30.87909  0.2194E-13  0.2292E-04  0.5278E-07  0.3077E-02  0.1404E-03  0.1861E+03
   -0.899972   30.87984  0.2194E-13  0.2363E-04  0.5063E-07  0.3399E-02  0.1317E-03  0.1672E+03
   -1.012472   30.88050  0.2194E-13  0.2426E-04  0.4890E-07  0.3700E-02  0.1240E-03  0.1549E+03
   -1.124972   30.88110  0.2194E-13  0.2481E-04  0.4748E-07  0.3980E-02  0.1172E-03  0.1461E+03
   -1.237474   30.88165  0.2194E-13  0.2531E-04  0.4631E-07  0.4239E-02  0.1110E-03  0.1409E+03
   -1.349975   30.88216  0.2194E-13  0.2574E-04  0.4532E-07  0.4478E-02  0.1054E-03  0.1372E+03
   -1.462478   30.88263  0.2194E-13  0.2614E-04  0.4450E-07  0.4696E-02  0.1002E-03  0.1360E+03
   -1.574980   30.88308  0.2194E-13  0.2648E-04  0.4382E-07  0.4893E-02  0.9545E-04  0.1356E+03
   -1.687483   30.88351  0.2194E-13  0.2679E-04  0.4325E-07  0.5070E-02  0.9099E-04  0.1372E+03
   -1.799986   30.88392  0.2194E-13  0.2706E-04  0.4278E-07  0.5227E-02  0.8683E-04  0.1393E+03
   -1.912490   30.88431  0.2194E-13  0.2730E-04  0.4241E-07  0.5362E-02  0.8291E-04  0.1434E+03
   -2.024993   30.88470  0.2194E-13  0.2749E-04  0.4212E-07  0.5477E-02  0.7922E-04  0.1480E+03
   -2.137497   30.88507  0.2194E-13  0.2766E-04  0.4191E-07  0.5569E-02  0.7571E-04  0.1548E+03
   -2.250001   30.88543  0.2194E-13  0.2780E-04  0.4179E-07  0.5640E-02  0.7238E-04  0.1622E+03
   -2.362505   30.88580  0.2194E-13  0.2790E-04  0.4174E-07  0.5687E-02  0.6919E-04  0.1721E+03
   -2.475008   30.88615  0.2194E-13  0.2797E-04  0.4178E-07  0.5711E-02  0.6615E-04  0.1831E+03
   -2.587512   30.88651  0.2194E-13  0.2801E-04  0.4190E-07  0.5710E-02  0.6322E-04  0.1974E+03
   -2.700016   30.88686  0.2194E-13  0.2801E-04  0.4212E-07  0.5682E-02  0.6040E-04  0.2136E+03
   -2.812519   30.88721  0.2194E-13  0.2798E-04  0.4245E-07  0.5628E-02  0.5767E-04  0.2347E+03
   -2.925022   30.88757  0.2194E-13  0.2791E-04  0.4290E-07  0.5544E-02  0.5502E-04  0.2595E+03
   -3.037524   30.88793  0.2194E-13  0.2781E-04  0.4350E-07  0.5430E-02  0.5245E-04  0.2923E+03
   -3.150026   30.88830  0.2194E-13  0.2766E-04  0.4428E-07  0.5282E-02  0.4994E-04  0.3327E+03
   -3.262528   30.88868  0.2194E-13  0.2746E-04  0.4528E-07  0.5097E-02  0.4747E-04  0.3879E+03
   -3.375030   30.88907  0.2194E-13  0.2720E-04  0.4657E-07  0.4873E-02  0.4506E-04  0.4608E+03
   -3.487530   30.88948  0.2194E-13  0.2689E-04  0.4825E-07  0.4605E-02  0.4267E-04  0.5660E+03
   -3.600030   30.88991  0.2194E-13  0.2649E-04  0.5046E-07  0.4288E-02  0.4030E-04  0.7202E+03
   -3.712530   30.89037  0.2194E-13  0.2600E-04  0.5345E-07  0.3918E-02  0.3793E-04  0.9696E+03
   -3.825028   30.89088  0.2194E-13  0.2538E-04  0.5763E-07  0.3483E-02  0.3555E-04  0.1399E+04
   -3.937526   30.89145  0.2194E-13  0.2459E-04  0.6380E-07  0.3018E-02  0.3312E-04  0.2265E+04
   -4.050023   30.89211  0.2194E-13  0.2352E-04  0.7372E-07  0.2345E-02  0.3063E-04  0.4490E+04
   -4.162519   30.89295  0.2194E-13  0.2202E-04  0.9173E-07  0.2096E-02  0.2793E-04  0.9748E+04
   -4.275015   30.89389  0.2194E-13  0.1893E-04  0.1495E-06  0.8192E-03  0.2554E-04 -0.2134E+05
   -4.387509   30.89834  0.2194E-13  0.8449E-05  0.5192E-06  0.1098E-03  0.2071E-04 -0.1017E+07
   -4.500002   30.91593  0.2194E-13  0.0000E+00  0.0000E+00  0.0000E+00  0.2218E-04  0.0000E+00
