 1 - depth, m
 2 - temperature, C
 3 - salinity, kg/kg
 4 - turbulent kinetic energy, m**2/s**2
 5 - dissipation rate, m**2/s**3
 6 - kinematic heat conductance, m**2/s
 7 - modulus of horizontal velocity, m/s
 8 - Richardson number, n/d
   -0.000000   30.22503  0.8951E-13  0.5947E-05  0.2789E-06  0.6899E-04  0.1812E-02 -0.1285E+02
   -0.112493   30.27051  0.8951E-13  0.1338E-04  0.1097E-06  0.5486E-03  0.6675E-03  0.6188E+04
   -0.224987   30.27747  0.8951E-13  0.1616E-04  0.7913E-07  0.1169E-02  0.4991E-03  0.2903E+03
   -0.337482   30.27979  0.8951E-13  0.1787E-04  0.6774E-07  0.1507E-02  0.4391E-03  0.1041E+03
   -0.449979   30.28149  0.8951E-13  0.1921E-04  0.6083E-07  0.1922E-02  0.3949E-03  0.6810E+02
   -0.562476   30.28277  0.8951E-13  0.2030E-04  0.5614E-07  0.2298E-02  0.3615E-03  0.5103E+02
   -0.674974   30.28379  0.8951E-13  0.2122E-04  0.5271E-07  0.2656E-02  0.3344E-03  0.4182E+02
   -0.787472   30.28465  0.8951E-13  0.2200E-04  0.5009E-07  0.2993E-02  0.3117E-03  0.3606E+02
   -0.899972   30.28540  0.8951E-13  0.2269E-04  0.4802E-07  0.3309E-02  0.2922E-03  0.3238E+02
   -1.012472   30.28605  0.8951E-13  0.2329E-04  0.4634E-07  0.3605E-02  0.2751E-03  0.2981E+02
   -1.124972   30.28664  0.8951E-13  0.2383E-04  0.4497E-07  0.3879E-02  0.2598E-03  0.2816E+02
   -1.237474   30.28718  0.8951E-13  0.2430E-04  0.4383E-07  0.4134E-02  0.2460E-03  0.2698E+02
   -1.349975   30.28768  0.8951E-13  0.2472E-04  0.4288E-07  0.4368E-02  0.2334E-03  0.2634E+02
   -1.462478   30.28815  0.8951E-13  0.2510E-04  0.4209E-07  0.4582E-02  0.2219E-03  0.2593E+02
   -1.574980   30.28859  0.8951E-13  0.2543E-04  0.4142E-07  0.4777E-02  0.2112E-03  0.2592E+02
   -1.687483   30.28901  0.8951E-13  0.2572E-04  0.4086E-07  0.4951E-02  0.2013E-03  0.2605E+02
   -1.799986   30.28942  0.8951E-13  0.2598E-04  0.4041E-07  0.5105E-02  0.1920E-03  0.2655E+02
   -1.912490   30.28980  0.8951E-13  0.2620E-04  0.4004E-07  0.5238E-02  0.1833E-03  0.2713E+02
   -2.024994   30.29018  0.8951E-13  0.2639E-04  0.3975E-07  0.5351E-02  0.1750E-03  0.2810E+02
   -2.137497   30.29055  0.8951E-13  0.2655E-04  0.3954E-07  0.5443E-02  0.1672E-03  0.2918E+02
   -2.250001   30.29090  0.8951E-13  0.2668E-04  0.3941E-07  0.5513E-02  0.1598E-03  0.3069E+02
   -2.362505   30.29126  0.8951E-13  0.2677E-04  0.3935E-07  0.5560E-02  0.1527E-03  0.3235E+02
   -2.475009   30.29161  0.8951E-13  0.2684E-04  0.3937E-07  0.5585E-02  0.1459E-03  0.3455E+02
   -2.587512   30.29195  0.8951E-13  0.2687E-04  0.3947E-07  0.5585E-02  0.1394E-03  0.3700E+02
   -2.700016   30.29230  0.8951E-13  0.2688E-04  0.3966E-07  0.5560E-02  0.1331E-03  0.4019E+02
   -2.812519   30.29264  0.8951E-13  0.2684E-04  0.3996E-07  0.5508E-02  0.1271E-03  0.4386E+02
   -2.925022   30.29299  0.8951E-13  0.2678E-04  0.4037E-07  0.5427E-02  0.1212E-03  0.4868E+02
   -3.037525   30.29334  0.8951E-13  0.2667E-04  0.4091E-07  0.5317E-02  0.1154E-03  0.5448E+02
   -3.150027   30.29370  0.8951E-13  0.2653E-04  0.4163E-07  0.5173E-02  0.1098E-03  0.6224E+02
   -3.262529   30.29407  0.8951E-13  0.2634E-04  0.4255E-07  0.4994E-02  0.1044E-03  0.7213E+02
   -3.375030   30.29445  0.8951E-13  0.2609E-04  0.4375E-07  0.4777E-02  0.9900E-04  0.8597E+02
   -3.487530   30.29485  0.8951E-13  0.2579E-04  0.4530E-07  0.4516E-02  0.9370E-04  0.1050E+03
   -3.600031   30.29527  0.8951E-13  0.2541E-04  0.4735E-07  0.4208E-02  0.8843E-04  0.1340E+03
   -3.712530   30.29572  0.8951E-13  0.2494E-04  0.5013E-07  0.3848E-02  0.8318E-04  0.1796E+03
   -3.825029   30.29621  0.8951E-13  0.2435E-04  0.5401E-07  0.3425E-02  0.7789E-04  0.2594E+03
   -3.937527   30.29676  0.8951E-13  0.2359E-04  0.5973E-07  0.2969E-02  0.7250E-04  0.4184E+03
   -4.050024   30.29739  0.8951E-13  0.2258E-04  0.6892E-07  0.2317E-02  0.6700E-04  0.8273E+03
   -4.162520   30.29821  0.8951E-13  0.2115E-04  0.8557E-07  0.2063E-02  0.6106E-04  0.1800E+04
   -4.275015   30.29911  0.8951E-13  0.1823E-04  0.1388E-06  0.8133E-03  0.5574E-04 -0.3755E+04
   -4.387509   30.30334  0.8951E-13  0.8103E-05  0.4832E-06  0.1060E-03  0.4521E-04 -0.1953E+06
   -4.500002   30.32077  0.8951E-13  0.0000E+00  0.0000E+00  0.0000E+00  0.4840E-04  0.0000E+00
