 1 - depth, m
 2 - temperature, C
 3 - salinity, kg/kg
 4 - turbulent kinetic energy, m**2/s**2
 5 - dissipation rate, m**2/s**3
 6 - kinematic heat conductance, m**2/s
 7 - modulus of horizontal velocity, m/s
 8 - Richardson number, n/d
   -0.000000   30.26627  0.1253E-13  0.6081E-05  0.2615E-06  0.6377E-04  0.2632E-02 -0.5457E+01
   -0.112493   30.31325  0.1253E-13  0.1345E-04  0.1019E-06  0.6308E-03  0.8796E-03  0.1580E+05
   -0.224987   30.31892  0.1253E-13  0.1594E-04  0.7545E-07  0.1170E-02  0.6814E-03  0.1254E+03
   -0.337482   30.32113  0.1253E-13  0.1756E-04  0.6481E-07  0.1526E-02  0.5995E-03  0.4883E+02
   -0.449979   30.32274  0.1253E-13  0.1882E-04  0.5829E-07  0.1927E-02  0.5398E-03  0.3226E+02
   -0.562476   30.32396  0.1253E-13  0.1986E-04  0.5384E-07  0.2295E-02  0.4942E-03  0.2441E+02
   -0.674974   30.32494  0.1253E-13  0.2074E-04  0.5057E-07  0.2646E-02  0.4572E-03  0.2008E+02
   -0.787472   30.32577  0.1253E-13  0.2149E-04  0.4806E-07  0.2976E-02  0.4260E-03  0.1740E+02
   -0.899972   30.32648  0.1253E-13  0.2215E-04  0.4608E-07  0.3286E-02  0.3992E-03  0.1565E+02
   -1.012472   30.32712  0.1253E-13  0.2273E-04  0.4447E-07  0.3575E-02  0.3756E-03  0.1446E+02
   -1.124972   30.32769  0.1253E-13  0.2324E-04  0.4315E-07  0.3845E-02  0.3546E-03  0.1366E+02
   -1.237474   30.32821  0.1253E-13  0.2369E-04  0.4206E-07  0.4094E-02  0.3357E-03  0.1314E+02
   -1.349976   30.32870  0.1253E-13  0.2409E-04  0.4114E-07  0.4324E-02  0.3184E-03  0.1282E+02
   -1.462478   30.32915  0.1253E-13  0.2445E-04  0.4037E-07  0.4534E-02  0.3025E-03  0.1266E+02
   -1.574980   30.32958  0.1253E-13  0.2477E-04  0.3972E-07  0.4725E-02  0.2878E-03  0.1265E+02
   -1.687483   30.32998  0.1253E-13  0.2505E-04  0.3918E-07  0.4896E-02  0.2742E-03  0.1275E+02
   -1.799987   30.33037  0.1253E-13  0.2529E-04  0.3873E-07  0.5047E-02  0.2614E-03  0.1298E+02
   -1.912490   30.33075  0.1253E-13  0.2550E-04  0.3836E-07  0.5178E-02  0.2494E-03  0.1330E+02
   -2.024994   30.33111  0.1253E-13  0.2568E-04  0.3808E-07  0.5289E-02  0.2380E-03  0.1376E+02
   -2.137497   30.33147  0.1253E-13  0.2583E-04  0.3787E-07  0.5379E-02  0.2273E-03  0.1433E+02
   -2.250001   30.33182  0.1253E-13  0.2594E-04  0.3773E-07  0.5447E-02  0.2171E-03  0.1505E+02
   -2.362505   30.33216  0.1253E-13  0.2603E-04  0.3766E-07  0.5494E-02  0.2074E-03  0.1590E+02
   -2.475009   30.33249  0.1253E-13  0.2609E-04  0.3767E-07  0.5518E-02  0.1981E-03  0.1696E+02
   -2.587512   30.33283  0.1253E-13  0.2612E-04  0.3775E-07  0.5518E-02  0.1891E-03  0.1821E+02
   -2.700016   30.33316  0.1253E-13  0.2611E-04  0.3792E-07  0.5493E-02  0.1805E-03  0.1974E+02
   -2.812519   30.33349  0.1253E-13  0.2608E-04  0.3819E-07  0.5441E-02  0.1722E-03  0.2161E+02
   -2.925022   30.33383  0.1253E-13  0.2601E-04  0.3857E-07  0.5362E-02  0.1641E-03  0.2394E+02
   -3.037525   30.33417  0.1253E-13  0.2590E-04  0.3908E-07  0.5253E-02  0.1563E-03  0.2686E+02
   -3.150027   30.33451  0.1253E-13  0.2576E-04  0.3974E-07  0.5111E-02  0.1486E-03  0.3063E+02
   -3.262529   30.33487  0.1253E-13  0.2557E-04  0.4061E-07  0.4935E-02  0.1411E-03  0.3558E+02
   -3.375030   30.33523  0.1253E-13  0.2533E-04  0.4173E-07  0.4721E-02  0.1338E-03  0.4234E+02
   -3.487531   30.33561  0.1253E-13  0.2503E-04  0.4319E-07  0.4464E-02  0.1265E-03  0.5183E+02
   -3.600031   30.33601  0.1253E-13  0.2466E-04  0.4513E-07  0.4160E-02  0.1194E-03  0.6603E+02
   -3.712530   30.33644  0.1253E-13  0.2420E-04  0.4775E-07  0.3806E-02  0.1122E-03  0.8862E+02
   -3.825029   30.33691  0.1253E-13  0.2362E-04  0.5141E-07  0.3389E-02  0.1050E-03  0.1278E+03
   -3.937527   30.33744  0.1253E-13  0.2289E-04  0.5682E-07  0.2938E-02  0.9766E-04  0.2063E+03
   -4.050024   30.33804  0.1253E-13  0.2191E-04  0.6551E-07  0.2299E-02  0.9019E-04  0.4065E+03
   -4.162520   30.33882  0.1253E-13  0.2053E-04  0.8122E-07  0.2042E-02  0.8212E-04  0.8851E+03
   -4.275015   30.33968  0.1253E-13  0.1771E-04  0.1314E-06  0.8073E-03  0.7491E-04 -0.1768E+04
   -4.387509   30.34365  0.1253E-13  0.7839E-05  0.4582E-06  0.1036E-03  0.6069E-04 -0.9612E+05
   -4.500002   30.36025  0.1253E-13  0.0000E+00  0.0000E+00  0.0000E+00  0.6494E-04  0.0000E+00
