 1 - depth, m
 2 - temperature, C
 3 - salinity, kg/kg
 4 - turbulent kinetic energy, m**2/s**2
 5 - dissipation rate, m**2/s**3
 6 - kinematic heat conductance, m**2/s
 7 - modulus of horizontal velocity, m/s
 8 - Richardson number, n/d
   -0.000000   30.03875  0.1111E-12  0.6059E-05  0.2297E-06  0.5882E-04  0.2837E-02 -0.4303E+01
   -0.112493   30.08707  0.1111E-12  0.1332E-04  0.8975E-07  0.7137E-03  0.8506E-03  0.2936E+05
   -0.224987   30.09139  0.1111E-12  0.1543E-04  0.6903E-07  0.1172E-02  0.6839E-03  0.1093E+03
   -0.337483   30.09346  0.1111E-12  0.1687E-04  0.5962E-07  0.1533E-02  0.6024E-03  0.4495E+02
   -0.449979   30.09496  0.1111E-12  0.1800E-04  0.5373E-07  0.1912E-02  0.5431E-03  0.3025E+02
   -0.562476   30.09610  0.1111E-12  0.1894E-04  0.4965E-07  0.2266E-02  0.4972E-03  0.2313E+02
   -0.674974   30.09702  0.1111E-12  0.1973E-04  0.4663E-07  0.2601E-02  0.4599E-03  0.1913E+02
   -0.787472   30.09780  0.1111E-12  0.2042E-04  0.4431E-07  0.2917E-02  0.4283E-03  0.1663E+02
   -0.899972   30.09848  0.1111E-12  0.2101E-04  0.4246E-07  0.3214E-02  0.4011E-03  0.1500E+02
   -1.012472   30.09908  0.1111E-12  0.2154E-04  0.4095E-07  0.3492E-02  0.3772E-03  0.1388E+02
   -1.124973   30.09962  0.1111E-12  0.2200E-04  0.3971E-07  0.3751E-02  0.3558E-03  0.1314E+02
   -1.237474   30.10011  0.1111E-12  0.2242E-04  0.3868E-07  0.3991E-02  0.3365E-03  0.1264E+02
   -1.349976   30.10057  0.1111E-12  0.2278E-04  0.3781E-07  0.4212E-02  0.3189E-03  0.1235E+02
   -1.462478   30.10100  0.1111E-12  0.2311E-04  0.3708E-07  0.4414E-02  0.3028E-03  0.1221E+02
   -1.574981   30.10140  0.1111E-12  0.2340E-04  0.3647E-07  0.4598E-02  0.2879E-03  0.1221E+02
   -1.687483   30.10178  0.1111E-12  0.2365E-04  0.3595E-07  0.4762E-02  0.2740E-03  0.1232E+02
   -1.799987   30.10215  0.1111E-12  0.2387E-04  0.3552E-07  0.4908E-02  0.2610E-03  0.1255E+02
   -1.912490   30.10251  0.1111E-12  0.2406E-04  0.3517E-07  0.5034E-02  0.2488E-03  0.1288E+02
   -2.024994   30.10285  0.1111E-12  0.2422E-04  0.3489E-07  0.5141E-02  0.2373E-03  0.1334E+02
   -2.137498   30.10318  0.1111E-12  0.2436E-04  0.3469E-07  0.5228E-02  0.2264E-03  0.1390E+02
   -2.250001   30.10351  0.1111E-12  0.2446E-04  0.3454E-07  0.5294E-02  0.2160E-03  0.1461E+02
   -2.362505   30.10383  0.1111E-12  0.2454E-04  0.3447E-07  0.5340E-02  0.2062E-03  0.1546E+02
   -2.475009   30.10415  0.1111E-12  0.2459E-04  0.3446E-07  0.5363E-02  0.1967E-03  0.1651E+02
   -2.587513   30.10446  0.1111E-12  0.2461E-04  0.3453E-07  0.5363E-02  0.1877E-03  0.1775E+02
   -2.700016   30.10478  0.1111E-12  0.2461E-04  0.3468E-07  0.5339E-02  0.1789E-03  0.1926E+02
   -2.812519   30.10509  0.1111E-12  0.2457E-04  0.3491E-07  0.5290E-02  0.1705E-03  0.2111E+02
   -2.925022   30.10541  0.1111E-12  0.2450E-04  0.3524E-07  0.5214E-02  0.1624E-03  0.2341E+02
   -3.037525   30.10573  0.1111E-12  0.2440E-04  0.3570E-07  0.5109E-02  0.1545E-03  0.2630E+02
   -3.150027   30.10605  0.1111E-12  0.2426E-04  0.3630E-07  0.4973E-02  0.1468E-03  0.3004E+02
   -3.262529   30.10638  0.1111E-12  0.2408E-04  0.3707E-07  0.4803E-02  0.1392E-03  0.3494E+02
   -3.375030   30.10673  0.1111E-12  0.2386E-04  0.3808E-07  0.4596E-02  0.1318E-03  0.4163E+02
   -3.487531   30.10709  0.1111E-12  0.2358E-04  0.3940E-07  0.4348E-02  0.1245E-03  0.5103E+02
   -3.600031   30.10746  0.1111E-12  0.2323E-04  0.4115E-07  0.4056E-02  0.1173E-03  0.6509E+02
   -3.712530   30.10787  0.1111E-12  0.2281E-04  0.4352E-07  0.3714E-02  0.1101E-03  0.8744E+02
   -3.825029   30.10831  0.1111E-12  0.2227E-04  0.4682E-07  0.3313E-02  0.1029E-03  0.1262E+03
   -3.937527   30.10880  0.1111E-12  0.2159E-04  0.5170E-07  0.2874E-02  0.9561E-04  0.2037E+03
   -4.050024   30.10937  0.1111E-12  0.2068E-04  0.5949E-07  0.2262E-02  0.8816E-04  0.3998E+03
   -4.162520   30.11009  0.1111E-12  0.1940E-04  0.7354E-07  0.1999E-02  0.8017E-04  0.8792E+03
   -4.275015   30.11090  0.1111E-12  0.1681E-04  0.1181E-06  0.8017E-03  0.7299E-04 -0.1660E+04
   -4.387510   30.11454  0.1111E-12  0.7403E-05  0.4138E-06  0.9840E-04  0.5914E-04 -0.1027E+06
   -4.500003   30.13085  0.1111E-12  0.0000E+00  0.0000E+00  0.0000E+00  0.6316E-04  0.0000E+00
