 1 - depth, m
 2 - temperature, C
 3 - salinity, kg/kg
 4 - turbulent kinetic energy, m**2/s**2
 5 - dissipation rate, m**2/s**3
 6 - kinematic heat conductance, m**2/s
 7 - modulus of horizontal velocity, m/s
 8 - Richardson number, n/d
   -0.000000   31.53353  0.2688E-13  0.6547E-05  0.3113E-06  0.6400E-04  0.4564E-03 -0.2320E+03
   -0.112493   31.59055  0.2688E-13  0.1558E-04  0.1242E-06  0.6620E-03  0.1545E-03  0.4146E+04
   -0.224987   31.59662  0.2688E-13  0.1850E-04  0.9263E-07  0.1279E-02  0.1192E-03  0.3837E+04
   -0.337482   31.59910  0.2688E-13  0.2038E-04  0.7997E-07  0.1645E-02  0.1055E-03  0.1641E+04
   -0.449978   31.60092  0.2688E-13  0.2185E-04  0.7214E-07  0.2080E-02  0.9544E-04  0.1121E+04
   -0.562475   31.60230  0.2688E-13  0.2305E-04  0.6673E-07  0.2475E-02  0.8769E-04  0.8571E+03
   -0.674973   31.60341  0.2688E-13  0.2405E-04  0.6273E-07  0.2851E-02  0.8139E-04  0.7085E+03
   -0.787472   31.60435  0.2688E-13  0.2491E-04  0.5964E-07  0.3203E-02  0.7608E-04  0.6144E+03
   -0.899971   31.60517  0.2688E-13  0.2565E-04  0.5717E-07  0.3533E-02  0.7148E-04  0.5526E+03
   -1.012471   31.60588  0.2688E-13  0.2629E-04  0.5516E-07  0.3841E-02  0.6744E-04  0.5096E+03
   -1.124972   31.60653  0.2688E-13  0.2685E-04  0.5349E-07  0.4127E-02  0.6382E-04  0.4805E+03
   -1.237473   31.60712  0.2688E-13  0.2735E-04  0.5208E-07  0.4391E-02  0.6055E-04  0.4601E+03
   -1.349975   31.60767  0.2688E-13  0.2779E-04  0.5089E-07  0.4635E-02  0.5756E-04  0.4474E+03
   -1.462477   31.60818  0.2688E-13  0.2817E-04  0.4988E-07  0.4857E-02  0.5481E-04  0.4397E+03
   -1.574980   31.60866  0.2688E-13  0.2850E-04  0.4901E-07  0.5057E-02  0.5226E-04  0.4373E+03
   -1.687483   31.60912  0.2688E-13  0.2879E-04  0.4827E-07  0.5237E-02  0.4989E-04  0.4383E+03
   -1.799986   31.60956  0.2688E-13  0.2904E-04  0.4765E-07  0.5396E-02  0.4766E-04  0.4437E+03
   -1.912489   31.60997  0.2688E-13  0.2925E-04  0.4712E-07  0.5533E-02  0.4557E-04  0.4521E+03
   -2.024993   31.61038  0.2688E-13  0.2942E-04  0.4669E-07  0.5648E-02  0.4358E-04  0.4648E+03
   -2.137497   31.61077  0.2688E-13  0.2955E-04  0.4635E-07  0.5742E-02  0.4170E-04  0.4808E+03
   -2.250000   31.61115  0.2688E-13  0.2965E-04  0.4610E-07  0.5812E-02  0.3991E-04  0.5018E+03
   -2.362504   31.61153  0.2688E-13  0.2972E-04  0.4593E-07  0.5859E-02  0.3820E-04  0.5265E+03
   -2.475008   31.61190  0.2688E-13  0.2975E-04  0.4586E-07  0.5882E-02  0.3656E-04  0.5578E+03
   -2.587511   31.61226  0.2688E-13  0.2974E-04  0.4587E-07  0.5879E-02  0.3498E-04  0.5943E+03
   -2.700015   31.61263  0.2688E-13  0.2970E-04  0.4600E-07  0.5850E-02  0.3346E-04  0.6400E+03
   -2.812518   31.61299  0.2688E-13  0.2963E-04  0.4623E-07  0.5792E-02  0.3198E-04  0.6950E+03
   -2.925021   31.61335  0.2688E-13  0.2951E-04  0.4660E-07  0.5705E-02  0.3055E-04  0.7645E+03
   -3.037524   31.61371  0.2688E-13  0.2935E-04  0.4713E-07  0.5585E-02  0.2915E-04  0.8509E+03
   -3.150026   31.61408  0.2688E-13  0.2915E-04  0.4785E-07  0.5431E-02  0.2779E-04  0.9634E+03
   -3.262528   31.61446  0.2688E-13  0.2890E-04  0.4880E-07  0.5240E-02  0.2645E-04  0.1110E+04
   -3.375029   31.61485  0.2688E-13  0.2859E-04  0.5007E-07  0.5008E-02  0.2514E-04  0.1312E+04
   -3.487529   31.61525  0.2688E-13  0.2821E-04  0.5174E-07  0.4730E-02  0.2383E-04  0.1594E+04
   -3.600029   31.61568  0.2688E-13  0.2775E-04  0.5400E-07  0.4402E-02  0.2254E-04  0.2017E+04
   -3.712529   31.61613  0.2688E-13  0.2720E-04  0.5708E-07  0.4020E-02  0.2125E-04  0.2688E+04
   -3.825027   31.61662  0.2688E-13  0.2651E-04  0.6144E-07  0.3568E-02  0.1994E-04  0.3859E+04
   -3.937525   31.61717  0.2688E-13  0.2563E-04  0.6794E-07  0.3093E-02  0.1860E-04  0.6192E+04
   -4.050022   31.61780  0.2688E-13  0.2448E-04  0.7852E-07  0.2388E-02  0.1724E-04  0.1227E+05
   -4.162518   31.61861  0.2688E-13  0.2285E-04  0.9791E-07  0.2145E-02  0.1574E-04  0.2621E+05
   -4.275014   31.61950  0.2688E-13  0.1955E-04  0.1606E-06  0.8275E-03  0.1442E-04 -0.5610E+05
   -4.387508   31.62382  0.2688E-13  0.8720E-05  0.5560E-06  0.1143E-03  0.1170E-04 -0.2720E+07
   -4.500001   31.63985  0.2688E-13  0.0000E+00  0.0000E+00  0.0000E+00  0.1256E-04  0.0000E+00
