 1 - depth, m
 2 - temperature, C
 3 - salinity, kg/kg
 4 - turbulent kinetic energy, m**2/s**2
 5 - dissipation rate, m**2/s**3
 6 - kinematic heat conductance, m**2/s
 7 - modulus of horizontal velocity, m/s
 8 - Richardson number, n/d
   -0.000000   29.75423  0.7241E-13  0.5905E-05  0.2117E-06  0.5985E-04  0.2063E-02 -0.6975E+01
   -0.112493   29.80101  0.7241E-13  0.1367E-04  0.8510E-07  0.7848E-03  0.5750E-03  0.6466E+05
   -0.224987   29.80439  0.7241E-13  0.1566E-04  0.6764E-07  0.1223E-02  0.4737E-03  0.1697E+03
   -0.337483   29.80638  0.7241E-13  0.1704E-04  0.5879E-07  0.1584E-02  0.4186E-03  0.8357E+02
   -0.449979   29.80782  0.7241E-13  0.1815E-04  0.5317E-07  0.1958E-02  0.3784E-03  0.5803E+02
   -0.562476   29.80893  0.7241E-13  0.1907E-04  0.4925E-07  0.2312E-02  0.3469E-03  0.4510E+02
   -0.674974   29.80984  0.7241E-13  0.1985E-04  0.4633E-07  0.2646E-02  0.3212E-03  0.3763E+02
   -0.787472   29.81060  0.7241E-13  0.2053E-04  0.4407E-07  0.2961E-02  0.2994E-03  0.3292E+02
   -0.899972   29.81127  0.7241E-13  0.2112E-04  0.4227E-07  0.3257E-02  0.2806E-03  0.2980E+02
   -1.012472   29.81187  0.7241E-13  0.2164E-04  0.4081E-07  0.3534E-02  0.2640E-03  0.2768E+02
   -1.124973   29.81240  0.7241E-13  0.2210E-04  0.3961E-07  0.3792E-02  0.2491E-03  0.2625E+02
   -1.237474   29.81290  0.7241E-13  0.2251E-04  0.3860E-07  0.4031E-02  0.2357E-03  0.2533E+02
   -1.349976   29.81335  0.7241E-13  0.2288E-04  0.3776E-07  0.4252E-02  0.2235E-03  0.2478E+02
   -1.462478   29.81378  0.7241E-13  0.2320E-04  0.3704E-07  0.4453E-02  0.2122E-03  0.2454E+02
   -1.574981   29.81418  0.7241E-13  0.2349E-04  0.3644E-07  0.4636E-02  0.2018E-03  0.2456E+02
   -1.687484   29.81457  0.7241E-13  0.2374E-04  0.3594E-07  0.4800E-02  0.1921E-03  0.2481E+02
   -1.799987   29.81494  0.7241E-13  0.2396E-04  0.3553E-07  0.4945E-02  0.1831E-03  0.2528E+02
   -1.912490   29.81529  0.7241E-13  0.2416E-04  0.3519E-07  0.5070E-02  0.1745E-03  0.2598E+02
   -2.024994   29.81564  0.7241E-13  0.2432E-04  0.3492E-07  0.5176E-02  0.1665E-03  0.2690E+02
   -2.137498   29.81597  0.7241E-13  0.2445E-04  0.3472E-07  0.5262E-02  0.1589E-03  0.2807E+02
   -2.250002   29.81630  0.7241E-13  0.2455E-04  0.3459E-07  0.5327E-02  0.1516E-03  0.2950E+02
   -2.362505   29.81663  0.7241E-13  0.2463E-04  0.3452E-07  0.5371E-02  0.1447E-03  0.3125E+02
   -2.475009   29.81694  0.7241E-13  0.2468E-04  0.3452E-07  0.5393E-02  0.1381E-03  0.3335E+02
   -2.587513   29.81726  0.7241E-13  0.2470E-04  0.3460E-07  0.5392E-02  0.1318E-03  0.3588E+02
   -2.700016   29.81758  0.7241E-13  0.2470E-04  0.3475E-07  0.5367E-02  0.1257E-03  0.3894E+02
   -2.812520   29.81789  0.7241E-13  0.2466E-04  0.3499E-07  0.5317E-02  0.1198E-03  0.4270E+02
   -2.925023   29.81821  0.7241E-13  0.2459E-04  0.3533E-07  0.5239E-02  0.1141E-03  0.4734E+02
   -3.037525   29.81853  0.7241E-13  0.2449E-04  0.3579E-07  0.5133E-02  0.1086E-03  0.5322E+02
   -3.150027   29.81886  0.7241E-13  0.2435E-04  0.3639E-07  0.4995E-02  0.1032E-03  0.6075E+02
   -3.262529   29.81919  0.7241E-13  0.2417E-04  0.3718E-07  0.4823E-02  0.9787E-04  0.7071E+02
   -3.375031   29.81954  0.7241E-13  0.2394E-04  0.3820E-07  0.4615E-02  0.9269E-04  0.8421E+02
   -3.487531   29.81990  0.7241E-13  0.2366E-04  0.3953E-07  0.4365E-02  0.8758E-04  0.1033E+03
   -3.600031   29.82028  0.7241E-13  0.2331E-04  0.4129E-07  0.4071E-02  0.8252E-04  0.1317E+03
   -3.712531   29.82069  0.7241E-13  0.2288E-04  0.4367E-07  0.3726E-02  0.7748E-04  0.1770E+03
   -3.825029   29.82113  0.7241E-13  0.2235E-04  0.4699E-07  0.3323E-02  0.7242E-04  0.2553E+03
   -3.937527   29.82163  0.7241E-13  0.2166E-04  0.5190E-07  0.2882E-02  0.6729E-04  0.4122E+03
   -4.050024   29.82220  0.7241E-13  0.2075E-04  0.5974E-07  0.2267E-02  0.6205E-04  0.8088E+03
   -4.162521   29.82293  0.7241E-13  0.1946E-04  0.7389E-07  0.2004E-02  0.5644E-04  0.1774E+04
   -4.275016   29.82374  0.7241E-13  0.1685E-04  0.1188E-06  0.8018E-03  0.5140E-04 -0.3355E+04
   -4.387510   29.82741  0.7241E-13  0.7418E-05  0.4161E-06  0.9882E-04  0.4163E-04 -0.2038E+06
   -4.500003   29.84364  0.7241E-13  0.0000E+00  0.0000E+00  0.0000E+00  0.4448E-04  0.0000E+00
