 1 - depth, m
 2 - temperature, C
 3 - salinity, kg/kg
 4 - turbulent kinetic energy, m**2/s**2
 5 - dissipation rate, m**2/s**3
 6 - kinematic heat conductance, m**2/s
 7 - modulus of horizontal velocity, m/s
 8 - Richardson number, n/d
   -0.000000   30.35388  0.4713E-13  0.5983E-05  0.2693E-06  0.6675E-04  0.2016E-02 -0.9866E+01
   -0.112493   30.39965  0.4713E-13  0.1347E-04  0.1059E-06  0.5943E-03  0.6999E-03  0.1965E+05
   -0.224987   30.40595  0.4713E-13  0.1612E-04  0.7750E-07  0.1178E-02  0.5325E-03  0.2255E+03
   -0.337483   30.40820  0.4713E-13  0.1779E-04  0.6653E-07  0.1523E-02  0.4687E-03  0.8415E+02
   -0.449979   30.40986  0.4713E-13  0.1909E-04  0.5984E-07  0.1930E-02  0.4219E-03  0.5557E+02
   -0.562476   30.41112  0.4713E-13  0.2015E-04  0.5526E-07  0.2301E-02  0.3862E-03  0.4196E+02
   -0.674974   30.41213  0.4713E-13  0.2105E-04  0.5190E-07  0.2655E-02  0.3573E-03  0.3451E+02
   -0.787472   30.41298  0.4713E-13  0.2181E-04  0.4931E-07  0.2987E-02  0.3330E-03  0.2988E+02
   -0.899972   30.41372  0.4713E-13  0.2248E-04  0.4726E-07  0.3298E-02  0.3121E-03  0.2686E+02
   -1.012472   30.41437  0.4713E-13  0.2306E-04  0.4560E-07  0.3589E-02  0.2936E-03  0.2480E+02
   -1.124973   30.41496  0.4713E-13  0.2357E-04  0.4422E-07  0.3859E-02  0.2772E-03  0.2340E+02
   -1.237474   30.41550  0.4713E-13  0.2402E-04  0.4307E-07  0.4110E-02  0.2624E-03  0.2247E+02
   -1.349976   30.41599  0.4713E-13  0.2442E-04  0.4210E-07  0.4340E-02  0.2489E-03  0.2189E+02
   -1.462478   30.41646  0.4713E-13  0.2477E-04  0.4127E-07  0.4551E-02  0.2365E-03  0.2159E+02
   -1.574980   30.41689  0.4713E-13  0.2508E-04  0.4058E-07  0.4742E-02  0.2251E-03  0.2152E+02
   -1.687483   30.41731  0.4713E-13  0.2535E-04  0.3999E-07  0.4913E-02  0.2144E-03  0.2165E+02
   -1.799987   30.41771  0.4713E-13  0.2558E-04  0.3949E-07  0.5064E-02  0.2044E-03  0.2197E+02
   -1.912490   30.41809  0.4713E-13  0.2578E-04  0.3908E-07  0.5195E-02  0.1951E-03  0.2248E+02
   -2.024994   30.41846  0.4713E-13  0.2594E-04  0.3875E-07  0.5305E-02  0.1862E-03  0.2318E+02
   -2.137497   30.41882  0.4713E-13  0.2608E-04  0.3849E-07  0.5395E-02  0.1778E-03  0.2409E+02
   -2.250001   30.41917  0.4713E-13  0.2618E-04  0.3831E-07  0.5464E-02  0.1698E-03  0.2522E+02
   -2.362505   30.41951  0.4713E-13  0.2625E-04  0.3820E-07  0.5510E-02  0.1622E-03  0.2660E+02
   -2.475009   30.41985  0.4713E-13  0.2630E-04  0.3816E-07  0.5534E-02  0.1550E-03  0.2826E+02
   -2.587512   30.42018  0.4713E-13  0.2631E-04  0.3820E-07  0.5533E-02  0.1480E-03  0.3027E+02
   -2.700016   30.42052  0.4713E-13  0.2629E-04  0.3833E-07  0.5508E-02  0.1412E-03  0.3271E+02
   -2.812519   30.42085  0.4713E-13  0.2624E-04  0.3856E-07  0.5457E-02  0.1347E-03  0.3570E+02
   -2.925022   30.42118  0.4713E-13  0.2615E-04  0.3889E-07  0.5377E-02  0.1284E-03  0.3941E+02
   -3.037525   30.42152  0.4713E-13  0.2603E-04  0.3936E-07  0.5268E-02  0.1223E-03  0.4410E+02
   -3.150027   30.42186  0.4713E-13  0.2586E-04  0.3998E-07  0.5126E-02  0.1163E-03  0.5012E+02
   -3.262529   30.42221  0.4713E-13  0.2566E-04  0.4080E-07  0.4949E-02  0.1105E-03  0.5806E+02
   -3.375030   30.42257  0.4713E-13  0.2540E-04  0.4188E-07  0.4734E-02  0.1047E-03  0.6884E+02
   -3.487531   30.42295  0.4713E-13  0.2508E-04  0.4329E-07  0.4477E-02  0.9908E-04  0.8405E+02
   -3.600031   30.42334  0.4713E-13  0.2470E-04  0.4518E-07  0.4173E-02  0.9347E-04  0.1067E+03
   -3.712530   30.42376  0.4713E-13  0.2422E-04  0.4775E-07  0.3817E-02  0.8787E-04  0.1428E+03
   -3.825029   30.42422  0.4713E-13  0.2364E-04  0.5137E-07  0.3400E-02  0.8223E-04  0.2053E+03
   -3.937527   30.42473  0.4713E-13  0.2289E-04  0.5672E-07  0.2948E-02  0.7651E-04  0.3303E+03
   -4.050024   30.42531  0.4713E-13  0.2189E-04  0.6534E-07  0.2305E-02  0.7067E-04  0.6486E+03
   -4.162520   30.42606  0.4713E-13  0.2050E-04  0.8100E-07  0.2048E-02  0.6436E-04  0.1404E+04
   -4.275015   30.42689  0.4713E-13  0.1766E-04  0.1312E-06  0.8061E-03  0.5872E-04 -0.2759E+04
   -4.387509   30.43072  0.4713E-13  0.7802E-05  0.4570E-06  0.1040E-03  0.4756E-04 -0.1488E+06
   -4.500003   30.44658  0.4713E-13  0.0000E+00  0.0000E+00  0.0000E+00  0.5092E-04  0.0000E+00
