 1 - depth, m
 2 - temperature, C
 3 - salinity, kg/kg
 4 - turbulent kinetic energy, m**2/s**2
 5 - dissipation rate, m**2/s**3
 6 - kinematic heat conductance, m**2/s
 7 - modulus of horizontal velocity, m/s
 8 - Richardson number, n/d
   -0.000000   27.85334  0.3142E-13  0.1011E-04  0.3032E-06  0.5750E-04  0.8269E-02 -0.5732E+00
   -0.112493   27.91345  0.3142E-13  0.1650E-04  0.1167E-06  0.8500E-03  0.2549E-02  0.4734E+03
   -0.224987   27.91725  0.3142E-13  0.1832E-04  0.9137E-07  0.1207E-02  0.2163E-02  0.8651E+01
   -0.337482   27.91978  0.3142E-13  0.1975E-04  0.7802E-07  0.1611E-02  0.1909E-02  0.4720E+01
   -0.449979   27.92158  0.3142E-13  0.2093E-04  0.6967E-07  0.1990E-02  0.1726E-02  0.3218E+01
   -0.562476   27.92298  0.3142E-13  0.2192E-04  0.6389E-07  0.2355E-02  0.1583E-02  0.2477E+01
   -0.674974   27.92412  0.3142E-13  0.2277E-04  0.5964E-07  0.2704E-02  0.1466E-02  0.2048E+01
   -0.787472   27.92508  0.3142E-13  0.2351E-04  0.5638E-07  0.3035E-02  0.1367E-02  0.1778E+01
   -0.899972   27.92592  0.3142E-13  0.2416E-04  0.5380E-07  0.3347E-02  0.1282E-02  0.1599E+01
   -1.012472   27.92666  0.3142E-13  0.2474E-04  0.5170E-07  0.3641E-02  0.1207E-02  0.1478E+01
   -1.124972   27.92733  0.3142E-13  0.2525E-04  0.4998E-07  0.3915E-02  0.1140E-02  0.1395E+01
   -1.237474   27.92795  0.3142E-13  0.2570E-04  0.4855E-07  0.4171E-02  0.1080E-02  0.1340E+01
   -1.349975   27.92851  0.3142E-13  0.2610E-04  0.4735E-07  0.4406E-02  0.1025E-02  0.1306E+01
   -1.462478   27.92905  0.3142E-13  0.2646E-04  0.4633E-07  0.4623E-02  0.9741E-03  0.1288E+01
   -1.574980   27.92955  0.3142E-13  0.2677E-04  0.4547E-07  0.4819E-02  0.9274E-03  0.1285E+01
   -1.687483   27.93002  0.3142E-13  0.2705E-04  0.4474E-07  0.4996E-02  0.8838E-03  0.1294E+01
   -1.799986   27.93048  0.3142E-13  0.2729E-04  0.4413E-07  0.5152E-02  0.8431E-03  0.1314E+01
   -1.912490   27.93092  0.3142E-13  0.2749E-04  0.4363E-07  0.5289E-02  0.8048E-03  0.1346E+01
   -2.024993   27.93134  0.3142E-13  0.2766E-04  0.4322E-07  0.5404E-02  0.7687E-03  0.1390E+01
   -2.137497   27.93176  0.3142E-13  0.2780E-04  0.4290E-07  0.5498E-02  0.7345E-03  0.1445E+01
   -2.250001   27.93216  0.3142E-13  0.2791E-04  0.4266E-07  0.5571E-02  0.7020E-03  0.1515E+01
   -2.362505   27.93256  0.3142E-13  0.2799E-04  0.4251E-07  0.5620E-02  0.6709E-03  0.1599E+01
   -2.475008   27.93295  0.3142E-13  0.2803E-04  0.4245E-07  0.5647E-02  0.6412E-03  0.1702E+01
   -2.587512   27.93334  0.3142E-13  0.2804E-04  0.4248E-07  0.5648E-02  0.6127E-03  0.1825E+01
   -2.700016   27.93372  0.3142E-13  0.2802E-04  0.4261E-07  0.5624E-02  0.5852E-03  0.1975E+01
   -2.812519   27.93411  0.3142E-13  0.2797E-04  0.4285E-07  0.5573E-02  0.5587E-03  0.2158E+01
   -2.925022   27.93449  0.3142E-13  0.2788E-04  0.4322E-07  0.5493E-02  0.5329E-03  0.2386E+01
   -3.037524   27.93489  0.3142E-13  0.2775E-04  0.4373E-07  0.5382E-02  0.5079E-03  0.2674E+01
   -3.150027   27.93528  0.3142E-13  0.2757E-04  0.4442E-07  0.5238E-02  0.4835E-03  0.3043E+01
   -3.262528   27.93569  0.3142E-13  0.2735E-04  0.4533E-07  0.5058E-02  0.4596E-03  0.3530E+01
   -3.375030   27.93611  0.3142E-13  0.2708E-04  0.4653E-07  0.4837E-02  0.4361E-03  0.4193E+01
   -3.487530   27.93655  0.3142E-13  0.2674E-04  0.4811E-07  0.4573E-02  0.4129E-03  0.5127E+01
   -3.600030   27.93701  0.3142E-13  0.2633E-04  0.5022E-07  0.4261E-02  0.3899E-03  0.6522E+01
   -3.712530   27.93750  0.3142E-13  0.2582E-04  0.5309E-07  0.3896E-02  0.3669E-03  0.8747E+01
   -3.825028   27.93804  0.3142E-13  0.2519E-04  0.5714E-07  0.3465E-02  0.3438E-03  0.1261E+02
   -3.937526   27.93864  0.3142E-13  0.2438E-04  0.6315E-07  0.3003E-02  0.3202E-03  0.2036E+02
   -4.050023   27.93934  0.3142E-13  0.2331E-04  0.7288E-07  0.2334E-02  0.2962E-03  0.4034E+02
   -4.162519   27.94023  0.3142E-13  0.2179E-04  0.9060E-07  0.2084E-02  0.2700E-03  0.8729E+02
   -4.275015   27.94121  0.3142E-13  0.1871E-04  0.1477E-06  0.8116E-03  0.2467E-03 -0.1806E+03
   -4.387509   27.94589  0.3142E-13  0.8328E-05  0.5115E-06  0.1098E-03  0.1998E-03 -0.8990E+04
   -4.500002   27.96408  0.3142E-13  0.0000E+00  0.0000E+00  0.0000E+00  0.2141E-03  0.0000E+00
