 1 - depth, m
 2 - temperature, C
 3 - salinity, kg/kg
 4 - turbulent kinetic energy, m**2/s**2
 5 - dissipation rate, m**2/s**3
 6 - kinematic heat conductance, m**2/s
 7 - modulus of horizontal velocity, m/s
 8 - Richardson number, n/d
   -0.000000   30.36346  0.8547E-13  0.5844E-05  0.2720E-06  0.6857E-04  0.1531E-02 -0.1783E+02
   -0.112493   30.40887  0.8547E-13  0.1320E-04  0.1072E-06  0.5406E-03  0.5618E-03  0.1494E+04
   -0.224987   30.41581  0.8547E-13  0.1594E-04  0.7723E-07  0.1167E-02  0.4172E-03  0.4137E+03
   -0.337482   30.41808  0.8547E-13  0.1761E-04  0.6614E-07  0.1500E-02  0.3667E-03  0.1456E+03
   -0.449979   30.41975  0.8547E-13  0.1892E-04  0.5938E-07  0.1911E-02  0.3294E-03  0.9513E+02
   -0.562476   30.42099  0.8547E-13  0.1999E-04  0.5479E-07  0.2285E-02  0.3013E-03  0.7138E+02
   -0.674973   30.42199  0.8547E-13  0.2089E-04  0.5144E-07  0.2640E-02  0.2785E-03  0.5840E+02
   -0.787472   30.42283  0.8547E-13  0.2166E-04  0.4888E-07  0.2975E-02  0.2594E-03  0.5051E+02
   -0.899971   30.42355  0.8547E-13  0.2234E-04  0.4686E-07  0.3289E-02  0.2429E-03  0.4528E+02
   -1.012471   30.42419  0.8547E-13  0.2294E-04  0.4524E-07  0.3583E-02  0.2285E-03  0.4188E+02
   -1.124972   30.42476  0.8547E-13  0.2347E-04  0.4392E-07  0.3857E-02  0.2157E-03  0.3949E+02
   -1.237473   30.42528  0.8547E-13  0.2394E-04  0.4282E-07  0.4110E-02  0.2041E-03  0.3805E+02
   -1.349975   30.42577  0.8547E-13  0.2437E-04  0.4192E-07  0.4344E-02  0.1936E-03  0.3709E+02
   -1.462477   30.42622  0.8547E-13  0.2475E-04  0.4117E-07  0.4558E-02  0.1839E-03  0.3676E+02
   -1.574980   30.42665  0.8547E-13  0.2509E-04  0.4054E-07  0.4752E-02  0.1750E-03  0.3670E+02
   -1.687483   30.42706  0.8547E-13  0.2539E-04  0.4003E-07  0.4926E-02  0.1667E-03  0.3716E+02
   -1.799986   30.42745  0.8547E-13  0.2566E-04  0.3962E-07  0.5079E-02  0.1589E-03  0.3780E+02
   -1.912489   30.42783  0.8547E-13  0.2589E-04  0.3929E-07  0.5213E-02  0.1516E-03  0.3896E+02
   -2.024993   30.42820  0.8547E-13  0.2609E-04  0.3905E-07  0.5326E-02  0.1447E-03  0.4028E+02
   -2.137497   30.42856  0.8547E-13  0.2627E-04  0.3888E-07  0.5418E-02  0.1382E-03  0.4217E+02
   -2.250001   30.42891  0.8547E-13  0.2641E-04  0.3879E-07  0.5488E-02  0.1320E-03  0.4429E+02
   -2.362504   30.42926  0.8547E-13  0.2652E-04  0.3878E-07  0.5536E-02  0.1261E-03  0.4708E+02
   -2.475008   30.42961  0.8547E-13  0.2660E-04  0.3884E-07  0.5561E-02  0.1205E-03  0.5022E+02
   -2.587512   30.42995  0.8547E-13  0.2665E-04  0.3899E-07  0.5561E-02  0.1150E-03  0.5424E+02
   -2.700015   30.43029  0.8547E-13  0.2667E-04  0.3923E-07  0.5536E-02  0.1098E-03  0.5883E+02
   -2.812518   30.43064  0.8547E-13  0.2666E-04  0.3957E-07  0.5485E-02  0.1048E-03  0.6477E+02
   -2.925021   30.43099  0.8547E-13  0.2661E-04  0.4002E-07  0.5405E-02  0.9988E-04  0.7180E+02
   -3.037524   30.43134  0.8547E-13  0.2652E-04  0.4061E-07  0.5295E-02  0.9512E-04  0.8102E+02
   -3.150026   30.43170  0.8547E-13  0.2640E-04  0.4137E-07  0.5152E-02  0.9048E-04  0.9247E+02
   -3.262528   30.43207  0.8547E-13  0.2622E-04  0.4234E-07  0.4974E-02  0.8594E-04  0.1080E+03
   -3.375029   30.43245  0.8547E-13  0.2600E-04  0.4358E-07  0.4758E-02  0.8148E-04  0.1287E+03
   -3.487530   30.43286  0.8547E-13  0.2571E-04  0.4518E-07  0.4498E-02  0.7708E-04  0.1583E+03
   -3.600030   30.43328  0.8547E-13  0.2535E-04  0.4729E-07  0.4192E-02  0.7273E-04  0.2019E+03
   -3.712529   30.43374  0.8547E-13  0.2490E-04  0.5011E-07  0.3834E-02  0.6837E-04  0.2724E+03
   -3.825028   30.43424  0.8547E-13  0.2433E-04  0.5404E-07  0.3413E-02  0.6400E-04  0.3936E+03
   -3.937526   30.43481  0.8547E-13  0.2359E-04  0.5982E-07  0.2958E-02  0.5955E-04  0.6380E+03
   -4.050023   30.43546  0.8547E-13  0.2259E-04  0.6906E-07  0.2311E-02  0.5501E-04  0.1262E+04
   -4.162519   30.43630  0.8547E-13  0.2118E-04  0.8574E-07  0.2056E-02  0.5010E-04  0.2770E+04
   -4.275014   30.43723  0.8547E-13  0.1829E-04  0.1388E-06  0.8157E-03  0.4572E-04 -0.5830E+04
   -4.387508   30.44156  0.8547E-13  0.8143E-05  0.4839E-06  0.1054E-03  0.3710E-04 -0.3075E+06
   -4.500001   30.45978  0.8547E-13  0.0000E+00  0.0000E+00  0.0000E+00  0.3965E-04  0.0000E+00
