 1 - depth, m
 2 - temperature, C
 3 - salinity, kg/kg
 4 - turbulent kinetic energy, m**2/s**2
 5 - dissipation rate, m**2/s**3
 6 - kinematic heat conductance, m**2/s
 7 - modulus of horizontal velocity, m/s
 8 - Richardson number, n/d
   -0.000000   30.33259  0.6092E-13  0.5980E-05  0.2658E-06  0.6606E-04  0.2035E-02 -0.9683E+01
   -0.112493   30.37862  0.6092E-13  0.1346E-04  0.1046E-06  0.6047E-03  0.6966E-03  0.5313E+05
   -0.224987   30.38476  0.6092E-13  0.1607E-04  0.7682E-07  0.1179E-02  0.5327E-03  0.2223E+03
   -0.337483   30.38700  0.6092E-13  0.1772E-04  0.6599E-07  0.1524E-02  0.4689E-03  0.8356E+02
   -0.449979   30.38865  0.6092E-13  0.1901E-04  0.5936E-07  0.1929E-02  0.4222E-03  0.5526E+02
   -0.562476   30.38990  0.6092E-13  0.2006E-04  0.5482E-07  0.2299E-02  0.3865E-03  0.4177E+02
   -0.674974   30.39090  0.6092E-13  0.2095E-04  0.5149E-07  0.2651E-02  0.3576E-03  0.3436E+02
   -0.787472   30.39175  0.6092E-13  0.2170E-04  0.4892E-07  0.2981E-02  0.3332E-03  0.2977E+02
   -0.899972   30.39248  0.6092E-13  0.2236E-04  0.4688E-07  0.3291E-02  0.3122E-03  0.2676E+02
   -1.012472   30.39313  0.6092E-13  0.2294E-04  0.4523E-07  0.3581E-02  0.2938E-03  0.2471E+02
   -1.124973   30.39372  0.6092E-13  0.2344E-04  0.4386E-07  0.3850E-02  0.2774E-03  0.2332E+02
   -1.237474   30.39425  0.6092E-13  0.2389E-04  0.4272E-07  0.4100E-02  0.2625E-03  0.2239E+02
   -1.349976   30.39474  0.6092E-13  0.2428E-04  0.4175E-07  0.4329E-02  0.2490E-03  0.2182E+02
   -1.462478   30.39521  0.6092E-13  0.2463E-04  0.4093E-07  0.4539E-02  0.2366E-03  0.2151E+02
   -1.574980   30.39564  0.6092E-13  0.2494E-04  0.4024E-07  0.4729E-02  0.2251E-03  0.2144E+02
   -1.687483   30.39605  0.6092E-13  0.2520E-04  0.3965E-07  0.4899E-02  0.2144E-03  0.2158E+02
   -1.799987   30.39645  0.6092E-13  0.2543E-04  0.3916E-07  0.5050E-02  0.2044E-03  0.2190E+02
   -1.912490   30.39683  0.6092E-13  0.2563E-04  0.3875E-07  0.5180E-02  0.1951E-03  0.2242E+02
   -2.024994   30.39719  0.6092E-13  0.2579E-04  0.3842E-07  0.5291E-02  0.1862E-03  0.2311E+02
   -2.137497   30.39755  0.6092E-13  0.2593E-04  0.3816E-07  0.5380E-02  0.1778E-03  0.2402E+02
   -2.250001   30.39790  0.6092E-13  0.2603E-04  0.3798E-07  0.5448E-02  0.1698E-03  0.2515E+02
   -2.362505   30.39824  0.6092E-13  0.2610E-04  0.3786E-07  0.5495E-02  0.1622E-03  0.2652E+02
   -2.475009   30.39858  0.6092E-13  0.2614E-04  0.3783E-07  0.5518E-02  0.1549E-03  0.2818E+02
   -2.587512   30.39891  0.6092E-13  0.2615E-04  0.3787E-07  0.5518E-02  0.1479E-03  0.3019E+02
   -2.700016   30.39924  0.6092E-13  0.2613E-04  0.3799E-07  0.5493E-02  0.1412E-03  0.3262E+02
   -2.812519   30.39957  0.6092E-13  0.2608E-04  0.3821E-07  0.5441E-02  0.1346E-03  0.3561E+02
   -2.925022   30.39990  0.6092E-13  0.2599E-04  0.3854E-07  0.5362E-02  0.1283E-03  0.3932E+02
   -3.037525   30.40024  0.6092E-13  0.2587E-04  0.3900E-07  0.5253E-02  0.1222E-03  0.4399E+02
   -3.150027   30.40058  0.6092E-13  0.2571E-04  0.3962E-07  0.5112E-02  0.1162E-03  0.5000E+02
   -3.262529   30.40092  0.6092E-13  0.2550E-04  0.4043E-07  0.4936E-02  0.1104E-03  0.5793E+02
   -3.375030   30.40128  0.6092E-13  0.2525E-04  0.4149E-07  0.4722E-02  0.1046E-03  0.6870E+02
   -3.487531   30.40165  0.6092E-13  0.2494E-04  0.4290E-07  0.4465E-02  0.9894E-04  0.8388E+02
   -3.600031   30.40205  0.6092E-13  0.2455E-04  0.4477E-07  0.4162E-02  0.9333E-04  0.1065E+03
   -3.712530   30.40246  0.6092E-13  0.2408E-04  0.4731E-07  0.3808E-02  0.8773E-04  0.1425E+03
   -3.825029   30.40292  0.6092E-13  0.2350E-04  0.5088E-07  0.3392E-02  0.8209E-04  0.2049E+03
   -3.937527   30.40342  0.6092E-13  0.2275E-04  0.5618E-07  0.2942E-02  0.7637E-04  0.3297E+03
   -4.050024   30.40401  0.6092E-13  0.2177E-04  0.6471E-07  0.2301E-02  0.7052E-04  0.6470E+03
   -4.162520   30.40475  0.6092E-13  0.2038E-04  0.8020E-07  0.2043E-02  0.6422E-04  0.1401E+04
   -4.275015   30.40557  0.6092E-13  0.1757E-04  0.1298E-06  0.8055E-03  0.5858E-04 -0.2739E+04
   -4.387509   30.40937  0.6092E-13  0.7757E-05  0.4523E-06  0.1035E-03  0.4744E-04 -0.1496E+06
   -4.500003   30.42520  0.6092E-13  0.0000E+00  0.0000E+00  0.0000E+00  0.5079E-04  0.0000E+00
