 1 - depth, m
 2 - temperature, C
 3 - salinity, kg/kg
 4 - turbulent kinetic energy, m**2/s**2
 5 - dissipation rate, m**2/s**3
 6 - kinematic heat conductance, m**2/s
 7 - modulus of horizontal velocity, m/s
 8 - Richardson number, n/d
   -0.000000   30.24143  0.3422E-13  0.6059E-05  0.2595E-06  0.6359E-04  0.2636E-02 -0.5412E+01
   -0.112493   30.28831  0.3422E-13  0.1340E-04  0.1012E-06  0.6305E-03  0.8798E-03  0.8517E+04
   -0.224987   30.29394  0.3422E-13  0.1588E-04  0.7495E-07  0.1168E-02  0.6818E-03  0.1253E+03
   -0.337482   30.29614  0.3422E-13  0.1748E-04  0.6438E-07  0.1523E-02  0.5998E-03  0.4875E+02
   -0.449979   30.29774  0.3422E-13  0.1874E-04  0.5791E-07  0.1923E-02  0.5400E-03  0.3220E+02
   -0.562476   30.29896  0.3422E-13  0.1977E-04  0.5348E-07  0.2290E-02  0.4943E-03  0.2436E+02
   -0.674974   30.29994  0.3422E-13  0.2065E-04  0.5024E-07  0.2640E-02  0.4572E-03  0.2004E+02
   -0.787472   30.30076  0.3422E-13  0.2140E-04  0.4775E-07  0.2969E-02  0.4261E-03  0.1737E+02
   -0.899972   30.30147  0.3422E-13  0.2205E-04  0.4577E-07  0.3278E-02  0.3992E-03  0.1562E+02
   -1.012472   30.30211  0.3422E-13  0.2262E-04  0.4418E-07  0.3567E-02  0.3756E-03  0.1444E+02
   -1.124973   30.30268  0.3422E-13  0.2313E-04  0.4287E-07  0.3836E-02  0.3546E-03  0.1364E+02
   -1.237474   30.30320  0.3422E-13  0.2358E-04  0.4178E-07  0.4085E-02  0.3356E-03  0.1311E+02
   -1.349976   30.30368  0.3422E-13  0.2398E-04  0.4086E-07  0.4314E-02  0.3183E-03  0.1280E+02
   -1.462478   30.30413  0.3422E-13  0.2434E-04  0.4010E-07  0.4524E-02  0.3024E-03  0.1264E+02
   -1.574980   30.30456  0.3422E-13  0.2465E-04  0.3945E-07  0.4714E-02  0.2877E-03  0.1263E+02
   -1.687483   30.30496  0.3422E-13  0.2493E-04  0.3891E-07  0.4885E-02  0.2740E-03  0.1273E+02
   -1.799987   30.30535  0.3422E-13  0.2517E-04  0.3847E-07  0.5035E-02  0.2612E-03  0.1296E+02
   -1.912490   30.30572  0.3422E-13  0.2538E-04  0.3810E-07  0.5166E-02  0.2492E-03  0.1329E+02
   -2.024994   30.30609  0.3422E-13  0.2556E-04  0.3782E-07  0.5277E-02  0.2379E-03  0.1374E+02
   -2.137497   30.30644  0.3422E-13  0.2571E-04  0.3761E-07  0.5366E-02  0.2271E-03  0.1431E+02
   -2.250001   30.30679  0.3422E-13  0.2583E-04  0.3747E-07  0.5435E-02  0.2169E-03  0.1503E+02
   -2.362505   30.30713  0.3422E-13  0.2591E-04  0.3740E-07  0.5481E-02  0.2072E-03  0.1589E+02
   -2.475009   30.30746  0.3422E-13  0.2597E-04  0.3741E-07  0.5505E-02  0.1979E-03  0.1694E+02
   -2.587512   30.30779  0.3422E-13  0.2600E-04  0.3749E-07  0.5505E-02  0.1889E-03  0.1820E+02
   -2.700016   30.30812  0.3422E-13  0.2599E-04  0.3766E-07  0.5480E-02  0.1803E-03  0.1973E+02
   -2.812519   30.30846  0.3422E-13  0.2596E-04  0.3793E-07  0.5429E-02  0.1720E-03  0.2160E+02
   -2.925022   30.30879  0.3422E-13  0.2589E-04  0.3830E-07  0.5350E-02  0.1639E-03  0.2393E+02
   -3.037525   30.30913  0.3422E-13  0.2578E-04  0.3881E-07  0.5241E-02  0.1561E-03  0.2685E+02
   -3.150027   30.30947  0.3422E-13  0.2564E-04  0.3947E-07  0.5100E-02  0.1484E-03  0.3062E+02
   -3.262529   30.30982  0.3422E-13  0.2545E-04  0.4033E-07  0.4925E-02  0.1409E-03  0.3558E+02
   -3.375030   30.31019  0.3422E-13  0.2521E-04  0.4144E-07  0.4711E-02  0.1336E-03  0.4234E+02
   -3.487531   30.31057  0.3422E-13  0.2491E-04  0.4289E-07  0.4455E-02  0.1263E-03  0.5184E+02
   -3.600031   30.31097  0.3422E-13  0.2454E-04  0.4481E-07  0.4152E-02  0.1191E-03  0.6604E+02
   -3.712530   30.31140  0.3422E-13  0.2409E-04  0.4741E-07  0.3799E-02  0.1120E-03  0.8864E+02
   -3.825029   30.31186  0.3422E-13  0.2352E-04  0.5105E-07  0.3383E-02  0.1048E-03  0.1279E+03
   -3.937527   30.31239  0.3422E-13  0.2279E-04  0.5641E-07  0.2933E-02  0.9745E-04  0.2064E+03
   -4.050024   30.31299  0.3422E-13  0.2181E-04  0.6502E-07  0.2296E-02  0.8998E-04  0.4065E+03
   -4.162520   30.31376  0.3422E-13  0.2044E-04  0.8061E-07  0.2038E-02  0.8193E-04  0.8857E+03
   -4.275015   30.31461  0.3422E-13  0.1764E-04  0.1304E-06  0.8068E-03  0.7472E-04 -0.1761E+04
   -4.387509   30.31856  0.3422E-13  0.7805E-05  0.4546E-06  0.1032E-03  0.6054E-04 -0.9665E+05
   -4.500003   30.33514  0.3422E-13  0.0000E+00  0.0000E+00  0.0000E+00  0.6476E-04  0.0000E+00
