 1 - depth, m
 2 - temperature, C
 3 - salinity, kg/kg
 4 - turbulent kinetic energy, m**2/s**2
 5 - dissipation rate, m**2/s**3
 6 - kinematic heat conductance, m**2/s
 7 - modulus of horizontal velocity, m/s
 8 - Richardson number, n/d
   -0.000000   30.60019  0.1831E-13  0.6130E-05  0.2660E-06  0.6466E-04  0.2401E-02 -0.7279E+01
   -0.112493   30.64734  0.1831E-13  0.1361E-04  0.1040E-06  0.6326E-03  0.8018E-03  0.1526E+05
   -0.224987   30.65315  0.1831E-13  0.1615E-04  0.7686E-07  0.1181E-02  0.6210E-03  0.1643E+03
   -0.337482   30.65537  0.1831E-13  0.1778E-04  0.6600E-07  0.1537E-02  0.5468E-03  0.6234E+02
   -0.449979   30.65697  0.1831E-13  0.1906E-04  0.5935E-07  0.1941E-02  0.4927E-03  0.4115E+02
   -0.562476   30.65819  0.1831E-13  0.2012E-04  0.5482E-07  0.2313E-02  0.4513E-03  0.3104E+02
   -0.674974   30.65917  0.1831E-13  0.2101E-04  0.5149E-07  0.2667E-02  0.4176E-03  0.2552E+02
   -0.787472   30.65999  0.1831E-13  0.2177E-04  0.4895E-07  0.3000E-02  0.3894E-03  0.2205E+02
   -0.899972   30.66071  0.1831E-13  0.2244E-04  0.4694E-07  0.3313E-02  0.3650E-03  0.1984E+02
   -1.012472   30.66134  0.1831E-13  0.2304E-04  0.4533E-07  0.3606E-02  0.3436E-03  0.1829E+02
   -1.124972   30.66190  0.1831E-13  0.2356E-04  0.4400E-07  0.3878E-02  0.3245E-03  0.1730E+02
   -1.237474   30.66243  0.1831E-13  0.2403E-04  0.4291E-07  0.4131E-02  0.3073E-03  0.1659E+02
   -1.349975   30.66291  0.1831E-13  0.2445E-04  0.4200E-07  0.4363E-02  0.2916E-03  0.1621E+02
   -1.462478   30.66336  0.1831E-13  0.2482E-04  0.4123E-07  0.4576E-02  0.2771E-03  0.1598E+02
   -1.574980   30.66379  0.1831E-13  0.2515E-04  0.4060E-07  0.4769E-02  0.2638E-03  0.1599E+02
   -1.687483   30.66419  0.1831E-13  0.2545E-04  0.4008E-07  0.4942E-02  0.2514E-03  0.1608E+02
   -1.799986   30.66458  0.1831E-13  0.2571E-04  0.3965E-07  0.5095E-02  0.2397E-03  0.1640E+02
   -1.912490   30.66496  0.1831E-13  0.2594E-04  0.3931E-07  0.5228E-02  0.2288E-03  0.1678E+02
   -2.024993   30.66533  0.1831E-13  0.2613E-04  0.3905E-07  0.5340E-02  0.2185E-03  0.1739E+02
   -2.137497   30.66568  0.1831E-13  0.2629E-04  0.3887E-07  0.5431E-02  0.2087E-03  0.1808E+02
   -2.250001   30.66603  0.1831E-13  0.2643E-04  0.3876E-07  0.5500E-02  0.1994E-03  0.1903E+02
   -2.362505   30.66638  0.1831E-13  0.2653E-04  0.3873E-07  0.5547E-02  0.1906E-03  0.2008E+02
   -2.475008   30.66672  0.1831E-13  0.2660E-04  0.3877E-07  0.5571E-02  0.1821E-03  0.2146E+02
   -2.587512   30.66706  0.1831E-13  0.2665E-04  0.3890E-07  0.5571E-02  0.1739E-03  0.2300E+02
   -2.700016   30.66740  0.1831E-13  0.2666E-04  0.3912E-07  0.5545E-02  0.1661E-03  0.2500E+02
   -2.812519   30.66774  0.1831E-13  0.2663E-04  0.3943E-07  0.5493E-02  0.1585E-03  0.2732E+02
   -2.925022   30.66808  0.1831E-13  0.2658E-04  0.3987E-07  0.5413E-02  0.1511E-03  0.3034E+02
   -3.037524   30.66843  0.1831E-13  0.2648E-04  0.4043E-07  0.5302E-02  0.1439E-03  0.3399E+02
   -3.150027   30.66878  0.1831E-13  0.2634E-04  0.4117E-07  0.5159E-02  0.1369E-03  0.3885E+02
   -3.262528   30.66914  0.1831E-13  0.2616E-04  0.4211E-07  0.4980E-02  0.1301E-03  0.4508E+02
   -3.375030   30.66952  0.1831E-13  0.2593E-04  0.4332E-07  0.4763E-02  0.1234E-03  0.5375E+02
   -3.487530   30.66991  0.1831E-13  0.2563E-04  0.4488E-07  0.4502E-02  0.1167E-03  0.6574E+02
   -3.600030   30.67033  0.1831E-13  0.2527E-04  0.4694E-07  0.4195E-02  0.1102E-03  0.8391E+02
   -3.712530   30.67078  0.1831E-13  0.2481E-04  0.4972E-07  0.3836E-02  0.1036E-03  0.1126E+03
   -3.825028   30.67126  0.1831E-13  0.2423E-04  0.5360E-07  0.3415E-02  0.9698E-04  0.1627E+03
   -3.937526   30.67181  0.1831E-13  0.2348E-04  0.5931E-07  0.2959E-02  0.9025E-04  0.2626E+03
   -4.050023   30.67245  0.1831E-13  0.2248E-04  0.6845E-07  0.2311E-02  0.8338E-04  0.5192E+03
   -4.162519   30.67326  0.1831E-13  0.2107E-04  0.8499E-07  0.2056E-02  0.7596E-04  0.1131E+04
   -4.275015   30.67416  0.1831E-13  0.1817E-04  0.1378E-06  0.8126E-03  0.6932E-04 -0.2337E+04
   -4.387509   30.67837  0.1831E-13  0.8078E-05  0.4798E-06  0.1055E-03  0.5623E-04 -0.1222E+06
   -4.500002   30.69578  0.1831E-13  0.0000E+00  0.0000E+00  0.0000E+00  0.6015E-04  0.0000E+00
