 1 - depth, m
 2 - temperature, C
 3 - salinity, kg/kg
 4 - turbulent kinetic energy, m**2/s**2
 5 - dissipation rate, m**2/s**3
 6 - kinematic heat conductance, m**2/s
 7 - modulus of horizontal velocity, m/s
 8 - Richardson number, n/d
   -0.000000   29.73654  0.4467E-13  0.7069E-05  0.2444E-06  0.5545E-04  0.3499E-02 -0.3408E+01
   -0.112493   29.79458  0.4467E-13  0.1491E-04  0.9920E-07  0.8138E-03  0.1017E-02  0.6081E+03
   -0.224987   29.79880  0.4467E-13  0.1702E-04  0.7770E-07  0.1244E-02  0.8448E-03  0.6043E+02
   -0.337482   29.80100  0.4467E-13  0.1854E-04  0.6731E-07  0.1639E-02  0.7478E-03  0.2869E+02
   -0.449978   29.80258  0.4467E-13  0.1975E-04  0.6076E-07  0.2031E-02  0.6772E-03  0.1946E+02
   -0.562475   29.80379  0.4467E-13  0.2075E-04  0.5621E-07  0.2400E-02  0.6221E-03  0.1494E+02
   -0.674973   29.80477  0.4467E-13  0.2161E-04  0.5285E-07  0.2751E-02  0.5770E-03  0.1239E+02
   -0.787472   29.80560  0.4467E-13  0.2236E-04  0.5026E-07  0.3082E-02  0.5388E-03  0.1077E+02
   -0.899971   29.80632  0.4467E-13  0.2301E-04  0.4821E-07  0.3393E-02  0.5058E-03  0.9723E+01
   -1.012471   29.80696  0.4467E-13  0.2359E-04  0.4655E-07  0.3685E-02  0.4766E-03  0.9001E+01
   -1.124972   29.80754  0.4467E-13  0.2411E-04  0.4520E-07  0.3956E-02  0.4505E-03  0.8532E+01
   -1.237473   29.80807  0.4467E-13  0.2458E-04  0.4409E-07  0.4208E-02  0.4270E-03  0.8212E+01
   -1.349975   29.80856  0.4467E-13  0.2500E-04  0.4316E-07  0.4440E-02  0.4054E-03  0.8040E+01
   -1.462477   29.80902  0.4467E-13  0.2537E-04  0.4239E-07  0.4653E-02  0.3856E-03  0.7951E+01
   -1.574980   29.80946  0.4467E-13  0.2571E-04  0.4175E-07  0.4846E-02  0.3673E-03  0.7972E+01
   -1.687483   29.80987  0.4467E-13  0.2601E-04  0.4123E-07  0.5018E-02  0.3502E-03  0.8049E+01
   -1.799986   29.81028  0.4467E-13  0.2627E-04  0.4081E-07  0.5171E-02  0.3342E-03  0.8223E+01
   -1.912489   29.81066  0.4467E-13  0.2651E-04  0.4048E-07  0.5304E-02  0.3191E-03  0.8447E+01
   -2.024993   29.81104  0.4467E-13  0.2671E-04  0.4023E-07  0.5415E-02  0.3049E-03  0.8771E+01
   -2.137497   29.81141  0.4467E-13  0.2688E-04  0.4006E-07  0.5506E-02  0.2914E-03  0.9151E+01
   -2.250000   29.81177  0.4467E-13  0.2702E-04  0.3998E-07  0.5574E-02  0.2785E-03  0.9652E+01
   -2.362504   29.81213  0.4467E-13  0.2713E-04  0.3997E-07  0.5621E-02  0.2663E-03  0.1022E+02
   -2.475008   29.81248  0.4467E-13  0.2721E-04  0.4004E-07  0.5643E-02  0.2545E-03  0.1095E+02
   -2.587511   29.81284  0.4467E-13  0.2726E-04  0.4020E-07  0.5642E-02  0.2433E-03  0.1178E+02
   -2.700015   29.81319  0.4467E-13  0.2728E-04  0.4046E-07  0.5615E-02  0.2324E-03  0.1283E+02
   -2.812518   29.81355  0.4467E-13  0.2727E-04  0.4081E-07  0.5561E-02  0.2219E-03  0.1408E+02
   -2.925021   29.81391  0.4467E-13  0.2722E-04  0.4129E-07  0.5478E-02  0.2116E-03  0.1567E+02
   -3.037524   29.81427  0.4467E-13  0.2713E-04  0.4192E-07  0.5365E-02  0.2017E-03  0.1762E+02
   -3.150026   29.81465  0.4467E-13  0.2700E-04  0.4271E-07  0.5218E-02  0.1920E-03  0.2018E+02
   -3.262528   29.81503  0.4467E-13  0.2682E-04  0.4372E-07  0.5036E-02  0.1825E-03  0.2350E+02
   -3.375029   29.81543  0.4467E-13  0.2659E-04  0.4502E-07  0.4815E-02  0.1732E-03  0.2809E+02
   -3.487529   29.81585  0.4467E-13  0.2629E-04  0.4669E-07  0.4550E-02  0.1639E-03  0.3447E+02
   -3.600029   29.81629  0.4467E-13  0.2592E-04  0.4888E-07  0.4238E-02  0.1548E-03  0.4411E+02
   -3.712529   29.81677  0.4467E-13  0.2546E-04  0.5183E-07  0.3874E-02  0.1456E-03  0.5936E+02
   -3.825027   29.81729  0.4467E-13  0.2487E-04  0.5592E-07  0.3446E-02  0.1364E-03  0.8604E+02
   -3.937525   29.81787  0.4467E-13  0.2411E-04  0.6195E-07  0.2985E-02  0.1270E-03  0.1393E+03
   -4.050022   29.81856  0.4467E-13  0.2309E-04  0.7159E-07  0.2326E-02  0.1174E-03  0.2768E+03
   -4.162518   29.81943  0.4467E-13  0.2163E-04  0.8903E-07  0.2073E-02  0.1070E-03  0.6059E+03
   -4.275014   29.82041  0.4467E-13  0.1865E-04  0.1447E-06  0.8173E-03  0.9776E-04 -0.1305E+04
   -4.387508   29.82498  0.4467E-13  0.8325E-05  0.5032E-06  0.1076E-03  0.7933E-04 -0.6604E+05
   -4.500001   29.84371  0.4467E-13  0.0000E+00  0.0000E+00  0.0000E+00  0.8488E-04  0.0000E+00
