 1 - depth, m
 2 - temperature, C
 3 - salinity, kg/kg
 4 - turbulent kinetic energy, m**2/s**2
 5 - dissipation rate, m**2/s**3
 6 - kinematic heat conductance, m**2/s
 7 - modulus of horizontal velocity, m/s
 8 - Richardson number, n/d
   -0.000000   29.85472  0.9176E-13  0.5271E-05  0.1799E-06  0.5273E-04  0.1886E-02 -0.8925E+01
   -0.112493   29.90001  0.9176E-13  0.1189E-04  0.7204E-07  0.7046E-03  0.5277E-03  0.6519E+06
   -0.224987   29.90354  0.9176E-13  0.1371E-04  0.5610E-07  0.1141E-02  0.4269E-03  0.2427E+03
   -0.337483   29.90528  0.9176E-13  0.1496E-04  0.4863E-07  0.1490E-02  0.3754E-03  0.1026E+03
   -0.449979   29.90652  0.9176E-13  0.1596E-04  0.4395E-07  0.1851E-02  0.3379E-03  0.6887E+02
   -0.562476   29.90747  0.9176E-13  0.1680E-04  0.4070E-07  0.2190E-02  0.3089E-03  0.5266E+02
   -0.674974   29.90823  0.9176E-13  0.1752E-04  0.3833E-07  0.2513E-02  0.2852E-03  0.4358E+02
   -0.787472   29.90887  0.9176E-13  0.1816E-04  0.3652E-07  0.2817E-02  0.2653E-03  0.3798E+02
   -0.899972   29.90943  0.9176E-13  0.1872E-04  0.3511E-07  0.3104E-02  0.2481E-03  0.3435E+02
   -1.012472   29.90992  0.9176E-13  0.1923E-04  0.3399E-07  0.3373E-02  0.2330E-03  0.3197E+02
   -1.124973   29.91037  0.9176E-13  0.1969E-04  0.3310E-07  0.3624E-02  0.2195E-03  0.3041E+02
   -1.237474   29.91078  0.9176E-13  0.2011E-04  0.3237E-07  0.3857E-02  0.2074E-03  0.2950E+02
   -1.349976   29.91117  0.9176E-13  0.2050E-04  0.3180E-07  0.4072E-02  0.1963E-03  0.2902E+02
   -1.462478   29.91153  0.9176E-13  0.2085E-04  0.3133E-07  0.4270E-02  0.1861E-03  0.2897E+02
   -1.574981   29.91188  0.9176E-13  0.2117E-04  0.3097E-07  0.4449E-02  0.1768E-03  0.2922E+02
   -1.687484   29.91221  0.9176E-13  0.2147E-04  0.3070E-07  0.4610E-02  0.1681E-03  0.2980E+02
   -1.799987   29.91254  0.9176E-13  0.2174E-04  0.3050E-07  0.4752E-02  0.1599E-03  0.3065E+02
   -1.912490   29.91285  0.9176E-13  0.2198E-04  0.3037E-07  0.4876E-02  0.1523E-03  0.3183E+02
   -2.024994   29.91316  0.9176E-13  0.2220E-04  0.3030E-07  0.4981E-02  0.1451E-03  0.3328E+02
   -2.137498   29.91346  0.9176E-13  0.2239E-04  0.3030E-07  0.5067E-02  0.1383E-03  0.3513E+02
   -2.250002   29.91376  0.9176E-13  0.2256E-04  0.3036E-07  0.5132E-02  0.1318E-03  0.3732E+02
   -2.362505   29.91406  0.9176E-13  0.2271E-04  0.3048E-07  0.5177E-02  0.1256E-03  0.4000E+02
   -2.475009   29.91436  0.9176E-13  0.2283E-04  0.3066E-07  0.5200E-02  0.1198E-03  0.4317E+02
   -2.587513   29.91466  0.9176E-13  0.2293E-04  0.3091E-07  0.5201E-02  0.1141E-03  0.4701E+02
   -2.700016   29.91496  0.9176E-13  0.2300E-04  0.3123E-07  0.5178E-02  0.1087E-03  0.5161E+02
   -2.812520   29.91526  0.9176E-13  0.2304E-04  0.3164E-07  0.5131E-02  0.1035E-03  0.5730E+02
   -2.925023   29.91557  0.9176E-13  0.2305E-04  0.3214E-07  0.5057E-02  0.9841E-04  0.6428E+02
   -3.037525   29.91589  0.9176E-13  0.2303E-04  0.3276E-07  0.4955E-02  0.9350E-04  0.7316E+02
   -3.150027   29.91622  0.9176E-13  0.2298E-04  0.3351E-07  0.4824E-02  0.8871E-04  0.8448E+02
   -3.262529   29.91656  0.9176E-13  0.2288E-04  0.3443E-07  0.4660E-02  0.8404E-04  0.9952E+02
   -3.375031   29.91692  0.9176E-13  0.2274E-04  0.3558E-07  0.4460E-02  0.7947E-04  0.1199E+03
   -3.487531   29.91729  0.9176E-13  0.2254E-04  0.3702E-07  0.4221E-02  0.7496E-04  0.1487E+03
   -3.600031   29.91769  0.9176E-13  0.2228E-04  0.3888E-07  0.3939E-02  0.7051E-04  0.1916E+03
   -3.712531   29.91813  0.9176E-13  0.2194E-04  0.4132E-07  0.3609E-02  0.6608E-04  0.2602E+03
   -3.825030   29.91860  0.9176E-13  0.2150E-04  0.4466E-07  0.3224E-02  0.6164E-04  0.3790E+03
   -3.937527   29.91914  0.9176E-13  0.2091E-04  0.4949E-07  0.2798E-02  0.5715E-04  0.6173E+03
   -4.050025   29.91977  0.9176E-13  0.2010E-04  0.5707E-07  0.2219E-02  0.5258E-04  0.1218E+04
   -4.162521   29.92057  0.9176E-13  0.1893E-04  0.7048E-07  0.1948E-02  0.4773E-04  0.2781E+04
   -4.275016   29.92149  0.9176E-13  0.1654E-04  0.1119E-06  0.8100E-03  0.4334E-04 -0.5144E+04
   -4.387510   29.92539  0.9176E-13  0.7331E-05  0.3944E-06  0.9337E-04  0.3525E-04 -0.3758E+06
   -4.500003   29.94505  0.9176E-13  0.0000E+00  0.0000E+00  0.0000E+00  0.3743E-04  0.0000E+00
