 1 - depth, m
 2 - temperature, C
 3 - salinity, kg/kg
 4 - turbulent kinetic energy, m**2/s**2
 5 - dissipation rate, m**2/s**3
 6 - kinematic heat conductance, m**2/s
 7 - modulus of horizontal velocity, m/s
 8 - Richardson number, n/d
   -0.000000   30.49681  0.3192E-13  0.5797E-05  0.2620E-06  0.6251E-04  0.5409E-03 -0.1352E+03
   -0.112493   30.54635  0.3192E-13  0.1373E-04  0.1041E-06  0.5953E-03  0.1848E-03  0.3715E+04
   -0.224987   30.55238  0.3192E-13  0.1639E-04  0.7707E-07  0.1222E-02  0.1401E-03  0.2813E+04
   -0.337482   30.55458  0.3192E-13  0.1807E-04  0.6655E-07  0.1563E-02  0.1238E-03  0.1104E+04
   -0.449979   30.55620  0.3192E-13  0.1938E-04  0.6006E-07  0.1977E-02  0.1116E-03  0.7442E+03
   -0.562476   30.55743  0.3192E-13  0.2046E-04  0.5560E-07  0.2353E-02  0.1023E-03  0.5664E+03
   -0.674974   30.55842  0.3192E-13  0.2136E-04  0.5231E-07  0.2711E-02  0.9479E-04  0.4678E+03
   -0.787472   30.55926  0.3192E-13  0.2214E-04  0.4979E-07  0.3047E-02  0.8844E-04  0.4061E+03
   -0.899972   30.55998  0.3192E-13  0.2282E-04  0.4779E-07  0.3362E-02  0.8296E-04  0.3659E+03
   -1.012472   30.56062  0.3192E-13  0.2342E-04  0.4617E-07  0.3656E-02  0.7814E-04  0.3385E+03
   -1.124972   30.56120  0.3192E-13  0.2395E-04  0.4484E-07  0.3929E-02  0.7383E-04  0.3202E+03
   -1.237474   30.56173  0.3192E-13  0.2442E-04  0.4373E-07  0.4183E-02  0.6994E-04  0.3080E+03
   -1.349975   30.56222  0.3192E-13  0.2484E-04  0.4280E-07  0.4416E-02  0.6639E-04  0.3010E+03
   -1.462478   30.56268  0.3192E-13  0.2521E-04  0.4203E-07  0.4629E-02  0.6313E-04  0.2973E+03
   -1.574980   30.56312  0.3192E-13  0.2554E-04  0.4137E-07  0.4821E-02  0.6011E-04  0.2974E+03
   -1.687483   30.56353  0.3192E-13  0.2583E-04  0.4083E-07  0.4994E-02  0.5730E-04  0.2999E+03
   -1.799987   30.56393  0.3192E-13  0.2608E-04  0.4038E-07  0.5147E-02  0.5467E-04  0.3055E+03
   -1.912490   30.56431  0.3192E-13  0.2630E-04  0.4002E-07  0.5279E-02  0.5220E-04  0.3133E+03
   -2.024994   30.56468  0.3192E-13  0.2649E-04  0.3974E-07  0.5391E-02  0.4986E-04  0.3244E+03
   -2.137497   30.56504  0.3192E-13  0.2665E-04  0.3954E-07  0.5481E-02  0.4764E-04  0.3379E+03
   -2.250001   30.56540  0.3192E-13  0.2677E-04  0.3941E-07  0.5549E-02  0.4553E-04  0.3552E+03
   -2.362505   30.56575  0.3192E-13  0.2686E-04  0.3936E-07  0.5595E-02  0.4352E-04  0.3756E+03
   -2.475009   30.56609  0.3192E-13  0.2693E-04  0.3938E-07  0.5618E-02  0.4159E-04  0.4009E+03
   -2.587512   30.56643  0.3192E-13  0.2696E-04  0.3949E-07  0.5617E-02  0.3974E-04  0.4306E+03
   -2.700016   30.56677  0.3192E-13  0.2696E-04  0.3968E-07  0.5590E-02  0.3796E-04  0.4674E+03
   -2.812519   30.56711  0.3192E-13  0.2692E-04  0.3998E-07  0.5536E-02  0.3623E-04  0.5117E+03
   -2.925022   30.56746  0.3192E-13  0.2685E-04  0.4039E-07  0.5454E-02  0.3456E-04  0.5675E+03
   -3.037525   30.56780  0.3192E-13  0.2674E-04  0.4094E-07  0.5342E-02  0.3293E-04  0.6369E+03
   -3.150027   30.56816  0.3192E-13  0.2660E-04  0.4166E-07  0.5197E-02  0.3134E-04  0.7271E+03
   -3.262529   30.56852  0.3192E-13  0.2640E-04  0.4258E-07  0.5016E-02  0.2978E-04  0.8449E+03
   -3.375030   30.56890  0.3192E-13  0.2615E-04  0.4378E-07  0.4796E-02  0.2825E-04  0.1006E+04
   -3.487531   30.56929  0.3192E-13  0.2585E-04  0.4533E-07  0.4533E-02  0.2674E-04  0.1232E+04
   -3.600031   30.56970  0.3192E-13  0.2547E-04  0.4739E-07  0.4223E-02  0.2524E-04  0.1572E+04
   -3.712530   30.57015  0.3192E-13  0.2499E-04  0.5017E-07  0.3861E-02  0.2375E-04  0.2110E+04
   -3.825029   30.57063  0.3192E-13  0.2440E-04  0.5406E-07  0.3436E-02  0.2224E-04  0.3049E+04
   -3.937527   30.57117  0.3192E-13  0.2364E-04  0.5979E-07  0.2977E-02  0.2071E-04  0.4924E+04
   -4.050024   30.57180  0.3192E-13  0.2262E-04  0.6901E-07  0.2322E-02  0.1914E-04  0.9738E+04
   -4.162520   30.57260  0.3192E-13  0.2118E-04  0.8571E-07  0.2068E-02  0.1744E-04  0.2119E+05
   -4.275015   30.57349  0.3192E-13  0.1825E-04  0.1392E-06  0.8137E-03  0.1593E-04 -0.4449E+05
   -4.387509   30.57766  0.3192E-13  0.8106E-05  0.4844E-06  0.1063E-03  0.1292E-04 -0.2289E+07
   -4.500002   30.59468  0.3192E-13  0.0000E+00  0.0000E+00  0.0000E+00  0.1383E-04  0.0000E+00
