 1 - depth, m
 2 - temperature, C
 3 - salinity, kg/kg
 4 - turbulent kinetic energy, m**2/s**2
 5 - dissipation rate, m**2/s**3
 6 - kinematic heat conductance, m**2/s
 7 - modulus of horizontal velocity, m/s
 8 - Richardson number, n/d
   -0.000000   29.75770  0.5567E-13  0.6448E-05  0.2032E-06  0.5001E-04  0.3549E-02 -0.2932E+01
   -0.112493   29.81094  0.5568E-13  0.1361E-04  0.8139E-07  0.8273E-03  0.9519E-03  0.1974E+05
   -0.224987   29.81399  0.5568E-13  0.1540E-04  0.6527E-07  0.1201E-02  0.8023E-03  0.6188E+02
   -0.337483   29.81591  0.5568E-13  0.1672E-04  0.5677E-07  0.1583E-02  0.7082E-03  0.3189E+02
   -0.449979   29.81728  0.5568E-13  0.1778E-04  0.5136E-07  0.1949E-02  0.6400E-03  0.2199E+02
   -0.562476   29.81835  0.5568E-13  0.1867E-04  0.4757E-07  0.2297E-02  0.5866E-03  0.1712E+02
   -0.674974   29.81922  0.5568E-13  0.1943E-04  0.4475E-07  0.2627E-02  0.5428E-03  0.1428E+02
   -0.787472   29.81996  0.5568E-13  0.2009E-04  0.4257E-07  0.2939E-02  0.5057E-03  0.1252E+02
   -0.899972   29.82060  0.5568E-13  0.2066E-04  0.4084E-07  0.3232E-02  0.4736E-03  0.1133E+02
   -1.012472   29.82117  0.5568E-13  0.2118E-04  0.3944E-07  0.3506E-02  0.4453E-03  0.1056E+02
   -1.124973   29.82168  0.5568E-13  0.2163E-04  0.3829E-07  0.3762E-02  0.4201E-03  0.1002E+02
   -1.237474   29.82216  0.5568E-13  0.2204E-04  0.3734E-07  0.3999E-02  0.3973E-03  0.9700E+01
   -1.349976   29.82260  0.5568E-13  0.2241E-04  0.3654E-07  0.4218E-02  0.3765E-03  0.9491E+01
   -1.462478   29.82301  0.5568E-13  0.2274E-04  0.3588E-07  0.4418E-02  0.3573E-03  0.9441E+01
   -1.574981   29.82340  0.5568E-13  0.2303E-04  0.3532E-07  0.4600E-02  0.3397E-03  0.9449E+01
   -1.687484   29.82378  0.5568E-13  0.2329E-04  0.3486E-07  0.4763E-02  0.3232E-03  0.9593E+01
   -1.799987   29.82414  0.5568E-13  0.2352E-04  0.3449E-07  0.4907E-02  0.3078E-03  0.9777E+01
   -1.912490   29.82448  0.5568E-13  0.2372E-04  0.3419E-07  0.5032E-02  0.2934E-03  0.1010E+02
   -2.024994   29.82482  0.5568E-13  0.2389E-04  0.3396E-07  0.5137E-02  0.2798E-03  0.1046E+02
   -2.137498   29.82515  0.5568E-13  0.2403E-04  0.3380E-07  0.5223E-02  0.2668E-03  0.1097E+02
   -2.250002   29.82547  0.5568E-13  0.2415E-04  0.3370E-07  0.5288E-02  0.2546E-03  0.1153E+02
   -2.362505   29.82579  0.5568E-13  0.2424E-04  0.3367E-07  0.5332E-02  0.2429E-03  0.1228E+02
   -2.475009   29.82610  0.5568E-13  0.2430E-04  0.3371E-07  0.5354E-02  0.2317E-03  0.1311E+02
   -2.587513   29.82641  0.5568E-13  0.2434E-04  0.3382E-07  0.5354E-02  0.2210E-03  0.1418E+02
   -2.700016   29.82672  0.5568E-13  0.2434E-04  0.3400E-07  0.5329E-02  0.2107E-03  0.1539E+02
   -2.812520   29.82704  0.5568E-13  0.2432E-04  0.3428E-07  0.5279E-02  0.2007E-03  0.1697E+02
   -2.925023   29.82735  0.5568E-13  0.2427E-04  0.3465E-07  0.5202E-02  0.1911E-03  0.1883E+02
   -3.037525   29.82767  0.5568E-13  0.2418E-04  0.3514E-07  0.5097E-02  0.1817E-03  0.2127E+02
   -3.150027   29.82800  0.5568E-13  0.2406E-04  0.3577E-07  0.4960E-02  0.1726E-03  0.2430E+02
   -3.262529   29.82834  0.5568E-13  0.2390E-04  0.3658E-07  0.4790E-02  0.1637E-03  0.2842E+02
   -3.375031   29.82868  0.5568E-13  0.2369E-04  0.3762E-07  0.4583E-02  0.1550E-03  0.3388E+02
   -3.487531   29.82905  0.5568E-13  0.2342E-04  0.3897E-07  0.4335E-02  0.1464E-03  0.4174E+02
   -3.600031   29.82943  0.5568E-13  0.2309E-04  0.4075E-07  0.4043E-02  0.1378E-03  0.5326E+02
   -3.712531   29.82984  0.5568E-13  0.2268E-04  0.4314E-07  0.3702E-02  0.1294E-03  0.7188E+02
   -3.825030   29.83029  0.5568E-13  0.2216E-04  0.4646E-07  0.3302E-02  0.1209E-03  0.1038E+03
   -3.937527   29.83080  0.5568E-13  0.2149E-04  0.5134E-07  0.2864E-02  0.1122E-03  0.1682E+03
   -4.050025   29.83138  0.5568E-13  0.2060E-04  0.5912E-07  0.2256E-02  0.1034E-03  0.3303E+03
   -4.162521   29.83212  0.5568E-13  0.1934E-04  0.7311E-07  0.1992E-02  0.9402E-04  0.7303E+03
   -4.275016   29.83295  0.5568E-13  0.1677E-04  0.1173E-06  0.8017E-03  0.8557E-04 -0.1371E+04
   -4.387510   29.83668  0.5568E-13  0.7390E-05  0.4113E-06  0.9783E-04  0.6932E-04 -0.8587E+05
   -4.500003   29.85345  0.5568E-13  0.0000E+00  0.0000E+00  0.0000E+00  0.7396E-04  0.0000E+00
