 1 - depth, m
 2 - temperature, C
 3 - salinity, kg/kg
 4 - turbulent kinetic energy, m**2/s**2
 5 - dissipation rate, m**2/s**3
 6 - kinematic heat conductance, m**2/s
 7 - modulus of horizontal velocity, m/s
 8 - Richardson number, n/d
   -0.000000   29.81335  0.2608E-13  0.6180E-05  0.2205E-06  0.5500E-04  0.2978E-02 -0.3895E+01
   -0.112493   29.86337  0.2608E-13  0.1353E-04  0.8574E-07  0.7788E-03  0.8343E-03  0.4290E+05
   -0.224987   29.86696  0.2608E-13  0.1550E-04  0.6753E-07  0.1192E-02  0.6890E-03  0.9076E+02
   -0.337483   29.86896  0.2608E-13  0.1691E-04  0.5860E-07  0.1566E-02  0.6077E-03  0.4228E+02
   -0.449979   29.87040  0.2608E-13  0.1803E-04  0.5297E-07  0.1941E-02  0.5487E-03  0.2888E+02
   -0.562476   29.87152  0.2608E-13  0.1895E-04  0.4904E-07  0.2294E-02  0.5029E-03  0.2232E+02
   -0.674974   29.87242  0.2608E-13  0.1974E-04  0.4612E-07  0.2629E-02  0.4653E-03  0.1857E+02
   -0.787472   29.87319  0.2608E-13  0.2042E-04  0.4387E-07  0.2944E-02  0.4336E-03  0.1623E+02
   -0.899972   29.87386  0.2608E-13  0.2101E-04  0.4207E-07  0.3240E-02  0.4062E-03  0.1467E+02
   -1.012472   29.87446  0.2608E-13  0.2153E-04  0.4061E-07  0.3516E-02  0.3820E-03  0.1364E+02
   -1.124973   29.87499  0.2608E-13  0.2199E-04  0.3940E-07  0.3774E-02  0.3605E-03  0.1292E+02
   -1.237474   29.87549  0.2608E-13  0.2240E-04  0.3839E-07  0.4013E-02  0.3410E-03  0.1247E+02
   -1.349976   29.87594  0.2608E-13  0.2276E-04  0.3755E-07  0.4233E-02  0.3232E-03  0.1219E+02
   -1.462478   29.87637  0.2608E-13  0.2308E-04  0.3683E-07  0.4434E-02  0.3069E-03  0.1208E+02
   -1.574981   29.87677  0.2608E-13  0.2337E-04  0.3622E-07  0.4616E-02  0.2917E-03  0.1207E+02
   -1.687484   29.87716  0.2608E-13  0.2362E-04  0.3571E-07  0.4780E-02  0.2777E-03  0.1221E+02
   -1.799987   29.87753  0.2608E-13  0.2384E-04  0.3529E-07  0.4925E-02  0.2645E-03  0.1242E+02
   -1.912490   29.87788  0.2608E-13  0.2402E-04  0.3494E-07  0.5050E-02  0.2522E-03  0.1278E+02
   -2.024994   29.87822  0.2608E-13  0.2418E-04  0.3466E-07  0.5156E-02  0.2405E-03  0.1321E+02
   -2.137498   29.87856  0.2608E-13  0.2431E-04  0.3445E-07  0.5241E-02  0.2295E-03  0.1379E+02
   -2.250002   29.87888  0.2608E-13  0.2441E-04  0.3431E-07  0.5307E-02  0.2190E-03  0.1447E+02
   -2.362505   29.87921  0.2608E-13  0.2448E-04  0.3423E-07  0.5351E-02  0.2090E-03  0.1534E+02
   -2.475009   29.87952  0.2608E-13  0.2452E-04  0.3421E-07  0.5373E-02  0.1994E-03  0.1635E+02
   -2.587513   29.87984  0.2608E-13  0.2454E-04  0.3427E-07  0.5372E-02  0.1902E-03  0.1760E+02
   -2.700016   29.88015  0.2608E-13  0.2453E-04  0.3441E-07  0.5347E-02  0.1814E-03  0.1907E+02
   -2.812520   29.88046  0.2608E-13  0.2449E-04  0.3463E-07  0.5297E-02  0.1728E-03  0.2092E+02
   -2.925023   29.88078  0.2608E-13  0.2441E-04  0.3495E-07  0.5220E-02  0.1646E-03  0.2316E+02
   -3.037525   29.88109  0.2608E-13  0.2431E-04  0.3539E-07  0.5114E-02  0.1566E-03  0.2605E+02
   -3.150028   29.88142  0.2608E-13  0.2416E-04  0.3597E-07  0.4978E-02  0.1487E-03  0.2968E+02
   -3.262529   29.88175  0.2608E-13  0.2398E-04  0.3673E-07  0.4807E-02  0.1411E-03  0.3456E+02
   -3.375031   29.88209  0.2608E-13  0.2375E-04  0.3772E-07  0.4600E-02  0.1336E-03  0.4109E+02
   -3.487531   29.88244  0.2608E-13  0.2347E-04  0.3901E-07  0.4351E-02  0.1262E-03  0.5041E+02
   -3.600031   29.88282  0.2608E-13  0.2312E-04  0.4073E-07  0.4058E-02  0.1189E-03  0.6417E+02
   -3.712531   29.88322  0.2608E-13  0.2268E-04  0.4306E-07  0.3715E-02  0.1116E-03  0.8625E+02
   -3.825030   29.88365  0.2608E-13  0.2215E-04  0.4631E-07  0.3314E-02  0.1043E-03  0.1242E+03
   -3.937528   29.88414  0.2608E-13  0.2146E-04  0.5112E-07  0.2875E-02  0.9690E-04  0.2005E+03
   -4.050025   29.88469  0.2608E-13  0.2056E-04  0.5881E-07  0.2262E-02  0.8934E-04  0.3926E+03
   -4.162521   29.88540  0.2608E-13  0.1928E-04  0.7271E-07  0.1999E-02  0.8124E-04  0.8602E+03
   -4.275016   29.88619  0.2608E-13  0.1668E-04  0.1169E-06  0.7990E-03  0.7397E-04 -0.1593E+04
   -4.387510   29.88976  0.2608E-13  0.7333E-05  0.4092E-06  0.9834E-04  0.5988E-04 -0.9782E+05
   -4.500003   29.90548  0.2608E-13  0.0000E+00  0.0000E+00  0.0000E+00  0.6398E-04  0.0000E+00
