 1 - depth, m
 2 - temperature, C
 3 - salinity, kg/kg
 4 - turbulent kinetic energy, m**2/s**2
 5 - dissipation rate, m**2/s**3
 6 - kinematic heat conductance, m**2/s
 7 - modulus of horizontal velocity, m/s
 8 - Richardson number, n/d
   -0.000000   30.06683  0.7485E-13  0.6145E-05  0.2838E-06  0.6852E-04  0.1972E-02 -0.1168E+02
   -0.112493   30.11469  0.7485E-13  0.1373E-04  0.1114E-06  0.5838E-03  0.7021E-03  0.3801E+05
   -0.224987   30.12144  0.7485E-13  0.1646E-04  0.8104E-07  0.1175E-02  0.5342E-03  0.2524E+03
   -0.337482   30.12383  0.7485E-13  0.1817E-04  0.6935E-07  0.1524E-02  0.4699E-03  0.9331E+02
   -0.449978   30.12556  0.7485E-13  0.1951E-04  0.6225E-07  0.1938E-02  0.4230E-03  0.6105E+02
   -0.562475   30.12686  0.7485E-13  0.2061E-04  0.5742E-07  0.2316E-02  0.3873E-03  0.4572E+02
   -0.674973   30.12790  0.7485E-13  0.2153E-04  0.5389E-07  0.2676E-02  0.3584E-03  0.3744E+02
   -0.787472   30.12877  0.7485E-13  0.2233E-04  0.5119E-07  0.3015E-02  0.3342E-03  0.3224E+02
   -0.899971   30.12952  0.7485E-13  0.2302E-04  0.4907E-07  0.3334E-02  0.3133E-03  0.2893E+02
   -1.012471   30.13019  0.7485E-13  0.2363E-04  0.4736E-07  0.3631E-02  0.2950E-03  0.2660E+02
   -1.124972   30.13078  0.7485E-13  0.2418E-04  0.4596E-07  0.3908E-02  0.2787E-03  0.2512E+02
   -1.237473   30.13133  0.7485E-13  0.2466E-04  0.4481E-07  0.4165E-02  0.2640E-03  0.2404E+02
   -1.349975   30.13184  0.7485E-13  0.2509E-04  0.4385E-07  0.4401E-02  0.2505E-03  0.2347E+02
   -1.462477   30.13231  0.7485E-13  0.2548E-04  0.4304E-07  0.4618E-02  0.2382E-03  0.2309E+02
   -1.574980   30.13276  0.7485E-13  0.2582E-04  0.4238E-07  0.4814E-02  0.2268E-03  0.2309E+02
   -1.687483   30.13319  0.7485E-13  0.2613E-04  0.4183E-07  0.4990E-02  0.2162E-03  0.2319E+02
   -1.799986   30.13359  0.7485E-13  0.2640E-04  0.4138E-07  0.5146E-02  0.2063E-03  0.2364E+02
   -1.912489   30.13399  0.7485E-13  0.2663E-04  0.4102E-07  0.5281E-02  0.1969E-03  0.2416E+02
   -2.024993   30.13437  0.7485E-13  0.2684E-04  0.4075E-07  0.5395E-02  0.1881E-03  0.2503E+02
   -2.137497   30.13475  0.7485E-13  0.2701E-04  0.4056E-07  0.5487E-02  0.1798E-03  0.2598E+02
   -2.250000   30.13511  0.7485E-13  0.2715E-04  0.4045E-07  0.5558E-02  0.1718E-03  0.2735E+02
   -2.362504   30.13547  0.7485E-13  0.2725E-04  0.4042E-07  0.5606E-02  0.1642E-03  0.2882E+02
   -2.475008   30.13583  0.7485E-13  0.2733E-04  0.4047E-07  0.5631E-02  0.1570E-03  0.3080E+02
   -2.587511   30.13618  0.7485E-13  0.2738E-04  0.4061E-07  0.5631E-02  0.1500E-03  0.3297E+02
   -2.700015   30.13654  0.7485E-13  0.2739E-04  0.4084E-07  0.5606E-02  0.1433E-03  0.3584E+02
   -2.812518   30.13690  0.7485E-13  0.2737E-04  0.4117E-07  0.5553E-02  0.1368E-03  0.3911E+02
   -2.925021   30.13725  0.7485E-13  0.2731E-04  0.4163E-07  0.5472E-02  0.1305E-03  0.4344E+02
   -3.037524   30.13762  0.7485E-13  0.2722E-04  0.4223E-07  0.5360E-02  0.1243E-03  0.4861E+02
   -3.150026   30.13799  0.7485E-13  0.2708E-04  0.4300E-07  0.5215E-02  0.1183E-03  0.5557E+02
   -3.262527   30.13837  0.7485E-13  0.2689E-04  0.4399E-07  0.5034E-02  0.1125E-03  0.6440E+02
   -3.375029   30.13877  0.7485E-13  0.2666E-04  0.4526E-07  0.4814E-02  0.1067E-03  0.7681E+02
   -3.487529   30.13918  0.7485E-13  0.2635E-04  0.4691E-07  0.4550E-02  0.1010E-03  0.9384E+02
   -3.600029   30.13962  0.7485E-13  0.2598E-04  0.4908E-07  0.4239E-02  0.9537E-04  0.1198E+03
   -3.712529   30.14009  0.7485E-13  0.2551E-04  0.5200E-07  0.3875E-02  0.8974E-04  0.1606E+03
   -3.825027   30.14061  0.7485E-13  0.2491E-04  0.5607E-07  0.3448E-02  0.8405E-04  0.2322E+03
   -3.937525   30.14118  0.7485E-13  0.2414E-04  0.6207E-07  0.2987E-02  0.7827E-04  0.3746E+03
   -4.050022   30.14185  0.7485E-13  0.2311E-04  0.7170E-07  0.2328E-02  0.7236E-04  0.7428E+03
   -4.162518   30.14272  0.7485E-13  0.2165E-04  0.8912E-07  0.2076E-02  0.6595E-04  0.1614E+04
   -4.275014   30.14367  0.7485E-13  0.1865E-04  0.1448E-06  0.8173E-03  0.6024E-04 -0.3459E+04
   -4.387508   30.14816  0.7485E-13  0.8319E-05  0.5036E-06  0.1078E-03  0.4889E-04 -0.1723E+06
   -4.500001   30.16647  0.7485E-13  0.0000E+00  0.0000E+00  0.0000E+00  0.5232E-04  0.0000E+00
