 1 - depth, m
 2 - temperature, C
 3 - salinity, kg/kg
 4 - turbulent kinetic energy, m**2/s**2
 5 - dissipation rate, m**2/s**3
 6 - kinematic heat conductance, m**2/s
 7 - modulus of horizontal velocity, m/s
 8 - Richardson number, n/d
   -0.000000   30.83629  0.1328E-13  0.6210E-05  0.2955E-06  0.7029E-04  0.1965E-02 -0.1143E+02
   -0.112493   30.88255  0.1328E-13  0.1390E-04  0.1159E-06  0.5716E-03  0.7157E-03  0.2663E+05
   -0.224987   30.88950  0.1328E-13  0.1675E-04  0.8368E-07  0.1184E-02  0.5384E-03  0.2425E+03
   -0.337482   30.89187  0.1328E-13  0.1852E-04  0.7159E-07  0.1532E-02  0.4735E-03  0.8996E+02
   -0.449979   30.89361  0.1328E-13  0.1991E-04  0.6426E-07  0.1954E-02  0.4260E-03  0.5894E+02
   -0.562476   30.89491  0.1328E-13  0.2104E-04  0.5929E-07  0.2336E-02  0.3900E-03  0.4434E+02
   -0.674973   30.89596  0.1328E-13  0.2200E-04  0.5566E-07  0.2701E-02  0.3609E-03  0.3631E+02
   -0.787472   30.89683  0.1328E-13  0.2281E-04  0.5289E-07  0.3044E-02  0.3364E-03  0.3142E+02
   -0.899972   30.89759  0.1328E-13  0.2352E-04  0.5070E-07  0.3366E-02  0.3154E-03  0.2816E+02
   -1.012472   30.89826  0.1328E-13  0.2415E-04  0.4893E-07  0.3666E-02  0.2970E-03  0.2602E+02
   -1.124972   30.89886  0.1328E-13  0.2470E-04  0.4748E-07  0.3946E-02  0.2805E-03  0.2450E+02
   -1.237474   30.89942  0.1328E-13  0.2519E-04  0.4628E-07  0.4205E-02  0.2657E-03  0.2356E+02
   -1.349975   30.89993  0.1328E-13  0.2563E-04  0.4527E-07  0.4444E-02  0.2522E-03  0.2291E+02
   -1.462478   30.90040  0.1328E-13  0.2602E-04  0.4443E-07  0.4662E-02  0.2398E-03  0.2265E+02
   -1.574980   30.90085  0.1328E-13  0.2636E-04  0.4372E-07  0.4860E-02  0.2283E-03  0.2254E+02
   -1.687483   30.90128  0.1328E-13  0.2667E-04  0.4313E-07  0.5037E-02  0.2176E-03  0.2275E+02
   -1.799986   30.90169  0.1328E-13  0.2693E-04  0.4265E-07  0.5194E-02  0.2076E-03  0.2306E+02
   -1.912490   30.90209  0.1328E-13  0.2716E-04  0.4226E-07  0.5330E-02  0.1982E-03  0.2367E+02
   -2.024993   30.90247  0.1328E-13  0.2736E-04  0.4195E-07  0.5444E-02  0.1894E-03  0.2438E+02
   -2.137497   30.90285  0.1328E-13  0.2752E-04  0.4173E-07  0.5537E-02  0.1810E-03  0.2542E+02
   -2.250001   30.90321  0.1328E-13  0.2765E-04  0.4158E-07  0.5608E-02  0.1730E-03  0.2658E+02
   -2.362505   30.90357  0.1328E-13  0.2775E-04  0.4152E-07  0.5656E-02  0.1654E-03  0.2813E+02
   -2.475008   30.90393  0.1328E-13  0.2781E-04  0.4154E-07  0.5681E-02  0.1581E-03  0.2986E+02
   -2.587512   30.90428  0.1328E-13  0.2785E-04  0.4164E-07  0.5681E-02  0.1510E-03  0.3210E+02
   -2.700015   30.90463  0.1328E-13  0.2785E-04  0.4184E-07  0.5655E-02  0.1443E-03  0.3465E+02
   -2.812519   30.90498  0.1328E-13  0.2781E-04  0.4215E-07  0.5601E-02  0.1378E-03  0.3797E+02
   -2.925022   30.90534  0.1328E-13  0.2774E-04  0.4258E-07  0.5519E-02  0.1314E-03  0.4187E+02
   -3.037524   30.90570  0.1328E-13  0.2763E-04  0.4316E-07  0.5405E-02  0.1253E-03  0.4702E+02
   -3.150026   30.90606  0.1328E-13  0.2748E-04  0.4391E-07  0.5259E-02  0.1192E-03  0.5340E+02
   -3.262528   30.90644  0.1328E-13  0.2727E-04  0.4488E-07  0.5076E-02  0.1133E-03  0.6208E+02
   -3.375029   30.90683  0.1328E-13  0.2702E-04  0.4614E-07  0.4853E-02  0.1076E-03  0.7356E+02
   -3.487530   30.90723  0.1328E-13  0.2670E-04  0.4778E-07  0.4587E-02  0.1018E-03  0.9012E+02
   -3.600030   30.90766  0.1328E-13  0.2630E-04  0.4995E-07  0.4272E-02  0.9617E-04  0.1144E+03
   -3.712530   30.90812  0.1328E-13  0.2581E-04  0.5288E-07  0.3905E-02  0.9050E-04  0.1536E+03
   -3.825028   30.90862  0.1328E-13  0.2519E-04  0.5699E-07  0.3472E-02  0.8479E-04  0.2211E+03
   -3.937526   30.90918  0.1328E-13  0.2440E-04  0.6306E-07  0.3008E-02  0.7898E-04  0.3571E+03
   -4.050023   30.90983  0.1328E-13  0.2334E-04  0.7283E-07  0.2339E-02  0.7304E-04  0.7060E+03
   -4.162519   30.91066  0.1328E-13  0.2185E-04  0.9058E-07  0.2089E-02  0.6659E-04  0.1525E+04
   -4.275015   30.91158  0.1328E-13  0.1878E-04  0.1476E-06  0.8165E-03  0.6085E-04 -0.3251E+04
   -4.387509   30.91594  0.1328E-13  0.8372E-05  0.5122E-06  0.1093E-03  0.4935E-04 -0.1555E+06
   -4.500002   30.93323  0.1328E-13  0.0000E+00  0.0000E+00  0.0000E+00  0.5284E-04  0.0000E+00
