 1 - depth, m
 2 - temperature, C
 3 - salinity, kg/kg
 4 - turbulent kinetic energy, m**2/s**2
 5 - dissipation rate, m**2/s**3
 6 - kinematic heat conductance, m**2/s
 7 - modulus of horizontal velocity, m/s
 8 - Richardson number, n/d
   -0.000000   27.92820  0.5223E-13  0.1075E-04  0.3319E-06  0.6015E-04  0.8533E-02 -0.5763E+00
   -0.112493   27.99098  0.5223E-13  0.1751E-04  0.1279E-06  0.8708E-03  0.2680E-02  0.2089E+03
   -0.224987   27.99505  0.5223E-13  0.1944E-04  0.1001E-06  0.1236E-02  0.2279E-02  0.7956E+01
   -0.337482   27.99776  0.5223E-13  0.2096E-04  0.8551E-07  0.1650E-02  0.2015E-02  0.4407E+01
   -0.449979   27.99970  0.5223E-13  0.2221E-04  0.7635E-07  0.2037E-02  0.1824E-02  0.3021E+01
   -0.562476   28.00120  0.5223E-13  0.2325E-04  0.7001E-07  0.2411E-02  0.1676E-02  0.2333E+01
   -0.674973   28.00243  0.5223E-13  0.2414E-04  0.6533E-07  0.2766E-02  0.1554E-02  0.1932E+01
   -0.787472   28.00347  0.5223E-13  0.2491E-04  0.6173E-07  0.3104E-02  0.1451E-02  0.1679E+01
   -0.899972   28.00437  0.5223E-13  0.2559E-04  0.5888E-07  0.3422E-02  0.1362E-02  0.1511E+01
   -1.012472   28.00517  0.5223E-13  0.2618E-04  0.5656E-07  0.3718E-02  0.1283E-02  0.1398E+01
   -1.124972   28.00590  0.5223E-13  0.2670E-04  0.5464E-07  0.3995E-02  0.1213E-02  0.1331E+01
   -1.237474   28.00656  0.5223E-13  0.2717E-04  0.5302E-07  0.4254E-02  0.1150E-02  0.1301E+01
   -1.349975   28.00717  0.5223E-13  0.2758E-04  0.5164E-07  0.4498E-02  0.1091E-02  0.1286E+01
   -1.462478   28.00774  0.5223E-13  0.2794E-04  0.5046E-07  0.4724E-02  0.1037E-02  0.1279E+01
   -1.574980   28.00827  0.5223E-13  0.2826E-04  0.4946E-07  0.4930E-02  0.9867E-03  0.1275E+01
   -1.687483   28.00878  0.5223E-13  0.2853E-04  0.4860E-07  0.5114E-02  0.9398E-03  0.1274E+01
   -1.799986   28.00927  0.5223E-13  0.2877E-04  0.4787E-07  0.5276E-02  0.8961E-03  0.1274E+01
   -1.912490   28.00973  0.5223E-13  0.2896E-04  0.4727E-07  0.5414E-02  0.8553E-03  0.1282E+01
   -2.024993   28.01018  0.5223E-13  0.2911E-04  0.4677E-07  0.5528E-02  0.8170E-03  0.1299E+01
   -2.137497   28.01062  0.5223E-13  0.2923E-04  0.4637E-07  0.5619E-02  0.7811E-03  0.1338E+01
   -2.250001   28.01104  0.5223E-13  0.2932E-04  0.4607E-07  0.5688E-02  0.7470E-03  0.1398E+01
   -2.362505   28.01146  0.5223E-13  0.2937E-04  0.4585E-07  0.5734E-02  0.7145E-03  0.1473E+01
   -2.475008   28.01187  0.5223E-13  0.2938E-04  0.4574E-07  0.5756E-02  0.6834E-03  0.1564E+01
   -2.587512   28.01228  0.5223E-13  0.2937E-04  0.4572E-07  0.5753E-02  0.6534E-03  0.1674E+01
   -2.700015   28.01268  0.5223E-13  0.2931E-04  0.4580E-07  0.5724E-02  0.6246E-03  0.1808E+01
   -2.812519   28.01308  0.5223E-13  0.2922E-04  0.4601E-07  0.5666E-02  0.5966E-03  0.1974E+01
   -2.925022   28.01348  0.5223E-13  0.2909E-04  0.4636E-07  0.5578E-02  0.5695E-03  0.2179E+01
   -3.037524   28.01389  0.5223E-13  0.2892E-04  0.4686E-07  0.5458E-02  0.5431E-03  0.2442E+01
   -3.150026   28.01430  0.5223E-13  0.2870E-04  0.4756E-07  0.5304E-02  0.5174E-03  0.2780E+01
   -3.262528   28.01472  0.5223E-13  0.2844E-04  0.4851E-07  0.5112E-02  0.4921E-03  0.3233E+01
   -3.375029   28.01516  0.5223E-13  0.2811E-04  0.4978E-07  0.4879E-02  0.4673E-03  0.3853E+01
   -3.487530   28.01561  0.5223E-13  0.2771E-04  0.5148E-07  0.4602E-02  0.4427E-03  0.4748E+01
   -3.600030   28.01609  0.5223E-13  0.2723E-04  0.5379E-07  0.4271E-02  0.4182E-03  0.6122E+01
   -3.712530   28.01660  0.5223E-13  0.2664E-04  0.5701E-07  0.3899E-02  0.3938E-03  0.8424E+01
   -3.825028   28.01715  0.5223E-13  0.2591E-04  0.6172E-07  0.3441E-02  0.3691E-03  0.1720E+02
   -3.937526   28.01778  0.5223E-13  0.2497E-04  0.6909E-07  0.2982E-02  0.3436E-03  0.3814E+02
   -4.050023   28.01852  0.5223E-13  0.2366E-04  0.8222E-07  0.2281E-02  0.3174E-03  0.4776E+03
   -4.162519   28.01961  0.5223E-13  0.2179E-04  0.1072E-06  0.2014E-02  0.2869E-03  0.7429E+03
   -4.275014   28.02060  0.5223E-13  0.1834E-04  0.1872E-06  0.7960E-03  0.2610E-03 -0.1720E+03
   -4.387509   28.02607  0.5223E-13  0.8275E-05  0.6605E-06  0.1233E-03  0.2086E-03 -0.1606E+05
   -4.500002   28.04296  0.5223E-13  0.0000E+00  0.0000E+00  0.0000E+00  0.2288E-03  0.0000E+00
