 1 - depth, m
 2 - temperature, C
 3 - salinity, kg/kg
 4 - turbulent kinetic energy, m**2/s**2
 5 - dissipation rate, m**2/s**3
 6 - kinematic heat conductance, m**2/s
 7 - modulus of horizontal velocity, m/s
 8 - Richardson number, n/d
   -0.000000   30.63123  0.4262E-13  0.7773E-05  0.2405E-06  0.5056E-04  0.4378E-02 -0.2103E+01
   -0.112493   30.69402  0.4262E-13  0.1604E-04  0.9977E-07  0.9222E-03  0.1191E-02  0.2464E+03
   -0.224987   30.69724  0.4262E-13  0.1799E-04  0.8094E-07  0.1298E-02  0.1020E-02  0.3014E+02
   -0.337482   30.69939  0.4262E-13  0.1947E-04  0.7059E-07  0.1714E-02  0.9064E-03  0.1750E+02
   -0.449979   30.70094  0.4262E-13  0.2066E-04  0.6391E-07  0.2100E-02  0.8233E-03  0.1232E+02
   -0.562476   30.70216  0.4262E-13  0.2165E-04  0.5920E-07  0.2469E-02  0.7577E-03  0.9668E+01
   -0.674974   30.70315  0.4262E-13  0.2250E-04  0.5567E-07  0.2818E-02  0.7036E-03  0.8105E+01
   -0.787472   30.70399  0.4262E-13  0.2323E-04  0.5292E-07  0.3148E-02  0.6577E-03  0.7103E+01
   -0.899972   30.70472  0.4262E-13  0.2387E-04  0.5072E-07  0.3457E-02  0.6178E-03  0.6437E+01
   -1.012472   30.70538  0.4262E-13  0.2443E-04  0.4892E-07  0.3747E-02  0.5825E-03  0.5976E+01
   -1.124972   30.70597  0.4262E-13  0.2492E-04  0.4743E-07  0.4016E-02  0.5509E-03  0.5664E+01
   -1.237474   30.70651  0.4262E-13  0.2536E-04  0.4618E-07  0.4266E-02  0.5223E-03  0.5452E+01
   -1.349975   30.70701  0.4262E-13  0.2575E-04  0.4512E-07  0.4496E-02  0.4961E-03  0.5326E+01
   -1.462478   30.70748  0.4262E-13  0.2609E-04  0.4422E-07  0.4706E-02  0.4720E-03  0.5259E+01
   -1.574980   30.70793  0.4262E-13  0.2639E-04  0.4345E-07  0.4897E-02  0.4497E-03  0.5252E+01
   -1.687483   30.70835  0.4262E-13  0.2665E-04  0.4280E-07  0.5068E-02  0.4289E-03  0.5288E+01
   -1.799986   30.70875  0.4262E-13  0.2687E-04  0.4225E-07  0.5218E-02  0.4093E-03  0.5376E+01
   -1.912490   30.70914  0.4262E-13  0.2706E-04  0.4180E-07  0.5349E-02  0.3909E-03  0.5502E+01
   -2.024994   30.70952  0.4262E-13  0.2722E-04  0.4143E-07  0.5459E-02  0.3736E-03  0.5681E+01
   -2.137497   30.70988  0.4262E-13  0.2735E-04  0.4114E-07  0.5547E-02  0.3571E-03  0.5903E+01
   -2.250001   30.71024  0.4262E-13  0.2744E-04  0.4093E-07  0.5614E-02  0.3414E-03  0.6186E+01
   -2.362505   30.71059  0.4262E-13  0.2751E-04  0.4080E-07  0.5659E-02  0.3264E-03  0.6523E+01
   -2.475009   30.71094  0.4262E-13  0.2754E-04  0.4075E-07  0.5680E-02  0.3121E-03  0.6939E+01
   -2.587512   30.71128  0.4262E-13  0.2755E-04  0.4079E-07  0.5677E-02  0.2983E-03  0.7430E+01
   -2.700016   30.71162  0.4262E-13  0.2752E-04  0.4092E-07  0.5649E-02  0.2850E-03  0.8036E+01
   -2.812519   30.71196  0.4262E-13  0.2745E-04  0.4115E-07  0.5594E-02  0.2721E-03  0.8770E+01
   -2.925022   30.71230  0.4262E-13  0.2735E-04  0.4150E-07  0.5510E-02  0.2596E-03  0.9690E+01
   -3.037524   30.71265  0.4262E-13  0.2722E-04  0.4199E-07  0.5395E-02  0.2474E-03  0.1084E+02
   -3.150027   30.71300  0.4262E-13  0.2704E-04  0.4266E-07  0.5248E-02  0.2356E-03  0.1233E+02
   -3.262528   30.71336  0.4262E-13  0.2682E-04  0.4353E-07  0.5064E-02  0.2240E-03  0.1428E+02
   -3.375030   30.71373  0.4262E-13  0.2654E-04  0.4468E-07  0.4842E-02  0.2125E-03  0.1695E+02
   -3.487530   30.71411  0.4262E-13  0.2620E-04  0.4620E-07  0.4575E-02  0.2012E-03  0.2069E+02
   -3.600030   30.71452  0.4262E-13  0.2579E-04  0.4823E-07  0.4261E-02  0.1900E-03  0.2630E+02
   -3.712530   30.71495  0.4262E-13  0.2529E-04  0.5099E-07  0.3894E-02  0.1788E-03  0.3522E+02
   -3.825029   30.71542  0.4262E-13  0.2467E-04  0.5488E-07  0.3463E-02  0.1676E-03  0.5073E+02
   -3.937526   30.71594  0.4262E-13  0.2387E-04  0.6065E-07  0.3000E-02  0.1561E-03  0.8175E+02
   -4.050023   30.71655  0.4262E-13  0.2282E-04  0.6999E-07  0.2333E-02  0.1444E-03  0.1615E+03
   -4.162520   30.71733  0.4262E-13  0.2134E-04  0.8700E-07  0.2082E-02  0.1316E-03  0.3478E+03
   -4.275015   30.71818  0.4262E-13  0.1834E-04  0.1418E-06  0.8096E-03  0.1203E-03 -0.7192E+03
   -4.387509   30.72224  0.4262E-13  0.8135E-05  0.4922E-06  0.1082E-03  0.9737E-04 -0.3536E+05
   -4.500002   30.73822  0.4262E-13  0.0000E+00  0.0000E+00  0.0000E+00  0.1044E-03  0.0000E+00
