 1 - depth, m
 2 - temperature, C
 3 - salinity, kg/kg
 4 - turbulent kinetic energy, m**2/s**2
 5 - dissipation rate, m**2/s**3
 6 - kinematic heat conductance, m**2/s
 7 - modulus of horizontal velocity, m/s
 8 - Richardson number, n/d
   -0.000000   28.27688  0.1314E-12  0.1132E-04  0.3331E-06  0.5880E-04  0.1021E-01 -0.3870E+00
   -0.112493   28.33278  0.1314E-12  0.1638E-04  0.1189E-06  0.7910E-03  0.3419E-02  0.5759E+03
   -0.224987   28.33664  0.1314E-12  0.1795E-04  0.8989E-07  0.1216E-02  0.2789E-02  0.6529E+01
   -0.337482   28.33897  0.1314E-12  0.1910E-04  0.7626E-07  0.1547E-02  0.2475E-02  0.3131E+01
   -0.449978   28.34068  0.1314E-12  0.2007E-04  0.6764E-07  0.1898E-02  0.2240E-02  0.2163E+01
   -0.562475   28.34201  0.1314E-12  0.2091E-04  0.6169E-07  0.2233E-02  0.2056E-02  0.1669E+01
   -0.674973   28.34308  0.1314E-12  0.2165E-04  0.5734E-07  0.2547E-02  0.1906E-02  0.1404E+01
   -0.787472   28.34400  0.1314E-12  0.2231E-04  0.5398E-07  0.2849E-02  0.1778E-02  0.1324E+01
   -0.899971   28.34479  0.1314E-12  0.2292E-04  0.5126E-07  0.3156E-02  0.1664E-02  0.1306E+01
   -1.012471   28.34549  0.1314E-12  0.2349E-04  0.4903E-07  0.3457E-02  0.1560E-02  0.1307E+01
   -1.124972   28.34611  0.1314E-12  0.2401E-04  0.4716E-07  0.3752E-02  0.1464E-02  0.1320E+01
   -1.237473   28.34668  0.1314E-12  0.2450E-04  0.4560E-07  0.4037E-02  0.1376E-02  0.1330E+01
   -1.349975   28.34719  0.1314E-12  0.2494E-04  0.4429E-07  0.4307E-02  0.1295E-02  0.1335E+01
   -1.462477   28.34768  0.1314E-12  0.2535E-04  0.4319E-07  0.4559E-02  0.1219E-02  0.1336E+01
   -1.574980   28.34813  0.1314E-12  0.2571E-04  0.4228E-07  0.4789E-02  0.1150E-02  0.1333E+01
   -1.687483   28.34855  0.1314E-12  0.2603E-04  0.4153E-07  0.4995E-02  0.1085E-02  0.1326E+01
   -1.799986   28.34896  0.1314E-12  0.2630E-04  0.4093E-07  0.5176E-02  0.1025E-02  0.1316E+01
   -1.912489   28.34935  0.1314E-12  0.2654E-04  0.4045E-07  0.5329E-02  0.9701E-03  0.1302E+01
   -2.024993   28.34973  0.1314E-12  0.2674E-04  0.4010E-07  0.5455E-02  0.9190E-03  0.1286E+01
   -2.137497   28.35010  0.1314E-12  0.2689E-04  0.3985E-07  0.5552E-02  0.8719E-03  0.1266E+01
   -2.250000   28.35046  0.1314E-12  0.2702E-04  0.3969E-07  0.5621E-02  0.8284E-03  0.1246E+01
   -2.362504   28.35082  0.1314E-12  0.2710E-04  0.3963E-07  0.5662E-02  0.7884E-03  0.1236E+01
   -2.475008   28.35117  0.1314E-12  0.2716E-04  0.3966E-07  0.5678E-02  0.7513E-03  0.1242E+01
   -2.587511   28.35152  0.1314E-12  0.2718E-04  0.3978E-07  0.5669E-02  0.7168E-03  0.1277E+01
   -2.700015   28.35188  0.1314E-12  0.2718E-04  0.3999E-07  0.5638E-02  0.6843E-03  0.1360E+01
   -2.812518   28.35223  0.1314E-12  0.2714E-04  0.4030E-07  0.5581E-02  0.6534E-03  0.1490E+01
   -2.925021   28.35259  0.1314E-12  0.2707E-04  0.4074E-07  0.5495E-02  0.6233E-03  0.1658E+01
   -3.037524   28.35296  0.1314E-12  0.2696E-04  0.4132E-07  0.5378E-02  0.5941E-03  0.1868E+01
   -3.150026   28.35333  0.1314E-12  0.2681E-04  0.4207E-07  0.5229E-02  0.5655E-03  0.2140E+01
   -3.262527   28.35372  0.1314E-12  0.2662E-04  0.4304E-07  0.5044E-02  0.5376E-03  0.2496E+01
   -3.375029   28.35412  0.1314E-12  0.2638E-04  0.4428E-07  0.4820E-02  0.5100E-03  0.2984E+01
   -3.487529   28.35454  0.1314E-12  0.2607E-04  0.4590E-07  0.4553E-02  0.4828E-03  0.3669E+01
   -3.600029   28.35498  0.1314E-12  0.2569E-04  0.4804E-07  0.4239E-02  0.4559E-03  0.4698E+01
   -3.712529   28.35546  0.1314E-12  0.2522E-04  0.5091E-07  0.3873E-02  0.4289E-03  0.6336E+01
   -3.825027   28.35598  0.1314E-12  0.2463E-04  0.5493E-07  0.3444E-02  0.4017E-03  0.9196E+01
   -3.937525   28.35657  0.1314E-12  0.2387E-04  0.6085E-07  0.2982E-02  0.3741E-03  0.1493E+02
   -4.050022   28.35726  0.1314E-12  0.2285E-04  0.7034E-07  0.2322E-02  0.3458E-03  0.2973E+02
   -4.162518   28.35814  0.1314E-12  0.2141E-04  0.8751E-07  0.2068E-02  0.3151E-03  0.6517E+02
   -4.275014   28.35913  0.1314E-12  0.1844E-04  0.1424E-06  0.8125E-03  0.2878E-03 -0.1384E+03
   -4.387508   28.36379  0.1314E-12  0.8233E-05  0.4953E-06  0.1073E-03  0.2333E-03 -0.7136E+04
   -4.500001   28.38297  0.1314E-12  0.0000E+00  0.0000E+00  0.0000E+00  0.2495E-03  0.0000E+00
