 1 - depth, m
 2 - temperature, C
 3 - salinity, kg/kg
 4 - turbulent kinetic energy, m**2/s**2
 5 - dissipation rate, m**2/s**3
 6 - kinematic heat conductance, m**2/s
 7 - modulus of horizontal velocity, m/s
 8 - Richardson number, n/d
   -0.000000   26.14164  0.3107E-13  0.1136E-04  0.3491E-06  0.5819E-04  0.1012E-01 -0.3930E+00
   -0.112493   26.20384  0.3107E-13  0.1695E-04  0.1248E-06  0.8086E-03  0.3286E-02  0.1686E+04
   -0.224987   26.20810  0.3107E-13  0.1870E-04  0.9502E-07  0.1238E-02  0.2708E-02  0.6368E+01
   -0.337482   26.21069  0.3107E-13  0.2000E-04  0.8085E-07  0.1594E-02  0.2403E-02  0.3200E+01
   -0.449979   26.21260  0.3107E-13  0.2109E-04  0.7194E-07  0.1961E-02  0.2177E-02  0.2217E+01
   -0.562476   26.21410  0.3107E-13  0.2202E-04  0.6579E-07  0.2312E-02  0.2000E-02  0.1719E+01
   -0.674974   26.21532  0.3107E-13  0.2283E-04  0.6130E-07  0.2645E-02  0.1855E-02  0.1437E+01
   -0.787472   26.21636  0.3107E-13  0.2354E-04  0.5786E-07  0.2953E-02  0.1732E-02  0.1292E+01
   -0.899972   26.21726  0.3107E-13  0.2418E-04  0.5509E-07  0.3253E-02  0.1626E-02  0.1286E+01
   -1.012472   26.21807  0.3107E-13  0.2478E-04  0.5279E-07  0.3559E-02  0.1528E-02  0.1306E+01
   -1.124972   26.21879  0.3107E-13  0.2532E-04  0.5084E-07  0.3858E-02  0.1437E-02  0.1322E+01
   -1.237474   26.21945  0.3107E-13  0.2582E-04  0.4919E-07  0.4145E-02  0.1354E-02  0.1332E+01
   -1.349975   26.22005  0.3107E-13  0.2627E-04  0.4779E-07  0.4415E-02  0.1276E-02  0.1337E+01
   -1.462478   26.22061  0.3107E-13  0.2667E-04  0.4661E-07  0.4667E-02  0.1204E-02  0.1337E+01
   -1.574980   26.22113  0.3107E-13  0.2703E-04  0.4561E-07  0.4896E-02  0.1138E-02  0.1333E+01
   -1.687483   26.22162  0.3107E-13  0.2733E-04  0.4477E-07  0.5101E-02  0.1076E-02  0.1325E+01
   -1.799986   26.22209  0.3107E-13  0.2759E-04  0.4408E-07  0.5279E-02  0.1019E-02  0.1313E+01
   -1.912490   26.22254  0.3107E-13  0.2781E-04  0.4352E-07  0.5431E-02  0.9656E-03  0.1298E+01
   -2.024994   26.22298  0.3107E-13  0.2798E-04  0.4308E-07  0.5555E-02  0.9165E-03  0.1280E+01
   -2.137497   26.22340  0.3107E-13  0.2812E-04  0.4274E-07  0.5650E-02  0.8710E-03  0.1258E+01
   -2.250001   26.22381  0.3107E-13  0.2821E-04  0.4251E-07  0.5717E-02  0.8290E-03  0.1234E+01
   -2.362505   26.22422  0.3107E-13  0.2827E-04  0.4238E-07  0.5757E-02  0.7902E-03  0.1212E+01
   -2.475009   26.22462  0.3107E-13  0.2829E-04  0.4233E-07  0.5770E-02  0.7543E-03  0.1196E+01
   -2.587512   26.22502  0.3107E-13  0.2828E-04  0.4238E-07  0.5760E-02  0.7211E-03  0.1265E+01
   -2.700016   26.22541  0.3107E-13  0.2824E-04  0.4253E-07  0.5725E-02  0.6893E-03  0.1370E+01
   -2.812519   26.22581  0.3107E-13  0.2816E-04  0.4278E-07  0.5662E-02  0.6585E-03  0.1501E+01
   -2.925022   26.22621  0.3107E-13  0.2805E-04  0.4317E-07  0.5571E-02  0.6286E-03  0.1662E+01
   -3.037524   26.22661  0.3107E-13  0.2790E-04  0.4370E-07  0.5448E-02  0.5994E-03  0.1868E+01
   -3.150027   26.22702  0.3107E-13  0.2770E-04  0.4442E-07  0.5291E-02  0.5709E-03  0.2132E+01
   -3.262528   26.22744  0.3107E-13  0.2746E-04  0.4537E-07  0.5097E-02  0.5430E-03  0.2485E+01
   -3.375030   26.22788  0.3107E-13  0.2716E-04  0.4661E-07  0.4864E-02  0.5155E-03  0.2966E+01
   -3.487530   26.22833  0.3107E-13  0.2680E-04  0.4826E-07  0.4587E-02  0.4883E-03  0.3655E+01
   -3.600031   26.22881  0.3107E-13  0.2635E-04  0.5048E-07  0.4258E-02  0.4612E-03  0.4700E+01
   -3.712530   26.22933  0.3107E-13  0.2581E-04  0.5352E-07  0.3885E-02  0.4341E-03  0.6411E+01
   -3.825029   26.22989  0.3107E-13  0.2513E-04  0.5790E-07  0.3433E-02  0.4068E-03  0.1077E+02
   -3.937526   26.23053  0.3107E-13  0.2426E-04  0.6461E-07  0.2976E-02  0.3786E-03  0.1550E+02
   -4.050024   26.23127  0.3107E-13  0.2306E-04  0.7622E-07  0.2288E-02  0.3499E-03  0.3442E+03
   -4.162520   26.23232  0.3107E-13  0.2133E-04  0.9839E-07  0.2013E-02  0.3168E-03  0.2233E+03
   -4.275015   26.23338  0.3107E-13  0.1801E-04  0.1695E-06  0.7956E-03  0.2879E-03  0.8759E+02
   -4.387509   26.23881  0.3107E-13  0.8085E-05  0.5921E-06  0.1185E-03  0.2303E-03 -0.1267E+05
   -4.500002   26.25683  0.3107E-13  0.0000E+00  0.0000E+00  0.0000E+00  0.2515E-03  0.0000E+00
