 1 - depth, m
 2 - temperature, C
 3 - salinity, kg/kg
 4 - turbulent kinetic energy, m**2/s**2
 5 - dissipation rate, m**2/s**3
 6 - kinematic heat conductance, m**2/s
 7 - modulus of horizontal velocity, m/s
 8 - Richardson number, n/d
   -0.000000   25.53577  0.9930E-13  0.1666E-04  0.5351E-06  0.6695E-04  0.1535E-01 -0.2044E+00
   -0.112493   25.59633  0.9930E-13  0.2010E-04  0.1723E-06  0.5672E-03  0.6110E-02 -0.7580E+00
   -0.224987   25.60307  0.9930E-13  0.2141E-04  0.1233E-06  0.1309E-02  0.4767E-02  0.3850E+01
   -0.337482   25.60582  0.9930E-13  0.2239E-04  0.1040E-06  0.1547E-02  0.4301E-02  0.1575E+01
   -0.449978   25.60804  0.9930E-13  0.2335E-04  0.9152E-07  0.1871E-02  0.3931E-02  0.1501E+01
   -0.562475   25.60980  0.9930E-13  0.2430E-04  0.8246E-07  0.2219E-02  0.3617E-02  0.1595E+01
   -0.674973   25.61123  0.9930E-13  0.2523E-04  0.7546E-07  0.2599E-02  0.3335E-02  0.1670E+01
   -0.787472   25.61242  0.9930E-13  0.2612E-04  0.6991E-07  0.2994E-02  0.3080E-02  0.1716E+01
   -0.899971   25.61343  0.9930E-13  0.2696E-04  0.6543E-07  0.3399E-02  0.2848E-02  0.1744E+01
   -1.012471   25.61429  0.9930E-13  0.2773E-04  0.6174E-07  0.3806E-02  0.2637E-02  0.1757E+01
   -1.124972   25.61505  0.9930E-13  0.2843E-04  0.5869E-07  0.4206E-02  0.2443E-02  0.1758E+01
   -1.237473   25.61572  0.9930E-13  0.2906E-04  0.5614E-07  0.4592E-02  0.2266E-02  0.1750E+01
   -1.349975   25.61633  0.9930E-13  0.2961E-04  0.5401E-07  0.4956E-02  0.2103E-02  0.1734E+01
   -1.462477   25.61688  0.9930E-13  0.3009E-04  0.5221E-07  0.5291E-02  0.1953E-02  0.1712E+01
   -1.574980   25.61739  0.9930E-13  0.3048E-04  0.5072E-07  0.5592E-02  0.1816E-02  0.1684E+01
   -1.687483   25.61787  0.9930E-13  0.3081E-04  0.4947E-07  0.5854E-02  0.1690E-02  0.1653E+01
   -1.799986   25.61832  0.9930E-13  0.3105E-04  0.4846E-07  0.6073E-02  0.1575E-02  0.1618E+01
   -1.912489   25.61875  0.9930E-13  0.3123E-04  0.4764E-07  0.6247E-02  0.1469E-02  0.1580E+01
   -2.024993   25.61916  0.9930E-13  0.3134E-04  0.4701E-07  0.6376E-02  0.1372E-02  0.1539E+01
   -2.137496   25.61957  0.9930E-13  0.3139E-04  0.4654E-07  0.6458E-02  0.1284E-02  0.1496E+01
   -2.250000   25.61996  0.9930E-13  0.3139E-04  0.4623E-07  0.6495E-02  0.1203E-02  0.1449E+01
   -2.362504   25.62035  0.9930E-13  0.3133E-04  0.4607E-07  0.6489E-02  0.1130E-02  0.1400E+01
   -2.475008   25.62073  0.9930E-13  0.3122E-04  0.4606E-07  0.6443E-02  0.1063E-02  0.1350E+01
   -2.587511   25.62112  0.9930E-13  0.3107E-04  0.4619E-07  0.6359E-02  0.1001E-02  0.1297E+01
   -2.700015   25.62150  0.9930E-13  0.3088E-04  0.4645E-07  0.6242E-02  0.9459E-03  0.1241E+01
   -2.812518   25.62189  0.9930E-13  0.3066E-04  0.4685E-07  0.6096E-02  0.8954E-03  0.1183E+01
   -2.925021   25.62229  0.9930E-13  0.3041E-04  0.4740E-07  0.5929E-02  0.8497E-03  0.1136E+01
   -3.037523   25.62269  0.9930E-13  0.3012E-04  0.4811E-07  0.5744E-02  0.8081E-03  0.1122E+01
   -3.150025   25.62310  0.9930E-13  0.2980E-04  0.4902E-07  0.5547E-02  0.7699E-03  0.1182E+01
   -3.262527   25.62353  0.9930E-13  0.2943E-04  0.5021E-07  0.5314E-02  0.7340E-03  0.1384E+01
   -3.375028   25.62397  0.9930E-13  0.2900E-04  0.5179E-07  0.5019E-02  0.6984E-03  0.1691E+01
   -3.487529   25.62443  0.9930E-13  0.2848E-04  0.5394E-07  0.4689E-02  0.6630E-03  0.2151E+01
   -3.600029   25.62492  0.9930E-13  0.2786E-04  0.5693E-07  0.4281E-02  0.6274E-03  0.2929E+01
   -3.712528   25.62546  0.9930E-13  0.2710E-04  0.6122E-07  0.3887E-02  0.5912E-03  0.4820E+01
   -3.825027   25.62605  0.9930E-13  0.2614E-04  0.6832E-07  0.3331E-02  0.5546E-03  0.6116E+04
   -3.937525   25.62681  0.9930E-13  0.2481E-04  0.8052E-07  0.2873E-02  0.5131E-03  0.2723E+03
   -4.050022   25.62766  0.9930E-13  0.2290E-04  0.1041E-06  0.2118E-02  0.4719E-03  0.6898E+01
   -4.162518   25.62948  0.9930E-13  0.2024E-04  0.1521E-06  0.1808E-02  0.4132E-03  0.6231E+04
   -4.275013   25.63038  0.9930E-13  0.1625E-04  0.3110E-06  0.7480E-03  0.3719E-03  0.1274E+05
   -4.387507   25.63831  0.9930E-13  0.7648E-05  0.1097E-05  0.1606E-03  0.2850E-03 -0.1034E+05
   -4.500000   25.65266  0.9930E-13  0.0000E+00  0.0000E+00  0.0000E+00  0.3383E-03  0.0000E+00
