 1 - depth, m
 2 - temperature, C
 3 - salinity, kg/kg
 4 - turbulent kinetic energy, m**2/s**2
 5 - dissipation rate, m**2/s**3
 6 - kinematic heat conductance, m**2/s
 7 - modulus of horizontal velocity, m/s
 8 - Richardson number, n/d
   -0.000000   30.33898  0.1052E-12  0.5962E-05  0.2668E-06  0.6654E-04  0.2058E-02 -0.9572E+01
   -0.112493   30.38519  0.1052E-12  0.1336E-04  0.1050E-06  0.5868E-03  0.7169E-03  0.1487E+05
   -0.224987   30.39155  0.1052E-12  0.1597E-04  0.7677E-07  0.1166E-02  0.5449E-03  0.2259E+03
   -0.337482   30.39383  0.1052E-12  0.1761E-04  0.6585E-07  0.1508E-02  0.4793E-03  0.8293E+02
   -0.449979   30.39550  0.1052E-12  0.1889E-04  0.5917E-07  0.1910E-02  0.4311E-03  0.5455E+02
   -0.562476   30.39676  0.1052E-12  0.1993E-04  0.5459E-07  0.2277E-02  0.3945E-03  0.4113E+02
   -0.674974   30.39777  0.1052E-12  0.2080E-04  0.5123E-07  0.2627E-02  0.3647E-03  0.3376E+02
   -0.787472   30.39862  0.1052E-12  0.2155E-04  0.4863E-07  0.2955E-02  0.3397E-03  0.2922E+02
   -0.899972   30.39936  0.1052E-12  0.2219E-04  0.4657E-07  0.3263E-02  0.3182E-03  0.2623E+02
   -1.012472   30.40001  0.1052E-12  0.2276E-04  0.4490E-07  0.3551E-02  0.2993E-03  0.2422E+02
   -1.124972   30.40059  0.1052E-12  0.2325E-04  0.4351E-07  0.3818E-02  0.2825E-03  0.2283E+02
   -1.237474   30.40112  0.1052E-12  0.2369E-04  0.4235E-07  0.4066E-02  0.2673E-03  0.2193E+02
   -1.349976   30.40162  0.1052E-12  0.2407E-04  0.4137E-07  0.4294E-02  0.2534E-03  0.2134E+02
   -1.462478   30.40208  0.1052E-12  0.2441E-04  0.4053E-07  0.4503E-02  0.2407E-03  0.2106E+02
   -1.574980   30.40251  0.1052E-12  0.2471E-04  0.3983E-07  0.4692E-02  0.2290E-03  0.2097E+02
   -1.687483   30.40292  0.1052E-12  0.2497E-04  0.3922E-07  0.4862E-02  0.2180E-03  0.2112E+02
   -1.799987   30.40331  0.1052E-12  0.2519E-04  0.3872E-07  0.5012E-02  0.2078E-03  0.2141E+02
   -1.912490   30.40369  0.1052E-12  0.2538E-04  0.3830E-07  0.5142E-02  0.1982E-03  0.2194E+02
   -2.024994   30.40405  0.1052E-12  0.2554E-04  0.3795E-07  0.5252E-02  0.1891E-03  0.2260E+02
   -2.137497   30.40441  0.1052E-12  0.2567E-04  0.3768E-07  0.5341E-02  0.1806E-03  0.2351E+02
   -2.250001   30.40475  0.1052E-12  0.2577E-04  0.3749E-07  0.5409E-02  0.1724E-03  0.2459E+02
   -2.362505   30.40509  0.1052E-12  0.2583E-04  0.3736E-07  0.5456E-02  0.1646E-03  0.2597E+02
   -2.475009   30.40542  0.1052E-12  0.2587E-04  0.3731E-07  0.5480E-02  0.1572E-03  0.2758E+02
   -2.587512   30.40575  0.1052E-12  0.2588E-04  0.3733E-07  0.5480E-02  0.1500E-03  0.2958E+02
   -2.700016   30.40608  0.1052E-12  0.2585E-04  0.3745E-07  0.5456E-02  0.1432E-03  0.3194E+02
   -2.812519   30.40641  0.1052E-12  0.2580E-04  0.3765E-07  0.5405E-02  0.1365E-03  0.3491E+02
   -2.925022   30.40674  0.1052E-12  0.2571E-04  0.3796E-07  0.5327E-02  0.1301E-03  0.3852E+02
   -3.037525   30.40707  0.1052E-12  0.2559E-04  0.3840E-07  0.5220E-02  0.1238E-03  0.4316E+02
   -3.150027   30.40740  0.1052E-12  0.2542E-04  0.3900E-07  0.5080E-02  0.1177E-03  0.4902E+02
   -3.262529   30.40774  0.1052E-12  0.2522E-04  0.3978E-07  0.4906E-02  0.1118E-03  0.5687E+02
   -3.375030   30.40810  0.1052E-12  0.2496E-04  0.4082E-07  0.4694E-02  0.1059E-03  0.6740E+02
   -3.487531   30.40846  0.1052E-12  0.2465E-04  0.4218E-07  0.4440E-02  0.1002E-03  0.8241E+02
   -3.600031   30.40885  0.1052E-12  0.2427E-04  0.4401E-07  0.4140E-02  0.9446E-04  0.1046E+03
   -3.712530   30.40926  0.1052E-12  0.2381E-04  0.4649E-07  0.3788E-02  0.8876E-04  0.1401E+03
   -3.825029   30.40971  0.1052E-12  0.2323E-04  0.4999E-07  0.3376E-02  0.8304E-04  0.2014E+03
   -3.937527   30.41020  0.1052E-12  0.2249E-04  0.5517E-07  0.2928E-02  0.7722E-04  0.3243E+03
   -4.050024   30.41078  0.1052E-12  0.2152E-04  0.6351E-07  0.2294E-02  0.7129E-04  0.6358E+03
   -4.162520   30.41151  0.1052E-12  0.2016E-04  0.7865E-07  0.2035E-02  0.6490E-04  0.1381E+04
   -4.275015   30.41232  0.1052E-12  0.1739E-04  0.1271E-06  0.8045E-03  0.5918E-04 -0.2679E+04
   -4.387509   30.41605  0.1052E-12  0.7672E-05  0.4434E-06  0.1024E-03  0.4793E-04 -0.1502E+06
   -4.500002   30.43185  0.1052E-12  0.0000E+00  0.0000E+00  0.0000E+00  0.5128E-04  0.0000E+00
