 1 - depth, m
 2 - temperature, C
 3 - salinity, kg/kg
 4 - turbulent kinetic energy, m**2/s**2
 5 - dissipation rate, m**2/s**3
 6 - kinematic heat conductance, m**2/s
 7 - modulus of horizontal velocity, m/s
 8 - Richardson number, n/d
   -0.000000   30.37917  0.9621E-13  0.6002E-05  0.2602E-06  0.6433E-04  0.2337E-02 -0.8016E+01
   -0.112493   30.42616  0.9621E-13  0.1329E-04  0.1016E-06  0.6136E-03  0.7868E-03  0.3212E+04
   -0.224987   30.43201  0.9621E-13  0.1579E-04  0.7486E-07  0.1160E-02  0.6069E-03  0.1883E+03
   -0.337482   30.43423  0.9621E-13  0.1740E-04  0.6421E-07  0.1512E-02  0.5333E-03  0.7042E+02
   -0.449979   30.43583  0.9621E-13  0.1866E-04  0.5770E-07  0.1913E-02  0.4797E-03  0.4619E+02
   -0.562476   30.43704  0.9621E-13  0.1969E-04  0.5326E-07  0.2281E-02  0.4388E-03  0.3484E+02
   -0.674974   30.43801  0.9621E-13  0.2056E-04  0.5000E-07  0.2632E-02  0.4056E-03  0.2856E+02
   -0.787472   30.43882  0.9621E-13  0.2131E-04  0.4752E-07  0.2962E-02  0.3778E-03  0.2476E+02
   -0.899972   30.43952  0.9621E-13  0.2197E-04  0.4556E-07  0.3272E-02  0.3539E-03  0.2222E+02
   -1.012472   30.44014  0.9621E-13  0.2255E-04  0.4398E-07  0.3562E-02  0.3328E-03  0.2059E+02
   -1.124972   30.44070  0.9621E-13  0.2307E-04  0.4269E-07  0.3832E-02  0.3141E-03  0.1941E+02
   -1.237474   30.44122  0.9621E-13  0.2353E-04  0.4163E-07  0.4082E-02  0.2972E-03  0.1874E+02
   -1.349975   30.44169  0.9621E-13  0.2394E-04  0.4075E-07  0.4313E-02  0.2818E-03  0.1826E+02
   -1.462478   30.44213  0.9621E-13  0.2431E-04  0.4001E-07  0.4524E-02  0.2677E-03  0.1812E+02
   -1.574980   30.44256  0.9621E-13  0.2464E-04  0.3940E-07  0.4716E-02  0.2546E-03  0.1808E+02
   -1.687483   30.44296  0.9621E-13  0.2493E-04  0.3890E-07  0.4888E-02  0.2425E-03  0.1833E+02
   -1.799986   30.44334  0.9621E-13  0.2519E-04  0.3850E-07  0.5040E-02  0.2311E-03  0.1863E+02
   -1.912490   30.44371  0.9621E-13  0.2542E-04  0.3818E-07  0.5172E-02  0.2204E-03  0.1923E+02
   -2.024994   30.44407  0.9621E-13  0.2562E-04  0.3794E-07  0.5284E-02  0.2104E-03  0.1986E+02
   -2.137497   30.44442  0.9621E-13  0.2578E-04  0.3777E-07  0.5374E-02  0.2009E-03  0.2082E+02
   -2.250001   30.44477  0.9621E-13  0.2592E-04  0.3768E-07  0.5444E-02  0.1918E-03  0.2184E+02
   -2.362505   30.44511  0.9621E-13  0.2603E-04  0.3766E-07  0.5491E-02  0.1832E-03  0.2325E+02
   -2.475009   30.44545  0.9621E-13  0.2611E-04  0.3772E-07  0.5515E-02  0.1749E-03  0.2477E+02
   -2.587512   30.44578  0.9621E-13  0.2615E-04  0.3786E-07  0.5516E-02  0.1670E-03  0.2679E+02
   -2.700016   30.44612  0.9621E-13  0.2617E-04  0.3809E-07  0.5491E-02  0.1594E-03  0.2901E+02
   -2.812519   30.44645  0.9621E-13  0.2616E-04  0.3841E-07  0.5440E-02  0.1520E-03  0.3199E+02
   -2.925022   30.44679  0.9621E-13  0.2611E-04  0.3885E-07  0.5361E-02  0.1449E-03  0.3541E+02
   -3.037525   30.44714  0.9621E-13  0.2602E-04  0.3942E-07  0.5252E-02  0.1379E-03  0.4002E+02
   -3.150027   30.44749  0.9621E-13  0.2590E-04  0.4015E-07  0.5111E-02  0.1312E-03  0.4561E+02
   -3.262528   30.44785  0.9621E-13  0.2572E-04  0.4109E-07  0.4935E-02  0.1245E-03  0.5335E+02
   -3.375030   30.44823  0.9621E-13  0.2550E-04  0.4229E-07  0.4720E-02  0.1180E-03  0.6346E+02
   -3.487530   30.44862  0.9621E-13  0.2522E-04  0.4383E-07  0.4463E-02  0.1116E-03  0.7820E+02
   -3.600031   30.44904  0.9621E-13  0.2487E-04  0.4587E-07  0.4160E-02  0.1053E-03  0.9962E+02
   -3.712530   30.44948  0.9621E-13  0.2443E-04  0.4859E-07  0.3805E-02  0.9893E-04  0.1345E+03
   -3.825029   30.44997  0.9621E-13  0.2386E-04  0.5240E-07  0.3389E-02  0.9256E-04  0.1941E+03
   -3.937527   30.45052  0.9621E-13  0.2314E-04  0.5798E-07  0.2937E-02  0.8609E-04  0.3149E+03
   -4.050024   30.45116  0.9621E-13  0.2217E-04  0.6690E-07  0.2299E-02  0.7949E-04  0.6217E+03
   -4.162520   30.45197  0.9621E-13  0.2079E-04  0.8300E-07  0.2042E-02  0.7236E-04  0.1365E+04
   -4.275015   30.45288  0.9621E-13  0.1796E-04  0.1342E-06  0.8125E-03  0.6600E-04 -0.2808E+04
   -4.387509   30.45709  0.9621E-13  0.7986E-05  0.4682E-06  0.1038E-03  0.5354E-04 -0.1523E+06
   -4.500002   30.47498  0.9621E-13  0.0000E+00  0.0000E+00  0.0000E+00  0.5718E-04  0.0000E+00
