 1 - depth, m
 2 - temperature, C
 3 - salinity, kg/kg
 4 - turbulent kinetic energy, m**2/s**2
 5 - dissipation rate, m**2/s**3
 6 - kinematic heat conductance, m**2/s
 7 - modulus of horizontal velocity, m/s
 8 - Richardson number, n/d
   -0.000000   26.32261  0.1647E-13  0.1327E-04  0.4018E-06  0.6048E-04  0.1241E-01 -0.2709E+00
   -0.112493   26.38039  0.1647E-13  0.1768E-04  0.1346E-06  0.6926E-03  0.4441E-02  0.1075E+03
   -0.224987   26.38515  0.1647E-13  0.1914E-04  0.9925E-07  0.1279E-02  0.3526E-02  0.4784E+01
   -0.337482   26.38755  0.1647E-13  0.2019E-04  0.8417E-07  0.1564E-02  0.3157E-02  0.2106E+01
   -0.449979   26.38942  0.1647E-13  0.2112E-04  0.7463E-07  0.1899E-02  0.2872E-02  0.1550E+01
   -0.562476   26.39089  0.1647E-13  0.2196E-04  0.6799E-07  0.2211E-02  0.2648E-02  0.1379E+01
   -0.674973   26.39211  0.1647E-13  0.2275E-04  0.6293E-07  0.2538E-02  0.2455E-02  0.1402E+01
   -0.787472   26.39314  0.1647E-13  0.2350E-04  0.5889E-07  0.2883E-02  0.2281E-02  0.1445E+01
   -0.899971   26.39403  0.1647E-13  0.2421E-04  0.5559E-07  0.3234E-02  0.2122E-02  0.1476E+01
   -1.012471   26.39480  0.1647E-13  0.2487E-04  0.5287E-07  0.3585E-02  0.1976E-02  0.1497E+01
   -1.124972   26.39548  0.1647E-13  0.2548E-04  0.5060E-07  0.3928E-02  0.1843E-02  0.1508E+01
   -1.237473   26.39610  0.1647E-13  0.2604E-04  0.4871E-07  0.4259E-02  0.1720E-02  0.1513E+01
   -1.349975   26.39666  0.1647E-13  0.2654E-04  0.4713E-07  0.4572E-02  0.1607E-02  0.1511E+01
   -1.462477   26.39717  0.1647E-13  0.2699E-04  0.4581E-07  0.4863E-02  0.1503E-02  0.1504E+01
   -1.574980   26.39765  0.1647E-13  0.2738E-04  0.4471E-07  0.5127E-02  0.1407E-02  0.1491E+01
   -1.687483   26.39810  0.1647E-13  0.2771E-04  0.4380E-07  0.5361E-02  0.1319E-02  0.1476E+01
   -1.799986   26.39853  0.1647E-13  0.2800E-04  0.4307E-07  0.5562E-02  0.1237E-02  0.1456E+01
   -1.912490   26.39894  0.1647E-13  0.2822E-04  0.4249E-07  0.5730E-02  0.1162E-02  0.1433E+01
   -2.024993   26.39933  0.1647E-13  0.2840E-04  0.4205E-07  0.5862E-02  0.1094E-02  0.1406E+01
   -2.137497   26.39972  0.1647E-13  0.2853E-04  0.4173E-07  0.5958E-02  0.1030E-02  0.1377E+01
   -2.250001   26.40009  0.1647E-13  0.2862E-04  0.4154E-07  0.6020E-02  0.9722E-03  0.1344E+01
   -2.362504   26.40046  0.1647E-13  0.2866E-04  0.4145E-07  0.6048E-02  0.9189E-03  0.1309E+01
   -2.475008   26.40083  0.1647E-13  0.2867E-04  0.4147E-07  0.6043E-02  0.8700E-03  0.1271E+01
   -2.587512   26.40119  0.1647E-13  0.2864E-04  0.4160E-07  0.6007E-02  0.8253E-03  0.1231E+01
   -2.700015   26.40156  0.1647E-13  0.2857E-04  0.4182E-07  0.5944E-02  0.7843E-03  0.1187E+01
   -2.812518   26.40193  0.1647E-13  0.2847E-04  0.4215E-07  0.5860E-02  0.7469E-03  0.1161E+01
   -2.925021   26.40230  0.1647E-13  0.2835E-04  0.4260E-07  0.5758E-02  0.7126E-03  0.1202E+01
   -3.037524   26.40268  0.1647E-13  0.2818E-04  0.4318E-07  0.5626E-02  0.6803E-03  0.1341E+01
   -3.150026   26.40307  0.1647E-13  0.2798E-04  0.4395E-07  0.5455E-02  0.6487E-03  0.1534E+01
   -3.262528   26.40346  0.1647E-13  0.2773E-04  0.4495E-07  0.5246E-02  0.6177E-03  0.1791E+01
   -3.375029   26.40387  0.1647E-13  0.2742E-04  0.4626E-07  0.4997E-02  0.5871E-03  0.2143E+01
   -3.487530   26.40431  0.1647E-13  0.2705E-04  0.4798E-07  0.4704E-02  0.5567E-03  0.2645E+01
   -3.600030   26.40476  0.1647E-13  0.2660E-04  0.5027E-07  0.4359E-02  0.5265E-03  0.3411E+01
   -3.712529   26.40525  0.1647E-13  0.2605E-04  0.5341E-07  0.3971E-02  0.4961E-03  0.4683E+01
   -3.825028   26.40579  0.1647E-13  0.2537E-04  0.5795E-07  0.3502E-02  0.4654E-03  0.1903E+02
   -3.937526   26.40641  0.1647E-13  0.2448E-04  0.6492E-07  0.3025E-02  0.4335E-03  0.3896E+03
   -4.050023   26.40712  0.1647E-13  0.2328E-04  0.7678E-07  0.2321E-02  0.4009E-03  0.3033E+02
   -4.162519   26.40815  0.1647E-13  0.2157E-04  0.9903E-07  0.2058E-02  0.3634E-03  0.8516E+03
   -4.275014   26.40913  0.1647E-13  0.1830E-04  0.1704E-06  0.7969E-03  0.3314E-03  0.1447E+04
   -4.387508   26.41443  0.1647E-13  0.8215E-05  0.5954E-06  0.1190E-03  0.2656E-03 -0.6422E+04
   -4.500001   26.43205  0.1647E-13  0.0000E+00  0.0000E+00  0.0000E+00  0.2895E-03  0.0000E+00
