 1 - depth, m
 2 - temperature, C
 3 - salinity, kg/kg
 4 - turbulent kinetic energy, m**2/s**2
 5 - dissipation rate, m**2/s**3
 6 - kinematic heat conductance, m**2/s
 7 - modulus of horizontal velocity, m/s
 8 - Richardson number, n/d
   -0.000000   27.78919  0.6761E-13  0.1014E-04  0.3002E-06  0.5648E-04  0.8586E-02 -0.5251E+00
   -0.112493   27.84837  0.6761E-13  0.1620E-04  0.1138E-06  0.8451E-03  0.2657E-02  0.1290E+04
   -0.224987   27.85206  0.6761E-13  0.1795E-04  0.8860E-07  0.1203E-02  0.2237E-02  0.8229E+01
   -0.337482   27.85451  0.6761E-13  0.1931E-04  0.7558E-07  0.1591E-02  0.1974E-02  0.4400E+01
   -0.449979   27.85626  0.6761E-13  0.2043E-04  0.6741E-07  0.1962E-02  0.1784E-02  0.3008E+01
   -0.562476   27.85762  0.6761E-13  0.2138E-04  0.6176E-07  0.2320E-02  0.1635E-02  0.2316E+01
   -0.674974   27.85874  0.6761E-13  0.2219E-04  0.5760E-07  0.2662E-02  0.1514E-02  0.1915E+01
   -0.787472   27.85968  0.6761E-13  0.2291E-04  0.5441E-07  0.2987E-02  0.1411E-02  0.1663E+01
   -0.899972   27.86049  0.6761E-13  0.2353E-04  0.5189E-07  0.3294E-02  0.1322E-02  0.1496E+01
   -1.012472   27.86121  0.6761E-13  0.2409E-04  0.4985E-07  0.3583E-02  0.1244E-02  0.1383E+01
   -1.124972   27.86187  0.6761E-13  0.2458E-04  0.4817E-07  0.3852E-02  0.1175E-02  0.1307E+01
   -1.237474   27.86247  0.6761E-13  0.2502E-04  0.4678E-07  0.4102E-02  0.1112E-02  0.1266E+01
   -1.349975   27.86302  0.6761E-13  0.2541E-04  0.4560E-07  0.4336E-02  0.1054E-02  0.1250E+01
   -1.462478   27.86354  0.6761E-13  0.2576E-04  0.4460E-07  0.4553E-02  0.1001E-02  0.1244E+01
   -1.574980   27.86403  0.6761E-13  0.2607E-04  0.4376E-07  0.4752E-02  0.9522E-03  0.1240E+01
   -1.687483   27.86449  0.6761E-13  0.2635E-04  0.4305E-07  0.4930E-02  0.9064E-03  0.1239E+01
   -1.799986   27.86493  0.6761E-13  0.2658E-04  0.4246E-07  0.5086E-02  0.8639E-03  0.1243E+01
   -1.912490   27.86536  0.6761E-13  0.2678E-04  0.4198E-07  0.5220E-02  0.8241E-03  0.1263E+01
   -2.024993   27.86577  0.6761E-13  0.2695E-04  0.4159E-07  0.5333E-02  0.7868E-03  0.1304E+01
   -2.137497   27.86618  0.6761E-13  0.2709E-04  0.4128E-07  0.5426E-02  0.7514E-03  0.1358E+01
   -2.250001   27.86657  0.6761E-13  0.2720E-04  0.4106E-07  0.5498E-02  0.7179E-03  0.1424E+01
   -2.362505   27.86696  0.6761E-13  0.2727E-04  0.4092E-07  0.5548E-02  0.6858E-03  0.1505E+01
   -2.475009   27.86734  0.6761E-13  0.2732E-04  0.4087E-07  0.5574E-02  0.6552E-03  0.1603E+01
   -2.587512   27.86772  0.6761E-13  0.2734E-04  0.4091E-07  0.5576E-02  0.6258E-03  0.1721E+01
   -2.700016   27.86809  0.6761E-13  0.2732E-04  0.4104E-07  0.5553E-02  0.5974E-03  0.1863E+01
   -2.812519   27.86847  0.6761E-13  0.2727E-04  0.4128E-07  0.5503E-02  0.5701E-03  0.2039E+01
   -2.925022   27.86885  0.6761E-13  0.2719E-04  0.4164E-07  0.5425E-02  0.5435E-03  0.2256E+01
   -3.037524   27.86923  0.6761E-13  0.2706E-04  0.4214E-07  0.5316E-02  0.5178E-03  0.2530E+01
   -3.150027   27.86962  0.6761E-13  0.2690E-04  0.4281E-07  0.5174E-02  0.4926E-03  0.2883E+01
   -3.262528   27.87002  0.6761E-13  0.2669E-04  0.4370E-07  0.4997E-02  0.4680E-03  0.3348E+01
   -3.375030   27.87043  0.6761E-13  0.2643E-04  0.4486E-07  0.4780E-02  0.4439E-03  0.3980E+01
   -3.487530   27.87086  0.6761E-13  0.2611E-04  0.4639E-07  0.4520E-02  0.4200E-03  0.4872E+01
   -3.600030   27.87132  0.6761E-13  0.2571E-04  0.4843E-07  0.4213E-02  0.3964E-03  0.6202E+01
   -3.712530   27.87180  0.6761E-13  0.2522E-04  0.5120E-07  0.3853E-02  0.3728E-03  0.8326E+01
   -3.825028   27.87233  0.6761E-13  0.2461E-04  0.5511E-07  0.3429E-02  0.3491E-03  0.1201E+02
   -3.937526   27.87292  0.6761E-13  0.2383E-04  0.6089E-07  0.2973E-02  0.3250E-03  0.1941E+02
   -4.050023   27.87360  0.6761E-13  0.2279E-04  0.7022E-07  0.2317E-02  0.3003E-03  0.3838E+02
   -4.162520   27.87448  0.6761E-13  0.2132E-04  0.8720E-07  0.2064E-02  0.2737E-03  0.8326E+02
   -4.275015   27.87545  0.6761E-13  0.1833E-04  0.1418E-06  0.8069E-03  0.2499E-03 -0.1701E+03
   -4.387509   27.88002  0.6761E-13  0.8149E-05  0.4915E-06  0.1077E-03  0.2023E-03 -0.8592E+04
   -4.500002   27.89823  0.6761E-13  0.0000E+00  0.0000E+00  0.0000E+00  0.2166E-03  0.0000E+00
