 1 - depth, m
 2 - temperature, C
 3 - salinity, kg/kg
 4 - turbulent kinetic energy, m**2/s**2
 5 - dissipation rate, m**2/s**3
 6 - kinematic heat conductance, m**2/s
 7 - modulus of horizontal velocity, m/s
 8 - Richardson number, n/d
   -0.000000   30.59487  0.2186E-13  0.5746E-05  0.2650E-06  0.6578E-04  0.7177E-03 -0.7535E+02
   -0.112493   30.64105  0.2186E-13  0.1340E-04  0.1047E-06  0.5533E-03  0.2556E-03  0.2545E+04
   -0.224987   30.64772  0.2186E-13  0.1613E-04  0.7641E-07  0.1205E-02  0.1904E-03  0.1670E+04
   -0.337482   30.64990  0.2186E-13  0.1780E-04  0.6583E-07  0.1535E-02  0.1679E-03  0.6153E+03
   -0.449979   30.65153  0.2186E-13  0.1911E-04  0.5932E-07  0.1949E-02  0.1512E-03  0.4101E+03
   -0.562476   30.65276  0.2186E-13  0.2019E-04  0.5487E-07  0.2323E-02  0.1385E-03  0.3107E+03
   -0.674974   30.65375  0.2186E-13  0.2109E-04  0.5159E-07  0.2679E-02  0.1282E-03  0.2560E+03
   -0.787472   30.65458  0.2186E-13  0.2186E-04  0.4908E-07  0.3014E-02  0.1195E-03  0.2221E+03
   -0.899972   30.65530  0.2186E-13  0.2254E-04  0.4709E-07  0.3328E-02  0.1120E-03  0.1998E+03
   -1.012472   30.65593  0.2186E-13  0.2313E-04  0.4548E-07  0.3621E-02  0.1054E-03  0.1849E+03
   -1.124972   30.65651  0.2186E-13  0.2365E-04  0.4416E-07  0.3893E-02  0.9955E-04  0.1747E+03
   -1.237474   30.65703  0.2186E-13  0.2412E-04  0.4306E-07  0.4145E-02  0.9426E-04  0.1681E+03
   -1.349975   30.65752  0.2186E-13  0.2453E-04  0.4214E-07  0.4378E-02  0.8944E-04  0.1640E+03
   -1.462478   30.65798  0.2186E-13  0.2490E-04  0.4137E-07  0.4590E-02  0.8501E-04  0.1622E+03
   -1.574980   30.65841  0.2186E-13  0.2523E-04  0.4072E-07  0.4782E-02  0.8091E-04  0.1620E+03
   -1.687483   30.65882  0.2186E-13  0.2552E-04  0.4018E-07  0.4955E-02  0.7709E-04  0.1635E+03
   -1.799987   30.65921  0.2186E-13  0.2577E-04  0.3973E-07  0.5107E-02  0.7352E-04  0.1663E+03
   -1.912490   30.65959  0.2186E-13  0.2599E-04  0.3937E-07  0.5239E-02  0.7017E-04  0.1707E+03
   -2.024994   30.65995  0.2186E-13  0.2617E-04  0.3909E-07  0.5350E-02  0.6700E-04  0.1764E+03
   -2.137497   30.66031  0.2186E-13  0.2632E-04  0.3889E-07  0.5440E-02  0.6400E-04  0.1839E+03
   -2.250001   30.66066  0.2186E-13  0.2645E-04  0.3876E-07  0.5509E-02  0.6115E-04  0.1930E+03
   -2.362505   30.66100  0.2186E-13  0.2654E-04  0.3870E-07  0.5555E-02  0.5842E-04  0.2042E+03
   -2.475009   30.66134  0.2186E-13  0.2660E-04  0.3872E-07  0.5579E-02  0.5582E-04  0.2176E+03
   -2.587512   30.66168  0.2186E-13  0.2663E-04  0.3882E-07  0.5578E-02  0.5331E-04  0.2339E+03
   -2.700016   30.66202  0.2186E-13  0.2663E-04  0.3900E-07  0.5552E-02  0.5090E-04  0.2535E+03
   -2.812519   30.66235  0.2186E-13  0.2659E-04  0.3929E-07  0.5499E-02  0.4857E-04  0.2777E+03
   -2.925022   30.66269  0.2186E-13  0.2652E-04  0.3969E-07  0.5418E-02  0.4631E-04  0.3074E+03
   -3.037525   30.66304  0.2186E-13  0.2642E-04  0.4022E-07  0.5307E-02  0.4411E-04  0.3453E+03
   -3.150027   30.66339  0.2186E-13  0.2627E-04  0.4092E-07  0.5163E-02  0.4197E-04  0.3935E+03
   -3.262529   30.66374  0.2186E-13  0.2608E-04  0.4182E-07  0.4984E-02  0.3987E-04  0.4576E+03
   -3.375030   30.66411  0.2186E-13  0.2584E-04  0.4299E-07  0.4767E-02  0.3781E-04  0.5442E+03
   -3.487531   30.66450  0.2186E-13  0.2553E-04  0.4451E-07  0.4506E-02  0.3577E-04  0.6668E+03
   -3.600031   30.66491  0.2186E-13  0.2515E-04  0.4652E-07  0.4199E-02  0.3375E-04  0.8490E+03
   -3.712530   30.66534  0.2186E-13  0.2469E-04  0.4923E-07  0.3840E-02  0.3174E-04  0.1140E+04
   -3.825029   30.66582  0.2186E-13  0.2410E-04  0.5304E-07  0.3418E-02  0.2971E-04  0.1645E+04
   -3.937527   30.66635  0.2186E-13  0.2335E-04  0.5865E-07  0.2963E-02  0.2765E-04  0.2656E+04
   -4.050024   30.66697  0.2186E-13  0.2235E-04  0.6766E-07  0.2313E-02  0.2555E-04  0.5240E+04
   -4.162520   30.66776  0.2186E-13  0.2093E-04  0.8397E-07  0.2058E-02  0.2328E-04  0.1141E+05
   -4.275015   30.66863  0.2186E-13  0.1805E-04  0.1361E-06  0.8118E-03  0.2125E-04 -0.2343E+05
   -4.387509   30.67270  0.2186E-13  0.8005E-05  0.4742E-06  0.1052E-03  0.1722E-04 -0.1231E+07
   -4.500002   30.68950  0.2186E-13  0.0000E+00  0.0000E+00  0.0000E+00  0.1843E-04  0.0000E+00
