 1 - depth, m
 2 - temperature, C
 3 - salinity, kg/kg
 4 - turbulent kinetic energy, m**2/s**2
 5 - dissipation rate, m**2/s**3
 6 - kinematic heat conductance, m**2/s
 7 - modulus of horizontal velocity, m/s
 8 - Richardson number, n/d
   -0.000000   25.89380  0.3492E-13  0.1416E-04  0.4263E-06  0.6178E-04  0.1358E-01 -0.2230E+00
   -0.112493   25.94832  0.3493E-13  0.1766E-04  0.1383E-06  0.5690E-03  0.5123E-02 -0.7904E+00
   -0.224987   25.95389  0.3493E-13  0.1890E-04  0.9975E-07  0.1261E-02  0.3974E-02  0.4746E+01
   -0.337482   25.95623  0.3493E-13  0.1981E-04  0.8416E-07  0.1511E-02  0.3566E-02  0.1823E+01
   -0.449979   25.95809  0.3493E-13  0.2065E-04  0.7433E-07  0.1822E-02  0.3245E-02  0.1413E+01
   -0.562476   25.95956  0.3493E-13  0.2145E-04  0.6737E-07  0.2127E-02  0.2991E-02  0.1444E+01
   -0.674973   25.96078  0.3493E-13  0.2223E-04  0.6198E-07  0.2469E-02  0.2762E-02  0.1511E+01
   -0.787472   25.96180  0.3493E-13  0.2299E-04  0.5769E-07  0.2823E-02  0.2556E-02  0.1556E+01
   -0.899971   25.96267  0.3493E-13  0.2370E-04  0.5422E-07  0.3185E-02  0.2368E-02  0.1587E+01
   -1.012471   25.96342  0.3493E-13  0.2437E-04  0.5138E-07  0.3548E-02  0.2197E-02  0.1604E+01
   -1.124972   25.96408  0.3493E-13  0.2499E-04  0.4903E-07  0.3905E-02  0.2041E-02  0.1612E+01
   -1.237473   25.96468  0.3493E-13  0.2556E-04  0.4708E-07  0.4250E-02  0.1897E-02  0.1611E+01
   -1.349975   25.96522  0.3493E-13  0.2607E-04  0.4546E-07  0.4576E-02  0.1765E-02  0.1604E+01
   -1.462477   25.96571  0.3493E-13  0.2652E-04  0.4411E-07  0.4880E-02  0.1644E-02  0.1591E+01
   -1.574980   25.96617  0.3493E-13  0.2691E-04  0.4299E-07  0.5155E-02  0.1533E-02  0.1573E+01
   -1.687483   25.96660  0.3493E-13  0.2725E-04  0.4208E-07  0.5398E-02  0.1431E-02  0.1551E+01
   -1.799986   25.96701  0.3493E-13  0.2753E-04  0.4135E-07  0.5606E-02  0.1337E-02  0.1526E+01
   -1.912489   25.96740  0.3493E-13  0.2776E-04  0.4078E-07  0.5777E-02  0.1251E-02  0.1497E+01
   -2.024993   25.96778  0.3493E-13  0.2793E-04  0.4035E-07  0.5910E-02  0.1172E-02  0.1466E+01
   -2.137497   25.96815  0.3493E-13  0.2806E-04  0.4005E-07  0.6005E-02  0.1100E-02  0.1431E+01
   -2.250001   25.96851  0.3493E-13  0.2813E-04  0.3987E-07  0.6063E-02  0.1034E-02  0.1394E+01
   -2.362504   25.96887  0.3493E-13  0.2817E-04  0.3981E-07  0.6084E-02  0.9739E-03  0.1354E+01
   -2.475008   25.96922  0.3493E-13  0.2816E-04  0.3985E-07  0.6070E-02  0.9188E-03  0.1313E+01
   -2.587512   25.96957  0.3493E-13  0.2812E-04  0.4000E-07  0.6025E-02  0.8684E-03  0.1269E+01
   -2.700015   25.96993  0.3493E-13  0.2804E-04  0.4026E-07  0.5950E-02  0.8225E-03  0.1222E+01
   -2.812518   25.97029  0.3493E-13  0.2794E-04  0.4062E-07  0.5848E-02  0.7807E-03  0.1174E+01
   -2.925021   25.97065  0.3493E-13  0.2780E-04  0.4108E-07  0.5731E-02  0.7426E-03  0.1137E+01
   -3.037524   25.97102  0.3493E-13  0.2763E-04  0.4168E-07  0.5600E-02  0.7080E-03  0.1205E+01
   -3.150026   25.97140  0.3493E-13  0.2743E-04  0.4244E-07  0.5431E-02  0.6751E-03  0.1374E+01
   -3.262528   25.97179  0.3493E-13  0.2718E-04  0.4344E-07  0.5219E-02  0.6427E-03  0.1609E+01
   -3.375029   25.97219  0.3493E-13  0.2687E-04  0.4473E-07  0.4966E-02  0.6107E-03  0.1933E+01
   -3.487530   25.97261  0.3493E-13  0.2650E-04  0.4643E-07  0.4671E-02  0.5790E-03  0.2398E+01
   -3.600030   25.97306  0.3493E-13  0.2606E-04  0.4870E-07  0.4323E-02  0.5475E-03  0.3112E+01
   -3.712529   25.97355  0.3493E-13  0.2551E-04  0.5181E-07  0.3935E-02  0.5157E-03  0.4296E+01
   -3.825028   25.97408  0.3493E-13  0.2483E-04  0.5633E-07  0.3466E-02  0.4836E-03  0.5928E+02
   -3.937526   25.97469  0.3493E-13  0.2395E-04  0.6337E-07  0.2992E-02  0.4502E-03  0.1959E+02
   -4.050023   25.97541  0.3493E-13  0.2273E-04  0.7557E-07  0.2292E-02  0.4159E-03  0.3966E+02
   -4.162519   25.97645  0.3493E-13  0.2098E-04  0.9873E-07  0.2017E-02  0.3760E-03  0.6262E+03
   -4.275014   25.97747  0.3493E-13  0.1772E-04  0.1740E-06  0.7967E-03  0.3416E-03  0.7542E+02
   -4.387508   25.98281  0.3493E-13  0.7970E-05  0.6108E-06  0.1195E-03  0.2730E-03 -0.6497E+04
   -4.500001   26.00036  0.3493E-13  0.0000E+00  0.0000E+00  0.0000E+00  0.2996E-03  0.0000E+00
