 1 - depth, m
 2 - temperature, C
 3 - salinity, kg/kg
 4 - turbulent kinetic energy, m**2/s**2
 5 - dissipation rate, m**2/s**3
 6 - kinematic heat conductance, m**2/s
 7 - modulus of horizontal velocity, m/s
 8 - Richardson number, n/d
   -0.000000   29.80033  0.4321E-13  0.6189E-05  0.2181E-06  0.5435E-04  0.2998E-02 -0.3775E+01
   -0.112493   29.85070  0.4321E-13  0.1354E-04  0.8483E-07  0.7893E-03  0.8308E-03  0.5830E+05
   -0.224987   29.85414  0.4321E-13  0.1548E-04  0.6711E-07  0.1193E-02  0.6890E-03  0.8708E+02
   -0.337483   29.85613  0.4321E-13  0.1687E-04  0.5827E-07  0.1569E-02  0.6078E-03  0.4176E+02
   -0.449979   29.85756  0.4321E-13  0.1798E-04  0.5268E-07  0.1941E-02  0.5489E-03  0.2863E+02
   -0.562476   29.85867  0.4321E-13  0.1890E-04  0.4878E-07  0.2294E-02  0.5030E-03  0.2217E+02
   -0.674974   29.85958  0.4321E-13  0.1968E-04  0.4588E-07  0.2627E-02  0.4655E-03  0.1846E+02
   -0.787472   29.86034  0.4321E-13  0.2035E-04  0.4363E-07  0.2941E-02  0.4338E-03  0.1615E+02
   -0.899972   29.86101  0.4321E-13  0.2094E-04  0.4185E-07  0.3236E-02  0.4063E-03  0.1460E+02
   -1.012472   29.86160  0.4321E-13  0.2146E-04  0.4039E-07  0.3512E-02  0.3821E-03  0.1358E+02
   -1.124973   29.86213  0.4321E-13  0.2192E-04  0.3919E-07  0.3769E-02  0.3605E-03  0.1286E+02
   -1.237474   29.86262  0.4321E-13  0.2232E-04  0.3819E-07  0.4007E-02  0.3410E-03  0.1242E+02
   -1.349976   29.86308  0.4321E-13  0.2268E-04  0.3734E-07  0.4226E-02  0.3232E-03  0.1214E+02
   -1.462478   29.86351  0.4321E-13  0.2300E-04  0.3663E-07  0.4427E-02  0.3069E-03  0.1203E+02
   -1.574981   29.86391  0.4321E-13  0.2328E-04  0.3602E-07  0.4609E-02  0.2918E-03  0.1203E+02
   -1.687484   29.86429  0.4321E-13  0.2353E-04  0.3551E-07  0.4772E-02  0.2777E-03  0.1216E+02
   -1.799987   29.86466  0.4321E-13  0.2375E-04  0.3509E-07  0.4916E-02  0.2645E-03  0.1238E+02
   -1.912490   29.86501  0.4321E-13  0.2393E-04  0.3474E-07  0.5041E-02  0.2521E-03  0.1273E+02
   -2.024994   29.86535  0.4321E-13  0.2409E-04  0.3447E-07  0.5147E-02  0.2405E-03  0.1316E+02
   -2.137498   29.86568  0.4321E-13  0.2421E-04  0.3426E-07  0.5232E-02  0.2294E-03  0.1375E+02
   -2.250002   29.86601  0.4321E-13  0.2431E-04  0.3411E-07  0.5297E-02  0.2189E-03  0.1443E+02
   -2.362505   29.86633  0.4321E-13  0.2439E-04  0.3403E-07  0.5341E-02  0.2089E-03  0.1530E+02
   -2.475009   29.86664  0.4321E-13  0.2443E-04  0.3402E-07  0.5364E-02  0.1993E-03  0.1630E+02
   -2.587513   29.86696  0.4321E-13  0.2445E-04  0.3407E-07  0.5363E-02  0.1901E-03  0.1755E+02
   -2.700016   29.86727  0.4321E-13  0.2444E-04  0.3421E-07  0.5338E-02  0.1813E-03  0.1901E+02
   -2.812520   29.86758  0.4321E-13  0.2439E-04  0.3443E-07  0.5288E-02  0.1727E-03  0.2086E+02
   -2.925023   29.86789  0.4321E-13  0.2432E-04  0.3475E-07  0.5211E-02  0.1645E-03  0.2310E+02
   -3.037525   29.86821  0.4321E-13  0.2421E-04  0.3518E-07  0.5105E-02  0.1565E-03  0.2598E+02
   -3.150028   29.86853  0.4321E-13  0.2407E-04  0.3576E-07  0.4969E-02  0.1486E-03  0.2961E+02
   -3.262529   29.86886  0.4321E-13  0.2389E-04  0.3651E-07  0.4799E-02  0.1410E-03  0.3448E+02
   -3.375031   29.86920  0.4321E-13  0.2366E-04  0.3750E-07  0.4592E-02  0.1335E-03  0.4100E+02
   -3.487531   29.86955  0.4321E-13  0.2338E-04  0.3878E-07  0.4344E-02  0.1261E-03  0.5030E+02
   -3.600031   29.86992  0.4321E-13  0.2303E-04  0.4049E-07  0.4052E-02  0.1188E-03  0.6403E+02
   -3.712531   29.87032  0.4321E-13  0.2260E-04  0.4280E-07  0.3710E-02  0.1115E-03  0.8607E+02
   -3.825030   29.87075  0.4321E-13  0.2206E-04  0.4603E-07  0.3309E-02  0.1042E-03  0.1240E+03
   -3.937528   29.87124  0.4321E-13  0.2138E-04  0.5080E-07  0.2871E-02  0.9677E-04  0.2001E+03
   -4.050025   29.87179  0.4321E-13  0.2048E-04  0.5844E-07  0.2260E-02  0.8922E-04  0.3917E+03
   -4.162521   29.87250  0.4321E-13  0.1921E-04  0.7224E-07  0.1996E-02  0.8112E-04  0.8588E+03
   -4.275016   29.87328  0.4321E-13  0.1663E-04  0.1161E-06  0.7986E-03  0.7385E-04 -0.1585E+04
   -4.387510   29.87683  0.4321E-13  0.7305E-05  0.4065E-06  0.9801E-04  0.5978E-04 -0.9812E+05
   -4.500003   29.89253  0.4321E-13  0.0000E+00  0.0000E+00  0.0000E+00  0.6387E-04  0.0000E+00
