 1 - depth, m
 2 - temperature, C
 3 - salinity, kg/kg
 4 - turbulent kinetic energy, m**2/s**2
 5 - dissipation rate, m**2/s**3
 6 - kinematic heat conductance, m**2/s
 7 - modulus of horizontal velocity, m/s
 8 - Richardson number, n/d
   -0.000000   30.56685  0.2562E-13  0.5504E-05  0.2343E-06  0.6056E-04  0.8088E-03 -0.5822E+02
   -0.112493   30.61452  0.2562E-13  0.1297E-04  0.9468E-07  0.5933E-03  0.2726E-03  0.3632E+04
   -0.224987   30.62002  0.2562E-13  0.1543E-04  0.7058E-07  0.1182E-02  0.2069E-03  0.1355E+04
   -0.337482   30.62208  0.2562E-13  0.1699E-04  0.6081E-07  0.1521E-02  0.1821E-03  0.5212E+03
   -0.449979   30.62358  0.2562E-13  0.1822E-04  0.5480E-07  0.1921E-02  0.1639E-03  0.3475E+03
   -0.562476   30.62471  0.2562E-13  0.1923E-04  0.5068E-07  0.2288E-02  0.1499E-03  0.2638E+03
   -0.674974   30.62562  0.2562E-13  0.2009E-04  0.4768E-07  0.2638E-02  0.1386E-03  0.2172E+03
   -0.787472   30.62638  0.2562E-13  0.2083E-04  0.4539E-07  0.2967E-02  0.1291E-03  0.1887E+03
   -0.899972   30.62705  0.2562E-13  0.2149E-04  0.4359E-07  0.3276E-02  0.1210E-03  0.1699E+03
   -1.012472   30.62763  0.2562E-13  0.2208E-04  0.4216E-07  0.3566E-02  0.1138E-03  0.1577E+03
   -1.124972   30.62816  0.2562E-13  0.2260E-04  0.4100E-07  0.3835E-02  0.1074E-03  0.1494E+03
   -1.237474   30.62864  0.2562E-13  0.2307E-04  0.4005E-07  0.4085E-02  0.1016E-03  0.1444E+03
   -1.349975   30.62909  0.2562E-13  0.2350E-04  0.3927E-07  0.4315E-02  0.9636E-04  0.1414E+03
   -1.462478   30.62952  0.2562E-13  0.2389E-04  0.3864E-07  0.4526E-02  0.9153E-04  0.1407E+03
   -1.574980   30.62992  0.2562E-13  0.2423E-04  0.3813E-07  0.4718E-02  0.8708E-04  0.1412E+03
   -1.687483   30.63030  0.2562E-13  0.2455E-04  0.3772E-07  0.4889E-02  0.8293E-04  0.1435E+03
   -1.799987   30.63068  0.2562E-13  0.2483E-04  0.3740E-07  0.5041E-02  0.7905E-04  0.1467E+03
   -1.912490   30.63103  0.2562E-13  0.2508E-04  0.3717E-07  0.5173E-02  0.7541E-04  0.1518E+03
   -2.024994   30.63138  0.2562E-13  0.2530E-04  0.3701E-07  0.5284E-02  0.7197E-04  0.1578E+03
   -2.137497   30.63173  0.2562E-13  0.2549E-04  0.3693E-07  0.5374E-02  0.6871E-04  0.1660E+03
   -2.250001   30.63206  0.2562E-13  0.2565E-04  0.3692E-07  0.5443E-02  0.6562E-04  0.1752E+03
   -2.362505   30.63240  0.2562E-13  0.2579E-04  0.3698E-07  0.5490E-02  0.6267E-04  0.1871E+03
   -2.475009   30.63273  0.2562E-13  0.2589E-04  0.3711E-07  0.5514E-02  0.5985E-04  0.2006E+03
   -2.587512   30.63306  0.2562E-13  0.2597E-04  0.3733E-07  0.5514E-02  0.5714E-04  0.2177E+03
   -2.700016   30.63340  0.2562E-13  0.2601E-04  0.3763E-07  0.5489E-02  0.5453E-04  0.2374E+03
   -2.812519   30.63373  0.2562E-13  0.2602E-04  0.3803E-07  0.5437E-02  0.5201E-04  0.2625E+03
   -2.925022   30.63407  0.2562E-13  0.2600E-04  0.3855E-07  0.5357E-02  0.4956E-04  0.2926E+03
   -3.037525   30.63442  0.2562E-13  0.2594E-04  0.3920E-07  0.5247E-02  0.4719E-04  0.3316E+03
   -3.150027   30.63478  0.2562E-13  0.2584E-04  0.4001E-07  0.5106E-02  0.4487E-04  0.3805E+03
   -3.262529   30.63514  0.2562E-13  0.2570E-04  0.4102E-07  0.4929E-02  0.4261E-04  0.4464E+03
   -3.375030   30.63553  0.2562E-13  0.2550E-04  0.4231E-07  0.4714E-02  0.4038E-04  0.5344E+03
   -3.487531   30.63593  0.2562E-13  0.2525E-04  0.4394E-07  0.4457E-02  0.3819E-04  0.6604E+03
   -3.600031   30.63636  0.2562E-13  0.2492E-04  0.4607E-07  0.4153E-02  0.3602E-04  0.8461E+03
   -3.712530   30.63682  0.2562E-13  0.2450E-04  0.4890E-07  0.3799E-02  0.3385E-04  0.1146E+04
   -3.825029   30.63732  0.2562E-13  0.2396E-04  0.5281E-07  0.3383E-02  0.3166E-04  0.1662E+04
   -3.937527   30.63789  0.2562E-13  0.2325E-04  0.5852E-07  0.2932E-02  0.2945E-04  0.2703E+04
   -4.050024   30.63855  0.2562E-13  0.2230E-04  0.6761E-07  0.2296E-02  0.2719E-04  0.5358E+04
   -4.162520   30.63941  0.2562E-13  0.2093E-04  0.8391E-07  0.2039E-02  0.2475E-04  0.1190E+05
   -4.275015   30.64036  0.2562E-13  0.1812E-04  0.1355E-06  0.8172E-03  0.2257E-04 -0.2497E+05
   -4.387509   30.64472  0.2562E-13  0.8077E-05  0.4732E-06  0.1034E-03  0.1833E-04 -0.1391E+07
   -4.500002   30.66364  0.2562E-13  0.0000E+00  0.0000E+00  0.0000E+00  0.1956E-04  0.0000E+00
