 1 - depth, m
 2 - temperature, C
 3 - salinity, kg/kg
 4 - turbulent kinetic energy, m**2/s**2
 5 - dissipation rate, m**2/s**3
 6 - kinematic heat conductance, m**2/s
 7 - modulus of horizontal velocity, m/s
 8 - Richardson number, n/d
   -0.000000   30.35026  0.5294E-13  0.6999E-05  0.2770E-06  0.6117E-04  0.3264E-02 -0.4125E+01
   -0.112493   30.40479  0.5294E-13  0.1500E-04  0.1103E-06  0.7427E-03  0.1023E-02  0.1064E+04
   -0.224987   30.41009  0.5294E-13  0.1745E-04  0.8387E-07  0.1233E-02  0.8261E-03  0.7775E+02
   -0.337482   30.41244  0.5294E-13  0.1912E-04  0.7233E-07  0.1619E-02  0.7301E-03  0.3363E+02
   -0.449979   30.41414  0.5294E-13  0.2044E-04  0.6518E-07  0.2024E-02  0.6603E-03  0.2253E+02
   -0.562476   30.41545  0.5294E-13  0.2151E-04  0.6023E-07  0.2401E-02  0.6063E-03  0.1719E+02
   -0.674974   30.41651  0.5294E-13  0.2242E-04  0.5657E-07  0.2758E-02  0.5621E-03  0.1420E+02
   -0.787472   30.41740  0.5294E-13  0.2320E-04  0.5374E-07  0.3095E-02  0.5249E-03  0.1232E+02
   -0.899972   30.41818  0.5294E-13  0.2387E-04  0.5149E-07  0.3410E-02  0.4926E-03  0.1110E+02
   -1.012472   30.41887  0.5294E-13  0.2446E-04  0.4964E-07  0.3705E-02  0.4643E-03  0.1024E+02
   -1.124972   30.41949  0.5294E-13  0.2498E-04  0.4811E-07  0.3979E-02  0.4389E-03  0.9670E+01
   -1.237474   30.42005  0.5294E-13  0.2543E-04  0.4683E-07  0.4232E-02  0.4159E-03  0.9269E+01
   -1.349975   30.42058  0.5294E-13  0.2583E-04  0.4574E-07  0.4466E-02  0.3950E-03  0.9029E+01
   -1.462478   30.42107  0.5294E-13  0.2618E-04  0.4481E-07  0.4679E-02  0.3757E-03  0.8883E+01
   -1.574980   30.42153  0.5294E-13  0.2649E-04  0.4401E-07  0.4873E-02  0.3578E-03  0.8849E+01
   -1.687483   30.42196  0.5294E-13  0.2675E-04  0.4333E-07  0.5046E-02  0.3412E-03  0.8879E+01
   -1.799986   30.42238  0.5294E-13  0.2698E-04  0.4276E-07  0.5198E-02  0.3256E-03  0.9005E+01
   -1.912490   30.42278  0.5294E-13  0.2717E-04  0.4227E-07  0.5331E-02  0.3110E-03  0.9184E+01
   -2.024994   30.42317  0.5294E-13  0.2733E-04  0.4188E-07  0.5442E-02  0.2971E-03  0.9461E+01
   -2.137497   30.42355  0.5294E-13  0.2745E-04  0.4156E-07  0.5533E-02  0.2840E-03  0.9795E+01
   -2.250001   30.42391  0.5294E-13  0.2754E-04  0.4132E-07  0.5601E-02  0.2715E-03  0.1024E+02
   -2.362505   30.42427  0.5294E-13  0.2760E-04  0.4116E-07  0.5647E-02  0.2595E-03  0.1076E+02
   -2.475009   30.42463  0.5294E-13  0.2763E-04  0.4108E-07  0.5670E-02  0.2481E-03  0.1142E+02
   -2.587512   30.42498  0.5294E-13  0.2762E-04  0.4108E-07  0.5668E-02  0.2371E-03  0.1219E+02
   -2.700016   30.42532  0.5294E-13  0.2758E-04  0.4118E-07  0.5641E-02  0.2265E-03  0.1315E+02
   -2.812519   30.42567  0.5294E-13  0.2751E-04  0.4138E-07  0.5587E-02  0.2163E-03  0.1429E+02
   -2.925022   30.42601  0.5294E-13  0.2740E-04  0.4170E-07  0.5504E-02  0.2063E-03  0.1576E+02
   -3.037525   30.42636  0.5294E-13  0.2725E-04  0.4216E-07  0.5390E-02  0.1967E-03  0.1756E+02
   -3.150027   30.42672  0.5294E-13  0.2707E-04  0.4278E-07  0.5244E-02  0.1872E-03  0.1993E+02
   -3.262528   30.42708  0.5294E-13  0.2683E-04  0.4362E-07  0.5061E-02  0.1780E-03  0.2299E+02
   -3.375030   30.42745  0.5294E-13  0.2655E-04  0.4474E-07  0.4840E-02  0.1689E-03  0.2722E+02
   -3.487530   30.42783  0.5294E-13  0.2620E-04  0.4621E-07  0.4574E-02  0.1599E-03  0.3311E+02
   -3.600031   30.42823  0.5294E-13  0.2578E-04  0.4820E-07  0.4261E-02  0.1510E-03  0.4197E+02
   -3.712530   30.42866  0.5294E-13  0.2527E-04  0.5091E-07  0.3895E-02  0.1422E-03  0.5600E+02
   -3.825029   30.42913  0.5294E-13  0.2463E-04  0.5475E-07  0.3464E-02  0.1332E-03  0.8043E+02
   -3.937527   30.42965  0.5294E-13  0.2383E-04  0.6046E-07  0.3003E-02  0.1241E-03  0.1291E+03
   -4.050024   30.43025  0.5294E-13  0.2277E-04  0.6971E-07  0.2335E-02  0.1147E-03  0.2543E+03
   -4.162520   30.43102  0.5294E-13  0.2129E-04  0.8661E-07  0.2083E-02  0.1046E-03  0.5444E+03
   -4.275015   30.43185  0.5294E-13  0.1827E-04  0.1412E-06  0.8086E-03  0.9560E-04 -0.1107E+04
   -4.387509   30.43585  0.5294E-13  0.8092E-05  0.4897E-06  0.1083E-03  0.7739E-04 -0.5433E+05
   -4.500002   30.45145  0.5294E-13  0.0000E+00  0.0000E+00  0.0000E+00  0.8303E-04  0.0000E+00
