 1 - depth, m
 2 - temperature, C
 3 - salinity, kg/kg
 4 - turbulent kinetic energy, m**2/s**2
 5 - dissipation rate, m**2/s**3
 6 - kinematic heat conductance, m**2/s
 7 - modulus of horizontal velocity, m/s
 8 - Richardson number, n/d
   -0.000000   29.64339  0.2588E-13  0.6138E-05  0.2163E-06  0.5375E-04  0.2967E-02 -0.3836E+01
   -0.112493   29.69437  0.2588E-13  0.1345E-04  0.8427E-07  0.7835E-03  0.8227E-03  0.2257E+05
   -0.224987   29.69788  0.2588E-13  0.1539E-04  0.6648E-07  0.1193E-02  0.6806E-03  0.8592E+02
   -0.337483   29.69985  0.2588E-13  0.1678E-04  0.5769E-07  0.1569E-02  0.6003E-03  0.4122E+02
   -0.449979   29.70126  0.2588E-13  0.1789E-04  0.5215E-07  0.1944E-02  0.5421E-03  0.2813E+02
   -0.562476   29.70235  0.2588E-13  0.1881E-04  0.4829E-07  0.2298E-02  0.4968E-03  0.2172E+02
   -0.674974   29.70324  0.2588E-13  0.1960E-04  0.4544E-07  0.2634E-02  0.4598E-03  0.1806E+02
   -0.787472   29.70398  0.2588E-13  0.2029E-04  0.4326E-07  0.2951E-02  0.4285E-03  0.1577E+02
   -0.899972   29.70464  0.2588E-13  0.2089E-04  0.4152E-07  0.3249E-02  0.4014E-03  0.1427E+02
   -1.012472   29.70521  0.2588E-13  0.2143E-04  0.4013E-07  0.3528E-02  0.3776E-03  0.1326E+02
   -1.124973   29.70574  0.2588E-13  0.2191E-04  0.3899E-07  0.3788E-02  0.3563E-03  0.1258E+02
   -1.237474   29.70622  0.2588E-13  0.2234E-04  0.3805E-07  0.4030E-02  0.3371E-03  0.1216E+02
   -1.349976   29.70667  0.2588E-13  0.2272E-04  0.3727E-07  0.4252E-02  0.3196E-03  0.1191E+02
   -1.462478   29.70708  0.2588E-13  0.2307E-04  0.3662E-07  0.4455E-02  0.3035E-03  0.1182E+02
   -1.574981   29.70748  0.2588E-13  0.2338E-04  0.3609E-07  0.4640E-02  0.2886E-03  0.1185E+02
   -1.687484   29.70786  0.2588E-13  0.2366E-04  0.3565E-07  0.4806E-02  0.2748E-03  0.1201E+02
   -1.799987   29.70823  0.2588E-13  0.2390E-04  0.3530E-07  0.4952E-02  0.2618E-03  0.1226E+02
   -1.912490   29.70858  0.2588E-13  0.2412E-04  0.3503E-07  0.5079E-02  0.2496E-03  0.1264E+02
   -2.024994   29.70892  0.2588E-13  0.2431E-04  0.3483E-07  0.5186E-02  0.2381E-03  0.1312E+02
   -2.137498   29.70926  0.2588E-13  0.2447E-04  0.3469E-07  0.5273E-02  0.2272E-03  0.1373E+02
   -2.250002   29.70959  0.2588E-13  0.2460E-04  0.3463E-07  0.5340E-02  0.2169E-03  0.1448E+02
   -2.362505   29.70992  0.2588E-13  0.2470E-04  0.3463E-07  0.5384E-02  0.2070E-03  0.1539E+02
   -2.475009   29.71024  0.2588E-13  0.2478E-04  0.3470E-07  0.5407E-02  0.1976E-03  0.1647E+02
   -2.587513   29.71056  0.2588E-13  0.2483E-04  0.3484E-07  0.5406E-02  0.1886E-03  0.1778E+02
   -2.700016   29.71088  0.2588E-13  0.2485E-04  0.3507E-07  0.5381E-02  0.1798E-03  0.1936E+02
   -2.812519   29.71121  0.2588E-13  0.2484E-04  0.3538E-07  0.5331E-02  0.1714E-03  0.2130E+02
   -2.925022   29.71153  0.2588E-13  0.2480E-04  0.3580E-07  0.5253E-02  0.1633E-03  0.2369E+02
   -3.037525   29.71187  0.2588E-13  0.2472E-04  0.3634E-07  0.5145E-02  0.1553E-03  0.2673E+02
   -3.150027   29.71220  0.2588E-13  0.2461E-04  0.3703E-07  0.5007E-02  0.1476E-03  0.3061E+02
   -3.262529   29.71255  0.2588E-13  0.2445E-04  0.3791E-07  0.4835E-02  0.1401E-03  0.3575E+02
   -3.375030   29.71292  0.2588E-13  0.2424E-04  0.3903E-07  0.4625E-02  0.1326E-03  0.4271E+02
   -3.487531   29.71330  0.2588E-13  0.2398E-04  0.4047E-07  0.4374E-02  0.1253E-03  0.5256E+02
   -3.600031   29.71370  0.2588E-13  0.2365E-04  0.4235E-07  0.4078E-02  0.1181E-03  0.6722E+02
   -3.712531   29.71413  0.2588E-13  0.2324E-04  0.4488E-07  0.3732E-02  0.1109E-03  0.9064E+02
   -3.825029   29.71460  0.2588E-13  0.2271E-04  0.4838E-07  0.3327E-02  0.1037E-03  0.1312E+03
   -3.937527   29.71513  0.2588E-13  0.2204E-04  0.5352E-07  0.2885E-02  0.9630E-04  0.2125E+03
   -4.050024   29.71575  0.2588E-13  0.2112E-04  0.6170E-07  0.2268E-02  0.8881E-04  0.4188E+03
   -4.162521   29.71653  0.2588E-13  0.1983E-04  0.7640E-07  0.2006E-02  0.8077E-04  0.9252E+03
   -4.275016   29.71741  0.2588E-13  0.1718E-04  0.1229E-06  0.8062E-03  0.7356E-04 -0.1800E+04
   -4.387510   29.72138  0.2588E-13  0.7602E-05  0.4301E-06  0.9960E-04  0.5965E-04 -0.1079E+06
   -4.500003   29.73900  0.2588E-13  0.0000E+00  0.0000E+00  0.0000E+00  0.6366E-04  0.0000E+00
