 1 - depth, m
 2 - temperature, C
 3 - salinity, kg/kg
 4 - turbulent kinetic energy, m**2/s**2
 5 - dissipation rate, m**2/s**3
 6 - kinematic heat conductance, m**2/s
 7 - modulus of horizontal velocity, m/s
 8 - Richardson number, n/d
   -0.000000   30.03793  0.5601E-13  0.5760E-05  0.2691E-06  0.6855E-04  0.1308E-02 -0.2237E+02
   -0.112493   30.08211  0.5601E-13  0.1319E-04  0.1064E-06  0.5398E-03  0.4815E-03  0.1473E+04
   -0.224987   30.08906  0.5601E-13  0.1597E-04  0.7692E-07  0.1176E-02  0.3570E-03  0.5324E+03
   -0.337483   30.09134  0.5601E-13  0.1766E-04  0.6608E-07  0.1505E-02  0.3143E-03  0.1904E+03
   -0.449979   30.09304  0.5601E-13  0.1897E-04  0.5946E-07  0.1914E-02  0.2827E-03  0.1260E+03
   -0.562476   30.09432  0.5601E-13  0.2004E-04  0.5493E-07  0.2284E-02  0.2587E-03  0.9520E+02
   -0.674974   30.09537  0.5601E-13  0.2093E-04  0.5159E-07  0.2635E-02  0.2392E-03  0.7837E+02
   -0.787472   30.09624  0.5601E-13  0.2169E-04  0.4900E-07  0.2965E-02  0.2229E-03  0.6796E+02
   -0.899972   30.09700  0.5601E-13  0.2234E-04  0.4694E-07  0.3274E-02  0.2088E-03  0.6109E+02
   -1.012472   30.09767  0.5601E-13  0.2290E-04  0.4526E-07  0.3561E-02  0.1964E-03  0.5644E+02
   -1.124973   30.09827  0.5601E-13  0.2339E-04  0.4385E-07  0.3829E-02  0.1854E-03  0.5323E+02
   -1.237474   30.09882  0.5601E-13  0.2382E-04  0.4266E-07  0.4076E-02  0.1754E-03  0.5110E+02
   -1.349976   30.09933  0.5601E-13  0.2420E-04  0.4165E-07  0.4303E-02  0.1664E-03  0.4970E+02
   -1.462478   30.09980  0.5601E-13  0.2452E-04  0.4078E-07  0.4511E-02  0.1580E-03  0.4898E+02
   -1.574981   30.10025  0.5601E-13  0.2480E-04  0.4003E-07  0.4699E-02  0.1503E-03  0.4872E+02
   -1.687484   30.10067  0.5601E-13  0.2504E-04  0.3938E-07  0.4867E-02  0.1432E-03  0.4896E+02
   -1.799987   30.10107  0.5601E-13  0.2525E-04  0.3882E-07  0.5016E-02  0.1365E-03  0.4957E+02
   -1.912490   30.10145  0.5601E-13  0.2542E-04  0.3835E-07  0.5144E-02  0.1302E-03  0.5064E+02
   -2.024994   30.10182  0.5601E-13  0.2555E-04  0.3795E-07  0.5253E-02  0.1242E-03  0.5207E+02
   -2.137498   30.10218  0.5601E-13  0.2565E-04  0.3763E-07  0.5341E-02  0.1186E-03  0.5401E+02
   -2.250002   30.10253  0.5601E-13  0.2572E-04  0.3737E-07  0.5408E-02  0.1132E-03  0.5636E+02
   -2.362505   30.10287  0.5601E-13  0.2577E-04  0.3718E-07  0.5454E-02  0.1081E-03  0.5931E+02
   -2.475009   30.10320  0.5601E-13  0.2578E-04  0.3706E-07  0.5477E-02  0.1033E-03  0.6282E+02
   -2.587513   30.10353  0.5601E-13  0.2576E-04  0.3702E-07  0.5476E-02  0.9856E-04  0.6712E+02
   -2.700016   30.10386  0.5601E-13  0.2571E-04  0.3706E-07  0.5452E-02  0.9405E-04  0.7225E+02
   -2.812520   30.10418  0.5601E-13  0.2562E-04  0.3719E-07  0.5401E-02  0.8969E-04  0.7867E+02
   -2.925022   30.10450  0.5601E-13  0.2551E-04  0.3742E-07  0.5323E-02  0.8546E-04  0.8652E+02
   -3.037525   30.10482  0.5601E-13  0.2536E-04  0.3778E-07  0.5215E-02  0.8136E-04  0.9654E+02
   -3.150027   30.10515  0.5601E-13  0.2517E-04  0.3828E-07  0.5076E-02  0.7736E-04  0.1093E+03
   -3.262529   30.10548  0.5601E-13  0.2494E-04  0.3897E-07  0.4902E-02  0.7344E-04  0.1262E+03
   -3.375030   30.10582  0.5601E-13  0.2466E-04  0.3990E-07  0.4690E-02  0.6960E-04  0.1491E+03
   -3.487531   30.10617  0.5601E-13  0.2432E-04  0.4115E-07  0.4437E-02  0.6581E-04  0.1815E+03
   -3.600031   30.10654  0.5601E-13  0.2392E-04  0.4284E-07  0.4137E-02  0.6206E-04  0.2295E+03
   -3.712531   30.10693  0.5601E-13  0.2344E-04  0.4517E-07  0.3787E-02  0.5832E-04  0.3061E+03
   -3.825029   30.10735  0.5601E-13  0.2284E-04  0.4847E-07  0.3375E-02  0.5457E-04  0.4380E+03
   -3.937527   30.10782  0.5601E-13  0.2210E-04  0.5339E-07  0.2929E-02  0.5075E-04  0.7019E+03
   -4.050024   30.10835  0.5601E-13  0.2112E-04  0.6137E-07  0.2294E-02  0.4686E-04  0.1368E+04
   -4.162521   30.10902  0.5601E-13  0.1976E-04  0.7592E-07  0.2034E-02  0.4267E-04  0.2941E+04
   -4.275016   30.10976  0.5601E-13  0.1702E-04  0.1228E-06  0.7984E-03  0.3891E-04 -0.5451E+04
   -4.387510   30.11318  0.5601E-13  0.7458E-05  0.4280E-06  0.1019E-03  0.3146E-04 -0.3071E+06
   -4.500003   30.12729  0.5601E-13  0.0000E+00  0.0000E+00  0.0000E+00  0.3373E-04  0.0000E+00
