 1 - depth, m
 2 - temperature, C
 3 - salinity, kg/kg
 4 - turbulent kinetic energy, m**2/s**2
 5 - dissipation rate, m**2/s**3
 6 - kinematic heat conductance, m**2/s
 7 - modulus of horizontal velocity, m/s
 8 - Richardson number, n/d
   -0.000000   29.54448  0.8027E-13  0.5144E-05  0.2216E-06  0.6464E-04  0.1419E-02 -0.1648E+02
   -0.112493   29.58460  0.8027E-13  0.1173E-04  0.8762E-07  0.5071E-03  0.5131E-03  0.2545E+04
   -0.224987   29.59077  0.8027E-13  0.1416E-04  0.6349E-07  0.1126E-02  0.3783E-03  0.4780E+03
   -0.337483   29.59275  0.8027E-13  0.1564E-04  0.5455E-07  0.1442E-02  0.3321E-03  0.1562E+03
   -0.449979   29.59420  0.8027E-13  0.1680E-04  0.4910E-07  0.1831E-02  0.2980E-03  0.1018E+03
   -0.562476   29.59530  0.8027E-13  0.1775E-04  0.4538E-07  0.2185E-02  0.2721E-03  0.7633E+02
   -0.674974   29.59617  0.8027E-13  0.1856E-04  0.4267E-07  0.2523E-02  0.2512E-03  0.6264E+02
   -0.787472   29.59691  0.8027E-13  0.1926E-04  0.4061E-07  0.2840E-02  0.2336E-03  0.5421E+02
   -0.899972   29.59755  0.8027E-13  0.1988E-04  0.3900E-07  0.3139E-02  0.2186E-03  0.4881E+02
   -1.012472   29.59811  0.8027E-13  0.2042E-04  0.3770E-07  0.3418E-02  0.2053E-03  0.4517E+02
   -1.124973   29.59862  0.8027E-13  0.2091E-04  0.3665E-07  0.3678E-02  0.1936E-03  0.4282E+02
   -1.237474   29.59909  0.8027E-13  0.2135E-04  0.3579E-07  0.3919E-02  0.1829E-03  0.4128E+02
   -1.349976   29.59953  0.8027E-13  0.2174E-04  0.3509E-07  0.4141E-02  0.1733E-03  0.4048E+02
   -1.462478   29.59993  0.8027E-13  0.2210E-04  0.3451E-07  0.4344E-02  0.1644E-03  0.4014E+02
   -1.574981   29.60032  0.8027E-13  0.2242E-04  0.3404E-07  0.4529E-02  0.1563E-03  0.4033E+02
   -1.687484   29.60069  0.8027E-13  0.2271E-04  0.3366E-07  0.4695E-02  0.1487E-03  0.4086E+02
   -1.799987   29.60105  0.8027E-13  0.2296E-04  0.3336E-07  0.4841E-02  0.1416E-03  0.4185E+02
   -1.912490   29.60139  0.8027E-13  0.2319E-04  0.3313E-07  0.4969E-02  0.1349E-03  0.4315E+02
   -2.024994   29.60172  0.8027E-13  0.2339E-04  0.3297E-07  0.5076E-02  0.1286E-03  0.4494E+02
   -2.137498   29.60205  0.8027E-13  0.2356E-04  0.3288E-07  0.5164E-02  0.1227E-03  0.4709E+02
   -2.250002   29.60237  0.8027E-13  0.2371E-04  0.3285E-07  0.5231E-02  0.1170E-03  0.4982E+02
   -2.362505   29.60269  0.8027E-13  0.2383E-04  0.3288E-07  0.5277E-02  0.1116E-03  0.5300E+02
   -2.475009   29.60301  0.8027E-13  0.2392E-04  0.3298E-07  0.5301E-02  0.1065E-03  0.5696E+02
   -2.587513   29.60332  0.8027E-13  0.2398E-04  0.3315E-07  0.5302E-02  0.1015E-03  0.6157E+02
   -2.700016   29.60364  0.8027E-13  0.2402E-04  0.3340E-07  0.5280E-02  0.9679E-04  0.6729E+02
   -2.812520   29.60396  0.8027E-13  0.2402E-04  0.3373E-07  0.5231E-02  0.9220E-04  0.7416E+02
   -2.925023   29.60428  0.8027E-13  0.2400E-04  0.3416E-07  0.5156E-02  0.8777E-04  0.8283E+02
   -3.037525   29.60461  0.8027E-13  0.2394E-04  0.3471E-07  0.5053E-02  0.8346E-04  0.9358E+02
   -3.150027   29.60494  0.8027E-13  0.2384E-04  0.3540E-07  0.4919E-02  0.7926E-04  0.1076E+03
   -3.262529   29.60529  0.8027E-13  0.2371E-04  0.3627E-07  0.4751E-02  0.7516E-04  0.1259E+03
   -3.375031   29.60565  0.8027E-13  0.2352E-04  0.3737E-07  0.4547E-02  0.7113E-04  0.1510E+03
   -3.487531   29.60603  0.8027E-13  0.2328E-04  0.3878E-07  0.4302E-02  0.6717E-04  0.1861E+03
   -3.600031   29.60642  0.8027E-13  0.2298E-04  0.4062E-07  0.4013E-02  0.6325E-04  0.2388E+03
   -3.712531   29.60685  0.8027E-13  0.2259E-04  0.4306E-07  0.3676E-02  0.5935E-04  0.3224E+03
   -3.825030   29.60732  0.8027E-13  0.2210E-04  0.4644E-07  0.3280E-02  0.5543E-04  0.4680E+03
   -3.937527   29.60785  0.8027E-13  0.2145E-04  0.5137E-07  0.2846E-02  0.5145E-04  0.7586E+03
   -4.050025   29.60847  0.8027E-13  0.2059E-04  0.5919E-07  0.2246E-02  0.4741E-04  0.1495E+04
   -4.162521   29.60925  0.8027E-13  0.1935E-04  0.7317E-07  0.1981E-02  0.4309E-04  0.3348E+04
   -4.275016   29.61013  0.8027E-13  0.1682E-04  0.1170E-06  0.8065E-03  0.3920E-04 -0.6367E+04
   -4.387510   29.61402  0.8027E-13  0.7434E-05  0.4108E-06  0.9670E-04  0.3181E-04 -0.4190E+06
   -4.500003   29.63222  0.8027E-13  0.0000E+00  0.0000E+00  0.0000E+00  0.3391E-04  0.0000E+00
