 1 - depth, m
 2 - temperature, C
 3 - salinity, kg/kg
 4 - turbulent kinetic energy, m**2/s**2
 5 - dissipation rate, m**2/s**3
 6 - kinematic heat conductance, m**2/s
 7 - modulus of horizontal velocity, m/s
 8 - Richardson number, n/d
   -0.000000   29.96824  0.5261E-13  0.8696E-05  0.2750E-06  0.5610E-04  0.5190E-02 -0.1562E+01
   -0.112493   30.03181  0.5261E-13  0.1718E-04  0.1129E-06  0.9306E-03  0.1492E-02  0.1545E+03
   -0.224987   30.03539  0.5261E-13  0.1925E-04  0.9102E-07  0.1322E-02  0.1277E-02  0.2013E+02
   -0.337482   30.03777  0.5261E-13  0.2083E-04  0.7910E-07  0.1749E-02  0.1135E-02  0.1166E+02
   -0.449979   30.03947  0.5261E-13  0.2211E-04  0.7146E-07  0.2148E-02  0.1031E-02  0.8184E+01
   -0.562476   30.04080  0.5261E-13  0.2317E-04  0.6609E-07  0.2530E-02  0.9499E-03  0.6410E+01
   -0.674973   30.04189  0.5261E-13  0.2408E-04  0.6209E-07  0.2892E-02  0.8827E-03  0.5360E+01
   -0.787472   30.04281  0.5261E-13  0.2486E-04  0.5898E-07  0.3234E-02  0.8257E-03  0.4693E+01
   -0.899971   30.04361  0.5261E-13  0.2555E-04  0.5650E-07  0.3555E-02  0.7762E-03  0.4243E+01
   -1.012471   30.04433  0.5261E-13  0.2616E-04  0.5448E-07  0.3855E-02  0.7324E-03  0.3939E+01
   -1.124972   30.04498  0.5261E-13  0.2669E-04  0.5280E-07  0.4135E-02  0.6933E-03  0.3726E+01
   -1.237473   30.04557  0.5261E-13  0.2717E-04  0.5140E-07  0.4395E-02  0.6578E-03  0.3588E+01
   -1.349975   30.04612  0.5261E-13  0.2759E-04  0.5022E-07  0.4634E-02  0.6253E-03  0.3499E+01
   -1.462477   30.04663  0.5261E-13  0.2796E-04  0.4922E-07  0.4853E-02  0.5954E-03  0.3457E+01
   -1.574980   30.04712  0.5261E-13  0.2829E-04  0.4837E-07  0.5051E-02  0.5677E-03  0.3446E+01
   -1.687483   30.04758  0.5261E-13  0.2857E-04  0.4765E-07  0.5229E-02  0.5419E-03  0.3473E+01
   -1.799986   30.04802  0.5261E-13  0.2882E-04  0.4705E-07  0.5386E-02  0.5176E-03  0.3524E+01
   -1.912489   30.04845  0.5261E-13  0.2903E-04  0.4656E-07  0.5521E-02  0.4948E-03  0.3611E+01
   -2.024993   30.04886  0.5261E-13  0.2921E-04  0.4616E-07  0.5635E-02  0.4732E-03  0.3721E+01
   -2.137497   30.04926  0.5261E-13  0.2935E-04  0.4585E-07  0.5728E-02  0.4527E-03  0.3871E+01
   -2.250001   30.04966  0.5261E-13  0.2946E-04  0.4563E-07  0.5797E-02  0.4332E-03  0.4049E+01
   -2.362504   30.05004  0.5261E-13  0.2954E-04  0.4550E-07  0.5844E-02  0.4146E-03  0.4274E+01
   -2.475008   30.05042  0.5261E-13  0.2958E-04  0.4546E-07  0.5866E-02  0.3967E-03  0.4539E+01
   -2.587512   30.05080  0.5261E-13  0.2959E-04  0.4552E-07  0.5863E-02  0.3795E-03  0.4866E+01
   -2.700015   30.05118  0.5261E-13  0.2956E-04  0.4568E-07  0.5833E-02  0.3630E-03  0.5253E+01
   -2.812518   30.05155  0.5261E-13  0.2950E-04  0.4596E-07  0.5776E-02  0.3469E-03  0.5739E+01
   -2.925021   30.05193  0.5261E-13  0.2939E-04  0.4637E-07  0.5688E-02  0.3313E-03  0.6329E+01
   -3.037524   30.05231  0.5261E-13  0.2925E-04  0.4694E-07  0.5569E-02  0.3161E-03  0.7087E+01
   -3.150026   30.05270  0.5261E-13  0.2907E-04  0.4770E-07  0.5415E-02  0.3013E-03  0.8047E+01
   -3.262528   30.05310  0.5261E-13  0.2883E-04  0.4870E-07  0.5224E-02  0.2868E-03  0.9330E+01
   -3.375029   30.05351  0.5261E-13  0.2854E-04  0.5002E-07  0.4992E-02  0.2724E-03  0.1106E+02
   -3.487530   30.05393  0.5261E-13  0.2817E-04  0.5175E-07  0.4715E-02  0.2583E-03  0.1351E+02
   -3.600030   30.05438  0.5261E-13  0.2773E-04  0.5406E-07  0.4388E-02  0.2442E-03  0.1715E+02
   -3.712529   30.05487  0.5261E-13  0.2719E-04  0.5720E-07  0.4007E-02  0.2302E-03  0.2299E+02
   -3.825028   30.05539  0.5261E-13  0.2652E-04  0.6163E-07  0.3556E-02  0.2160E-03  0.3311E+02
   -3.937526   30.05598  0.5261E-13  0.2566E-04  0.6822E-07  0.3082E-02  0.2015E-03  0.5343E+02
   -4.050023   30.05666  0.5261E-13  0.2451E-04  0.7890E-07  0.2380E-02  0.1866E-03  0.1063E+03
   -4.162519   30.05754  0.5261E-13  0.2290E-04  0.9843E-07  0.2136E-02  0.1704E-03  0.2291E+03
   -4.275014   30.05850  0.5261E-13  0.1961E-04  0.1614E-06  0.8274E-03  0.1560E-03 -0.4971E+03
   -4.387508   30.06318  0.5261E-13  0.8770E-05  0.5588E-06  0.1142E-03  0.1265E-03 -0.2423E+05
   -4.500001   30.08072  0.5261E-13  0.0000E+00  0.0000E+00  0.0000E+00  0.1357E-03  0.0000E+00
