 1 - depth, m
 2 - temperature, C
 3 - salinity, kg/kg
 4 - turbulent kinetic energy, m**2/s**2
 5 - dissipation rate, m**2/s**3
 6 - kinematic heat conductance, m**2/s
 7 - modulus of horizontal velocity, m/s
 8 - Richardson number, n/d
   -0.000000   26.59770  0.1637E-13  0.1347E-04  0.3962E-06  0.6130E-04  0.1281E-01 -0.2444E+00
   -0.112493   26.65053  0.1637E-13  0.1720E-04  0.1307E-06  0.6089E-03  0.4748E-02 -0.5528E+00
   -0.224987   26.65553  0.1637E-13  0.1847E-04  0.9509E-07  0.1257E-02  0.3703E-02  0.4943E+01
   -0.337482   26.65776  0.1637E-13  0.1940E-04  0.8035E-07  0.1518E-02  0.3316E-02  0.1958E+01
   -0.449978   26.65952  0.1637E-13  0.2024E-04  0.7104E-07  0.1835E-02  0.3015E-02  0.1465E+01
   -0.562476   26.66090  0.1637E-13  0.2102E-04  0.6453E-07  0.2138E-02  0.2777E-02  0.1387E+01
   -0.674973   26.66205  0.1637E-13  0.2178E-04  0.5954E-07  0.2466E-02  0.2569E-02  0.1443E+01
   -0.787472   26.66301  0.1637E-13  0.2251E-04  0.5556E-07  0.2812E-02  0.2380E-02  0.1486E+01
   -0.899971   26.66383  0.1637E-13  0.2320E-04  0.5233E-07  0.3164E-02  0.2209E-02  0.1517E+01
   -1.012471   26.66454  0.1637E-13  0.2386E-04  0.4970E-07  0.3517E-02  0.2052E-02  0.1536E+01
   -1.124972   26.66517  0.1637E-13  0.2447E-04  0.4752E-07  0.3863E-02  0.1909E-02  0.1546E+01
   -1.237473   26.66574  0.1637E-13  0.2503E-04  0.4573E-07  0.4199E-02  0.1777E-02  0.1548E+01
   -1.349975   26.66626  0.1637E-13  0.2554E-04  0.4424E-07  0.4517E-02  0.1657E-02  0.1545E+01
   -1.462477   26.66673  0.1637E-13  0.2600E-04  0.4301E-07  0.4813E-02  0.1546E-02  0.1535E+01
   -1.574980   26.66717  0.1637E-13  0.2641E-04  0.4200E-07  0.5082E-02  0.1443E-02  0.1522E+01
   -1.687483   26.66759  0.1637E-13  0.2676E-04  0.4119E-07  0.5321E-02  0.1350E-02  0.1504E+01
   -1.799986   26.66799  0.1637E-13  0.2706E-04  0.4055E-07  0.5526E-02  0.1263E-02  0.1483E+01
   -1.912489   26.66837  0.1637E-13  0.2732E-04  0.4005E-07  0.5697E-02  0.1184E-02  0.1459E+01
   -2.024993   26.66873  0.1637E-13  0.2752E-04  0.3969E-07  0.5832E-02  0.1112E-02  0.1431E+01
   -2.137497   26.66909  0.1637E-13  0.2767E-04  0.3946E-07  0.5930E-02  0.1045E-02  0.1401E+01
   -2.250000   26.66944  0.1637E-13  0.2778E-04  0.3934E-07  0.5993E-02  0.9843E-03  0.1368E+01
   -2.362504   26.66979  0.1637E-13  0.2785E-04  0.3933E-07  0.6021E-02  0.9285E-03  0.1333E+01
   -2.475008   26.67014  0.1637E-13  0.2788E-04  0.3942E-07  0.6017E-02  0.8775E-03  0.1295E+01
   -2.587512   26.67048  0.1637E-13  0.2788E-04  0.3960E-07  0.5981E-02  0.8308E-03  0.1255E+01
   -2.700015   26.67083  0.1637E-13  0.2784E-04  0.3989E-07  0.5917E-02  0.7882E-03  0.1211E+01
   -2.812518   26.67118  0.1637E-13  0.2777E-04  0.4027E-07  0.5828E-02  0.7493E-03  0.1165E+01
   -2.925021   26.67154  0.1637E-13  0.2767E-04  0.4075E-07  0.5729E-02  0.7140E-03  0.1155E+01
   -3.037524   26.67191  0.1637E-13  0.2754E-04  0.4136E-07  0.5605E-02  0.6815E-03  0.1289E+01
   -3.150026   26.67228  0.1637E-13  0.2737E-04  0.4214E-07  0.5437E-02  0.6497E-03  0.1477E+01
   -3.262528   26.67266  0.1637E-13  0.2715E-04  0.4315E-07  0.5234E-02  0.6185E-03  0.1725E+01
   -3.375029   26.67306  0.1637E-13  0.2688E-04  0.4444E-07  0.4990E-02  0.5877E-03  0.2063E+01
   -3.487529   26.67348  0.1637E-13  0.2655E-04  0.4612E-07  0.4703E-02  0.5572E-03  0.2540E+01
   -3.600030   26.67393  0.1637E-13  0.2615E-04  0.4832E-07  0.4369E-02  0.5268E-03  0.3254E+01
   -3.712529   26.67441  0.1637E-13  0.2566E-04  0.5129E-07  0.3981E-02  0.4964E-03  0.4397E+01
   -3.825028   26.67493  0.1637E-13  0.2504E-04  0.5544E-07  0.3529E-02  0.4656E-03  0.6392E+01
   -3.937525   26.67553  0.1637E-13  0.2425E-04  0.6156E-07  0.3050E-02  0.4342E-03  0.1040E+02
   -4.050022   26.67622  0.1637E-13  0.2320E-04  0.7139E-07  0.2358E-02  0.4019E-03  0.2083E+02
   -4.162519   26.67712  0.1637E-13  0.2170E-04  0.8925E-07  0.2106E-02  0.3667E-03  0.4516E+02
   -4.275014   26.67811  0.1637E-13  0.1864E-04  0.1465E-06  0.8141E-03  0.3354E-03 -0.9776E+02
   -4.387508   26.68293  0.1637E-13  0.8317E-05  0.5097E-06  0.1100E-03  0.2717E-03 -0.4688E+04
   -4.500001   26.70171  0.1637E-13  0.0000E+00  0.0000E+00  0.0000E+00  0.2912E-03  0.0000E+00
