 1 - depth, m
 2 - temperature, C
 3 - salinity, kg/kg
 4 - turbulent kinetic energy, m**2/s**2
 5 - dissipation rate, m**2/s**3
 6 - kinematic heat conductance, m**2/s
 7 - modulus of horizontal velocity, m/s
 8 - Richardson number, n/d
   -0.000000   26.45770  0.1658E-13  0.1185E-04  0.3565E-06  0.5946E-04  0.1058E-01 -0.3599E+00
   -0.112493   26.51750  0.1658E-13  0.1721E-04  0.1264E-06  0.8392E-03  0.3546E-02  0.1087E+03
   -0.224987   26.52151  0.1658E-13  0.1889E-04  0.9574E-07  0.1263E-02  0.2900E-02  0.5645E+01
   -0.337482   26.52401  0.1658E-13  0.2012E-04  0.8149E-07  0.1599E-02  0.2582E-02  0.2787E+01
   -0.449979   26.52588  0.1658E-13  0.2116E-04  0.7249E-07  0.1961E-02  0.2343E-02  0.1963E+01
   -0.562476   26.52734  0.1658E-13  0.2206E-04  0.6628E-07  0.2303E-02  0.2155E-02  0.1535E+01
   -0.674973   26.52854  0.1658E-13  0.2284E-04  0.6174E-07  0.2619E-02  0.2001E-02  0.1315E+01
   -0.787472   26.52957  0.1658E-13  0.2355E-04  0.5820E-07  0.2926E-02  0.1870E-02  0.1302E+01
   -0.899972   26.53047  0.1658E-13  0.2421E-04  0.5530E-07  0.3248E-02  0.1752E-02  0.1331E+01
   -1.012472   26.53126  0.1658E-13  0.2483E-04  0.5287E-07  0.3568E-02  0.1642E-02  0.1353E+01
   -1.124972   26.53196  0.1658E-13  0.2539E-04  0.5083E-07  0.3881E-02  0.1541E-02  0.1369E+01
   -1.237474   26.53260  0.1658E-13  0.2591E-04  0.4910E-07  0.4181E-02  0.1448E-02  0.1378E+01
   -1.349975   26.53319  0.1658E-13  0.2638E-04  0.4765E-07  0.4465E-02  0.1361E-02  0.1382E+01
   -1.462478   26.53373  0.1658E-13  0.2680E-04  0.4642E-07  0.4729E-02  0.1281E-02  0.1381E+01
   -1.574980   26.53423  0.1658E-13  0.2716E-04  0.4538E-07  0.4969E-02  0.1207E-02  0.1375E+01
   -1.687483   26.53471  0.1658E-13  0.2748E-04  0.4452E-07  0.5184E-02  0.1139E-02  0.1366E+01
   -1.799986   26.53516  0.1658E-13  0.2775E-04  0.4381E-07  0.5372E-02  0.1075E-02  0.1353E+01
   -1.912490   26.53559  0.1658E-13  0.2797E-04  0.4324E-07  0.5530E-02  0.1017E-02  0.1336E+01
   -2.024993   26.53601  0.1658E-13  0.2815E-04  0.4279E-07  0.5659E-02  0.9626E-03  0.1316E+01
   -2.137497   26.53642  0.1658E-13  0.2829E-04  0.4245E-07  0.5757E-02  0.9124E-03  0.1293E+01
   -2.250001   26.53682  0.1658E-13  0.2839E-04  0.4222E-07  0.5826E-02  0.8662E-03  0.1267E+01
   -2.362505   26.53721  0.1658E-13  0.2844E-04  0.4209E-07  0.5865E-02  0.8235E-03  0.1237E+01
   -2.475008   26.53759  0.1658E-13  0.2847E-04  0.4206E-07  0.5875E-02  0.7842E-03  0.1204E+01
   -2.587512   26.53797  0.1658E-13  0.2845E-04  0.4212E-07  0.5861E-02  0.7480E-03  0.1171E+01
   -2.700015   26.53836  0.1658E-13  0.2841E-04  0.4228E-07  0.5825E-02  0.7148E-03  0.1221E+01
   -2.812519   26.53874  0.1658E-13  0.2834E-04  0.4254E-07  0.5762E-02  0.6832E-03  0.1333E+01
   -2.925022   26.53912  0.1658E-13  0.2822E-04  0.4293E-07  0.5668E-02  0.6525E-03  0.1475E+01
   -3.037524   26.53951  0.1658E-13  0.2808E-04  0.4347E-07  0.5544E-02  0.6225E-03  0.1655E+01
   -3.150026   26.53991  0.1658E-13  0.2789E-04  0.4418E-07  0.5386E-02  0.5933E-03  0.1885E+01
   -3.262528   26.54031  0.1658E-13  0.2765E-04  0.4512E-07  0.5191E-02  0.5645E-03  0.2188E+01
   -3.375029   26.54073  0.1658E-13  0.2736E-04  0.4635E-07  0.4957E-02  0.5363E-03  0.2601E+01
   -3.487530   26.54117  0.1658E-13  0.2701E-04  0.4797E-07  0.4678E-02  0.5083E-03  0.3184E+01
   -3.600030   26.54163  0.1658E-13  0.2658E-04  0.5012E-07  0.4351E-02  0.4804E-03  0.4055E+01
   -3.712530   26.54213  0.1658E-13  0.2605E-04  0.5306E-07  0.3971E-02  0.4526E-03  0.5446E+01
   -3.825028   26.54267  0.1658E-13  0.2540E-04  0.5719E-07  0.3523E-02  0.4245E-03  0.7868E+01
   -3.937526   26.54327  0.1658E-13  0.2458E-04  0.6332E-07  0.3050E-02  0.3958E-03  0.1273E+02
   -4.050023   26.54397  0.1658E-13  0.2349E-04  0.7325E-07  0.2359E-02  0.3664E-03  0.2533E+02
   -4.162519   26.54487  0.1658E-13  0.2195E-04  0.9139E-07  0.2110E-02  0.3344E-03  0.5454E+02
   -4.275015   26.54586  0.1658E-13  0.1881E-04  0.1499E-06  0.8130E-03  0.3058E-03 -0.1149E+03
   -4.387509   26.55067  0.1658E-13  0.8375E-05  0.5194E-06  0.1115E-03  0.2476E-03 -0.5497E+04
   -4.500002   26.56890  0.1658E-13  0.0000E+00  0.0000E+00  0.0000E+00  0.2656E-03  0.0000E+00
