 1 - depth, m
 2 - temperature, C
 3 - salinity, kg/kg
 4 - turbulent kinetic energy, m**2/s**2
 5 - dissipation rate, m**2/s**3
 6 - kinematic heat conductance, m**2/s
 7 - modulus of horizontal velocity, m/s
 8 - Richardson number, n/d
   -0.000000   31.07867  0.2369E-13  0.6278E-05  0.2675E-06  0.5472E-04  0.3931E-03 -0.8518E+03
   -0.112493   31.14185  0.2369E-13  0.1537E-04  0.1116E-06  0.7454E-03  0.1183E-03  0.5493E+07
   -0.224987   31.14649  0.2369E-13  0.1795E-04  0.8693E-07  0.1254E-02  0.9579E-04  0.1449E+05
   -0.337482   31.14890  0.2369E-13  0.1973E-04  0.7520E-07  0.1649E-02  0.8463E-04  0.7104E+04
   -0.449979   31.15062  0.2369E-13  0.2112E-04  0.6792E-07  0.2065E-02  0.7657E-04  0.4874E+04
   -0.562476   31.15194  0.2369E-13  0.2226E-04  0.6288E-07  0.2455E-02  0.7035E-04  0.3766E+04
   -0.674973   31.15301  0.2369E-13  0.2322E-04  0.5915E-07  0.2823E-02  0.6528E-04  0.3131E+04
   -0.787472   31.15391  0.2369E-13  0.2405E-04  0.5627E-07  0.3168E-02  0.6100E-04  0.2729E+04
   -0.899971   31.15469  0.2369E-13  0.2476E-04  0.5397E-07  0.3493E-02  0.5730E-04  0.2463E+04
   -1.012471   31.15538  0.2369E-13  0.2538E-04  0.5210E-07  0.3795E-02  0.5404E-04  0.2280E+04
   -1.124972   31.15601  0.2369E-13  0.2593E-04  0.5055E-07  0.4076E-02  0.5112E-04  0.2154E+04
   -1.237473   31.15658  0.2369E-13  0.2642E-04  0.4925E-07  0.4336E-02  0.4849E-04  0.2069E+04
   -1.349975   31.15711  0.2369E-13  0.2684E-04  0.4815E-07  0.4575E-02  0.4608E-04  0.2015E+04
   -1.462477   31.15760  0.2369E-13  0.2722E-04  0.4722E-07  0.4794E-02  0.4387E-04  0.1986E+04
   -1.574980   31.15807  0.2369E-13  0.2755E-04  0.4642E-07  0.4991E-02  0.4181E-04  0.1977E+04
   -1.687483   31.15851  0.2369E-13  0.2784E-04  0.4575E-07  0.5168E-02  0.3990E-04  0.1986E+04
   -1.799986   31.15893  0.2369E-13  0.2808E-04  0.4518E-07  0.5324E-02  0.3811E-04  0.2013E+04
   -1.912489   31.15934  0.2369E-13  0.2829E-04  0.4471E-07  0.5459E-02  0.3642E-04  0.2055E+04
   -2.024993   31.15973  0.2369E-13  0.2847E-04  0.4433E-07  0.5573E-02  0.3482E-04  0.2114E+04
   -2.137497   31.16012  0.2369E-13  0.2860E-04  0.4404E-07  0.5665E-02  0.3331E-04  0.2191E+04
   -2.250001   31.16049  0.2369E-13  0.2871E-04  0.4382E-07  0.5734E-02  0.3187E-04  0.2288E+04
   -2.362504   31.16086  0.2369E-13  0.2878E-04  0.4369E-07  0.5780E-02  0.3049E-04  0.2405E+04
   -2.475008   31.16122  0.2369E-13  0.2882E-04  0.4365E-07  0.5803E-02  0.2917E-04  0.2549E+04
   -2.587512   31.16157  0.2369E-13  0.2883E-04  0.4369E-07  0.5800E-02  0.2790E-04  0.2721E+04
   -2.700015   31.16193  0.2369E-13  0.2880E-04  0.4384E-07  0.5771E-02  0.2667E-04  0.2931E+04
   -2.812518   31.16228  0.2369E-13  0.2873E-04  0.4409E-07  0.5714E-02  0.2549E-04  0.3188E+04
   -2.925021   31.16264  0.2369E-13  0.2863E-04  0.4447E-07  0.5628E-02  0.2434E-04  0.3509E+04
   -3.037524   31.16300  0.2369E-13  0.2849E-04  0.4500E-07  0.5511E-02  0.2322E-04  0.3911E+04
   -3.150026   31.16336  0.2369E-13  0.2830E-04  0.4571E-07  0.5359E-02  0.2212E-04  0.4430E+04
   -3.262528   31.16374  0.2369E-13  0.2806E-04  0.4666E-07  0.5171E-02  0.2105E-04  0.5112E+04
   -3.375029   31.16412  0.2369E-13  0.2777E-04  0.4789E-07  0.4942E-02  0.1999E-04  0.6043E+04
   -3.487530   31.16452  0.2369E-13  0.2742E-04  0.4952E-07  0.4669E-02  0.1894E-04  0.7351E+04
   -3.600030   31.16494  0.2369E-13  0.2698E-04  0.5170E-07  0.4346E-02  0.1791E-04  0.9306E+04
   -3.712529   31.16539  0.2369E-13  0.2645E-04  0.5467E-07  0.3970E-02  0.1687E-04  0.1242E+05
   -3.825028   31.16588  0.2369E-13  0.2579E-04  0.5887E-07  0.3526E-02  0.1582E-04  0.1783E+05
   -3.937526   31.16642  0.2369E-13  0.2496E-04  0.6510E-07  0.3055E-02  0.1475E-04  0.2864E+05
   -4.050023   31.16705  0.2369E-13  0.2384E-04  0.7520E-07  0.2365E-02  0.1366E-04  0.5664E+05
   -4.162519   31.16786  0.2369E-13  0.2228E-04  0.9365E-07  0.2120E-02  0.1247E-04  0.1205E+06
   -4.275014   31.16874  0.2369E-13  0.1910E-04  0.1533E-06  0.8187E-03  0.1141E-04 -0.2588E+06
   -4.387508   31.17302  0.2369E-13  0.8504E-05  0.5310E-06  0.1120E-03  0.9248E-05 -0.1153E+08
   -4.500001   31.18924  0.2369E-13  0.0000E+00  0.0000E+00  0.0000E+00  0.9928E-05  0.0000E+00
