 1 - depth, m
 2 - temperature, C
 3 - salinity, kg/kg
 4 - turbulent kinetic energy, m**2/s**2
 5 - dissipation rate, m**2/s**3
 6 - kinematic heat conductance, m**2/s
 7 - modulus of horizontal velocity, m/s
 8 - Richardson number, n/d
   -0.000000   28.42712  0.7748E-13  0.1231E-04  0.4047E-06  0.6226E-04  0.9677E-02 -0.5226E+00
   -0.112493   28.49793  0.7748E-13  0.1964E-04  0.1543E-06  0.9104E-03  0.3108E-02  0.1025E+03
   -0.224987   28.50250  0.7748E-13  0.2178E-04  0.1205E-06  0.1282E-02  0.2658E-02  0.6313E+01
   -0.337482   28.50558  0.7748E-13  0.2347E-04  0.1027E-06  0.1714E-02  0.2358E-02  0.3563E+01
   -0.449978   28.50779  0.7748E-13  0.2485E-04  0.9162E-07  0.2116E-02  0.2143E-02  0.2456E+01
   -0.562475   28.50950  0.7748E-13  0.2600E-04  0.8396E-07  0.2503E-02  0.1974E-02  0.1903E+01
   -0.674973   28.51091  0.7748E-13  0.2698E-04  0.7832E-07  0.2871E-02  0.1836E-02  0.1582E+01
   -0.787472   28.51209  0.7748E-13  0.2782E-04  0.7398E-07  0.3213E-02  0.1719E-02  0.1387E+01
   -0.899971   28.51313  0.7748E-13  0.2856E-04  0.7051E-07  0.3532E-02  0.1618E-02  0.1299E+01
   -1.012471   28.51405  0.7748E-13  0.2922E-04  0.6763E-07  0.3842E-02  0.1527E-02  0.1284E+01
   -1.124972   28.51487  0.7748E-13  0.2981E-04  0.6518E-07  0.4147E-02  0.1443E-02  0.1291E+01
   -1.237473   28.51562  0.7748E-13  0.3034E-04  0.6308E-07  0.4439E-02  0.1366E-02  0.1300E+01
   -1.349975   28.51631  0.7748E-13  0.3080E-04  0.6126E-07  0.4714E-02  0.1294E-02  0.1304E+01
   -1.462477   28.51695  0.7748E-13  0.3121E-04  0.5969E-07  0.4969E-02  0.1226E-02  0.1304E+01
   -1.574980   28.51755  0.7748E-13  0.3156E-04  0.5833E-07  0.5200E-02  0.1164E-02  0.1300E+01
   -1.687483   28.51811  0.7748E-13  0.3185E-04  0.5717E-07  0.5405E-02  0.1105E-02  0.1292E+01
   -1.799986   28.51865  0.7748E-13  0.3209E-04  0.5618E-07  0.5584E-02  0.1051E-02  0.1280E+01
   -1.912489   28.51916  0.7748E-13  0.3227E-04  0.5535E-07  0.5734E-02  0.1000E-02  0.1265E+01
   -2.024993   28.51965  0.7748E-13  0.3241E-04  0.5467E-07  0.5855E-02  0.9532E-03  0.1248E+01
   -2.137497   28.52012  0.7748E-13  0.3250E-04  0.5412E-07  0.5946E-02  0.9094E-03  0.1234E+01
   -2.250000   28.52058  0.7748E-13  0.3254E-04  0.5369E-07  0.6009E-02  0.8686E-03  0.1229E+01
   -2.362504   28.52103  0.7748E-13  0.3254E-04  0.5338E-07  0.6044E-02  0.8305E-03  0.1232E+01
   -2.475008   28.52148  0.7748E-13  0.3250E-04  0.5319E-07  0.6050E-02  0.7949E-03  0.1249E+01
   -2.587511   28.52192  0.7748E-13  0.3242E-04  0.5312E-07  0.6031E-02  0.7613E-03  0.1322E+01
   -2.700015   28.52235  0.7748E-13  0.3230E-04  0.5317E-07  0.5983E-02  0.7290E-03  0.1427E+01
   -2.812518   28.52278  0.7748E-13  0.3214E-04  0.5337E-07  0.5905E-02  0.6976E-03  0.1558E+01
   -2.925021   28.52321  0.7748E-13  0.3193E-04  0.5373E-07  0.5795E-02  0.6671E-03  0.1724E+01
   -3.037523   28.52365  0.7748E-13  0.3167E-04  0.5430E-07  0.5650E-02  0.6373E-03  0.1937E+01
   -3.150026   28.52409  0.7748E-13  0.3135E-04  0.5511E-07  0.5467E-02  0.6081E-03  0.2217E+01
   -3.262527   28.52454  0.7748E-13  0.3098E-04  0.5623E-07  0.5244E-02  0.5793E-03  0.2599E+01
   -3.375029   28.52501  0.7748E-13  0.3053E-04  0.5778E-07  0.4974E-02  0.5509E-03  0.3139E+01
   -3.487529   28.52549  0.7748E-13  0.3000E-04  0.5990E-07  0.4666E-02  0.5226E-03  0.3941E+01
   -3.600029   28.52601  0.7748E-13  0.2935E-04  0.6288E-07  0.4282E-02  0.4944E-03  0.5269E+01
   -3.712529   28.52656  0.7748E-13  0.2858E-04  0.6717E-07  0.3903E-02  0.4658E-03  0.8285E+01
   -3.825027   28.52716  0.7748E-13  0.2759E-04  0.7419E-07  0.3362E-02  0.4370E-03  0.7227E+02
   -3.937525   28.52792  0.7748E-13  0.2626E-04  0.8609E-07  0.2918E-02  0.4051E-03  0.1101E+04
   -4.050022   28.52874  0.7748E-13  0.2436E-04  0.1090E-06  0.2163E-02  0.3734E-03  0.2991E+03
   -4.162518   28.53043  0.7748E-13  0.2170E-04  0.1556E-06  0.1863E-02  0.3296E-03  0.3532E+05
   -4.275013   28.53133  0.7748E-13  0.1749E-04  0.3093E-06  0.7458E-03  0.2981E-03  0.1211E+05
   -4.387508   28.53889  0.7748E-13  0.8179E-05  0.1091E-05  0.1593E-03  0.2296E-03 -0.1199E+05
   -4.500001   28.55296  0.7748E-13  0.0000E+00  0.0000E+00  0.0000E+00  0.2675E-03  0.0000E+00
