 1 - depth, m
 2 - temperature, C
 3 - salinity, kg/kg
 4 - turbulent kinetic energy, m**2/s**2
 5 - dissipation rate, m**2/s**3
 6 - kinematic heat conductance, m**2/s
 7 - modulus of horizontal velocity, m/s
 8 - Richardson number, n/d
   -0.000000   30.35684  0.1516E-13  0.5981E-05  0.2710E-06  0.6735E-04  0.2002E-02 -0.9936E+01
   -0.112493   30.40228  0.1516E-13  0.1348E-04  0.1067E-06  0.5874E-03  0.7018E-03  0.5502E+05
   -0.224987   30.40866  0.1516E-13  0.1615E-04  0.7788E-07  0.1179E-02  0.5323E-03  0.2271E+03
   -0.337483   30.41093  0.1516E-13  0.1783E-04  0.6684E-07  0.1522E-02  0.4685E-03  0.8442E+02
   -0.449979   30.41260  0.1516E-13  0.1914E-04  0.6011E-07  0.1931E-02  0.4217E-03  0.5571E+02
   -0.562476   30.41385  0.1516E-13  0.2021E-04  0.5551E-07  0.2303E-02  0.3860E-03  0.4206E+02
   -0.674974   30.41487  0.1516E-13  0.2111E-04  0.5213E-07  0.2657E-02  0.3571E-03  0.3458E+02
   -0.787472   30.41572  0.1516E-13  0.2188E-04  0.4954E-07  0.2990E-02  0.3328E-03  0.2994E+02
   -0.899972   30.41646  0.1516E-13  0.2254E-04  0.4748E-07  0.3302E-02  0.3119E-03  0.2691E+02
   -1.012472   30.41712  0.1516E-13  0.2313E-04  0.4581E-07  0.3594E-02  0.2935E-03  0.2485E+02
   -1.124973   30.41771  0.1516E-13  0.2364E-04  0.4443E-07  0.3865E-02  0.2771E-03  0.2345E+02
   -1.237474   30.41825  0.1516E-13  0.2410E-04  0.4327E-07  0.4116E-02  0.2623E-03  0.2251E+02
   -1.349976   30.41874  0.1516E-13  0.2450E-04  0.4230E-07  0.4347E-02  0.2488E-03  0.2193E+02
   -1.462478   30.41921  0.1516E-13  0.2485E-04  0.4148E-07  0.4558E-02  0.2365E-03  0.2163E+02
   -1.574980   30.41965  0.1516E-13  0.2516E-04  0.4078E-07  0.4749E-02  0.2250E-03  0.2155E+02
   -1.687483   30.42007  0.1516E-13  0.2543E-04  0.4019E-07  0.4921E-02  0.2144E-03  0.2169E+02
   -1.799987   30.42046  0.1516E-13  0.2567E-04  0.3969E-07  0.5073E-02  0.2044E-03  0.2201E+02
   -1.912490   30.42085  0.1516E-13  0.2587E-04  0.3928E-07  0.5204E-02  0.1950E-03  0.2253E+02
   -2.024994   30.42122  0.1516E-13  0.2603E-04  0.3895E-07  0.5315E-02  0.1862E-03  0.2323E+02
   -2.137497   30.42158  0.1516E-13  0.2617E-04  0.3869E-07  0.5405E-02  0.1778E-03  0.2413E+02
   -2.250001   30.42193  0.1516E-13  0.2627E-04  0.3851E-07  0.5473E-02  0.1698E-03  0.2526E+02
   -2.362505   30.42227  0.1516E-13  0.2635E-04  0.3840E-07  0.5520E-02  0.1623E-03  0.2664E+02
   -2.475009   30.42261  0.1516E-13  0.2639E-04  0.3836E-07  0.5543E-02  0.1550E-03  0.2831E+02
   -2.587512   30.42295  0.1516E-13  0.2640E-04  0.3841E-07  0.5543E-02  0.1480E-03  0.3032E+02
   -2.700016   30.42328  0.1516E-13  0.2638E-04  0.3854E-07  0.5518E-02  0.1413E-03  0.3276E+02
   -2.812519   30.42362  0.1516E-13  0.2633E-04  0.3877E-07  0.5466E-02  0.1348E-03  0.3576E+02
   -2.925022   30.42395  0.1516E-13  0.2624E-04  0.3910E-07  0.5386E-02  0.1285E-03  0.3948E+02
   -3.037525   30.42429  0.1516E-13  0.2612E-04  0.3957E-07  0.5277E-02  0.1224E-03  0.4417E+02
   -3.150027   30.42464  0.1516E-13  0.2596E-04  0.4020E-07  0.5135E-02  0.1164E-03  0.5020E+02
   -3.262529   30.42499  0.1516E-13  0.2575E-04  0.4103E-07  0.4958E-02  0.1105E-03  0.5815E+02
   -3.375030   30.42535  0.1516E-13  0.2549E-04  0.4211E-07  0.4742E-02  0.1048E-03  0.6895E+02
   -3.487531   30.42572  0.1516E-13  0.2518E-04  0.4354E-07  0.4484E-02  0.9915E-04  0.8418E+02
   -3.600031   30.42612  0.1516E-13  0.2479E-04  0.4544E-07  0.4179E-02  0.9354E-04  0.1069E+03
   -3.712530   30.42654  0.1516E-13  0.2431E-04  0.4802E-07  0.3823E-02  0.8794E-04  0.1430E+03
   -3.825029   30.42700  0.1516E-13  0.2372E-04  0.5166E-07  0.3405E-02  0.8231E-04  0.2056E+03
   -3.937527   30.42751  0.1516E-13  0.2297E-04  0.5705E-07  0.2952E-02  0.7659E-04  0.3309E+03
   -4.050024   30.42810  0.1516E-13  0.2197E-04  0.6573E-07  0.2307E-02  0.7075E-04  0.6498E+03
   -4.162520   30.42885  0.1516E-13  0.2057E-04  0.8150E-07  0.2050E-02  0.6444E-04  0.1405E+04
   -4.275015   30.42968  0.1516E-13  0.1772E-04  0.1321E-06  0.8064E-03  0.5880E-04 -0.2771E+04
   -4.387509   30.43354  0.1516E-13  0.7829E-05  0.4599E-06  0.1044E-03  0.4762E-04 -0.1482E+06
   -4.500003   30.44942  0.1516E-13  0.0000E+00  0.0000E+00  0.0000E+00  0.5099E-04  0.0000E+00
