 1 - depth, m
 2 - temperature, C
 3 - salinity, kg/kg
 4 - turbulent kinetic energy, m**2/s**2
 5 - dissipation rate, m**2/s**3
 6 - kinematic heat conductance, m**2/s
 7 - modulus of horizontal velocity, m/s
 8 - Richardson number, n/d
   -0.000000   30.23691  0.8947E-13  0.5758E-05  0.2673E-06  0.6769E-04  0.9903E-03 -0.4174E+02
   -0.112493   30.28223  0.8947E-13  0.1325E-04  0.1056E-06  0.5363E-03  0.3627E-03  0.1742E+04
   -0.224987   30.28925  0.8948E-13  0.1601E-04  0.7648E-07  0.1191E-02  0.2686E-03  0.9578E+03
   -0.337482   30.29148  0.8948E-13  0.1768E-04  0.6574E-07  0.1517E-02  0.2368E-03  0.3413E+03
   -0.449979   30.29314  0.8948E-13  0.1899E-04  0.5917E-07  0.1930E-02  0.2132E-03  0.2256E+03
   -0.562476   30.29439  0.8948E-13  0.2006E-04  0.5467E-07  0.2303E-02  0.1952E-03  0.1699E+03
   -0.674974   30.29539  0.8948E-13  0.2095E-04  0.5138E-07  0.2658E-02  0.1806E-03  0.1397E+03
   -0.787472   30.29623  0.8948E-13  0.2172E-04  0.4885E-07  0.2991E-02  0.1684E-03  0.1208E+03
   -0.899972   30.29696  0.8948E-13  0.2240E-04  0.4685E-07  0.3304E-02  0.1578E-03  0.1087E+03
   -1.012472   30.29760  0.8948E-13  0.2298E-04  0.4523E-07  0.3596E-02  0.1486E-03  0.1002E+03
   -1.124972   30.29818  0.8948E-13  0.2351E-04  0.4390E-07  0.3868E-02  0.1403E-03  0.9476E+02
   -1.237474   30.29872  0.8948E-13  0.2397E-04  0.4279E-07  0.4120E-02  0.1329E-03  0.9094E+02
   -1.349976   30.29921  0.8948E-13  0.2438E-04  0.4186E-07  0.4351E-02  0.1261E-03  0.8882E+02
   -1.462478   30.29967  0.8948E-13  0.2474E-04  0.4108E-07  0.4563E-02  0.1198E-03  0.8758E+02
   -1.574980   30.30010  0.8948E-13  0.2507E-04  0.4043E-07  0.4755E-02  0.1140E-03  0.8758E+02
   -1.687483   30.30051  0.8948E-13  0.2535E-04  0.3989E-07  0.4927E-02  0.1087E-03  0.8815E+02
   -1.799987   30.30091  0.8948E-13  0.2560E-04  0.3943E-07  0.5079E-02  0.1036E-03  0.8982E+02
   -1.912490   30.30129  0.8948E-13  0.2581E-04  0.3907E-07  0.5211E-02  0.9892E-04  0.9195E+02
   -2.024994   30.30166  0.8948E-13  0.2600E-04  0.3878E-07  0.5322E-02  0.9445E-04  0.9522E+02
   -2.137497   30.30202  0.8948E-13  0.2615E-04  0.3857E-07  0.5413E-02  0.9023E-04  0.9901E+02
   -2.250001   30.30237  0.8948E-13  0.2627E-04  0.3844E-07  0.5481E-02  0.8620E-04  0.1041E+03
   -2.362505   30.30271  0.8948E-13  0.2636E-04  0.3837E-07  0.5528E-02  0.8237E-04  0.1099E+03
   -2.475009   30.30306  0.8948E-13  0.2642E-04  0.3839E-07  0.5552E-02  0.7869E-04  0.1174E+03
   -2.587512   30.30339  0.8948E-13  0.2645E-04  0.3848E-07  0.5552E-02  0.7517E-04  0.1258E+03
   -2.700016   30.30373  0.8948E-13  0.2645E-04  0.3866E-07  0.5526E-02  0.7176E-04  0.1366E+03
   -2.812519   30.30407  0.8948E-13  0.2641E-04  0.3894E-07  0.5474E-02  0.6848E-04  0.1493E+03
   -2.925022   30.30441  0.8948E-13  0.2634E-04  0.3933E-07  0.5394E-02  0.6529E-04  0.1657E+03
   -3.037525   30.30475  0.8948E-13  0.2624E-04  0.3985E-07  0.5284E-02  0.6220E-04  0.1857E+03
   -3.150027   30.30511  0.8948E-13  0.2609E-04  0.4054E-07  0.5141E-02  0.5917E-04  0.2121E+03
   -3.262529   30.30546  0.8948E-13  0.2590E-04  0.4143E-07  0.4964E-02  0.5621E-04  0.2461E+03
   -3.375030   30.30584  0.8948E-13  0.2566E-04  0.4258E-07  0.4748E-02  0.5331E-04  0.2932E+03
   -3.487531   30.30622  0.8948E-13  0.2536E-04  0.4408E-07  0.4489E-02  0.5044E-04  0.3586E+03
   -3.600031   30.30663  0.8948E-13  0.2498E-04  0.4607E-07  0.4183E-02  0.4759E-04  0.4574E+03
   -3.712530   30.30707  0.8948E-13  0.2452E-04  0.4875E-07  0.3826E-02  0.4475E-04  0.6135E+03
   -3.825029   30.30755  0.8948E-13  0.2394E-04  0.5251E-07  0.3407E-02  0.4189E-04  0.8860E+03
   -3.937527   30.30808  0.8948E-13  0.2320E-04  0.5805E-07  0.2954E-02  0.3899E-04  0.1429E+04
   -4.050024   30.30870  0.8948E-13  0.2220E-04  0.6695E-07  0.2308E-02  0.3602E-04  0.2821E+04
   -4.162520   30.30949  0.8948E-13  0.2080E-04  0.8305E-07  0.2052E-02  0.3282E-04  0.6152E+04
   -4.275015   30.31037  0.8948E-13  0.1795E-04  0.1345E-06  0.8114E-03  0.2995E-04 -0.1260E+05
   -4.387509   30.31445  0.8948E-13  0.7958E-05  0.4688E-06  0.1045E-03  0.2428E-04 -0.6779E+06
   -4.500002   30.33150  0.8948E-13  0.0000E+00  0.0000E+00  0.0000E+00  0.2599E-04  0.0000E+00
