 1 - depth, m
 2 - temperature, C
 3 - salinity, kg/kg
 4 - turbulent kinetic energy, m**2/s**2
 5 - dissipation rate, m**2/s**3
 6 - kinematic heat conductance, m**2/s
 7 - modulus of horizontal velocity, m/s
 8 - Richardson number, n/d
   -0.000000   30.46080  0.9524E-13  0.5600E-05  0.2460E-06  0.6568E-04  0.1691E-02 -0.1295E+02
   -0.112493   30.50423  0.9524E-13  0.1270E-04  0.9723E-07  0.5622E-03  0.5966E-03  0.4992E+05
   -0.224987   30.51030  0.9524E-13  0.1523E-04  0.7095E-07  0.1152E-02  0.4483E-03  0.3268E+03
   -0.337482   30.51242  0.9524E-13  0.1679E-04  0.6091E-07  0.1484E-02  0.3942E-03  0.1162E+03
   -0.449979   30.51398  0.9524E-13  0.1802E-04  0.5476E-07  0.1881E-02  0.3543E-03  0.7636E+02
   -0.562476   30.51514  0.9524E-13  0.1902E-04  0.5056E-07  0.2243E-02  0.3240E-03  0.5742E+02
   -0.674974   30.51608  0.9524E-13  0.1986E-04  0.4748E-07  0.2588E-02  0.2994E-03  0.4713E+02
   -0.787472   30.51687  0.9524E-13  0.2059E-04  0.4513E-07  0.2912E-02  0.2788E-03  0.4074E+02
   -0.899972   30.51755  0.9524E-13  0.2123E-04  0.4327E-07  0.3217E-02  0.2610E-03  0.3662E+02
   -1.012472   30.51815  0.9524E-13  0.2179E-04  0.4177E-07  0.3502E-02  0.2454E-03  0.3380E+02
   -1.124973   30.51870  0.9524E-13  0.2228E-04  0.4054E-07  0.3767E-02  0.2315E-03  0.3196E+02
   -1.237474   30.51919  0.9524E-13  0.2273E-04  0.3953E-07  0.4013E-02  0.2190E-03  0.3070E+02
   -1.349976   30.51965  0.9524E-13  0.2312E-04  0.3868E-07  0.4240E-02  0.2076E-03  0.3000E+02
   -1.462478   30.52008  0.9524E-13  0.2347E-04  0.3797E-07  0.4447E-02  0.1972E-03  0.2963E+02
   -1.574980   30.52049  0.9524E-13  0.2379E-04  0.3739E-07  0.4635E-02  0.1875E-03  0.2966E+02
   -1.687483   30.52087  0.9524E-13  0.2407E-04  0.3690E-07  0.4804E-02  0.1785E-03  0.2991E+02
   -1.799987   30.52125  0.9524E-13  0.2432E-04  0.3651E-07  0.4953E-02  0.1701E-03  0.3051E+02
   -1.912490   30.52160  0.9524E-13  0.2453E-04  0.3619E-07  0.5083E-02  0.1622E-03  0.3130E+02
   -2.024994   30.52195  0.9524E-13  0.2472E-04  0.3595E-07  0.5193E-02  0.1547E-03  0.3246E+02
   -2.137497   30.52229  0.9524E-13  0.2487E-04  0.3578E-07  0.5282E-02  0.1477E-03  0.3383E+02
   -2.250001   30.52262  0.9524E-13  0.2500E-04  0.3568E-07  0.5350E-02  0.1410E-03  0.3563E+02
   -2.362505   30.52295  0.9524E-13  0.2510E-04  0.3565E-07  0.5397E-02  0.1346E-03  0.3771E+02
   -2.475009   30.52327  0.9524E-13  0.2517E-04  0.3569E-07  0.5421E-02  0.1285E-03  0.4034E+02
   -2.587512   30.52359  0.9524E-13  0.2521E-04  0.3581E-07  0.5422E-02  0.1226E-03  0.4337E+02
   -2.700016   30.52392  0.9524E-13  0.2522E-04  0.3601E-07  0.5398E-02  0.1169E-03  0.4718E+02
   -2.812519   30.52424  0.9524E-13  0.2520E-04  0.3630E-07  0.5348E-02  0.1115E-03  0.5171E+02
   -2.925022   30.52456  0.9524E-13  0.2515E-04  0.3669E-07  0.5271E-02  0.1062E-03  0.5748E+02
   -3.037525   30.52489  0.9524E-13  0.2506E-04  0.3722E-07  0.5165E-02  0.1011E-03  0.6460E+02
   -3.150027   30.52523  0.9524E-13  0.2494E-04  0.3789E-07  0.5027E-02  0.9607E-04  0.7392E+02
   -3.262529   30.52557  0.9524E-13  0.2477E-04  0.3875E-07  0.4854E-02  0.9117E-04  0.8602E+02
   -3.375030   30.52593  0.9524E-13  0.2455E-04  0.3986E-07  0.4645E-02  0.8637E-04  0.1027E+03
   -3.487531   30.52630  0.9524E-13  0.2428E-04  0.4129E-07  0.4393E-02  0.8163E-04  0.1260E+03
   -3.600031   30.52670  0.9524E-13  0.2393E-04  0.4318E-07  0.4096E-02  0.7694E-04  0.1610E+03
   -3.712530   30.52712  0.9524E-13  0.2351E-04  0.4572E-07  0.3749E-02  0.7227E-04  0.2164E+03
   -3.825029   30.52758  0.9524E-13  0.2297E-04  0.4926E-07  0.3342E-02  0.6757E-04  0.3129E+03
   -3.937527   30.52810  0.9524E-13  0.2227E-04  0.5446E-07  0.2899E-02  0.6280E-04  0.5058E+03
   -4.050024   30.52870  0.9524E-13  0.2134E-04  0.6276E-07  0.2277E-02  0.5794E-04  0.9967E+03
   -4.162520   30.52947  0.9524E-13  0.2002E-04  0.7771E-07  0.2016E-02  0.5271E-04  0.2192E+04
   -4.275015   30.53033  0.9524E-13  0.1734E-04  0.1251E-06  0.8075E-03  0.4803E-04 -0.4324E+04
   -4.387509   30.53423  0.9524E-13  0.7671E-05  0.4376E-06  0.1006E-03  0.3895E-04 -0.2532E+06
   -4.500003   30.55137  0.9524E-13  0.0000E+00  0.0000E+00  0.0000E+00  0.4160E-04  0.0000E+00
