 1 - depth, m
 2 - temperature, C
 3 - salinity, kg/kg
 4 - turbulent kinetic energy, m**2/s**2
 5 - dissipation rate, m**2/s**3
 6 - kinematic heat conductance, m**2/s
 7 - modulus of horizontal velocity, m/s
 8 - Richardson number, n/d
   -0.000000   30.08661  0.3647E-13  0.5855E-05  0.2743E-06  0.6720E-04  0.8374E-03 -0.6544E+02
   -0.112493   30.13339  0.3647E-13  0.1360E-04  0.1085E-06  0.5541E-03  0.3031E-03  0.2174E+04
   -0.224987   30.14037  0.3647E-13  0.1641E-04  0.7895E-07  0.1209E-02  0.2251E-03  0.1445E+04
   -0.337483   30.14266  0.3647E-13  0.1813E-04  0.6798E-07  0.1540E-02  0.1984E-03  0.5368E+03
   -0.449979   30.14436  0.3647E-13  0.1947E-04  0.6125E-07  0.1956E-02  0.1786E-03  0.3588E+03
   -0.562476   30.14566  0.3647E-13  0.2056E-04  0.5663E-07  0.2331E-02  0.1635E-03  0.2727E+03
   -0.674974   30.14670  0.3647E-13  0.2147E-04  0.5323E-07  0.2688E-02  0.1513E-03  0.2249E+03
   -0.787472   30.14758  0.3647E-13  0.2225E-04  0.5061E-07  0.3024E-02  0.1410E-03  0.1955E+03
   -0.899972   30.14834  0.3647E-13  0.2293E-04  0.4852E-07  0.3338E-02  0.1322E-03  0.1759E+03
   -1.012472   30.14901  0.3647E-13  0.2351E-04  0.4681E-07  0.3630E-02  0.1244E-03  0.1629E+03
   -1.124973   30.14962  0.3647E-13  0.2403E-04  0.4540E-07  0.3903E-02  0.1175E-03  0.1538E+03
   -1.237474   30.15017  0.3647E-13  0.2448E-04  0.4421E-07  0.4154E-02  0.1112E-03  0.1481E+03
   -1.349976   30.15069  0.3647E-13  0.2488E-04  0.4321E-07  0.4386E-02  0.1055E-03  0.1442E+03
   -1.462478   30.15116  0.3647E-13  0.2523E-04  0.4235E-07  0.4597E-02  0.1002E-03  0.1426E+03
   -1.574980   30.15161  0.3647E-13  0.2553E-04  0.4162E-07  0.4789E-02  0.9540E-04  0.1420E+03
   -1.687483   30.15204  0.3647E-13  0.2580E-04  0.4099E-07  0.4960E-02  0.9088E-04  0.1433E+03
   -1.799987   30.15245  0.3647E-13  0.2602E-04  0.4047E-07  0.5111E-02  0.8667E-04  0.1452E+03
   -1.912490   30.15284  0.3647E-13  0.2621E-04  0.4002E-07  0.5243E-02  0.8270E-04  0.1491E+03
   -2.024994   30.15322  0.3647E-13  0.2637E-04  0.3966E-07  0.5353E-02  0.7896E-04  0.1535E+03
   -2.137497   30.15359  0.3647E-13  0.2649E-04  0.3937E-07  0.5443E-02  0.7540E-04  0.1599E+03
   -2.250001   30.15394  0.3647E-13  0.2659E-04  0.3916E-07  0.5511E-02  0.7203E-04  0.1672E+03
   -2.362505   30.15430  0.3647E-13  0.2665E-04  0.3901E-07  0.5556E-02  0.6881E-04  0.1768E+03
   -2.475009   30.15464  0.3647E-13  0.2668E-04  0.3895E-07  0.5579E-02  0.6574E-04  0.1875E+03
   -2.587512   30.15498  0.3647E-13  0.2668E-04  0.3896E-07  0.5578E-02  0.6277E-04  0.2014E+03
   -2.700016   30.15532  0.3647E-13  0.2664E-04  0.3906E-07  0.5552E-02  0.5993E-04  0.2173E+03
   -2.812519   30.15566  0.3647E-13  0.2658E-04  0.3925E-07  0.5500E-02  0.5717E-04  0.2378E+03
   -2.925022   30.15599  0.3647E-13  0.2648E-04  0.3956E-07  0.5419E-02  0.5451E-04  0.2621E+03
   -3.037525   30.15633  0.3647E-13  0.2634E-04  0.4000E-07  0.5308E-02  0.5192E-04  0.2940E+03
   -3.150027   30.15668  0.3647E-13  0.2616E-04  0.4060E-07  0.5165E-02  0.4939E-04  0.3336E+03
   -3.262529   30.15703  0.3647E-13  0.2594E-04  0.4140E-07  0.4986E-02  0.4692E-04  0.3874E+03
   -3.375030   30.15739  0.3647E-13  0.2567E-04  0.4246E-07  0.4769E-02  0.4449E-04  0.4587E+03
   -3.487531   30.15776  0.3647E-13  0.2533E-04  0.4386E-07  0.4509E-02  0.4209E-04  0.5612E+03
   -3.600031   30.15816  0.3647E-13  0.2493E-04  0.4574E-07  0.4202E-02  0.3972E-04  0.7117E+03
   -3.712530   30.15858  0.3647E-13  0.2444E-04  0.4830E-07  0.3843E-02  0.3735E-04  0.9543E+03
   -3.825029   30.15903  0.3647E-13  0.2383E-04  0.5193E-07  0.3422E-02  0.3497E-04  0.1371E+04
   -3.937527   30.15954  0.3647E-13  0.2307E-04  0.5732E-07  0.2967E-02  0.3255E-04  0.2209E+04
   -4.050024   30.16012  0.3647E-13  0.2205E-04  0.6602E-07  0.2315E-02  0.3008E-04  0.4339E+04
   -4.162520   30.16086  0.3647E-13  0.2063E-04  0.8187E-07  0.2060E-02  0.2740E-04  0.9382E+04
   -4.275015   30.16167  0.3647E-13  0.1775E-04  0.1329E-06  0.8063E-03  0.2502E-04 -0.1872E+05
   -4.387509   30.16548  0.3647E-13  0.7832E-05  0.4624E-06  0.1051E-03  0.2024E-04 -0.9862E+06
   -4.500003   30.18090  0.3647E-13  0.0000E+00  0.0000E+00  0.0000E+00  0.2170E-04  0.0000E+00
