 1 - depth, m
 2 - temperature, C
 3 - salinity, kg/kg
 4 - turbulent kinetic energy, m**2/s**2
 5 - dissipation rate, m**2/s**3
 6 - kinematic heat conductance, m**2/s
 7 - modulus of horizontal velocity, m/s
 8 - Richardson number, n/d
   -0.000000   30.28893  0.7360E-13  0.5634E-05  0.2576E-06  0.6736E-04  0.1421E-02 -0.2001E+02
   -0.112493   30.33237  0.7360E-13  0.1284E-04  0.1016E-06  0.5328E-03  0.5204E-03  0.1533E+04
   -0.224987   30.33906  0.7360E-13  0.1551E-04  0.7345E-07  0.1164E-02  0.3858E-03  0.4849E+03
   -0.337482   30.34124  0.7360E-13  0.1715E-04  0.6304E-07  0.1491E-02  0.3395E-03  0.1697E+03
   -0.449979   30.34284  0.7360E-13  0.1842E-04  0.5670E-07  0.1896E-02  0.3052E-03  0.1115E+03
   -0.562476   30.34405  0.7360E-13  0.1946E-04  0.5236E-07  0.2264E-02  0.2792E-03  0.8378E+02
   -0.674974   30.34503  0.7360E-13  0.2033E-04  0.4919E-07  0.2614E-02  0.2581E-03  0.6881E+02
   -0.787472   30.34584  0.7360E-13  0.2108E-04  0.4676E-07  0.2944E-02  0.2404E-03  0.5942E+02
   -0.899972   30.34655  0.7360E-13  0.2174E-04  0.4485E-07  0.3253E-02  0.2252E-03  0.5344E+02
   -1.012472   30.34717  0.7360E-13  0.2231E-04  0.4330E-07  0.3541E-02  0.2119E-03  0.4925E+02
   -1.124973   30.34773  0.7360E-13  0.2282E-04  0.4202E-07  0.3810E-02  0.1999E-03  0.4657E+02
   -1.237474   30.34825  0.7360E-13  0.2328E-04  0.4097E-07  0.4058E-02  0.1892E-03  0.4465E+02
   -1.349976   30.34872  0.7360E-13  0.2368E-04  0.4009E-07  0.4288E-02  0.1794E-03  0.4364E+02
   -1.462478   30.34917  0.7360E-13  0.2404E-04  0.3935E-07  0.4497E-02  0.1705E-03  0.4299E+02
   -1.574980   30.34959  0.7360E-13  0.2435E-04  0.3873E-07  0.4687E-02  0.1622E-03  0.4302E+02
   -1.687483   30.34999  0.7360E-13  0.2463E-04  0.3821E-07  0.4857E-02  0.1544E-03  0.4326E+02
   -1.799987   30.35037  0.7360E-13  0.2488E-04  0.3779E-07  0.5008E-02  0.1472E-03  0.4412E+02
   -1.912490   30.35074  0.7360E-13  0.2509E-04  0.3744E-07  0.5139E-02  0.1404E-03  0.4513E+02
   -2.024994   30.35110  0.7360E-13  0.2528E-04  0.3718E-07  0.5249E-02  0.1340E-03  0.4678E+02
   -2.137497   30.35145  0.7360E-13  0.2543E-04  0.3698E-07  0.5339E-02  0.1280E-03  0.4860E+02
   -2.250001   30.35179  0.7360E-13  0.2555E-04  0.3686E-07  0.5407E-02  0.1222E-03  0.5117E+02
   -2.362505   30.35213  0.7360E-13  0.2564E-04  0.3681E-07  0.5454E-02  0.1167E-03  0.5396E+02
   -2.475009   30.35246  0.7360E-13  0.2570E-04  0.3683E-07  0.5478E-02  0.1114E-03  0.5769E+02
   -2.587512   30.35279  0.7360E-13  0.2574E-04  0.3693E-07  0.5478E-02  0.1064E-03  0.6180E+02
   -2.700016   30.35312  0.7360E-13  0.2574E-04  0.3711E-07  0.5454E-02  0.1015E-03  0.6720E+02
   -2.812519   30.35345  0.7360E-13  0.2571E-04  0.3738E-07  0.5403E-02  0.9683E-04  0.7338E+02
   -2.925022   30.35378  0.7360E-13  0.2565E-04  0.3777E-07  0.5325E-02  0.9228E-04  0.8153E+02
   -3.037525   30.35412  0.7360E-13  0.2555E-04  0.3828E-07  0.5217E-02  0.8785E-04  0.9128E+02
   -3.150027   30.35446  0.7360E-13  0.2541E-04  0.3895E-07  0.5077E-02  0.8354E-04  0.1044E+03
   -3.262529   30.35481  0.7360E-13  0.2523E-04  0.3981E-07  0.4902E-02  0.7932E-04  0.1210E+03
   -3.375030   30.35517  0.7360E-13  0.2500E-04  0.4092E-07  0.4690E-02  0.7517E-04  0.1444E+03
   -3.487531   30.35555  0.7360E-13  0.2471E-04  0.4237E-07  0.4435E-02  0.7108E-04  0.1765E+03
   -3.600031   30.35595  0.7360E-13  0.2435E-04  0.4428E-07  0.4135E-02  0.6703E-04  0.2254E+03
   -3.712530   30.35637  0.7360E-13  0.2390E-04  0.4686E-07  0.3783E-02  0.6299E-04  0.3021E+03
   -3.825029   30.35684  0.7360E-13  0.2334E-04  0.5046E-07  0.3371E-02  0.5892E-04  0.4367E+03
   -3.937527   30.35736  0.7360E-13  0.2262E-04  0.5578E-07  0.2923E-02  0.5479E-04  0.7039E+03
   -4.050024   30.35796  0.7360E-13  0.2166E-04  0.6428E-07  0.2290E-02  0.5058E-04  0.1388E+04
   -4.162520   30.35873  0.7360E-13  0.2031E-04  0.7965E-07  0.2032E-02  0.4605E-04  0.3029E+04
   -4.275015   30.35959  0.7360E-13  0.1755E-04  0.1286E-06  0.8078E-03  0.4198E-04 -0.6050E+04
   -4.387509   30.36353  0.7360E-13  0.7764E-05  0.4491E-06  0.1023E-03  0.3403E-04 -0.3385E+06
   -4.500003   30.38035  0.7360E-13  0.0000E+00  0.0000E+00  0.0000E+00  0.3640E-04  0.0000E+00
