 1 - depth, m
 2 - temperature, C
 3 - salinity, kg/kg
 4 - turbulent kinetic energy, m**2/s**2
 5 - dissipation rate, m**2/s**3
 6 - kinematic heat conductance, m**2/s
 7 - modulus of horizontal velocity, m/s
 8 - Richardson number, n/d
   -0.000000   30.53396  0.1770E-13  0.5612E-05  0.2562E-06  0.6749E-04  0.9935E-03 -0.3915E+02
   -0.112493   30.57735  0.1770E-13  0.1287E-04  0.1012E-06  0.5245E-03  0.3639E-03  0.1873E+04
   -0.224987   30.58419  0.1770E-13  0.1556E-04  0.7317E-07  0.1178E-02  0.2682E-03  0.9323E+03
   -0.337482   30.58632  0.1770E-13  0.1719E-04  0.6287E-07  0.1501E-02  0.2361E-03  0.3252E+03
   -0.449979   30.58790  0.1770E-13  0.1847E-04  0.5657E-07  0.1910E-02  0.2123E-03  0.2139E+03
   -0.562476   30.58908  0.1770E-13  0.1951E-04  0.5228E-07  0.2281E-02  0.1942E-03  0.1609E+03
   -0.674974   30.59003  0.1770E-13  0.2040E-04  0.4915E-07  0.2634E-02  0.1795E-03  0.1321E+03
   -0.787472   30.59083  0.1770E-13  0.2116E-04  0.4676E-07  0.2966E-02  0.1672E-03  0.1143E+03
   -0.899972   30.59152  0.1770E-13  0.2183E-04  0.4488E-07  0.3278E-02  0.1567E-03  0.1028E+03
   -1.012472   30.59212  0.1770E-13  0.2242E-04  0.4337E-07  0.3569E-02  0.1474E-03  0.9503E+02
   -1.124972   30.59267  0.1770E-13  0.2295E-04  0.4214E-07  0.3841E-02  0.1391E-03  0.8982E+02
   -1.237474   30.59318  0.1770E-13  0.2342E-04  0.4114E-07  0.4092E-02  0.1317E-03  0.8649E+02
   -1.349975   30.59364  0.1770E-13  0.2384E-04  0.4030E-07  0.4324E-02  0.1249E-03  0.8450E+02
   -1.462478   30.59408  0.1770E-13  0.2422E-04  0.3962E-07  0.4536E-02  0.1186E-03  0.8365E+02
   -1.574980   30.59450  0.1770E-13  0.2456E-04  0.3905E-07  0.4728E-02  0.1129E-03  0.8371E+02
   -1.687483   30.59489  0.1770E-13  0.2487E-04  0.3859E-07  0.4901E-02  0.1075E-03  0.8464E+02
   -1.799987   30.59527  0.1770E-13  0.2514E-04  0.3822E-07  0.5053E-02  0.1025E-03  0.8630E+02
   -1.912490   30.59564  0.1770E-13  0.2538E-04  0.3794E-07  0.5186E-02  0.9780E-04  0.8880E+02
   -2.024994   30.59600  0.1770E-13  0.2559E-04  0.3774E-07  0.5297E-02  0.9335E-04  0.9204E+02
   -2.137497   30.59634  0.1770E-13  0.2576E-04  0.3761E-07  0.5388E-02  0.8914E-04  0.9621E+02
   -2.250001   30.59669  0.1770E-13  0.2591E-04  0.3755E-07  0.5458E-02  0.8514E-04  0.1013E+03
   -2.362505   30.59703  0.1770E-13  0.2603E-04  0.3757E-07  0.5505E-02  0.8133E-04  0.1075E+03
   -2.475009   30.59736  0.1770E-13  0.2612E-04  0.3766E-07  0.5529E-02  0.7768E-04  0.1149E+03
   -2.587512   30.59770  0.1770E-13  0.2618E-04  0.3783E-07  0.5529E-02  0.7417E-04  0.1239E+03
   -2.700016   30.59803  0.1770E-13  0.2620E-04  0.3809E-07  0.5504E-02  0.7079E-04  0.1347E+03
   -2.812519   30.59837  0.1770E-13  0.2620E-04  0.3844E-07  0.5453E-02  0.6753E-04  0.1481E+03
   -2.925022   30.59871  0.1770E-13  0.2616E-04  0.3891E-07  0.5373E-02  0.6437E-04  0.1645E+03
   -3.037525   30.59906  0.1770E-13  0.2608E-04  0.3951E-07  0.5263E-02  0.6129E-04  0.1853E+03
   -3.150027   30.59941  0.1770E-13  0.2597E-04  0.4028E-07  0.5121E-02  0.5830E-04  0.2120E+03
   -3.262529   30.59977  0.1770E-13  0.2580E-04  0.4125E-07  0.4944E-02  0.5536E-04  0.2473E+03
   -3.375030   30.60015  0.1770E-13  0.2559E-04  0.4248E-07  0.4728E-02  0.5248E-04  0.2951E+03
   -3.487531   30.60055  0.1770E-13  0.2532E-04  0.4407E-07  0.4470E-02  0.4964E-04  0.3627E+03
   -3.600031   30.60097  0.1770E-13  0.2497E-04  0.4614E-07  0.4166E-02  0.4682E-04  0.4634E+03
   -3.712530   30.60142  0.1770E-13  0.2453E-04  0.4892E-07  0.3810E-02  0.4401E-04  0.6243E+03
   -3.825029   30.60191  0.1770E-13  0.2398E-04  0.5278E-07  0.3393E-02  0.4118E-04  0.9033E+03
   -3.937527   30.60247  0.1770E-13  0.2326E-04  0.5844E-07  0.2940E-02  0.3830E-04  0.1463E+04
   -4.050024   30.60311  0.1770E-13  0.2228E-04  0.6747E-07  0.2301E-02  0.3537E-04  0.2894E+04
   -4.162520   30.60394  0.1770E-13  0.2090E-04  0.8374E-07  0.2045E-02  0.3220E-04  0.6348E+04
   -4.275015   30.60487  0.1770E-13  0.1807E-04  0.1354E-06  0.8143E-03  0.2937E-04 -0.1318E+05
   -4.387509   30.60913  0.1770E-13  0.8037E-05  0.4725E-06  0.1040E-03  0.2384E-04 -0.7084E+06
   -4.500002   30.62722  0.1770E-13  0.0000E+00  0.0000E+00  0.0000E+00  0.2547E-04  0.0000E+00
