 1 - depth, m
 2 - temperature, C
 3 - salinity, kg/kg
 4 - turbulent kinetic energy, m**2/s**2
 5 - dissipation rate, m**2/s**3
 6 - kinematic heat conductance, m**2/s
 7 - modulus of horizontal velocity, m/s
 8 - Richardson number, n/d
   -0.000000   29.40122  0.9404E-13  0.5742E-05  0.1919E-06  0.5272E-04  0.2240E-02 -0.6690E+01
   -0.112493   29.45035  0.9404E-13  0.1300E-04  0.7674E-07  0.7963E-03  0.5995E-03  0.4462E+05
   -0.224987   29.45341  0.9404E-13  0.1481E-04  0.6148E-07  0.1192E-02  0.5004E-03  0.1631E+03
   -0.337483   29.45528  0.9404E-13  0.1610E-04  0.5354E-07  0.1557E-02  0.4419E-03  0.8246E+02
   -0.449979   29.45663  0.9404E-13  0.1713E-04  0.4848E-07  0.1919E-02  0.3993E-03  0.5714E+02
   -0.562476   29.45767  0.9404E-13  0.1800E-04  0.4493E-07  0.2261E-02  0.3660E-03  0.4438E+02
   -0.674974   29.45852  0.9404E-13  0.1873E-04  0.4229E-07  0.2586E-02  0.3387E-03  0.3707E+02
   -0.787472   29.45925  0.9404E-13  0.1937E-04  0.4024E-07  0.2892E-02  0.3156E-03  0.3239E+02
   -0.899972   29.45987  0.9404E-13  0.1992E-04  0.3862E-07  0.3180E-02  0.2956E-03  0.2938E+02
   -1.012472   29.46043  0.9404E-13  0.2042E-04  0.3730E-07  0.3449E-02  0.2779E-03  0.2727E+02
   -1.124973   29.46094  0.9404E-13  0.2086E-04  0.3621E-07  0.3700E-02  0.2622E-03  0.2593E+02
   -1.237474   29.46140  0.9404E-13  0.2125E-04  0.3531E-07  0.3933E-02  0.2479E-03  0.2499E+02
   -1.349976   29.46183  0.9404E-13  0.2160E-04  0.3456E-07  0.4147E-02  0.2349E-03  0.2453E+02
   -1.462478   29.46223  0.9404E-13  0.2191E-04  0.3393E-07  0.4344E-02  0.2230E-03  0.2427E+02
   -1.574981   29.46261  0.9404E-13  0.2219E-04  0.3340E-07  0.4522E-02  0.2119E-03  0.2439E+02
   -1.687484   29.46298  0.9404E-13  0.2244E-04  0.3296E-07  0.4681E-02  0.2016E-03  0.2462E+02
   -1.799987   29.46333  0.9404E-13  0.2266E-04  0.3260E-07  0.4823E-02  0.1920E-03  0.2520E+02
   -1.912490   29.46367  0.9404E-13  0.2285E-04  0.3231E-07  0.4945E-02  0.1830E-03  0.2588E+02
   -2.024994   29.46399  0.9404E-13  0.2301E-04  0.3209E-07  0.5049E-02  0.1745E-03  0.2692E+02
   -2.137498   29.46431  0.9404E-13  0.2315E-04  0.3193E-07  0.5133E-02  0.1664E-03  0.2808E+02
   -2.250002   29.46462  0.9404E-13  0.2326E-04  0.3184E-07  0.5197E-02  0.1587E-03  0.2966E+02
   -2.362506   29.46493  0.9404E-13  0.2334E-04  0.3180E-07  0.5240E-02  0.1514E-03  0.3140E+02
   -2.475009   29.46524  0.9404E-13  0.2340E-04  0.3183E-07  0.5262E-02  0.1444E-03  0.3369E+02
   -2.587513   29.46554  0.9404E-13  0.2343E-04  0.3192E-07  0.5261E-02  0.1377E-03  0.3623E+02
   -2.700016   29.46584  0.9404E-13  0.2344E-04  0.3209E-07  0.5237E-02  0.1312E-03  0.3953E+02
   -2.812520   29.46615  0.9404E-13  0.2341E-04  0.3234E-07  0.5189E-02  0.1250E-03  0.4334E+02
   -2.925023   29.46645  0.9404E-13  0.2336E-04  0.3268E-07  0.5113E-02  0.1189E-03  0.4832E+02
   -3.037525   29.46676  0.9404E-13  0.2328E-04  0.3313E-07  0.5010E-02  0.1131E-03  0.5432E+02
   -3.150028   29.46708  0.9404E-13  0.2316E-04  0.3372E-07  0.4877E-02  0.1074E-03  0.6234E+02
   -3.262529   29.46740  0.9404E-13  0.2300E-04  0.3448E-07  0.4711E-02  0.1018E-03  0.7257E+02
   -3.375031   29.46774  0.9404E-13  0.2279E-04  0.3545E-07  0.4508E-02  0.9632E-04  0.8689E+02
   -3.487531   29.46809  0.9404E-13  0.2254E-04  0.3671E-07  0.4266E-02  0.9093E-04  0.1066E+03
   -3.600032   29.46846  0.9404E-13  0.2222E-04  0.3837E-07  0.3981E-02  0.8560E-04  0.1365E+03
   -3.712531   29.46886  0.9404E-13  0.2183E-04  0.4060E-07  0.3647E-02  0.8029E-04  0.1836E+03
   -3.825030   29.46929  0.9404E-13  0.2133E-04  0.4370E-07  0.3256E-02  0.7496E-04  0.2658E+03
   -3.937528   29.46978  0.9404E-13  0.2069E-04  0.4826E-07  0.2826E-02  0.6957E-04  0.4292E+03
   -4.050025   29.47033  0.9404E-13  0.1984E-04  0.5550E-07  0.2234E-02  0.6408E-04  0.8422E+03
   -4.162521   29.47104  0.9404E-13  0.1864E-04  0.6850E-07  0.1967E-02  0.5822E-04  0.1870E+04
   -4.275016   29.47184  0.9404E-13  0.1620E-04  0.1094E-06  0.7987E-03  0.5293E-04 -0.3401E+04
   -4.387510   29.47537  0.9404E-13  0.7116E-05  0.3847E-06  0.9460E-04  0.4290E-04 -0.2314E+06
   -4.500003   29.49192  0.9404E-13  0.0000E+00  0.0000E+00  0.0000E+00  0.4577E-04  0.0000E+00
