 1 - depth, m
 2 - temperature, C
 3 - salinity, kg/kg
 4 - turbulent kinetic energy, m**2/s**2
 5 - dissipation rate, m**2/s**3
 6 - kinematic heat conductance, m**2/s
 7 - modulus of horizontal velocity, m/s
 8 - Richardson number, n/d
   -0.000000   30.23263  0.3887E-13  0.5724E-05  0.2538E-06  0.6643E-04  0.1635E-02 -0.1428E+02
   -0.112493   30.27651  0.3887E-13  0.1305E-04  0.1004E-06  0.5788E-03  0.5703E-03  0.2731E+05
   -0.224987   30.28265  0.3887E-13  0.1564E-04  0.7351E-07  0.1172E-02  0.4306E-03  0.3474E+03
   -0.337483   30.28481  0.3887E-13  0.1725E-04  0.6319E-07  0.1508E-02  0.3788E-03  0.1272E+03
   -0.449979   30.28641  0.3887E-13  0.1851E-04  0.5687E-07  0.1910E-02  0.3407E-03  0.8421E+02
   -0.562476   30.28762  0.3887E-13  0.1955E-04  0.5255E-07  0.2277E-02  0.3117E-03  0.6374E+02
   -0.674974   30.28860  0.3887E-13  0.2041E-04  0.4938E-07  0.2625E-02  0.2881E-03  0.5246E+02
   -0.787472   30.28942  0.3887E-13  0.2116E-04  0.4694E-07  0.2953E-02  0.2684E-03  0.4555E+02
   -0.899972   30.29013  0.3887E-13  0.2181E-04  0.4501E-07  0.3260E-02  0.2513E-03  0.4096E+02
   -1.012472   30.29076  0.3887E-13  0.2237E-04  0.4344E-07  0.3548E-02  0.2364E-03  0.3793E+02
   -1.124973   30.29133  0.3887E-13  0.2288E-04  0.4215E-07  0.3815E-02  0.2231E-03  0.3581E+02
   -1.237474   30.29184  0.3887E-13  0.2332E-04  0.4107E-07  0.4062E-02  0.2110E-03  0.3450E+02
   -1.349976   30.29232  0.3887E-13  0.2371E-04  0.4017E-07  0.4290E-02  0.2001E-03  0.3361E+02
   -1.462478   30.29277  0.3887E-13  0.2406E-04  0.3940E-07  0.4498E-02  0.1900E-03  0.3327E+02
   -1.574980   30.29320  0.3887E-13  0.2437E-04  0.3876E-07  0.4687E-02  0.1807E-03  0.3317E+02
   -1.687483   30.29360  0.3887E-13  0.2463E-04  0.3822E-07  0.4856E-02  0.1721E-03  0.3350E+02
   -1.799987   30.29398  0.3887E-13  0.2487E-04  0.3776E-07  0.5006E-02  0.1640E-03  0.3401E+02
   -1.912490   30.29436  0.3887E-13  0.2507E-04  0.3739E-07  0.5135E-02  0.1564E-03  0.3495E+02
   -2.024994   30.29471  0.3887E-13  0.2524E-04  0.3710E-07  0.5245E-02  0.1493E-03  0.3605E+02
   -2.137498   30.29506  0.3887E-13  0.2538E-04  0.3687E-07  0.5334E-02  0.1425E-03  0.3761E+02
   -2.250001   30.29540  0.3887E-13  0.2548E-04  0.3672E-07  0.5401E-02  0.1360E-03  0.3939E+02
   -2.362505   30.29574  0.3887E-13  0.2556E-04  0.3663E-07  0.5447E-02  0.1299E-03  0.4172E+02
   -2.475009   30.29607  0.3887E-13  0.2561E-04  0.3662E-07  0.5471E-02  0.1240E-03  0.4435E+02
   -2.587513   30.29640  0.3887E-13  0.2563E-04  0.3668E-07  0.5471E-02  0.1183E-03  0.4771E+02
   -2.700016   30.29672  0.3887E-13  0.2562E-04  0.3683E-07  0.5446E-02  0.1129E-03  0.5157E+02
   -2.812519   30.29705  0.3887E-13  0.2558E-04  0.3707E-07  0.5395E-02  0.1077E-03  0.5654E+02
   -2.925022   30.29737  0.3887E-13  0.2550E-04  0.3741E-07  0.5317E-02  0.1026E-03  0.6245E+02
   -3.037525   30.29771  0.3887E-13  0.2539E-04  0.3788E-07  0.5209E-02  0.9763E-04  0.7018E+02
   -3.150027   30.29804  0.3887E-13  0.2524E-04  0.3850E-07  0.5069E-02  0.9282E-04  0.7981E+02
   -3.262529   30.29839  0.3887E-13  0.2505E-04  0.3931E-07  0.4895E-02  0.8811E-04  0.9284E+02
   -3.375030   30.29874  0.3887E-13  0.2480E-04  0.4037E-07  0.4683E-02  0.8349E-04  0.1102E+03
   -3.487531   30.29911  0.3887E-13  0.2450E-04  0.4176E-07  0.4429E-02  0.7893E-04  0.1350E+03
   -3.600031   30.29950  0.3887E-13  0.2413E-04  0.4360E-07  0.4129E-02  0.7442E-04  0.1716E+03
   -3.712530   30.29991  0.3887E-13  0.2368E-04  0.4610E-07  0.3779E-02  0.6992E-04  0.2304E+03
   -3.825029   30.30036  0.3887E-13  0.2311E-04  0.4960E-07  0.3367E-02  0.6540E-04  0.3315E+03
   -3.937527   30.30087  0.3887E-13  0.2239E-04  0.5477E-07  0.2920E-02  0.6081E-04  0.5348E+03
   -4.050024   30.30145  0.3887E-13  0.2143E-04  0.6308E-07  0.2288E-02  0.5612E-04  0.1050E+04
   -4.162520   30.30219  0.3887E-13  0.2008E-04  0.7812E-07  0.2030E-02  0.5108E-04  0.2286E+04
   -4.275015   30.30301  0.3887E-13  0.1734E-04  0.1262E-06  0.8044E-03  0.4657E-04 -0.4433E+04
   -4.387510   30.30679  0.3887E-13  0.7650E-05  0.4404E-06  0.1019E-03  0.3771E-04 -0.2499E+06
   -4.500003   30.32278  0.3887E-13  0.0000E+00  0.0000E+00  0.0000E+00  0.4034E-04  0.0000E+00
