 1 - depth, m
 2 - temperature, C
 3 - salinity, kg/kg
 4 - turbulent kinetic energy, m**2/s**2
 5 - dissipation rate, m**2/s**3
 6 - kinematic heat conductance, m**2/s
 7 - modulus of horizontal velocity, m/s
 8 - Richardson number, n/d
   -0.000000   31.37292  0.8526E-13  0.6758E-05  0.3479E-06  0.7470E-04  0.1241E-02 -0.3105E+02
   -0.112493   31.42346  0.8526E-13  0.1532E-04  0.1368E-06  0.5645E-03  0.4717E-03  0.7771E+03
   -0.224987   31.43186  0.8526E-13  0.1861E-04  0.9797E-07  0.1258E-02  0.3494E-03  0.5511E+03
   -0.337482   31.43448  0.8526E-13  0.2059E-04  0.8390E-07  0.1600E-02  0.3088E-03  0.2082E+03
   -0.449978   31.43642  0.8526E-13  0.2214E-04  0.7535E-07  0.2047E-02  0.2785E-03  0.1377E+03
   -0.562475   31.43788  0.8526E-13  0.2339E-04  0.6952E-07  0.2448E-02  0.2556E-03  0.1037E+03
   -0.674973   31.43905  0.8526E-13  0.2443E-04  0.6525E-07  0.2830E-02  0.2370E-03  0.8502E+02
   -0.787472   31.44004  0.8526E-13  0.2533E-04  0.6196E-07  0.3189E-02  0.2214E-03  0.7349E+02
   -0.899971   31.44088  0.8526E-13  0.2610E-04  0.5935E-07  0.3525E-02  0.2079E-03  0.6581E+02
   -1.012471   31.44163  0.8526E-13  0.2677E-04  0.5723E-07  0.3839E-02  0.1961E-03  0.6067E+02
   -1.124972   31.44231  0.8526E-13  0.2736E-04  0.5547E-07  0.4130E-02  0.1855E-03  0.5704E+02
   -1.237473   31.44292  0.8526E-13  0.2788E-04  0.5400E-07  0.4400E-02  0.1760E-03  0.5469E+02
   -1.349975   31.44349  0.8526E-13  0.2833E-04  0.5275E-07  0.4648E-02  0.1673E-03  0.5308E+02
   -1.462477   31.44402  0.8526E-13  0.2873E-04  0.5170E-07  0.4874E-02  0.1593E-03  0.5228E+02
   -1.574980   31.44452  0.8526E-13  0.2908E-04  0.5080E-07  0.5079E-02  0.1519E-03  0.5191E+02
   -1.687482   31.44499  0.8526E-13  0.2939E-04  0.5003E-07  0.5263E-02  0.1450E-03  0.5218E+02
   -1.799986   31.44544  0.8526E-13  0.2965E-04  0.4939E-07  0.5425E-02  0.1385E-03  0.5275E+02
   -1.912489   31.44587  0.8526E-13  0.2987E-04  0.4885E-07  0.5565E-02  0.1324E-03  0.5392E+02
   -2.024993   31.44629  0.8526E-13  0.3005E-04  0.4841E-07  0.5683E-02  0.1267E-03  0.5537E+02
   -2.137496   31.44670  0.8526E-13  0.3019E-04  0.4806E-07  0.5779E-02  0.1212E-03  0.5748E+02
   -2.250000   31.44709  0.8526E-13  0.3030E-04  0.4781E-07  0.5851E-02  0.1160E-03  0.5992E+02
   -2.362504   31.44748  0.8526E-13  0.3038E-04  0.4764E-07  0.5900E-02  0.1110E-03  0.6312E+02
   -2.475007   31.44786  0.8526E-13  0.3041E-04  0.4757E-07  0.5924E-02  0.1063E-03  0.6679E+02
   -2.587511   31.44824  0.8526E-13  0.3042E-04  0.4760E-07  0.5923E-02  0.1017E-03  0.7146E+02
   -2.700014   31.44862  0.8526E-13  0.3038E-04  0.4774E-07  0.5894E-02  0.9730E-04  0.7688E+02
   -2.812518   31.44899  0.8526E-13  0.3031E-04  0.4800E-07  0.5837E-02  0.9302E-04  0.8382E+02
   -2.925021   31.44937  0.8526E-13  0.3020E-04  0.4839E-07  0.5749E-02  0.8887E-04  0.9213E+02
   -3.037523   31.44974  0.8526E-13  0.3004E-04  0.4895E-07  0.5630E-02  0.8483E-04  0.1029E+03
   -3.150025   31.45013  0.8526E-13  0.2984E-04  0.4971E-07  0.5475E-02  0.8088E-04  0.1165E+03
   -3.262527   31.45052  0.8526E-13  0.2959E-04  0.5072E-07  0.5282E-02  0.7700E-04  0.1348E+03
   -3.375028   31.45093  0.8526E-13  0.2927E-04  0.5205E-07  0.5048E-02  0.7319E-04  0.1591E+03
   -3.487529   31.45135  0.8526E-13  0.2889E-04  0.5381E-07  0.4768E-02  0.6942E-04  0.1940E+03
   -3.600029   31.45179  0.8526E-13  0.2843E-04  0.5617E-07  0.4437E-02  0.6567E-04  0.2455E+03
   -3.712528   31.45226  0.8526E-13  0.2786E-04  0.5939E-07  0.4052E-02  0.6192E-04  0.3284E+03
   -3.825027   31.45277  0.8526E-13  0.2716E-04  0.6396E-07  0.3594E-02  0.5813E-04  0.4717E+03
   -3.937525   31.45335  0.8526E-13  0.2626E-04  0.7077E-07  0.3117E-02  0.5426E-04  0.7590E+03
   -4.050022   31.45401  0.8526E-13  0.2508E-04  0.8185E-07  0.2403E-02  0.5030E-04  0.1509E+04
   -4.162518   31.45486  0.8526E-13  0.2341E-04  0.1022E-06  0.2161E-02  0.4596E-04  0.3246E+04
   -4.275013   31.45579  0.8526E-13  0.2002E-04  0.1676E-06  0.8370E-03  0.4211E-04 -0.7113E+04
   -4.387507   31.46035  0.8526E-13  0.8960E-05  0.5805E-06  0.1160E-03  0.3419E-04 -0.3532E+06
   -4.500000   31.47720  0.8526E-13  0.0000E+00  0.0000E+00  0.0000E+00  0.3670E-04  0.0000E+00
