 1 - depth, m
 2 - temperature, C
 3 - salinity, kg/kg
 4 - turbulent kinetic energy, m**2/s**2
 5 - dissipation rate, m**2/s**3
 6 - kinematic heat conductance, m**2/s
 7 - modulus of horizontal velocity, m/s
 8 - Richardson number, n/d
   -0.000000   30.51067  0.4718E-13  0.5759E-05  0.2676E-06  0.6745E-04  0.1037E-02 -0.3991E+02
   -0.112493   30.55563  0.4718E-13  0.1327E-04  0.1057E-06  0.5415E-03  0.3791E-03  0.1712E+04
   -0.224987   30.56249  0.4718E-13  0.1603E-04  0.7664E-07  0.1191E-02  0.2815E-03  0.9119E+03
   -0.337482   30.56470  0.4718E-13  0.1771E-04  0.6589E-07  0.1519E-02  0.2482E-03  0.3279E+03
   -0.449979   30.56635  0.4718E-13  0.1902E-04  0.5931E-07  0.1932E-02  0.2234E-03  0.2173E+03
   -0.562476   30.56759  0.4718E-13  0.2009E-04  0.5481E-07  0.2305E-02  0.2046E-03  0.1639E+03
   -0.674974   30.56859  0.4718E-13  0.2099E-04  0.5151E-07  0.2660E-02  0.1894E-03  0.1349E+03
   -0.787472   30.56943  0.4718E-13  0.2176E-04  0.4898E-07  0.2993E-02  0.1765E-03  0.1167E+03
   -0.899972   30.57016  0.4718E-13  0.2244E-04  0.4697E-07  0.3306E-02  0.1655E-03  0.1050E+03
   -1.012472   30.57080  0.4718E-13  0.2302E-04  0.4534E-07  0.3598E-02  0.1558E-03  0.9688E+02
   -1.124973   30.57138  0.4718E-13  0.2354E-04  0.4400E-07  0.3870E-02  0.1472E-03  0.9160E+02
   -1.237474   30.57191  0.4718E-13  0.2400E-04  0.4289E-07  0.4121E-02  0.1394E-03  0.8789E+02
   -1.349976   30.57240  0.4718E-13  0.2441E-04  0.4195E-07  0.4352E-02  0.1322E-03  0.8585E+02
   -1.462478   30.57286  0.4718E-13  0.2477E-04  0.4116E-07  0.4564E-02  0.1257E-03  0.8462E+02
   -1.574980   30.57329  0.4718E-13  0.2509E-04  0.4049E-07  0.4755E-02  0.1196E-03  0.8461E+02
   -1.687483   30.57370  0.4718E-13  0.2537E-04  0.3993E-07  0.4927E-02  0.1140E-03  0.8511E+02
   -1.799987   30.57409  0.4718E-13  0.2561E-04  0.3947E-07  0.5079E-02  0.1087E-03  0.8670E+02
   -1.912490   30.57447  0.4718E-13  0.2582E-04  0.3909E-07  0.5210E-02  0.1038E-03  0.8870E+02
   -2.024994   30.57484  0.4718E-13  0.2600E-04  0.3879E-07  0.5321E-02  0.9911E-04  0.9182E+02
   -2.137497   30.57520  0.4718E-13  0.2614E-04  0.3856E-07  0.5411E-02  0.9468E-04  0.9540E+02
   -2.250001   30.57555  0.4718E-13  0.2626E-04  0.3841E-07  0.5480E-02  0.9046E-04  0.1003E+03
   -2.362505   30.57589  0.4718E-13  0.2634E-04  0.3832E-07  0.5527E-02  0.8644E-04  0.1058E+03
   -2.475009   30.57623  0.4718E-13  0.2639E-04  0.3832E-07  0.5550E-02  0.8259E-04  0.1129E+03
   -2.587512   30.57656  0.4718E-13  0.2642E-04  0.3839E-07  0.5550E-02  0.7889E-04  0.1209E+03
   -2.700016   30.57690  0.4718E-13  0.2641E-04  0.3855E-07  0.5524E-02  0.7532E-04  0.1313E+03
   -2.812519   30.57723  0.4718E-13  0.2636E-04  0.3881E-07  0.5472E-02  0.7188E-04  0.1433E+03
   -2.925022   30.57757  0.4718E-13  0.2629E-04  0.3918E-07  0.5392E-02  0.6853E-04  0.1589E+03
   -3.037525   30.57790  0.4718E-13  0.2618E-04  0.3968E-07  0.5282E-02  0.6528E-04  0.1779E+03
   -3.150027   30.57825  0.4718E-13  0.2602E-04  0.4035E-07  0.5140E-02  0.6211E-04  0.2031E+03
   -3.262529   30.57860  0.4718E-13  0.2582E-04  0.4121E-07  0.4962E-02  0.5901E-04  0.2354E+03
   -3.375030   30.57897  0.4718E-13  0.2558E-04  0.4233E-07  0.4746E-02  0.5595E-04  0.2804E+03
   -3.487531   30.57935  0.4718E-13  0.2527E-04  0.4380E-07  0.4488E-02  0.5295E-04  0.3426E+03
   -3.600031   30.57975  0.4718E-13  0.2489E-04  0.4575E-07  0.4182E-02  0.4996E-04  0.4367E+03
   -3.712530   30.58018  0.4718E-13  0.2442E-04  0.4839E-07  0.3825E-02  0.4698E-04  0.5850E+03
   -3.825029   30.58064  0.4718E-13  0.2384E-04  0.5209E-07  0.3406E-02  0.4398E-04  0.8442E+03
   -3.937527   30.58116  0.4718E-13  0.2309E-04  0.5757E-07  0.2953E-02  0.4093E-04  0.1360E+04
   -4.050024   30.58177  0.4718E-13  0.2209E-04  0.6636E-07  0.2308E-02  0.3782E-04  0.2682E+04
   -4.162520   30.58253  0.4718E-13  0.2069E-04  0.8231E-07  0.2052E-02  0.3445E-04  0.5834E+04
   -4.275015   30.58338  0.4718E-13  0.1784E-04  0.1333E-06  0.8092E-03  0.3144E-04 -0.1181E+05
   -4.387509   30.58733  0.4718E-13  0.7897E-05  0.4645E-06  0.1044E-03  0.2548E-04 -0.6353E+06
   -4.500003   30.60372  0.4718E-13  0.0000E+00  0.0000E+00  0.0000E+00  0.2730E-04  0.0000E+00
