 1 - depth, m
 2 - temperature, C
 3 - salinity, kg/kg
 4 - turbulent kinetic energy, m**2/s**2
 5 - dissipation rate, m**2/s**3
 6 - kinematic heat conductance, m**2/s
 7 - modulus of horizontal velocity, m/s
 8 - Richardson number, n/d
   -0.000000   25.87755  0.5816E-13  0.1449E-04  0.4469E-06  0.6152E-04  0.1392E-01 -0.2210E+00
   -0.112493   25.93436  0.5816E-13  0.1809E-04  0.1439E-06  0.5797E-03  0.5233E-02 -0.6875E+00
   -0.224987   25.94008  0.5816E-13  0.1936E-04  0.1038E-06  0.1269E-02  0.4066E-02  0.4605E+01
   -0.337482   25.94251  0.5816E-13  0.2029E-04  0.8753E-07  0.1521E-02  0.3650E-02  0.1807E+01
   -0.449978   25.94443  0.5816E-13  0.2116E-04  0.7726E-07  0.1836E-02  0.3324E-02  0.1438E+01
   -0.562476   25.94596  0.5816E-13  0.2198E-04  0.6998E-07  0.2148E-02  0.3062E-02  0.1464E+01
   -0.674973   25.94722  0.5816E-13  0.2278E-04  0.6434E-07  0.2494E-02  0.2828E-02  0.1531E+01
   -0.787472   25.94827  0.5816E-13  0.2356E-04  0.5985E-07  0.2854E-02  0.2616E-02  0.1576E+01
   -0.899971   25.94917  0.5816E-13  0.2429E-04  0.5620E-07  0.3222E-02  0.2424E-02  0.1607E+01
   -1.012471   25.94994  0.5816E-13  0.2497E-04  0.5321E-07  0.3590E-02  0.2248E-02  0.1624E+01
   -1.124972   25.95062  0.5816E-13  0.2560E-04  0.5073E-07  0.3953E-02  0.2088E-02  0.1630E+01
   -1.237473   25.95123  0.5816E-13  0.2617E-04  0.4867E-07  0.4304E-02  0.1940E-02  0.1629E+01
   -1.349975   25.95179  0.5816E-13  0.2668E-04  0.4694E-07  0.4637E-02  0.1805E-02  0.1620E+01
   -1.462477   25.95229  0.5816E-13  0.2713E-04  0.4549E-07  0.4946E-02  0.1681E-02  0.1606E+01
   -1.574980   25.95276  0.5816E-13  0.2752E-04  0.4429E-07  0.5227E-02  0.1567E-02  0.1587E+01
   -1.687483   25.95320  0.5816E-13  0.2785E-04  0.4330E-07  0.5475E-02  0.1462E-02  0.1564E+01
   -1.799986   25.95362  0.5816E-13  0.2812E-04  0.4249E-07  0.5687E-02  0.1366E-02  0.1537E+01
   -1.912489   25.95402  0.5816E-13  0.2834E-04  0.4185E-07  0.5862E-02  0.1277E-02  0.1507E+01
   -2.024993   25.95440  0.5816E-13  0.2850E-04  0.4135E-07  0.5999E-02  0.1196E-02  0.1474E+01
   -2.137497   25.95477  0.5816E-13  0.2861E-04  0.4099E-07  0.6096E-02  0.1122E-02  0.1438E+01
   -2.250000   25.95513  0.5816E-13  0.2867E-04  0.4076E-07  0.6155E-02  0.1054E-02  0.1400E+01
   -2.362504   25.95549  0.5816E-13  0.2869E-04  0.4065E-07  0.6177E-02  0.9923E-03  0.1359E+01
   -2.475008   25.95585  0.5816E-13  0.2867E-04  0.4065E-07  0.6164E-02  0.9356E-03  0.1316E+01
   -2.587512   25.95620  0.5816E-13  0.2861E-04  0.4076E-07  0.6118E-02  0.8838E-03  0.1271E+01
   -2.700015   25.95655  0.5816E-13  0.2851E-04  0.4098E-07  0.6041E-02  0.8365E-03  0.1222E+01
   -2.812518   25.95691  0.5816E-13  0.2839E-04  0.4131E-07  0.5936E-02  0.7934E-03  0.1171E+01
   -2.925021   25.95727  0.5816E-13  0.2824E-04  0.4174E-07  0.5812E-02  0.7542E-03  0.1124E+01
   -3.037524   25.95764  0.5816E-13  0.2806E-04  0.4230E-07  0.5680E-02  0.7186E-03  0.1144E+01
   -3.150026   25.95801  0.5816E-13  0.2784E-04  0.4303E-07  0.5517E-02  0.6855E-03  0.1292E+01
   -3.262528   25.95839  0.5816E-13  0.2758E-04  0.4398E-07  0.5306E-02  0.6529E-03  0.1504E+01
   -3.375029   25.95879  0.5816E-13  0.2727E-04  0.4523E-07  0.5053E-02  0.6208E-03  0.1795E+01
   -3.487529   25.95920  0.5816E-13  0.2689E-04  0.4686E-07  0.4757E-02  0.5889E-03  0.2207E+01
   -3.600030   25.95964  0.5816E-13  0.2644E-04  0.4905E-07  0.4411E-02  0.5572E-03  0.2830E+01
   -3.712529   25.96011  0.5816E-13  0.2590E-04  0.5204E-07  0.4016E-02  0.5253E-03  0.3836E+01
   -3.825028   25.96063  0.5816E-13  0.2522E-04  0.5629E-07  0.3549E-02  0.4931E-03  0.5762E+01
   -3.937525   25.96121  0.5816E-13  0.2437E-04  0.6269E-07  0.3068E-02  0.4599E-03  0.9612E+01
   -4.050022   25.96188  0.5816E-13  0.2322E-04  0.7345E-07  0.2358E-02  0.4259E-03  0.2008E+02
   -4.162519   25.96280  0.5816E-13  0.2158E-04  0.9355E-07  0.2087E-02  0.3876E-03  0.3668E+03
   -4.275014   25.96378  0.5816E-13  0.1835E-04  0.1575E-06  0.8208E-03  0.3536E-03 -0.1073E+03
   -4.387508   25.96862  0.5816E-13  0.8200E-05  0.5533E-06  0.1145E-03  0.2850E-03 -0.4201E+04
   -4.500001   25.98603  0.5816E-13  0.0000E+00  0.0000E+00  0.0000E+00  0.3088E-03  0.0000E+00
