 1 - depth, m
 2 - temperature, C
 3 - salinity, kg/kg
 4 - turbulent kinetic energy, m**2/s**2
 5 - dissipation rate, m**2/s**3
 6 - kinematic heat conductance, m**2/s
 7 - modulus of horizontal velocity, m/s
 8 - Richardson number, n/d
   -0.000000   30.64473  0.7134E-13  0.7665E-05  0.2437E-06  0.5281E-04  0.4789E-02 -0.1721E+01
   -0.112493   30.70296  0.7134E-13  0.1535E-04  0.9858E-07  0.8663E-03  0.1349E-02  0.5839E+04
   -0.224987   30.70644  0.7134E-13  0.1730E-04  0.7863E-07  0.1250E-02  0.1140E-02  0.7644E+02
   -0.337482   30.70858  0.7134E-13  0.1876E-04  0.6821E-07  0.1652E-02  0.1009E-02  0.1515E+02
   -0.449979   30.71012  0.7134E-13  0.1992E-04  0.6157E-07  0.2033E-02  0.9144E-03  0.1047E+02
   -0.562476   30.71131  0.7134E-13  0.2089E-04  0.5691E-07  0.2396E-02  0.8399E-03  0.8148E+01
   -0.674974   30.71228  0.7134E-13  0.2172E-04  0.5345E-07  0.2741E-02  0.7788E-03  0.6791E+01
   -0.787472   30.71311  0.7134E-13  0.2243E-04  0.5076E-07  0.3066E-02  0.7270E-03  0.5935E+01
   -0.899972   30.71382  0.7134E-13  0.2306E-04  0.4861E-07  0.3372E-02  0.6821E-03  0.5363E+01
   -1.012472   30.71446  0.7134E-13  0.2361E-04  0.4686E-07  0.3658E-02  0.6424E-03  0.4976E+01
   -1.124972   30.71504  0.7134E-13  0.2409E-04  0.4541E-07  0.3925E-02  0.6070E-03  0.4708E+01
   -1.237474   30.71556  0.7134E-13  0.2452E-04  0.4420E-07  0.4172E-02  0.5749E-03  0.4536E+01
   -1.349975   30.71605  0.7134E-13  0.2490E-04  0.4318E-07  0.4400E-02  0.5457E-03  0.4425E+01
   -1.462478   30.71651  0.7134E-13  0.2524E-04  0.4231E-07  0.4608E-02  0.5187E-03  0.4375E+01
   -1.574980   30.71694  0.7134E-13  0.2554E-04  0.4158E-07  0.4798E-02  0.4938E-03  0.4365E+01
   -1.687483   30.71735  0.7134E-13  0.2580E-04  0.4096E-07  0.4967E-02  0.4706E-03  0.4403E+01
   -1.799986   30.71775  0.7134E-13  0.2602E-04  0.4044E-07  0.5117E-02  0.4488E-03  0.4473E+01
   -1.912490   30.71812  0.7134E-13  0.2622E-04  0.4001E-07  0.5247E-02  0.4284E-03  0.4587E+01
   -2.024994   30.71849  0.7134E-13  0.2638E-04  0.3966E-07  0.5357E-02  0.4090E-03  0.4733E+01
   -2.137497   30.71885  0.7134E-13  0.2651E-04  0.3939E-07  0.5445E-02  0.3907E-03  0.4930E+01
   -2.250001   30.71919  0.7134E-13  0.2661E-04  0.3920E-07  0.5513E-02  0.3733E-03  0.5164E+01
   -2.362505   30.71954  0.7134E-13  0.2668E-04  0.3908E-07  0.5558E-02  0.3567E-03  0.5458E+01
   -2.475009   30.71987  0.7134E-13  0.2672E-04  0.3904E-07  0.5581E-02  0.3408E-03  0.5804E+01
   -2.587512   30.72021  0.7134E-13  0.2673E-04  0.3909E-07  0.5580E-02  0.3255E-03  0.6230E+01
   -2.700016   30.72054  0.7134E-13  0.2670E-04  0.3922E-07  0.5553E-02  0.3108E-03  0.6736E+01
   -2.812519   30.72087  0.7134E-13  0.2665E-04  0.3946E-07  0.5500E-02  0.2965E-03  0.7369E+01
   -2.925022   30.72121  0.7134E-13  0.2656E-04  0.3980E-07  0.5419E-02  0.2827E-03  0.8141E+01
   -3.037525   30.72154  0.7134E-13  0.2644E-04  0.4029E-07  0.5308E-02  0.2693E-03  0.9129E+01
   -3.150027   30.72189  0.7134E-13  0.2627E-04  0.4093E-07  0.5164E-02  0.2562E-03  0.1038E+02
   -3.262529   30.72224  0.7134E-13  0.2606E-04  0.4178E-07  0.4985E-02  0.2434E-03  0.1206E+02
   -3.375030   30.72260  0.7134E-13  0.2580E-04  0.4290E-07  0.4768E-02  0.2308E-03  0.1431E+02
   -3.487530   30.72298  0.7134E-13  0.2548E-04  0.4436E-07  0.4507E-02  0.2184E-03  0.1751E+02
   -3.600031   30.72338  0.7134E-13  0.2509E-04  0.4631E-07  0.4200E-02  0.2061E-03  0.2225E+02
   -3.712530   30.72380  0.7134E-13  0.2461E-04  0.4897E-07  0.3841E-02  0.1938E-03  0.2985E+02
   -3.825029   30.72426  0.7134E-13  0.2401E-04  0.5270E-07  0.3418E-02  0.1815E-03  0.4298E+02
   -3.937527   30.72478  0.7134E-13  0.2325E-04  0.5822E-07  0.2963E-02  0.1689E-03  0.6935E+02
   -4.050024   30.72538  0.7134E-13  0.2224E-04  0.6713E-07  0.2312E-02  0.1560E-03  0.1367E+03
   -4.162520   30.72614  0.7134E-13  0.2082E-04  0.8331E-07  0.2057E-02  0.1421E-03  0.2960E+03
   -4.275015   30.72698  0.7134E-13  0.1793E-04  0.1353E-06  0.8069E-03  0.1297E-03 -0.5950E+03
   -4.387509   30.73093  0.7134E-13  0.7939E-05  0.4705E-06  0.1055E-03  0.1051E-03 -0.3109E+05
   -4.500002   30.74702  0.7134E-13  0.0000E+00  0.0000E+00  0.0000E+00  0.1125E-03  0.0000E+00
