 1 - depth, m
 2 - temperature, C
 3 - salinity, kg/kg
 4 - turbulent kinetic energy, m**2/s**2
 5 - dissipation rate, m**2/s**3
 6 - kinematic heat conductance, m**2/s
 7 - modulus of horizontal velocity, m/s
 8 - Richardson number, n/d
   -0.000000   26.46299  0.5099E-13  0.1299E-04  0.3837E-06  0.6033E-04  0.1217E-01 -0.2730E+00
   -0.112493   26.51878  0.5099E-13  0.1729E-04  0.1292E-06  0.6946E-03  0.4365E-02  0.1541E+00
   -0.224987   26.52332  0.5099E-13  0.1870E-04  0.9532E-07  0.1272E-02  0.3457E-02  0.4901E+01
   -0.337482   26.52563  0.5099E-13  0.1970E-04  0.8084E-07  0.1552E-02  0.3094E-02  0.2117E+01
   -0.449978   26.52743  0.5099E-13  0.2060E-04  0.7165E-07  0.1885E-02  0.2813E-02  0.1550E+01
   -0.562475   26.52884  0.5099E-13  0.2140E-04  0.6529E-07  0.2191E-02  0.2592E-02  0.1341E+01
   -0.674973   26.53001  0.5099E-13  0.2216E-04  0.6047E-07  0.2508E-02  0.2404E-02  0.1384E+01
   -0.787472   26.53100  0.5099E-13  0.2288E-04  0.5659E-07  0.2849E-02  0.2234E-02  0.1429E+01
   -0.899971   26.53185  0.5099E-13  0.2357E-04  0.5343E-07  0.3195E-02  0.2078E-02  0.1459E+01
   -1.012471   26.53259  0.5099E-13  0.2422E-04  0.5083E-07  0.3539E-02  0.1936E-02  0.1480E+01
   -1.124972   26.53325  0.5099E-13  0.2482E-04  0.4868E-07  0.3878E-02  0.1805E-02  0.1492E+01
   -1.237473   26.53384  0.5099E-13  0.2537E-04  0.4688E-07  0.4204E-02  0.1685E-02  0.1497E+01
   -1.349975   26.53437  0.5099E-13  0.2587E-04  0.4538E-07  0.4513E-02  0.1574E-02  0.1496E+01
   -1.462477   26.53487  0.5099E-13  0.2631E-04  0.4414E-07  0.4801E-02  0.1472E-02  0.1490E+01
   -1.574980   26.53533  0.5099E-13  0.2671E-04  0.4311E-07  0.5062E-02  0.1379E-02  0.1479E+01
   -1.687483   26.53577  0.5099E-13  0.2705E-04  0.4227E-07  0.5295E-02  0.1292E-02  0.1464E+01
   -1.799986   26.53618  0.5099E-13  0.2734E-04  0.4160E-07  0.5496E-02  0.1213E-02  0.1446E+01
   -1.912489   26.53658  0.5099E-13  0.2758E-04  0.4107E-07  0.5663E-02  0.1139E-02  0.1424E+01
   -2.024993   26.53696  0.5099E-13  0.2777E-04  0.4067E-07  0.5796E-02  0.1072E-02  0.1399E+01
   -2.137497   26.53733  0.5099E-13  0.2792E-04  0.4040E-07  0.5895E-02  0.1010E-02  0.1372E+01
   -2.250000   26.53770  0.5099E-13  0.2802E-04  0.4024E-07  0.5960E-02  0.9532E-03  0.1341E+01
   -2.362504   26.53806  0.5099E-13  0.2809E-04  0.4019E-07  0.5991E-02  0.9011E-03  0.1307E+01
   -2.475008   26.53842  0.5099E-13  0.2811E-04  0.4024E-07  0.5991E-02  0.8533E-03  0.1271E+01
   -2.587511   26.53877  0.5099E-13  0.2810E-04  0.4038E-07  0.5960E-02  0.8095E-03  0.1232E+01
   -2.700015   26.53913  0.5099E-13  0.2806E-04  0.4063E-07  0.5901E-02  0.7694E-03  0.1189E+01
   -2.812518   26.53949  0.5099E-13  0.2798E-04  0.4096E-07  0.5824E-02  0.7328E-03  0.1147E+01
   -2.925021   26.53986  0.5099E-13  0.2788E-04  0.4141E-07  0.5730E-02  0.6995E-03  0.1216E+01
   -3.037524   26.54023  0.5099E-13  0.2774E-04  0.4200E-07  0.5601E-02  0.6677E-03  0.1365E+01
   -3.150026   26.54061  0.5099E-13  0.2756E-04  0.4277E-07  0.5435E-02  0.6366E-03  0.1561E+01
   -3.262528   26.54100  0.5099E-13  0.2734E-04  0.4375E-07  0.5233E-02  0.6060E-03  0.1820E+01
   -3.375029   26.54140  0.5099E-13  0.2706E-04  0.4503E-07  0.4991E-02  0.5758E-03  0.2173E+01
   -3.487529   26.54183  0.5099E-13  0.2672E-04  0.4669E-07  0.4706E-02  0.5459E-03  0.2671E+01
   -3.600029   26.54228  0.5099E-13  0.2631E-04  0.4888E-07  0.4372E-02  0.5162E-03  0.3416E+01
   -3.712529   26.54276  0.5099E-13  0.2581E-04  0.5184E-07  0.3986E-02  0.4864E-03  0.4608E+01
   -3.825027   26.54329  0.5099E-13  0.2518E-04  0.5599E-07  0.3533E-02  0.4563E-03  0.6688E+01
   -3.937525   26.54389  0.5099E-13  0.2437E-04  0.6213E-07  0.3056E-02  0.4255E-03  0.1086E+02
   -4.050022   26.54458  0.5099E-13  0.2331E-04  0.7201E-07  0.2361E-02  0.3939E-03  0.2172E+02
   -4.162518   26.54548  0.5099E-13  0.2180E-04  0.8999E-07  0.2111E-02  0.3595E-03  0.4707E+02
   -4.275014   26.54647  0.5099E-13  0.1871E-04  0.1477E-06  0.8160E-03  0.3288E-03 -0.1007E+03
   -4.387508   26.55128  0.5099E-13  0.8341E-05  0.5136E-06  0.1105E-03  0.2664E-03 -0.4948E+04
   -4.500001   26.56992  0.5099E-13  0.0000E+00  0.0000E+00  0.0000E+00  0.2856E-03  0.0000E+00
