 1 - depth, m
 2 - temperature, C
 3 - salinity, kg/kg
 4 - turbulent kinetic energy, m**2/s**2
 5 - dissipation rate, m**2/s**3
 6 - kinematic heat conductance, m**2/s
 7 - modulus of horizontal velocity, m/s
 8 - Richardson number, n/d
   -0.000000   30.83599  0.5317E-13  0.6191E-05  0.2942E-06  0.7032E-04  0.1966E-02 -0.1139E+02
   -0.112493   30.88211  0.5317E-13  0.1385E-04  0.1154E-06  0.5689E-03  0.7169E-03  0.2049E+05
   -0.224987   30.88906  0.5317E-13  0.1669E-04  0.8329E-07  0.1181E-02  0.5389E-03  0.2437E+03
   -0.337482   30.89143  0.5317E-13  0.1846E-04  0.7124E-07  0.1528E-02  0.4739E-03  0.9007E+02
   -0.449979   30.89316  0.5317E-13  0.1984E-04  0.6394E-07  0.1948E-02  0.4263E-03  0.5898E+02
   -0.562476   30.89446  0.5317E-13  0.2096E-04  0.5899E-07  0.2330E-02  0.3902E-03  0.4435E+02
   -0.674973   30.89551  0.5317E-13  0.2191E-04  0.5537E-07  0.2694E-02  0.3610E-03  0.3631E+02
   -0.787472   30.89638  0.5317E-13  0.2272E-04  0.5260E-07  0.3036E-02  0.3366E-03  0.3141E+02
   -0.899972   30.89714  0.5317E-13  0.2343E-04  0.5042E-07  0.3357E-02  0.3155E-03  0.2815E+02
   -1.012472   30.89780  0.5317E-13  0.2405E-04  0.4866E-07  0.3657E-02  0.2970E-03  0.2601E+02
   -1.124972   30.89841  0.5317E-13  0.2460E-04  0.4721E-07  0.3936E-02  0.2805E-03  0.2449E+02
   -1.237474   30.89896  0.5317E-13  0.2509E-04  0.4601E-07  0.4194E-02  0.2657E-03  0.2355E+02
   -1.349975   30.89946  0.5317E-13  0.2552E-04  0.4501E-07  0.4432E-02  0.2522E-03  0.2290E+02
   -1.462478   30.89994  0.5317E-13  0.2591E-04  0.4417E-07  0.4650E-02  0.2397E-03  0.2263E+02
   -1.574980   30.90039  0.5317E-13  0.2625E-04  0.4346E-07  0.4847E-02  0.2282E-03  0.2253E+02
   -1.687483   30.90082  0.5317E-13  0.2655E-04  0.4287E-07  0.5024E-02  0.2175E-03  0.2273E+02
   -1.799986   30.90123  0.5317E-13  0.2681E-04  0.4239E-07  0.5181E-02  0.2075E-03  0.2304E+02
   -1.912490   30.90162  0.5317E-13  0.2704E-04  0.4199E-07  0.5316E-02  0.1981E-03  0.2366E+02
   -2.024993   30.90200  0.5317E-13  0.2724E-04  0.4169E-07  0.5431E-02  0.1893E-03  0.2436E+02
   -2.137497   30.90237  0.5317E-13  0.2740E-04  0.4146E-07  0.5523E-02  0.1808E-03  0.2540E+02
   -2.250001   30.90274  0.5317E-13  0.2753E-04  0.4132E-07  0.5594E-02  0.1729E-03  0.2656E+02
   -2.362505   30.90310  0.5317E-13  0.2762E-04  0.4125E-07  0.5642E-02  0.1652E-03  0.2811E+02
   -2.475008   30.90345  0.5317E-13  0.2769E-04  0.4127E-07  0.5667E-02  0.1579E-03  0.2984E+02
   -2.587512   30.90380  0.5317E-13  0.2772E-04  0.4137E-07  0.5667E-02  0.1509E-03  0.3208E+02
   -2.700015   30.90415  0.5317E-13  0.2772E-04  0.4157E-07  0.5641E-02  0.1441E-03  0.3463E+02
   -2.812519   30.90450  0.5317E-13  0.2769E-04  0.4188E-07  0.5588E-02  0.1376E-03  0.3795E+02
   -2.925022   30.90485  0.5317E-13  0.2762E-04  0.4230E-07  0.5506E-02  0.1313E-03  0.4185E+02
   -3.037524   30.90521  0.5317E-13  0.2750E-04  0.4287E-07  0.5393E-02  0.1251E-03  0.4701E+02
   -3.150026   30.90558  0.5317E-13  0.2735E-04  0.4362E-07  0.5247E-02  0.1191E-03  0.5338E+02
   -3.262528   30.90595  0.5317E-13  0.2715E-04  0.4458E-07  0.5064E-02  0.1132E-03  0.6206E+02
   -3.375029   30.90634  0.5317E-13  0.2690E-04  0.4583E-07  0.4842E-02  0.1074E-03  0.7355E+02
   -3.487530   30.90674  0.5317E-13  0.2658E-04  0.4745E-07  0.4577E-02  0.1017E-03  0.9010E+02
   -3.600030   30.90716  0.5317E-13  0.2618E-04  0.4961E-07  0.4263E-02  0.9599E-04  0.1144E+03
   -3.712530   30.90762  0.5317E-13  0.2570E-04  0.5252E-07  0.3897E-02  0.9033E-04  0.1536E+03
   -3.825028   30.90812  0.5317E-13  0.2508E-04  0.5659E-07  0.3466E-02  0.8462E-04  0.2211E+03
   -3.937526   30.90868  0.5317E-13  0.2430E-04  0.6262E-07  0.3003E-02  0.7881E-04  0.3571E+03
   -4.050023   30.90932  0.5317E-13  0.2324E-04  0.7231E-07  0.2336E-02  0.7287E-04  0.7057E+03
   -4.162519   30.91015  0.5317E-13  0.2175E-04  0.8991E-07  0.2086E-02  0.6643E-04  0.1525E+04
   -4.275015   30.91106  0.5317E-13  0.1871E-04  0.1464E-06  0.8161E-03  0.6070E-04 -0.3241E+04
   -4.387509   30.91540  0.5317E-13  0.8337E-05  0.5083E-06  0.1088E-03  0.4923E-04 -0.1566E+06
   -4.500002   30.93268  0.5317E-13  0.0000E+00  0.0000E+00  0.0000E+00  0.5270E-04  0.0000E+00
