 1 - depth, m
 2 - temperature, C
 3 - salinity, kg/kg
 4 - turbulent kinetic energy, m**2/s**2
 5 - dissipation rate, m**2/s**3
 6 - kinematic heat conductance, m**2/s
 7 - modulus of horizontal velocity, m/s
 8 - Richardson number, n/d
   -0.000000   26.69515  0.2747E-13  0.1266E-04  0.3784E-06  0.6081E-04  0.1135E-01 -0.3223E+00
   -0.112493   26.75400  0.2747E-13  0.1777E-04  0.1325E-06  0.8396E-03  0.3947E-02  0.8714E+02
   -0.224987   26.75801  0.2747E-13  0.1940E-04  0.9968E-07  0.1287E-02  0.3207E-02  0.4917E+01
   -0.337482   26.76049  0.2747E-13  0.2057E-04  0.8487E-07  0.1604E-02  0.2867E-02  0.2390E+01
   -0.449979   26.76239  0.2747E-13  0.2157E-04  0.7548E-07  0.1957E-02  0.2608E-02  0.1719E+01
   -0.562476   26.76388  0.2747E-13  0.2245E-04  0.6901E-07  0.2280E-02  0.2403E-02  0.1387E+01
   -0.674974   26.76512  0.2747E-13  0.2323E-04  0.6417E-07  0.2592E-02  0.2235E-02  0.1339E+01
   -0.787472   26.76617  0.2747E-13  0.2397E-04  0.6030E-07  0.2922E-02  0.2084E-02  0.1378E+01
   -0.899972   26.76709  0.2747E-13  0.2466E-04  0.5711E-07  0.3260E-02  0.1946E-02  0.1410E+01
   -1.012472   26.76789  0.2747E-13  0.2529E-04  0.5444E-07  0.3594E-02  0.1820E-02  0.1432E+01
   -1.124972   26.76860  0.2747E-13  0.2587E-04  0.5220E-07  0.3920E-02  0.1703E-02  0.1445E+01
   -1.237474   26.76925  0.2747E-13  0.2640E-04  0.5031E-07  0.4233E-02  0.1596E-02  0.1452E+01
   -1.349975   26.76983  0.2747E-13  0.2687E-04  0.4871E-07  0.4528E-02  0.1496E-02  0.1453E+01
   -1.462478   26.77037  0.2747E-13  0.2728E-04  0.4736E-07  0.4802E-02  0.1404E-02  0.1448E+01
   -1.574980   26.77088  0.2747E-13  0.2764E-04  0.4622E-07  0.5049E-02  0.1319E-02  0.1438E+01
   -1.687483   26.77135  0.2747E-13  0.2794E-04  0.4526E-07  0.5269E-02  0.1241E-02  0.1425E+01
   -1.799986   26.77180  0.2747E-13  0.2819E-04  0.4447E-07  0.5458E-02  0.1169E-02  0.1408E+01
   -1.912490   26.77223  0.2747E-13  0.2838E-04  0.4382E-07  0.5616E-02  0.1102E-02  0.1386E+01
   -2.024993   26.77264  0.2747E-13  0.2853E-04  0.4331E-07  0.5740E-02  0.1040E-02  0.1362E+01
   -2.137497   26.77305  0.2747E-13  0.2863E-04  0.4293E-07  0.5832E-02  0.9830E-03  0.1334E+01
   -2.250001   26.77344  0.2747E-13  0.2869E-04  0.4266E-07  0.5891E-02  0.9306E-03  0.1303E+01
   -2.362505   26.77382  0.2747E-13  0.2871E-04  0.4250E-07  0.5918E-02  0.8824E-03  0.1268E+01
   -2.475008   26.77420  0.2747E-13  0.2869E-04  0.4244E-07  0.5915E-02  0.8380E-03  0.1231E+01
   -2.587512   26.77458  0.2747E-13  0.2863E-04  0.4249E-07  0.5884E-02  0.7973E-03  0.1193E+01
   -2.700015   26.77495  0.2747E-13  0.2855E-04  0.4264E-07  0.5829E-02  0.7600E-03  0.1165E+01
   -2.812519   26.77533  0.2747E-13  0.2843E-04  0.4290E-07  0.5754E-02  0.7257E-03  0.1205E+01
   -2.925022   26.77571  0.2747E-13  0.2827E-04  0.4328E-07  0.5649E-02  0.6932E-03  0.1330E+01
   -3.037524   26.77609  0.2747E-13  0.2808E-04  0.4383E-07  0.5509E-02  0.6615E-03  0.1498E+01
   -3.150026   26.77648  0.2747E-13  0.2784E-04  0.4456E-07  0.5335E-02  0.6305E-03  0.1718E+01
   -3.262528   26.77689  0.2747E-13  0.2755E-04  0.4554E-07  0.5123E-02  0.6000E-03  0.2013E+01
   -3.375029   26.77730  0.2747E-13  0.2720E-04  0.4685E-07  0.4869E-02  0.5699E-03  0.2425E+01
   -3.487530   26.77773  0.2747E-13  0.2678E-04  0.4859E-07  0.4574E-02  0.5400E-03  0.3024E+01
   -3.600030   26.77819  0.2747E-13  0.2628E-04  0.5097E-07  0.4220E-02  0.5103E-03  0.3971E+01
   -3.712530   26.77869  0.2747E-13  0.2566E-04  0.5431E-07  0.3843E-02  0.4802E-03  0.5588E+01
   -3.825028   26.77923  0.2747E-13  0.2490E-04  0.5936E-07  0.3355E-02  0.4500E-03  0.5953E+03
   -3.937526   26.77987  0.2747E-13  0.2388E-04  0.6758E-07  0.2904E-02  0.4178E-03  0.3592E+03
   -4.050023   26.78060  0.2747E-13  0.2244E-04  0.8307E-07  0.2189E-02  0.3853E-03  0.8302E+02
   -4.162519   26.78188  0.2747E-13  0.2035E-04  0.1135E-06  0.1902E-02  0.3435E-03 -0.3440E+03
   -4.275015   26.78283  0.2747E-13  0.1679E-04  0.2115E-06  0.7590E-03  0.3104E-03  0.1463E+03
   -4.387509   26.78896  0.2747E-13  0.7648E-05  0.7644E-06  0.1328E-03  0.2428E-03 -0.8785E+04
   -4.500002   26.80433  0.2747E-13  0.0000E+00  0.0000E+00  0.0000E+00  0.2749E-03  0.0000E+00
