 1 - depth, m
 2 - temperature, C
 3 - salinity, kg/kg
 4 - turbulent kinetic energy, m**2/s**2
 5 - dissipation rate, m**2/s**3
 6 - kinematic heat conductance, m**2/s
 7 - modulus of horizontal velocity, m/s
 8 - Richardson number, n/d
   -0.000000   30.35517  0.1166E-13  0.6919E-05  0.2881E-06  0.6270E-04  0.3249E-02 -0.4150E+01
   -0.112493   30.40855  0.1166E-13  0.1482E-04  0.1124E-06  0.7196E-03  0.1035E-02  0.1915E+05
   -0.224987   30.41407  0.1166E-13  0.1736E-04  0.8470E-07  0.1212E-02  0.8292E-03  0.8114E+02
   -0.337482   30.41647  0.1166E-13  0.1907E-04  0.7287E-07  0.1598E-02  0.7316E-03  0.3441E+02
   -0.449979   30.41820  0.1166E-13  0.2041E-04  0.6559E-07  0.2007E-02  0.6609E-03  0.2290E+02
   -0.562476   30.41952  0.1166E-13  0.2151E-04  0.6058E-07  0.2385E-02  0.6064E-03  0.1742E+02
   -0.674974   30.42059  0.1166E-13  0.2243E-04  0.5688E-07  0.2745E-02  0.5621E-03  0.1436E+02
   -0.787472   30.42149  0.1166E-13  0.2322E-04  0.5403E-07  0.3084E-02  0.5247E-03  0.1244E+02
   -0.899972   30.42228  0.1166E-13  0.2391E-04  0.5176E-07  0.3401E-02  0.4923E-03  0.1119E+02
   -1.012472   30.42297  0.1166E-13  0.2451E-04  0.4991E-07  0.3698E-02  0.4639E-03  0.1033E+02
   -1.124972   30.42359  0.1166E-13  0.2503E-04  0.4837E-07  0.3974E-02  0.4385E-03  0.9745E+01
   -1.237474   30.42416  0.1166E-13  0.2549E-04  0.4708E-07  0.4229E-02  0.4155E-03  0.9338E+01
   -1.349975   30.42469  0.1166E-13  0.2590E-04  0.4599E-07  0.4464E-02  0.3946E-03  0.9093E+01
   -1.462478   30.42518  0.1166E-13  0.2626E-04  0.4506E-07  0.4678E-02  0.3753E-03  0.8943E+01
   -1.574980   30.42565  0.1166E-13  0.2657E-04  0.4426E-07  0.4873E-02  0.3574E-03  0.8908E+01
   -1.687483   30.42609  0.1166E-13  0.2684E-04  0.4358E-07  0.5047E-02  0.3408E-03  0.8936E+01
   -1.799986   30.42651  0.1166E-13  0.2707E-04  0.4301E-07  0.5201E-02  0.3253E-03  0.9063E+01
   -1.912490   30.42691  0.1166E-13  0.2726E-04  0.4252E-07  0.5334E-02  0.3106E-03  0.9242E+01
   -2.024994   30.42730  0.1166E-13  0.2742E-04  0.4213E-07  0.5446E-02  0.2968E-03  0.9520E+01
   -2.137497   30.42768  0.1166E-13  0.2755E-04  0.4181E-07  0.5537E-02  0.2837E-03  0.9857E+01
   -2.250001   30.42805  0.1166E-13  0.2764E-04  0.4157E-07  0.5606E-02  0.2712E-03  0.1031E+02
   -2.362505   30.42841  0.1166E-13  0.2770E-04  0.4142E-07  0.5653E-02  0.2593E-03  0.1083E+02
   -2.475009   30.42877  0.1166E-13  0.2773E-04  0.4134E-07  0.5676E-02  0.2479E-03  0.1149E+02
   -2.587512   30.42912  0.1166E-13  0.2772E-04  0.4135E-07  0.5674E-02  0.2369E-03  0.1226E+02
   -2.700016   30.42947  0.1166E-13  0.2769E-04  0.4145E-07  0.5647E-02  0.2263E-03  0.1323E+02
   -2.812519   30.42982  0.1166E-13  0.2762E-04  0.4165E-07  0.5593E-02  0.2161E-03  0.1438E+02
   -2.925022   30.43017  0.1166E-13  0.2751E-04  0.4197E-07  0.5511E-02  0.2062E-03  0.1585E+02
   -3.037524   30.43052  0.1166E-13  0.2736E-04  0.4244E-07  0.5397E-02  0.1965E-03  0.1767E+02
   -3.150027   30.43087  0.1166E-13  0.2718E-04  0.4307E-07  0.5251E-02  0.1871E-03  0.2005E+02
   -3.262528   30.43123  0.1166E-13  0.2694E-04  0.4392E-07  0.5068E-02  0.1779E-03  0.2313E+02
   -3.375030   30.43161  0.1166E-13  0.2666E-04  0.4504E-07  0.4846E-02  0.1688E-03  0.2738E+02
   -3.487530   30.43200  0.1166E-13  0.2631E-04  0.4653E-07  0.4581E-02  0.1598E-03  0.3331E+02
   -3.600031   30.43240  0.1166E-13  0.2589E-04  0.4853E-07  0.4267E-02  0.1509E-03  0.4222E+02
   -3.712530   30.43284  0.1166E-13  0.2537E-04  0.5126E-07  0.3900E-02  0.1421E-03  0.5633E+02
   -3.825029   30.43331  0.1166E-13  0.2473E-04  0.5513E-07  0.3469E-02  0.1331E-03  0.8091E+02
   -3.937527   30.43383  0.1166E-13  0.2393E-04  0.6088E-07  0.3006E-02  0.1240E-03  0.1299E+03
   -4.050024   30.43443  0.1166E-13  0.2287E-04  0.7020E-07  0.2337E-02  0.1147E-03  0.2559E+03
   -4.162520   30.43520  0.1166E-13  0.2137E-04  0.8724E-07  0.2086E-02  0.1046E-03  0.5476E+03
   -4.275015   30.43605  0.1166E-13  0.1834E-04  0.1422E-06  0.8090E-03  0.9559E-04 -0.1117E+04
   -4.387509   30.44007  0.1166E-13  0.8126E-05  0.4933E-06  0.1087E-03  0.7738E-04 -0.5437E+05
   -4.500002   30.45571  0.1166E-13  0.0000E+00  0.0000E+00  0.0000E+00  0.8303E-04  0.0000E+00
