 1 - depth, m
 2 - temperature, C
 3 - salinity, kg/kg
 4 - turbulent kinetic energy, m**2/s**2
 5 - dissipation rate, m**2/s**3
 6 - kinematic heat conductance, m**2/s
 7 - modulus of horizontal velocity, m/s
 8 - Richardson number, n/d
   -0.000000   30.73936  0.8994E-13  0.6063E-05  0.2897E-06  0.7023E-04  0.1520E-02 -0.1922E+02
   -0.112493   30.78534  0.8994E-13  0.1369E-04  0.1142E-06  0.5477E-03  0.5651E-03  0.4500E+04
   -0.224987   30.79257  0.8994E-13  0.1656E-04  0.8226E-07  0.1182E-02  0.4213E-03  0.4171E+03
   -0.337482   30.79494  0.8994E-13  0.1832E-04  0.7043E-07  0.1520E-02  0.3710E-03  0.1507E+03
   -0.449979   30.79668  0.8994E-13  0.1969E-04  0.6325E-07  0.1939E-02  0.3338E-03  0.9886E+02
   -0.562476   30.79798  0.8994E-13  0.2080E-04  0.5835E-07  0.2318E-02  0.3057E-03  0.7413E+02
   -0.674974   30.79904  0.8994E-13  0.2173E-04  0.5477E-07  0.2679E-02  0.2829E-03  0.6078E+02
   -0.787472   30.79992  0.8994E-13  0.2253E-04  0.5202E-07  0.3018E-02  0.2638E-03  0.5239E+02
   -0.899972   30.80068  0.8994E-13  0.2322E-04  0.4984E-07  0.3336E-02  0.2473E-03  0.4703E+02
   -1.012472   30.80135  0.8994E-13  0.2383E-04  0.4807E-07  0.3633E-02  0.2329E-03  0.4325E+02
   -1.124972   30.80195  0.8994E-13  0.2436E-04  0.4661E-07  0.3909E-02  0.2200E-03  0.4081E+02
   -1.237474   30.80250  0.8994E-13  0.2483E-04  0.4540E-07  0.4165E-02  0.2084E-03  0.3903E+02
   -1.349975   30.80301  0.8994E-13  0.2525E-04  0.4437E-07  0.4400E-02  0.1978E-03  0.3805E+02
   -1.462478   30.80349  0.8994E-13  0.2562E-04  0.4351E-07  0.4615E-02  0.1880E-03  0.3737E+02
   -1.574980   30.80394  0.8994E-13  0.2594E-04  0.4278E-07  0.4810E-02  0.1790E-03  0.3730E+02
   -1.687483   30.80436  0.8994E-13  0.2622E-04  0.4216E-07  0.4985E-02  0.1707E-03  0.3740E+02
   -1.799986   30.80477  0.8994E-13  0.2647E-04  0.4165E-07  0.5139E-02  0.1628E-03  0.3803E+02
   -1.912490   30.80516  0.8994E-13  0.2668E-04  0.4122E-07  0.5273E-02  0.1554E-03  0.3877E+02
   -2.024993   30.80554  0.8994E-13  0.2686E-04  0.4088E-07  0.5386E-02  0.1485E-03  0.4006E+02
   -2.137497   30.80591  0.8994E-13  0.2700E-04  0.4062E-07  0.5478E-02  0.1419E-03  0.4148E+02
   -2.250001   30.80627  0.8994E-13  0.2711E-04  0.4044E-07  0.5548E-02  0.1356E-03  0.4352E+02
   -2.362505   30.80662  0.8994E-13  0.2719E-04  0.4033E-07  0.5595E-02  0.1296E-03  0.4573E+02
   -2.475009   30.80697  0.8994E-13  0.2724E-04  0.4030E-07  0.5620E-02  0.1239E-03  0.4873E+02
   -2.587512   30.80732  0.8994E-13  0.2726E-04  0.4036E-07  0.5620E-02  0.1184E-03  0.5201E+02
   -2.700016   30.80766  0.8994E-13  0.2724E-04  0.4051E-07  0.5594E-02  0.1130E-03  0.5634E+02
   -2.812519   30.80800  0.8994E-13  0.2719E-04  0.4076E-07  0.5542E-02  0.1079E-03  0.6130E+02
   -2.925022   30.80835  0.8994E-13  0.2711E-04  0.4113E-07  0.5461E-02  0.1029E-03  0.6785E+02
   -3.037524   30.80869  0.8994E-13  0.2699E-04  0.4164E-07  0.5349E-02  0.9809E-04  0.7568E+02
   -3.150027   30.80905  0.8994E-13  0.2682E-04  0.4231E-07  0.5205E-02  0.9336E-04  0.8622E+02
   -3.262528   30.80941  0.8994E-13  0.2661E-04  0.4320E-07  0.5025E-02  0.8874E-04  0.9961E+02
   -3.375030   30.80978  0.8994E-13  0.2635E-04  0.4436E-07  0.4805E-02  0.8418E-04  0.1184E+03
   -3.487530   30.81017  0.8994E-13  0.2603E-04  0.4589E-07  0.4543E-02  0.7970E-04  0.1442E+03
   -3.600030   30.81058  0.8994E-13  0.2563E-04  0.4791E-07  0.4233E-02  0.7524E-04  0.1835E+03
   -3.712530   30.81102  0.8994E-13  0.2514E-04  0.5067E-07  0.3870E-02  0.7079E-04  0.2451E+03
   -3.825028   30.81149  0.8994E-13  0.2453E-04  0.5454E-07  0.3444E-02  0.6631E-04  0.3533E+03
   -3.937526   30.81202  0.8994E-13  0.2375E-04  0.6028E-07  0.2985E-02  0.6175E-04  0.5681E+03
   -4.050023   30.81264  0.8994E-13  0.2272E-04  0.6953E-07  0.2326E-02  0.5708E-04  0.1121E+04
   -4.162520   30.81342  0.8994E-13  0.2126E-04  0.8634E-07  0.2073E-02  0.5204E-04  0.2421E+04
   -4.275015   30.81429  0.8994E-13  0.1829E-04  0.1403E-06  0.8123E-03  0.4753E-04 -0.5016E+04
   -4.387509   30.81838  0.8994E-13  0.8120E-05  0.4878E-06  0.1071E-03  0.3853E-04 -0.2539E+06
   -4.500002   30.83490  0.8994E-13  0.0000E+00  0.0000E+00  0.0000E+00  0.4129E-04  0.0000E+00
