 1 - depth, m
 2 - temperature, C
 3 - salinity, kg/kg
 4 - turbulent kinetic energy, m**2/s**2
 5 - dissipation rate, m**2/s**3
 6 - kinematic heat conductance, m**2/s
 7 - modulus of horizontal velocity, m/s
 8 - Richardson number, n/d
   -0.000000   26.05724  0.7625E-13  0.1130E-04  0.3404E-06  0.5749E-04  0.1014E-01 -0.3887E+00
   -0.112493   26.11911  0.7625E-13  0.1682E-04  0.1220E-06  0.8376E-03  0.3293E-02  0.2004E+04
   -0.224987   26.12313  0.7625E-13  0.1852E-04  0.9299E-07  0.1242E-02  0.2711E-02  0.6223E+01
   -0.337482   26.12566  0.7625E-13  0.1977E-04  0.7917E-07  0.1591E-02  0.2407E-02  0.3136E+01
   -0.449979   26.12754  0.7625E-13  0.2082E-04  0.7045E-07  0.1954E-02  0.2181E-02  0.2187E+01
   -0.562476   26.12901  0.7625E-13  0.2173E-04  0.6442E-07  0.2300E-02  0.2004E-02  0.1699E+01
   -0.674974   26.13021  0.7625E-13  0.2251E-04  0.6000E-07  0.2628E-02  0.1858E-02  0.1423E+01
   -0.787472   26.13123  0.7625E-13  0.2320E-04  0.5662E-07  0.2933E-02  0.1735E-02  0.1290E+01
   -0.899972   26.13212  0.7625E-13  0.2383E-04  0.5389E-07  0.3231E-02  0.1628E-02  0.1289E+01
   -1.012472   26.13291  0.7625E-13  0.2441E-04  0.5161E-07  0.3536E-02  0.1529E-02  0.1310E+01
   -1.124972   26.13362  0.7625E-13  0.2495E-04  0.4968E-07  0.3834E-02  0.1438E-02  0.1325E+01
   -1.237474   26.13427  0.7625E-13  0.2544E-04  0.4805E-07  0.4119E-02  0.1354E-02  0.1335E+01
   -1.349975   26.13486  0.7625E-13  0.2588E-04  0.4667E-07  0.4389E-02  0.1275E-02  0.1340E+01
   -1.462478   26.13541  0.7625E-13  0.2627E-04  0.4550E-07  0.4640E-02  0.1203E-02  0.1340E+01
   -1.574980   26.13592  0.7625E-13  0.2662E-04  0.4451E-07  0.4869E-02  0.1136E-02  0.1336E+01
   -1.687483   26.13641  0.7625E-13  0.2692E-04  0.4368E-07  0.5074E-02  0.1074E-02  0.1328E+01
   -1.799986   26.13687  0.7625E-13  0.2718E-04  0.4299E-07  0.5253E-02  0.1016E-02  0.1316E+01
   -1.912490   26.13731  0.7625E-13  0.2739E-04  0.4243E-07  0.5406E-02  0.9626E-03  0.1301E+01
   -2.024994   26.13773  0.7625E-13  0.2756E-04  0.4199E-07  0.5530E-02  0.9132E-03  0.1282E+01
   -2.137497   26.13815  0.7625E-13  0.2770E-04  0.4165E-07  0.5627E-02  0.8674E-03  0.1261E+01
   -2.250001   26.13855  0.7625E-13  0.2779E-04  0.4142E-07  0.5696E-02  0.8251E-03  0.1235E+01
   -2.362505   26.13895  0.7625E-13  0.2785E-04  0.4128E-07  0.5737E-02  0.7861E-03  0.1207E+01
   -2.475009   26.13934  0.7625E-13  0.2788E-04  0.4123E-07  0.5752E-02  0.7501E-03  0.1182E+01
   -2.587512   26.13973  0.7625E-13  0.2787E-04  0.4127E-07  0.5744E-02  0.7169E-03  0.1244E+01
   -2.700016   26.14012  0.7625E-13  0.2783E-04  0.4140E-07  0.5712E-02  0.6852E-03  0.1346E+01
   -2.812519   26.14050  0.7625E-13  0.2776E-04  0.4164E-07  0.5653E-02  0.6544E-03  0.1472E+01
   -2.925022   26.14089  0.7625E-13  0.2766E-04  0.4200E-07  0.5565E-02  0.6246E-03  0.1628E+01
   -3.037525   26.14129  0.7625E-13  0.2751E-04  0.4251E-07  0.5447E-02  0.5956E-03  0.1825E+01
   -3.150027   26.14169  0.7625E-13  0.2733E-04  0.4318E-07  0.5295E-02  0.5672E-03  0.2079E+01
   -3.262529   26.14210  0.7625E-13  0.2710E-04  0.4408E-07  0.5107E-02  0.5394E-03  0.2413E+01
   -3.375030   26.14252  0.7625E-13  0.2682E-04  0.4526E-07  0.4880E-02  0.5120E-03  0.2867E+01
   -3.487531   26.14296  0.7625E-13  0.2648E-04  0.4681E-07  0.4609E-02  0.4850E-03  0.3508E+01
   -3.600031   26.14343  0.7625E-13  0.2606E-04  0.4889E-07  0.4290E-02  0.4581E-03  0.4465E+01
   -3.712530   26.14392  0.7625E-13  0.2555E-04  0.5171E-07  0.3919E-02  0.4313E-03  0.5994E+01
   -3.825029   26.14447  0.7625E-13  0.2491E-04  0.5569E-07  0.3482E-02  0.4042E-03  0.8653E+01
   -3.937527   26.14507  0.7625E-13  0.2411E-04  0.6160E-07  0.3016E-02  0.3766E-03  0.1398E+02
   -4.050024   26.14578  0.7625E-13  0.2305E-04  0.7116E-07  0.2340E-02  0.3484E-03  0.2774E+02
   -4.162520   26.14668  0.7625E-13  0.2155E-04  0.8859E-07  0.2089E-02  0.3177E-03  0.5988E+02
   -4.275015   26.14767  0.7625E-13  0.1849E-04  0.1448E-06  0.8096E-03  0.2904E-03 -0.1236E+03
   -4.387509   26.15244  0.7625E-13  0.8219E-05  0.5021E-06  0.1094E-03  0.2350E-03 -0.6127E+04
   -4.500002   26.17094  0.7625E-13  0.0000E+00  0.0000E+00  0.0000E+00  0.2520E-03  0.0000E+00
