 1 - depth, m
 2 - temperature, C
 3 - salinity, kg/kg
 4 - turbulent kinetic energy, m**2/s**2
 5 - dissipation rate, m**2/s**3
 6 - kinematic heat conductance, m**2/s
 7 - modulus of horizontal velocity, m/s
 8 - Richardson number, n/d
   -0.000000   30.92886  0.2272E-13  0.5939E-05  0.2551E-06  0.6400E-04  0.2183E-02 -0.1015E+02
   -0.112493   30.97474  0.2272E-13  0.1320E-04  0.1000E-06  0.6104E-03  0.7243E-03  0.4291E+04
   -0.224987   30.98050  0.2272E-13  0.1569E-04  0.7368E-07  0.1166E-02  0.5593E-03  0.2379E+03
   -0.337482   30.98263  0.2272E-13  0.1728E-04  0.6325E-07  0.1516E-02  0.4917E-03  0.8718E+02
   -0.449979   30.98418  0.2272E-13  0.1853E-04  0.5686E-07  0.1917E-02  0.4424E-03  0.5723E+02
   -0.562476   30.98534  0.2272E-13  0.1956E-04  0.5251E-07  0.2286E-02  0.4048E-03  0.4318E+02
   -0.674974   30.98627  0.2272E-13  0.2043E-04  0.4934E-07  0.2637E-02  0.3743E-03  0.3539E+02
   -0.787472   30.98705  0.2272E-13  0.2119E-04  0.4692E-07  0.2968E-02  0.3486E-03  0.3072E+02
   -0.899972   30.98773  0.2272E-13  0.2185E-04  0.4502E-07  0.3279E-02  0.3266E-03  0.2757E+02
   -1.012472   30.98833  0.2272E-13  0.2244E-04  0.4350E-07  0.3570E-02  0.3072E-03  0.2558E+02
   -1.124972   30.98887  0.2272E-13  0.2297E-04  0.4226E-07  0.3841E-02  0.2899E-03  0.2414E+02
   -1.237474   30.98936  0.2272E-13  0.2344E-04  0.4125E-07  0.4093E-02  0.2743E-03  0.2334E+02
   -1.349975   30.98982  0.2272E-13  0.2387E-04  0.4042E-07  0.4325E-02  0.2602E-03  0.2275E+02
   -1.462478   30.99025  0.2272E-13  0.2425E-04  0.3973E-07  0.4537E-02  0.2471E-03  0.2264E+02
   -1.574980   30.99066  0.2272E-13  0.2460E-04  0.3917E-07  0.4729E-02  0.2351E-03  0.2259E+02
   -1.687483   30.99105  0.2272E-13  0.2491E-04  0.3872E-07  0.4902E-02  0.2239E-03  0.2297E+02
   -1.799986   30.99143  0.2272E-13  0.2518E-04  0.3836E-07  0.5055E-02  0.2135E-03  0.2335E+02
   -1.912490   30.99179  0.2272E-13  0.2543E-04  0.3809E-07  0.5188E-02  0.2036E-03  0.2417E+02
   -2.024994   30.99214  0.2272E-13  0.2564E-04  0.3789E-07  0.5300E-02  0.1944E-03  0.2497E+02
   -2.137497   30.99249  0.2272E-13  0.2583E-04  0.3778E-07  0.5391E-02  0.1856E-03  0.2626E+02
   -2.250001   30.99283  0.2272E-13  0.2598E-04  0.3773E-07  0.5461E-02  0.1772E-03  0.2756E+02
   -2.362505   30.99317  0.2272E-13  0.2611E-04  0.3776E-07  0.5508E-02  0.1693E-03  0.2943E+02
   -2.475009   30.99350  0.2272E-13  0.2620E-04  0.3787E-07  0.5533E-02  0.1617E-03  0.3135E+02
   -2.587512   30.99383  0.2272E-13  0.2627E-04  0.3806E-07  0.5533E-02  0.1544E-03  0.3402E+02
   -2.700016   30.99417  0.2272E-13  0.2630E-04  0.3834E-07  0.5508E-02  0.1473E-03  0.3686E+02
   -2.812519   30.99450  0.2272E-13  0.2630E-04  0.3871E-07  0.5457E-02  0.1405E-03  0.4076E+02
   -2.925022   30.99484  0.2272E-13  0.2627E-04  0.3921E-07  0.5377E-02  0.1339E-03  0.4514E+02
   -3.037524   30.99519  0.2272E-13  0.2620E-04  0.3983E-07  0.5267E-02  0.1275E-03  0.5116E+02
   -3.150027   30.99554  0.2272E-13  0.2609E-04  0.4062E-07  0.5125E-02  0.1213E-03  0.5833E+02
   -3.262528   30.99591  0.2272E-13  0.2593E-04  0.4162E-07  0.4948E-02  0.1152E-03  0.6843E+02
   -3.375030   30.99628  0.2272E-13  0.2573E-04  0.4289E-07  0.4732E-02  0.1092E-03  0.8142E+02
   -3.487530   30.99668  0.2272E-13  0.2546E-04  0.4451E-07  0.4474E-02  0.1032E-03  0.1006E+03
   -3.600031   30.99710  0.2272E-13  0.2512E-04  0.4663E-07  0.4169E-02  0.9737E-04  0.1282E+03
   -3.712530   30.99756  0.2272E-13  0.2468E-04  0.4947E-07  0.3813E-02  0.9151E-04  0.1735E+03
   -3.825029   30.99806  0.2272E-13  0.2413E-04  0.5339E-07  0.3395E-02  0.8562E-04  0.2506E+03
   -3.937526   30.99862  0.2272E-13  0.2341E-04  0.5914E-07  0.2942E-02  0.7964E-04  0.4073E+03
   -4.050024   30.99927  0.2272E-13  0.2243E-04  0.6831E-07  0.2301E-02  0.7353E-04  0.8053E+03
   -4.162520   31.00011  0.2272E-13  0.2104E-04  0.8480E-07  0.2046E-02  0.6694E-04  0.1771E+04
   -4.275015   31.00104  0.2272E-13  0.1819E-04  0.1371E-06  0.8155E-03  0.6106E-04 -0.3698E+04
   -4.387509   31.00536  0.2272E-13  0.8108E-05  0.4784E-06  0.1044E-03  0.4957E-04 -0.1966E+06
   -4.500002   31.02370  0.2272E-13  0.0000E+00  0.0000E+00  0.0000E+00  0.5291E-04  0.0000E+00
