 1 - depth, m
 2 - temperature, C
 3 - salinity, kg/kg
 4 - turbulent kinetic energy, m**2/s**2
 5 - dissipation rate, m**2/s**3
 6 - kinematic heat conductance, m**2/s
 7 - modulus of horizontal velocity, m/s
 8 - Richardson number, n/d
   -0.000000   30.53131  0.1818E-13  0.6151E-05  0.2771E-06  0.6647E-04  0.2291E-02 -0.8539E+01
   -0.112493   30.57845  0.1818E-13  0.1368E-04  0.1080E-06  0.6082E-03  0.7888E-03  0.1655E+05
   -0.224987   30.58466  0.1818E-13  0.1632E-04  0.7908E-07  0.1178E-02  0.6046E-03  0.1891E+03
   -0.337482   30.58693  0.1818E-13  0.1801E-04  0.6778E-07  0.1533E-02  0.5317E-03  0.7119E+02
   -0.449979   30.58859  0.1818E-13  0.1933E-04  0.6090E-07  0.1944E-02  0.4785E-03  0.4675E+02
   -0.562476   30.58983  0.1818E-13  0.2042E-04  0.5622E-07  0.2321E-02  0.4381E-03  0.3527E+02
   -0.674974   30.59083  0.1818E-13  0.2133E-04  0.5281E-07  0.2680E-02  0.4052E-03  0.2891E+02
   -0.787472   30.59167  0.1818E-13  0.2212E-04  0.5020E-07  0.3018E-02  0.3777E-03  0.2507E+02
   -0.899972   30.59240  0.1818E-13  0.2282E-04  0.4815E-07  0.3335E-02  0.3540E-03  0.2249E+02
   -1.012472   30.59304  0.1818E-13  0.2343E-04  0.4650E-07  0.3632E-02  0.3332E-03  0.2083E+02
   -1.124972   30.59362  0.1818E-13  0.2397E-04  0.4515E-07  0.3908E-02  0.3146E-03  0.1965E+02
   -1.237474   30.59415  0.1818E-13  0.2445E-04  0.4404E-07  0.4164E-02  0.2979E-03  0.1896E+02
   -1.349975   30.59464  0.1818E-13  0.2489E-04  0.4312E-07  0.4400E-02  0.2826E-03  0.1846E+02
   -1.462478   30.59510  0.1818E-13  0.2528E-04  0.4236E-07  0.4616E-02  0.2686E-03  0.1832E+02
   -1.574980   30.59554  0.1818E-13  0.2562E-04  0.4173E-07  0.4812E-02  0.2557E-03  0.1827E+02
   -1.687483   30.59595  0.1818E-13  0.2593E-04  0.4121E-07  0.4987E-02  0.2437E-03  0.1852E+02
   -1.799986   30.59635  0.1818E-13  0.2620E-04  0.4078E-07  0.5142E-02  0.2324E-03  0.1881E+02
   -1.912490   30.59674  0.1818E-13  0.2644E-04  0.4045E-07  0.5277E-02  0.2218E-03  0.1940E+02
   -2.024993   30.59711  0.1818E-13  0.2665E-04  0.4021E-07  0.5391E-02  0.2118E-03  0.2002E+02
   -2.137497   30.59748  0.1818E-13  0.2682E-04  0.4004E-07  0.5483E-02  0.2024E-03  0.2098E+02
   -2.250001   30.59783  0.1818E-13  0.2697E-04  0.3995E-07  0.5553E-02  0.1934E-03  0.2198E+02
   -2.362505   30.59819  0.1818E-13  0.2708E-04  0.3993E-07  0.5601E-02  0.1848E-03  0.2339E+02
   -2.475009   30.59854  0.1818E-13  0.2716E-04  0.4000E-07  0.5626E-02  0.1766E-03  0.2489E+02
   -2.587512   30.59888  0.1818E-13  0.2721E-04  0.4015E-07  0.5625E-02  0.1687E-03  0.2690E+02
   -2.700016   30.59923  0.1818E-13  0.2723E-04  0.4040E-07  0.5600E-02  0.1611E-03  0.2911E+02
   -2.812519   30.59958  0.1818E-13  0.2721E-04  0.4075E-07  0.5547E-02  0.1537E-03  0.3207E+02
   -2.925022   30.59993  0.1818E-13  0.2716E-04  0.4121E-07  0.5465E-02  0.1466E-03  0.3546E+02
   -3.037524   30.60029  0.1818E-13  0.2707E-04  0.4182E-07  0.5353E-02  0.1397E-03  0.4003E+02
   -3.150027   30.60066  0.1818E-13  0.2694E-04  0.4260E-07  0.5208E-02  0.1329E-03  0.4558E+02
   -3.262528   30.60103  0.1818E-13  0.2676E-04  0.4360E-07  0.5027E-02  0.1263E-03  0.5327E+02
   -3.375030   30.60142  0.1818E-13  0.2652E-04  0.4488E-07  0.4807E-02  0.1198E-03  0.6329E+02
   -3.487530   30.60183  0.1818E-13  0.2623E-04  0.4653E-07  0.4543E-02  0.1134E-03  0.7792E+02
   -3.600030   30.60226  0.1818E-13  0.2586E-04  0.4869E-07  0.4232E-02  0.1070E-03  0.9917E+02
   -3.712530   30.60272  0.1818E-13  0.2539E-04  0.5160E-07  0.3869E-02  0.1007E-03  0.1338E+03
   -3.825028   30.60323  0.1818E-13  0.2480E-04  0.5566E-07  0.3442E-02  0.9426E-04  0.1930E+03
   -3.937526   30.60380  0.1818E-13  0.2404E-04  0.6163E-07  0.2982E-02  0.8775E-04  0.3131E+03
   -4.050023   30.60446  0.1818E-13  0.2302E-04  0.7120E-07  0.2324E-02  0.8110E-04  0.6198E+03
   -4.162520   30.60531  0.1818E-13  0.2156E-04  0.8851E-07  0.2072E-02  0.7390E-04  0.1351E+04
   -4.275015   30.60626  0.1818E-13  0.1858E-04  0.1438E-06  0.8163E-03  0.6749E-04 -0.2881E+04
   -4.387509   30.61069  0.1818E-13  0.8288E-05  0.5002E-06  0.1074E-03  0.5475E-04 -0.1435E+06
   -4.500002   30.62872  0.1818E-13  0.0000E+00  0.0000E+00  0.0000E+00  0.5854E-04  0.0000E+00
