 1 - depth, m
 2 - temperature, C
 3 - salinity, kg/kg
 4 - turbulent kinetic energy, m**2/s**2
 5 - dissipation rate, m**2/s**3
 6 - kinematic heat conductance, m**2/s
 7 - modulus of horizontal velocity, m/s
 8 - Richardson number, n/d
   -0.000000   29.58552  0.1572E-13  0.7858E-05  0.2257E-06  0.5025E-04  0.6009E-02 -0.9767E+00
   -0.112493   29.64062  0.1572E-13  0.1456E-04  0.9054E-07  0.8484E-03  0.1691E-02  0.4704E+03
   -0.224987   29.64368  0.1572E-13  0.1626E-04  0.7240E-07  0.1198E-02  0.1437E-02  0.1701E+02
   -0.337483   29.64572  0.1572E-13  0.1757E-04  0.6260E-07  0.1587E-02  0.1269E-02  0.9470E+01
   -0.449979   29.64719  0.1572E-13  0.1863E-04  0.5636E-07  0.1949E-02  0.1148E-02  0.6558E+01
   -0.562476   29.64834  0.1572E-13  0.1952E-04  0.5198E-07  0.2296E-02  0.1052E-02  0.5108E+01
   -0.674974   29.64928  0.1572E-13  0.2028E-04  0.4873E-07  0.2626E-02  0.9738E-03  0.4263E+01
   -0.787472   29.65008  0.1572E-13  0.2093E-04  0.4622E-07  0.2938E-02  0.9075E-03  0.3727E+01
   -0.899972   29.65078  0.1572E-13  0.2151E-04  0.4421E-07  0.3231E-02  0.8501E-03  0.3372E+01
   -1.012472   29.65139  0.1572E-13  0.2201E-04  0.4257E-07  0.3506E-02  0.7995E-03  0.3129E+01
   -1.124973   29.65195  0.1572E-13  0.2246E-04  0.4121E-07  0.3763E-02  0.7543E-03  0.2964E+01
   -1.237474   29.65246  0.1572E-13  0.2285E-04  0.4007E-07  0.4001E-02  0.7135E-03  0.2855E+01
   -1.349976   29.65294  0.1572E-13  0.2320E-04  0.3911E-07  0.4221E-02  0.6763E-03  0.2789E+01
   -1.462478   29.65338  0.1572E-13  0.2351E-04  0.3829E-07  0.4422E-02  0.6420E-03  0.2757E+01
   -1.574981   29.65380  0.1572E-13  0.2378E-04  0.3759E-07  0.4605E-02  0.6104E-03  0.2754E+01
   -1.687484   29.65420  0.1572E-13  0.2401E-04  0.3699E-07  0.4769E-02  0.5810E-03  0.2777E+01
   -1.799987   29.65458  0.1572E-13  0.2421E-04  0.3649E-07  0.4914E-02  0.5534E-03  0.2825E+01
   -1.912490   29.65494  0.1572E-13  0.2439E-04  0.3607E-07  0.5040E-02  0.5275E-03  0.2896E+01
   -2.024994   29.65529  0.1572E-13  0.2453E-04  0.3573E-07  0.5147E-02  0.5031E-03  0.2992E+01
   -2.137498   29.65564  0.1572E-13  0.2464E-04  0.3545E-07  0.5234E-02  0.4800E-03  0.3114E+01
   -2.250002   29.65597  0.1572E-13  0.2472E-04  0.3525E-07  0.5300E-02  0.4581E-03  0.3266E+01
   -2.362505   29.65630  0.1572E-13  0.2478E-04  0.3511E-07  0.5345E-02  0.4371E-03  0.3450E+01
   -2.475009   29.65662  0.1572E-13  0.2481E-04  0.3505E-07  0.5369E-02  0.4171E-03  0.3673E+01
   -2.587513   29.65694  0.1572E-13  0.2481E-04  0.3506E-07  0.5369E-02  0.3979E-03  0.3941E+01
   -2.700016   29.65726  0.1572E-13  0.2478E-04  0.3514E-07  0.5345E-02  0.3795E-03  0.4266E+01
   -2.812520   29.65758  0.1572E-13  0.2472E-04  0.3532E-07  0.5297E-02  0.3616E-03  0.4664E+01
   -2.925023   29.65790  0.1572E-13  0.2464E-04  0.3559E-07  0.5221E-02  0.3443E-03  0.5159E+01
   -3.037525   29.65822  0.1572E-13  0.2451E-04  0.3599E-07  0.5116E-02  0.3276E-03  0.5782E+01
   -3.150028   29.65854  0.1572E-13  0.2435E-04  0.3653E-07  0.4980E-02  0.3112E-03  0.6584E+01
   -3.262529   29.65887  0.1572E-13  0.2415E-04  0.3725E-07  0.4810E-02  0.2953E-03  0.7639E+01
   -3.375031   29.65921  0.1572E-13  0.2391E-04  0.3820E-07  0.4604E-02  0.2796E-03  0.9076E+01
   -3.487531   29.65957  0.1572E-13  0.2360E-04  0.3945E-07  0.4356E-02  0.2642E-03  0.1110E+02
   -3.600031   29.65994  0.1572E-13  0.2324E-04  0.4114E-07  0.4063E-02  0.2489E-03  0.1411E+02
   -3.712531   29.66034  0.1572E-13  0.2279E-04  0.4343E-07  0.3721E-02  0.2337E-03  0.1891E+02
   -3.825030   29.66077  0.1572E-13  0.2224E-04  0.4666E-07  0.3319E-02  0.2184E-03  0.2721E+02
   -3.937528   29.66125  0.1572E-13  0.2154E-04  0.5145E-07  0.2880E-02  0.2029E-03  0.4381E+02
   -4.050025   29.66180  0.1572E-13  0.2061E-04  0.5914E-07  0.2264E-02  0.1871E-03  0.8570E+02
   -4.162521   29.66250  0.1572E-13  0.1931E-04  0.7310E-07  0.2002E-02  0.1702E-03  0.1868E+03
   -4.275016   29.66328  0.1572E-13  0.1669E-04  0.1177E-06  0.7952E-03  0.1550E-03 -0.3398E+03
   -4.387510   29.66680  0.1572E-13  0.7324E-05  0.4111E-06  0.9920E-04  0.1253E-03 -0.2065E+05
   -4.500003   29.68201  0.1572E-13  0.0000E+00  0.0000E+00  0.0000E+00  0.1341E-03  0.0000E+00
