 1 - depth, m
 2 - temperature, C
 3 - salinity, kg/kg
 4 - turbulent kinetic energy, m**2/s**2
 5 - dissipation rate, m**2/s**3
 6 - kinematic heat conductance, m**2/s
 7 - modulus of horizontal velocity, m/s
 8 - Richardson number, n/d
   -0.000000   28.04845  0.1171E-12  0.1057E-04  0.3049E-06  0.5527E-04  0.9804E-02 -0.3920E+00
   -0.112493   28.10317  0.1171E-12  0.1569E-04  0.1089E-06  0.8093E-03  0.3159E-02  0.1528E+04
   -0.224987   28.10666  0.1171E-12  0.1722E-04  0.8282E-07  0.1213E-02  0.2573E-02  0.7003E+01
   -0.337482   28.10883  0.1171E-12  0.1833E-04  0.7051E-07  0.1540E-02  0.2281E-02  0.3399E+01
   -0.449979   28.11046  0.1171E-12  0.1927E-04  0.6268E-07  0.1886E-02  0.2062E-02  0.2368E+01
   -0.562476   28.11172  0.1171E-12  0.2008E-04  0.5725E-07  0.2217E-02  0.1890E-02  0.1833E+01
   -0.674974   28.11275  0.1171E-12  0.2078E-04  0.5325E-07  0.2533E-02  0.1749E-02  0.1528E+01
   -0.787472   28.11363  0.1171E-12  0.2140E-04  0.5018E-07  0.2829E-02  0.1630E-02  0.1358E+01
   -0.899972   28.11439  0.1171E-12  0.2196E-04  0.4773E-07  0.3114E-02  0.1527E-02  0.1303E+01
   -1.012472   28.11506  0.1171E-12  0.2247E-04  0.4571E-07  0.3395E-02  0.1433E-02  0.1294E+01
   -1.124972   28.11567  0.1171E-12  0.2294E-04  0.4402E-07  0.3670E-02  0.1347E-02  0.1299E+01
   -1.237474   28.11622  0.1171E-12  0.2337E-04  0.4259E-07  0.3934E-02  0.1268E-02  0.1306E+01
   -1.349976   28.11673  0.1171E-12  0.2376E-04  0.4138E-07  0.4184E-02  0.1195E-02  0.1311E+01
   -1.462478   28.11721  0.1171E-12  0.2411E-04  0.4035E-07  0.4417E-02  0.1128E-02  0.1310E+01
   -1.574980   28.11765  0.1171E-12  0.2442E-04  0.3949E-07  0.4630E-02  0.1065E-02  0.1307E+01
   -1.687483   28.11807  0.1171E-12  0.2470E-04  0.3877E-07  0.4821E-02  0.1007E-02  0.1299E+01
   -1.799987   28.11847  0.1171E-12  0.2493E-04  0.3818E-07  0.4988E-02  0.9530E-03  0.1289E+01
   -1.912490   28.11885  0.1171E-12  0.2513E-04  0.3769E-07  0.5131E-02  0.9032E-03  0.1274E+01
   -2.024994   28.11922  0.1171E-12  0.2529E-04  0.3732E-07  0.5249E-02  0.8572E-03  0.1258E+01
   -2.137497   28.11958  0.1171E-12  0.2542E-04  0.3703E-07  0.5341E-02  0.8147E-03  0.1242E+01
   -2.250001   28.11993  0.1171E-12  0.2552E-04  0.3683E-07  0.5407E-02  0.7753E-03  0.1229E+01
   -2.362505   28.12028  0.1171E-12  0.2558E-04  0.3672E-07  0.5449E-02  0.7390E-03  0.1233E+01
   -2.475009   28.12062  0.1171E-12  0.2562E-04  0.3667E-07  0.5468E-02  0.7051E-03  0.1280E+01
   -2.587512   28.12096  0.1171E-12  0.2562E-04  0.3671E-07  0.5466E-02  0.6731E-03  0.1374E+01
   -2.700016   28.12130  0.1171E-12  0.2560E-04  0.3684E-07  0.5439E-02  0.6422E-03  0.1492E+01
   -2.812519   28.12164  0.1171E-12  0.2555E-04  0.3706E-07  0.5387E-02  0.6124E-03  0.1636E+01
   -2.925022   28.12198  0.1171E-12  0.2547E-04  0.3739E-07  0.5308E-02  0.5834E-03  0.1816E+01
   -3.037525   28.12233  0.1171E-12  0.2535E-04  0.3785E-07  0.5199E-02  0.5554E-03  0.2041E+01
   -3.150027   28.12268  0.1171E-12  0.2520E-04  0.3846E-07  0.5059E-02  0.5280E-03  0.2331E+01
   -3.262529   28.12304  0.1171E-12  0.2500E-04  0.3927E-07  0.4884E-02  0.5012E-03  0.2713E+01
   -3.375030   28.12342  0.1171E-12  0.2476E-04  0.4032E-07  0.4672E-02  0.4749E-03  0.3233E+01
   -3.487531   28.12381  0.1171E-12  0.2446E-04  0.4171E-07  0.4418E-02  0.4490E-03  0.3966E+01
   -3.600031   28.12422  0.1171E-12  0.2409E-04  0.4355E-07  0.4119E-02  0.4233E-03  0.5062E+01
   -3.712530   28.12466  0.1171E-12  0.2363E-04  0.4605E-07  0.3769E-02  0.3977E-03  0.6808E+01
   -3.825029   28.12514  0.1171E-12  0.2307E-04  0.4956E-07  0.3358E-02  0.3719E-03  0.9839E+01
   -3.937527   28.12568  0.1171E-12  0.2235E-04  0.5474E-07  0.2911E-02  0.3458E-03  0.1591E+02
   -4.050024   28.12630  0.1171E-12  0.2140E-04  0.6307E-07  0.2282E-02  0.3191E-03  0.3139E+02
   -4.162520   28.12709  0.1171E-12  0.2005E-04  0.7814E-07  0.2021E-02  0.2904E-03  0.6875E+02
   -4.275015   28.12798  0.1171E-12  0.1731E-04  0.1263E-06  0.8007E-03  0.2646E-03 -0.1330E+03
   -4.387509   28.13206  0.1171E-12  0.7654E-05  0.4403E-06  0.1020E-03  0.2142E-03 -0.7646E+04
   -4.500002   28.14952  0.1171E-12  0.0000E+00  0.0000E+00  0.0000E+00  0.2290E-03  0.0000E+00
