 1 - depth, m
 2 - temperature, C
 3 - salinity, kg/kg
 4 - turbulent kinetic energy, m**2/s**2
 5 - dissipation rate, m**2/s**3
 6 - kinematic heat conductance, m**2/s
 7 - modulus of horizontal velocity, m/s
 8 - Richardson number, n/d
   -0.000000   30.84452  0.4679E-13  0.6197E-05  0.2953E-06  0.7035E-04  0.1963E-02 -0.1144E+02
   -0.112493   30.89072  0.4679E-13  0.1386E-04  0.1158E-06  0.5681E-03  0.7173E-03  0.1070E+05
   -0.224987   30.89769  0.4679E-13  0.1671E-04  0.8356E-07  0.1181E-02  0.5390E-03  0.2437E+03
   -0.337482   30.90006  0.4679E-13  0.1849E-04  0.7146E-07  0.1528E-02  0.4739E-03  0.9016E+02
   -0.449979   30.90180  0.4679E-13  0.1987E-04  0.6414E-07  0.1950E-02  0.4263E-03  0.5902E+02
   -0.562476   30.90310  0.4679E-13  0.2100E-04  0.5917E-07  0.2332E-02  0.3903E-03  0.4438E+02
   -0.674973   30.90415  0.4679E-13  0.2195E-04  0.5554E-07  0.2696E-02  0.3611E-03  0.3633E+02
   -0.787472   30.90502  0.4679E-13  0.2277E-04  0.5277E-07  0.3039E-02  0.3366E-03  0.3143E+02
   -0.899972   30.90578  0.4679E-13  0.2348E-04  0.5058E-07  0.3360E-02  0.3156E-03  0.2816E+02
   -1.012472   30.90645  0.4679E-13  0.2410E-04  0.4881E-07  0.3661E-02  0.2971E-03  0.2602E+02
   -1.124972   30.90705  0.4679E-13  0.2465E-04  0.4736E-07  0.3940E-02  0.2806E-03  0.2450E+02
   -1.237474   30.90760  0.4679E-13  0.2514E-04  0.4616E-07  0.4199E-02  0.2657E-03  0.2356E+02
   -1.349975   30.90811  0.4679E-13  0.2558E-04  0.4515E-07  0.4437E-02  0.2522E-03  0.2291E+02
   -1.462478   30.90859  0.4679E-13  0.2596E-04  0.4431E-07  0.4655E-02  0.2398E-03  0.2265E+02
   -1.574980   30.90904  0.4679E-13  0.2631E-04  0.4360E-07  0.4853E-02  0.2283E-03  0.2254E+02
   -1.687483   30.90947  0.4679E-13  0.2661E-04  0.4301E-07  0.5030E-02  0.2176E-03  0.2274E+02
   -1.799986   30.90988  0.4679E-13  0.2687E-04  0.4253E-07  0.5186E-02  0.2076E-03  0.2305E+02
   -1.912490   30.91027  0.4679E-13  0.2710E-04  0.4214E-07  0.5322E-02  0.1982E-03  0.2366E+02
   -2.024993   30.91066  0.4679E-13  0.2730E-04  0.4183E-07  0.5437E-02  0.1894E-03  0.2437E+02
   -2.137497   30.91103  0.4679E-13  0.2746E-04  0.4160E-07  0.5530E-02  0.1809E-03  0.2541E+02
   -2.250001   30.91139  0.4679E-13  0.2759E-04  0.4146E-07  0.5601E-02  0.1729E-03  0.2657E+02
   -2.362505   30.91175  0.4679E-13  0.2769E-04  0.4140E-07  0.5649E-02  0.1653E-03  0.2812E+02
   -2.475008   30.91211  0.4679E-13  0.2775E-04  0.4141E-07  0.5674E-02  0.1580E-03  0.2985E+02
   -2.587512   30.91246  0.4679E-13  0.2779E-04  0.4152E-07  0.5673E-02  0.1510E-03  0.3209E+02
   -2.700015   30.91281  0.4679E-13  0.2779E-04  0.4172E-07  0.5647E-02  0.1442E-03  0.3463E+02
   -2.812519   30.91316  0.4679E-13  0.2775E-04  0.4202E-07  0.5594E-02  0.1377E-03  0.3795E+02
   -2.925022   30.91351  0.4679E-13  0.2768E-04  0.4245E-07  0.5512E-02  0.1314E-03  0.4186E+02
   -3.037524   30.91387  0.4679E-13  0.2757E-04  0.4302E-07  0.5399E-02  0.1252E-03  0.4701E+02
   -3.150026   30.91424  0.4679E-13  0.2742E-04  0.4377E-07  0.5252E-02  0.1192E-03  0.5338E+02
   -3.262528   30.91461  0.4679E-13  0.2721E-04  0.4474E-07  0.5070E-02  0.1133E-03  0.6206E+02
   -3.375029   30.91500  0.4679E-13  0.2696E-04  0.4599E-07  0.4848E-02  0.1075E-03  0.7354E+02
   -3.487530   30.91540  0.4679E-13  0.2664E-04  0.4762E-07  0.4582E-02  0.1018E-03  0.9009E+02
   -3.600030   30.91583  0.4679E-13  0.2625E-04  0.4978E-07  0.4268E-02  0.9609E-04  0.1144E+03
   -3.712530   30.91629  0.4679E-13  0.2575E-04  0.5270E-07  0.3901E-02  0.9043E-04  0.1536E+03
   -3.825028   30.91678  0.4679E-13  0.2514E-04  0.5680E-07  0.3469E-02  0.8472E-04  0.2210E+03
   -3.937526   30.91734  0.4679E-13  0.2435E-04  0.6285E-07  0.3006E-02  0.7890E-04  0.3570E+03
   -4.050023   30.91799  0.4679E-13  0.2329E-04  0.7258E-07  0.2337E-02  0.7297E-04  0.7056E+03
   -4.162519   30.91882  0.4679E-13  0.2180E-04  0.9025E-07  0.2087E-02  0.6652E-04  0.1525E+04
   -4.275015   30.91974  0.4679E-13  0.1875E-04  0.1470E-06  0.8164E-03  0.6078E-04 -0.3242E+04
   -4.387509   30.92409  0.4679E-13  0.8356E-05  0.5103E-06  0.1090E-03  0.4929E-04 -0.1561E+06
   -4.500002   30.94138  0.4679E-13  0.0000E+00  0.0000E+00  0.0000E+00  0.5278E-04  0.0000E+00
