 1 - depth, m
 2 - temperature, C
 3 - salinity, kg/kg
 4 - turbulent kinetic energy, m**2/s**2
 5 - dissipation rate, m**2/s**3
 6 - kinematic heat conductance, m**2/s
 7 - modulus of horizontal velocity, m/s
 8 - Richardson number, n/d
   -0.000000   30.85639  0.3037E-13  0.6584E-05  0.3303E-06  0.7157E-04  0.9106E-03 -0.8211E+02
   -0.112493   30.90771  0.3037E-13  0.1524E-04  0.1304E-06  0.5812E-03  0.3413E-03  0.1534E+04
   -0.224987   30.91561  0.3037E-13  0.1842E-04  0.9459E-07  0.1269E-02  0.2539E-03  0.1408E+04
   -0.337482   30.91817  0.3037E-13  0.2036E-04  0.8138E-07  0.1611E-02  0.2248E-03  0.5722E+03
   -0.449979   30.92010  0.3037E-13  0.2187E-04  0.7328E-07  0.2051E-02  0.2029E-03  0.3884E+03
   -0.562476   30.92155  0.3037E-13  0.2309E-04  0.6772E-07  0.2446E-02  0.1864E-03  0.2949E+03
   -0.674973   30.92273  0.3037E-13  0.2411E-04  0.6361E-07  0.2822E-02  0.1729E-03  0.2442E+03
   -0.787472   30.92373  0.3037E-13  0.2497E-04  0.6043E-07  0.3174E-02  0.1615E-03  0.2106E+03
   -0.899971   30.92459  0.3037E-13  0.2571E-04  0.5787E-07  0.3503E-02  0.1517E-03  0.1899E+03
   -1.012472   30.92534  0.3037E-13  0.2634E-04  0.5577E-07  0.3810E-02  0.1431E-03  0.1738E+03
   -1.124972   30.92603  0.3037E-13  0.2689E-04  0.5401E-07  0.4095E-02  0.1354E-03  0.1643E+03
   -1.237473   30.92665  0.3037E-13  0.2737E-04  0.5252E-07  0.4357E-02  0.1285E-03  0.1559E+03
   -1.349975   30.92723  0.3037E-13  0.2779E-04  0.5124E-07  0.4599E-02  0.1221E-03  0.1521E+03
   -1.462477   30.92776  0.3037E-13  0.2814E-04  0.5014E-07  0.4819E-02  0.1163E-03  0.1479E+03
   -1.574980   30.92826  0.3037E-13  0.2845E-04  0.4918E-07  0.5018E-02  0.1109E-03  0.1475E+03
   -1.687483   30.92874  0.3037E-13  0.2871E-04  0.4835E-07  0.5196E-02  0.1058E-03  0.1461E+03
   -1.799986   30.92919  0.3037E-13  0.2892E-04  0.4763E-07  0.5353E-02  0.1011E-03  0.1484E+03
   -1.912490   30.92962  0.3037E-13  0.2910E-04  0.4701E-07  0.5489E-02  0.9661E-04  0.1493E+03
   -2.024993   30.93004  0.3037E-13  0.2923E-04  0.4648E-07  0.5603E-02  0.9240E-04  0.1540E+03
   -2.137497   30.93044  0.3037E-13  0.2933E-04  0.4603E-07  0.5695E-02  0.8840E-04  0.1571E+03
   -2.250001   30.93083  0.3037E-13  0.2939E-04  0.4567E-07  0.5765E-02  0.8459E-04  0.1645E+03
   -2.362504   30.93121  0.3037E-13  0.2942E-04  0.4540E-07  0.5812E-02  0.8095E-04  0.1702E+03
   -2.475008   30.93158  0.3037E-13  0.2941E-04  0.4521E-07  0.5834E-02  0.7746E-04  0.1809E+03
   -2.587512   30.93194  0.3037E-13  0.2937E-04  0.4511E-07  0.5832E-02  0.7410E-04  0.1899E+03
   -2.700015   30.93231  0.3037E-13  0.2929E-04  0.4511E-07  0.5803E-02  0.7086E-04  0.2051E+03
   -2.812518   30.93266  0.3037E-13  0.2917E-04  0.4523E-07  0.5747E-02  0.6773E-04  0.2194E+03
   -2.925021   30.93302  0.3037E-13  0.2902E-04  0.4547E-07  0.5661E-02  0.6468E-04  0.2420E+03
   -3.037524   30.93338  0.3037E-13  0.2883E-04  0.4585E-07  0.5543E-02  0.6172E-04  0.2654E+03
   -3.150026   30.93374  0.3037E-13  0.2859E-04  0.4642E-07  0.5392E-02  0.5882E-04  0.3011E+03
   -3.262528   30.93410  0.3037E-13  0.2830E-04  0.4722E-07  0.5203E-02  0.5598E-04  0.3421E+03
   -3.375029   30.93447  0.3037E-13  0.2796E-04  0.4831E-07  0.4974E-02  0.5318E-04  0.4046E+03
   -3.487530   30.93486  0.3037E-13  0.2756E-04  0.4979E-07  0.4700E-02  0.5042E-04  0.4850E+03
   -3.600030   30.93526  0.3037E-13  0.2707E-04  0.5181E-07  0.4376E-02  0.4768E-04  0.6138E+03
   -3.712529   30.93568  0.3037E-13  0.2649E-04  0.5461E-07  0.3999E-02  0.4494E-04  0.8081E+03
   -3.825028   30.93614  0.3037E-13  0.2579E-04  0.5863E-07  0.3551E-02  0.4216E-04  0.1158E+04
   -3.937526   30.93665  0.3037E-13  0.2491E-04  0.6468E-07  0.3081E-02  0.3934E-04  0.1837E+04
   -4.050023   30.93723  0.3037E-13  0.2376E-04  0.7457E-07  0.2381E-02  0.3645E-04  0.3623E+04
   -4.162519   30.93797  0.3037E-13  0.2216E-04  0.9283E-07  0.2134E-02  0.3328E-04  0.7658E+04
   -4.275014   30.93876  0.3037E-13  0.1892E-04  0.1522E-06  0.8206E-03  0.3047E-04 -0.1520E+05
   -4.387508   30.94263  0.3037E-13  0.8373E-05  0.5265E-06  0.1127E-03  0.2468E-04 -0.8127E+06
   -4.500001   30.95686  0.3037E-13  0.0000E+00  0.0000E+00  0.0000E+00  0.2655E-04  0.0000E+00
