 1 - depth, m
 2 - temperature, C
 3 - salinity, kg/kg
 4 - turbulent kinetic energy, m**2/s**2
 5 - dissipation rate, m**2/s**3
 6 - kinematic heat conductance, m**2/s
 7 - modulus of horizontal velocity, m/s
 8 - Richardson number, n/d
   -0.000000   29.84785  0.6289E-13  0.5708E-05  0.1978E-06  0.5707E-04  0.1793E-02 -0.9443E+01
   -0.112493   29.89495  0.6289E-13  0.1332E-04  0.8036E-07  0.7907E-03  0.4879E-03  0.1005E+05
   -0.224987   29.89815  0.6289E-13  0.1523E-04  0.6410E-07  0.1219E-02  0.4029E-03  0.2310E+03
   -0.337483   29.90003  0.6289E-13  0.1656E-04  0.5578E-07  0.1578E-02  0.3562E-03  0.1146E+03
   -0.449979   29.90139  0.6290E-13  0.1763E-04  0.5049E-07  0.1949E-02  0.3220E-03  0.7951E+02
   -0.562476   29.90244  0.6290E-13  0.1852E-04  0.4680E-07  0.2299E-02  0.2953E-03  0.6169E+02
   -0.674974   29.90329  0.6290E-13  0.1929E-04  0.4406E-07  0.2631E-02  0.2734E-03  0.5147E+02
   -0.787472   29.90401  0.6290E-13  0.1995E-04  0.4195E-07  0.2944E-02  0.2548E-03  0.4497E+02
   -0.899972   29.90464  0.6290E-13  0.2054E-04  0.4029E-07  0.3239E-02  0.2388E-03  0.4075E+02
   -1.012472   29.90520  0.6290E-13  0.2106E-04  0.3894E-07  0.3515E-02  0.2247E-03  0.3785E+02
   -1.124973   29.90570  0.6290E-13  0.2153E-04  0.3785E-07  0.3772E-02  0.2120E-03  0.3599E+02
   -1.237474   29.90617  0.6290E-13  0.2195E-04  0.3695E-07  0.4011E-02  0.2006E-03  0.3474E+02
   -1.349976   29.90660  0.6290E-13  0.2233E-04  0.3620E-07  0.4231E-02  0.1902E-03  0.3411E+02
   -1.462478   29.90700  0.6290E-13  0.2268E-04  0.3559E-07  0.4432E-02  0.1806E-03  0.3382E+02
   -1.574981   29.90739  0.6290E-13  0.2299E-04  0.3508E-07  0.4615E-02  0.1718E-03  0.3400E+02
   -1.687484   29.90776  0.6290E-13  0.2326E-04  0.3467E-07  0.4779E-02  0.1635E-03  0.3442E+02
   -1.799987   29.90811  0.6290E-13  0.2351E-04  0.3435E-07  0.4924E-02  0.1558E-03  0.3526E+02
   -1.912490   29.90845  0.6290E-13  0.2372E-04  0.3410E-07  0.5050E-02  0.1485E-03  0.3631E+02
   -2.024994   29.90879  0.6290E-13  0.2391E-04  0.3392E-07  0.5156E-02  0.1417E-03  0.3781E+02
   -2.137498   29.90912  0.6290E-13  0.2408E-04  0.3381E-07  0.5242E-02  0.1352E-03  0.3955E+02
   -2.250002   29.90944  0.6290E-13  0.2421E-04  0.3376E-07  0.5308E-02  0.1291E-03  0.4183E+02
   -2.362505   29.90976  0.6290E-13  0.2432E-04  0.3378E-07  0.5352E-02  0.1232E-03  0.4442E+02
   -2.475009   29.91007  0.6290E-13  0.2441E-04  0.3387E-07  0.5374E-02  0.1176E-03  0.4771E+02
   -2.587513   29.91039  0.6290E-13  0.2446E-04  0.3403E-07  0.5373E-02  0.1122E-03  0.5148E+02
   -2.700016   29.91070  0.6290E-13  0.2449E-04  0.3427E-07  0.5348E-02  0.1070E-03  0.5624E+02
   -2.812519   29.91102  0.6290E-13  0.2449E-04  0.3460E-07  0.5298E-02  0.1020E-03  0.6185E+02
   -2.925022   29.91134  0.6290E-13  0.2445E-04  0.3503E-07  0.5220E-02  0.9709E-04  0.6905E+02
   -3.037525   29.91167  0.6290E-13  0.2438E-04  0.3558E-07  0.5114E-02  0.9237E-04  0.7785E+02
   -3.150027   29.91200  0.6290E-13  0.2428E-04  0.3627E-07  0.4976E-02  0.8777E-04  0.8946E+02
   -3.262529   29.91234  0.6290E-13  0.2413E-04  0.3715E-07  0.4805E-02  0.8327E-04  0.1044E+03
   -3.375030   29.91270  0.6290E-13  0.2393E-04  0.3827E-07  0.4597E-02  0.7885E-04  0.1252E+03
   -3.487531   29.91308  0.6290E-13  0.2368E-04  0.3970E-07  0.4348E-02  0.7449E-04  0.1540E+03
   -3.600031   29.91347  0.6290E-13  0.2337E-04  0.4157E-07  0.4054E-02  0.7018E-04  0.1976E+03
   -3.712531   29.91390  0.6290E-13  0.2297E-04  0.4407E-07  0.3711E-02  0.6588E-04  0.2664E+03
   -3.825029   29.91437  0.6290E-13  0.2246E-04  0.4754E-07  0.3309E-02  0.6156E-04  0.3865E+03
   -3.937527   29.91490  0.6290E-13  0.2180E-04  0.5260E-07  0.2870E-02  0.5719E-04  0.6261E+03
   -4.050024   29.91551  0.6290E-13  0.2090E-04  0.6064E-07  0.2260E-02  0.5272E-04  0.1236E+04
   -4.162521   29.91629  0.6290E-13  0.1963E-04  0.7504E-07  0.1996E-02  0.4794E-04  0.2744E+04
   -4.275016   29.91716  0.6290E-13  0.1704E-04  0.1204E-06  0.8071E-03  0.4364E-04 -0.5333E+04
   -4.387510   29.92109  0.6290E-13  0.7539E-05  0.4222E-06  0.9831E-04  0.3541E-04 -0.3313E+06
   -4.500003   29.93893  0.6290E-13  0.0000E+00  0.0000E+00  0.0000E+00  0.3777E-04  0.0000E+00
