 1 - depth, m
 2 - temperature, C
 3 - salinity, kg/kg
 4 - turbulent kinetic energy, m**2/s**2
 5 - dissipation rate, m**2/s**3
 6 - kinematic heat conductance, m**2/s
 7 - modulus of horizontal velocity, m/s
 8 - Richardson number, n/d
   -0.000000   29.46155  0.9416E-13  0.7693E-05  0.2173E-06  0.4961E-04  0.6068E-02 -0.9342E+00
   -0.112493   29.51546  0.9416E-13  0.1407E-04  0.8686E-07  0.8282E-03  0.1709E-02  0.1771E+04
   -0.224987   29.51848  0.9416E-13  0.1570E-04  0.6930E-07  0.1171E-02  0.1450E-02  0.1742E+02
   -0.337483   29.52049  0.9416E-13  0.1696E-04  0.5983E-07  0.1550E-02  0.1278E-02  0.9545E+01
   -0.449979   29.52194  0.9416E-13  0.1797E-04  0.5379E-07  0.1904E-02  0.1154E-02  0.6573E+01
   -0.562476   29.52306  0.9416E-13  0.1882E-04  0.4957E-07  0.2243E-02  0.1057E-02  0.5105E+01
   -0.674974   29.52399  0.9416E-13  0.1955E-04  0.4642E-07  0.2566E-02  0.9772E-03  0.4253E+01
   -0.787472   29.52477  0.9416E-13  0.2018E-04  0.4399E-07  0.2871E-02  0.9098E-03  0.3714E+01
   -0.899972   29.52544  0.9416E-13  0.2072E-04  0.4204E-07  0.3158E-02  0.8515E-03  0.3357E+01
   -1.012472   29.52605  0.9416E-13  0.2120E-04  0.4045E-07  0.3427E-02  0.8002E-03  0.3113E+01
   -1.124973   29.52659  0.9416E-13  0.2163E-04  0.3914E-07  0.3678E-02  0.7543E-03  0.2948E+01
   -1.237474   29.52709  0.9416E-13  0.2200E-04  0.3803E-07  0.3912E-02  0.7129E-03  0.2838E+01
   -1.349976   29.52755  0.9416E-13  0.2233E-04  0.3710E-07  0.4127E-02  0.6752E-03  0.2772E+01
   -1.462478   29.52798  0.9416E-13  0.2262E-04  0.3630E-07  0.4324E-02  0.6406E-03  0.2740E+01
   -1.574981   29.52838  0.9416E-13  0.2288E-04  0.3562E-07  0.4503E-02  0.6086E-03  0.2738E+01
   -1.687484   29.52877  0.9416E-13  0.2310E-04  0.3504E-07  0.4665E-02  0.5788E-03  0.2761E+01
   -1.799987   29.52914  0.9416E-13  0.2329E-04  0.3455E-07  0.4807E-02  0.5510E-03  0.2809E+01
   -1.912490   29.52949  0.9416E-13  0.2345E-04  0.3414E-07  0.4931E-02  0.5248E-03  0.2880E+01
   -2.024994   29.52983  0.9416E-13  0.2359E-04  0.3380E-07  0.5036E-02  0.5002E-03  0.2976E+01
   -2.137498   29.53016  0.9416E-13  0.2369E-04  0.3353E-07  0.5122E-02  0.4769E-03  0.3099E+01
   -2.250002   29.53049  0.9416E-13  0.2377E-04  0.3332E-07  0.5188E-02  0.4548E-03  0.3252E+01
   -2.362506   29.53080  0.9416E-13  0.2383E-04  0.3318E-07  0.5233E-02  0.4337E-03  0.3437E+01
   -2.475009   29.53112  0.9416E-13  0.2385E-04  0.3311E-07  0.5256E-02  0.4135E-03  0.3661E+01
   -2.587513   29.53142  0.9416E-13  0.2385E-04  0.3310E-07  0.5258E-02  0.3942E-03  0.3929E+01
   -2.700016   29.53173  0.9416E-13  0.2382E-04  0.3317E-07  0.5236E-02  0.3756E-03  0.4256E+01
   -2.812520   29.53204  0.9416E-13  0.2376E-04  0.3333E-07  0.5189E-02  0.3577E-03  0.4655E+01
   -2.925023   29.53234  0.9416E-13  0.2368E-04  0.3358E-07  0.5116E-02  0.3404E-03  0.5152E+01
   -3.037525   29.53265  0.9416E-13  0.2356E-04  0.3394E-07  0.5014E-02  0.3236E-03  0.5778E+01
   -3.150028   29.53296  0.9416E-13  0.2340E-04  0.3444E-07  0.4883E-02  0.3072E-03  0.6583E+01
   -3.262529   29.53328  0.9416E-13  0.2321E-04  0.3510E-07  0.4718E-02  0.2912E-03  0.7643E+01
   -3.375031   29.53361  0.9416E-13  0.2297E-04  0.3599E-07  0.4517E-02  0.2755E-03  0.9086E+01
   -3.487531   29.53395  0.9416E-13  0.2269E-04  0.3716E-07  0.4276E-02  0.2601E-03  0.1112E+02
   -3.600032   29.53431  0.9416E-13  0.2234E-04  0.3873E-07  0.3991E-02  0.2448E-03  0.1415E+02
   -3.712531   29.53469  0.9416E-13  0.2191E-04  0.4086E-07  0.3658E-02  0.2297E-03  0.1896E+02
   -3.825030   29.53511  0.9416E-13  0.2138E-04  0.4387E-07  0.3266E-02  0.2145E-03  0.2729E+02
   -3.937528   29.53557  0.9416E-13  0.2071E-04  0.4833E-07  0.2837E-02  0.1991E-03  0.4391E+02
   -4.050025   29.53609  0.9416E-13  0.1983E-04  0.5549E-07  0.2239E-02  0.1834E-03  0.8565E+02
   -4.162521   29.53676  0.9416E-13  0.1860E-04  0.6843E-07  0.1973E-02  0.1666E-03  0.1879E+03
   -4.275016   29.53750  0.9416E-13  0.1611E-04  0.1096E-06  0.7915E-03  0.1515E-03 -0.3286E+03
   -4.387510   29.54083  0.9416E-13  0.7050E-05  0.3840E-06  0.9580E-04  0.1225E-03 -0.2179E+05
   -4.500003   29.55586  0.9416E-13  0.0000E+00  0.0000E+00  0.0000E+00  0.1309E-03  0.0000E+00
