 1 - depth, m
 2 - temperature, C
 3 - salinity, kg/kg
 4 - turbulent kinetic energy, m**2/s**2
 5 - dissipation rate, m**2/s**3
 6 - kinematic heat conductance, m**2/s
 7 - modulus of horizontal velocity, m/s
 8 - Richardson number, n/d
   -0.000000   30.51227  0.6435E-13  0.6554E-05  0.2675E-06  0.6371E-04  0.3435E-02 -0.3266E+01
   -0.112493   30.56135  0.6435E-13  0.1405E-04  0.1047E-06  0.6773E-03  0.1115E-02  0.6499E+05
   -0.224987   30.56674  0.6435E-13  0.1646E-04  0.7833E-07  0.1191E-02  0.8768E-03  0.9363E+02
   -0.337482   30.56897  0.6435E-13  0.1806E-04  0.6730E-07  0.1554E-02  0.7726E-03  0.2951E+02
   -0.449979   30.57059  0.6435E-13  0.1932E-04  0.6051E-07  0.1953E-02  0.6966E-03  0.1961E+02
   -0.562476   30.57183  0.6435E-13  0.2035E-04  0.5585E-07  0.2322E-02  0.6383E-03  0.1488E+02
   -0.674974   30.57282  0.6435E-13  0.2123E-04  0.5242E-07  0.2673E-02  0.5908E-03  0.1225E+02
   -0.787472   30.57366  0.6435E-13  0.2198E-04  0.4978E-07  0.3003E-02  0.5508E-03  0.1062E+02
   -0.899972   30.57439  0.6435E-13  0.2263E-04  0.4769E-07  0.3314E-02  0.5163E-03  0.9545E+01
   -1.012472   30.57503  0.6435E-13  0.2321E-04  0.4600E-07  0.3604E-02  0.4860E-03  0.8819E+01
   -1.124972   30.57561  0.6435E-13  0.2372E-04  0.4460E-07  0.3874E-02  0.4589E-03  0.8328E+01
   -1.237474   30.57614  0.6435E-13  0.2417E-04  0.4344E-07  0.4125E-02  0.4345E-03  0.8002E+01
   -1.349976   30.57663  0.6435E-13  0.2457E-04  0.4247E-07  0.4356E-02  0.4122E-03  0.7803E+01
   -1.462478   30.57709  0.6435E-13  0.2493E-04  0.4165E-07  0.4567E-02  0.3917E-03  0.7704E+01
   -1.574980   30.57753  0.6435E-13  0.2524E-04  0.4096E-07  0.4759E-02  0.3728E-03  0.7688E+01
   -1.687483   30.57794  0.6435E-13  0.2552E-04  0.4038E-07  0.4930E-02  0.3552E-03  0.7748E+01
   -1.799987   30.57833  0.6435E-13  0.2576E-04  0.3989E-07  0.5082E-02  0.3387E-03  0.7876E+01
   -1.912490   30.57871  0.6435E-13  0.2597E-04  0.3950E-07  0.5214E-02  0.3232E-03  0.8073E+01
   -2.024994   30.57908  0.6435E-13  0.2614E-04  0.3919E-07  0.5325E-02  0.3086E-03  0.8338E+01
   -2.137497   30.57944  0.6435E-13  0.2629E-04  0.3895E-07  0.5416E-02  0.2947E-03  0.8681E+01
   -2.250001   30.57979  0.6435E-13  0.2640E-04  0.3879E-07  0.5485E-02  0.2815E-03  0.9105E+01
   -2.362505   30.58013  0.6435E-13  0.2648E-04  0.3870E-07  0.5532E-02  0.2690E-03  0.9621E+01
   -2.475009   30.58047  0.6435E-13  0.2654E-04  0.3870E-07  0.5555E-02  0.2569E-03  0.1024E+02
   -2.587512   30.58081  0.6435E-13  0.2656E-04  0.3877E-07  0.5555E-02  0.2454E-03  0.1100E+02
   -2.700016   30.58114  0.6435E-13  0.2655E-04  0.3893E-07  0.5530E-02  0.2343E-03  0.1191E+02
   -2.812519   30.58148  0.6435E-13  0.2651E-04  0.3919E-07  0.5478E-02  0.2235E-03  0.1303E+02
   -2.925022   30.58182  0.6435E-13  0.2643E-04  0.3956E-07  0.5398E-02  0.2131E-03  0.1441E+02
   -3.037525   30.58216  0.6435E-13  0.2632E-04  0.4007E-07  0.5288E-02  0.2029E-03  0.1617E+02
   -3.150027   30.58251  0.6435E-13  0.2617E-04  0.4074E-07  0.5146E-02  0.1931E-03  0.1841E+02
   -3.262529   30.58286  0.6435E-13  0.2597E-04  0.4161E-07  0.4968E-02  0.1834E-03  0.2138E+02
   -3.375030   30.58323  0.6435E-13  0.2572E-04  0.4275E-07  0.4752E-02  0.1739E-03  0.2541E+02
   -3.487531   30.58361  0.6435E-13  0.2541E-04  0.4423E-07  0.4493E-02  0.1645E-03  0.3110E+02
   -3.600031   30.58402  0.6435E-13  0.2503E-04  0.4621E-07  0.4187E-02  0.1552E-03  0.3958E+02
   -3.712530   30.58445  0.6435E-13  0.2456E-04  0.4888E-07  0.3829E-02  0.1459E-03  0.5311E+02
   -3.825029   30.58492  0.6435E-13  0.2397E-04  0.5263E-07  0.3409E-02  0.1366E-03  0.7656E+02
   -3.937527   30.58545  0.6435E-13  0.2322E-04  0.5816E-07  0.2955E-02  0.1271E-03  0.1235E+03
   -4.050024   30.58606  0.6435E-13  0.2222E-04  0.6707E-07  0.2308E-02  0.1174E-03  0.2436E+03
   -4.162520   30.58683  0.6435E-13  0.2081E-04  0.8322E-07  0.2053E-02  0.1070E-03  0.5290E+03
   -4.275015   30.58769  0.6435E-13  0.1793E-04  0.1349E-06  0.8082E-03  0.9761E-04 -0.1070E+04
   -4.387509   30.59172  0.6435E-13  0.7948E-05  0.4697E-06  0.1050E-03  0.7908E-04 -0.5639E+05
   -4.500002   30.60827  0.6435E-13  0.0000E+00  0.0000E+00  0.0000E+00  0.8464E-04  0.0000E+00
