 1 - depth, m
 2 - temperature, C
 3 - salinity, kg/kg
 4 - turbulent kinetic energy, m**2/s**2
 5 - dissipation rate, m**2/s**3
 6 - kinematic heat conductance, m**2/s
 7 - modulus of horizontal velocity, m/s
 8 - Richardson number, n/d
   -0.000000   30.94892  0.3313E-13  0.6087E-05  0.2925E-06  0.7034E-04  0.1623E-02 -0.1563E+02
   -0.112493   30.99463  0.3313E-13  0.1376E-04  0.1153E-06  0.5520E-03  0.6036E-03  0.1088E+04
   -0.224987   31.00178  0.3313E-13  0.1666E-04  0.8294E-07  0.1186E-02  0.4492E-03  0.3431E+03
   -0.337482   31.00415  0.3313E-13  0.1843E-04  0.7104E-07  0.1523E-02  0.3955E-03  0.1245E+03
   -0.449979   31.00590  0.3313E-13  0.1981E-04  0.6380E-07  0.1943E-02  0.3559E-03  0.8182E+02
   -0.562476   31.00721  0.3313E-13  0.2092E-04  0.5887E-07  0.2322E-02  0.3258E-03  0.6152E+02
   -0.674974   31.00827  0.3313E-13  0.2186E-04  0.5525E-07  0.2683E-02  0.3015E-03  0.5046E+02
   -0.787472   31.00916  0.3313E-13  0.2266E-04  0.5247E-07  0.3022E-02  0.2811E-03  0.4361E+02
   -0.899972   31.00992  0.3313E-13  0.2335E-04  0.5026E-07  0.3340E-02  0.2635E-03  0.3913E+02
   -1.012472   31.01060  0.3313E-13  0.2395E-04  0.4846E-07  0.3636E-02  0.2481E-03  0.3608E+02
   -1.124972   31.01121  0.3313E-13  0.2447E-04  0.4697E-07  0.3911E-02  0.2344E-03  0.3400E+02
   -1.237474   31.01177  0.3313E-13  0.2494E-04  0.4572E-07  0.4166E-02  0.2219E-03  0.3261E+02
   -1.349975   31.01228  0.3313E-13  0.2534E-04  0.4466E-07  0.4401E-02  0.2106E-03  0.3174E+02
   -1.462478   31.01276  0.3313E-13  0.2570E-04  0.4376E-07  0.4615E-02  0.2002E-03  0.3127E+02
   -1.574980   31.01321  0.3313E-13  0.2601E-04  0.4299E-07  0.4810E-02  0.1906E-03  0.3114E+02
   -1.687483   31.01364  0.3313E-13  0.2628E-04  0.4234E-07  0.4984E-02  0.1817E-03  0.3131E+02
   -1.799986   31.01405  0.3313E-13  0.2652E-04  0.4178E-07  0.5137E-02  0.1733E-03  0.3175E+02
   -1.912490   31.01444  0.3313E-13  0.2671E-04  0.4132E-07  0.5271E-02  0.1654E-03  0.3247E+02
   -2.024993   31.01482  0.3313E-13  0.2687E-04  0.4094E-07  0.5383E-02  0.1580E-03  0.3346E+02
   -2.137497   31.01518  0.3313E-13  0.2700E-04  0.4064E-07  0.5474E-02  0.1509E-03  0.3474E+02
   -2.250001   31.01554  0.3313E-13  0.2710E-04  0.4042E-07  0.5544E-02  0.1442E-03  0.3634E+02
   -2.362505   31.01589  0.3313E-13  0.2716E-04  0.4027E-07  0.5591E-02  0.1379E-03  0.3830E+02
   -2.475009   31.01624  0.3313E-13  0.2720E-04  0.4020E-07  0.5615E-02  0.1317E-03  0.4068E+02
   -2.587512   31.01658  0.3313E-13  0.2720E-04  0.4022E-07  0.5615E-02  0.1259E-03  0.4354E+02
   -2.700016   31.01692  0.3313E-13  0.2717E-04  0.4032E-07  0.5589E-02  0.1202E-03  0.4702E+02
   -2.812519   31.01725  0.3313E-13  0.2710E-04  0.4053E-07  0.5537E-02  0.1147E-03  0.5129E+02
   -2.925022   31.01759  0.3313E-13  0.2700E-04  0.4085E-07  0.5456E-02  0.1094E-03  0.5659E+02
   -3.037524   31.01793  0.3313E-13  0.2686E-04  0.4131E-07  0.5345E-02  0.1043E-03  0.6327E+02
   -3.150027   31.01828  0.3313E-13  0.2668E-04  0.4193E-07  0.5201E-02  0.9922E-04  0.7187E+02
   -3.262528   31.01863  0.3313E-13  0.2646E-04  0.4276E-07  0.5021E-02  0.9429E-04  0.8320E+02
   -3.375030   31.01899  0.3313E-13  0.2618E-04  0.4386E-07  0.4802E-02  0.8945E-04  0.9860E+02
   -3.487530   31.01937  0.3313E-13  0.2585E-04  0.4531E-07  0.4540E-02  0.8467E-04  0.1203E+03
   -3.600030   31.01976  0.3313E-13  0.2543E-04  0.4726E-07  0.4230E-02  0.7993E-04  0.1527E+03
   -3.712530   31.02018  0.3313E-13  0.2493E-04  0.4992E-07  0.3868E-02  0.7519E-04  0.2043E+03
   -3.825029   31.02064  0.3313E-13  0.2432E-04  0.5368E-07  0.3442E-02  0.7043E-04  0.2937E+03
   -3.937526   31.02115  0.3313E-13  0.2353E-04  0.5927E-07  0.2984E-02  0.6558E-04  0.4726E+03
   -4.050023   31.02174  0.3313E-13  0.2249E-04  0.6831E-07  0.2325E-02  0.6063E-04  0.9304E+03
   -4.162520   31.02248  0.3313E-13  0.2104E-04  0.8479E-07  0.2072E-02  0.5526E-04  0.2004E+04
   -4.275015   31.02330  0.3313E-13  0.1808E-04  0.1379E-06  0.8081E-03  0.5047E-04 -0.4068E+04
   -4.387509   31.02719  0.3313E-13  0.7999E-05  0.4790E-06  0.1068E-03  0.4086E-04 -0.2060E+06
   -4.500002   31.04259  0.3313E-13  0.0000E+00  0.0000E+00  0.0000E+00  0.4382E-04  0.0000E+00
