 1 - depth, m
 2 - temperature, C
 3 - salinity, kg/kg
 4 - turbulent kinetic energy, m**2/s**2
 5 - dissipation rate, m**2/s**3
 6 - kinematic heat conductance, m**2/s
 7 - modulus of horizontal velocity, m/s
 8 - Richardson number, n/d
   -0.000000   29.76334  0.4316E-13  0.5690E-05  0.2287E-06  0.6228E-04  0.2042E-02 -0.8059E+01
   -0.112493   29.80792  0.4316E-13  0.1294E-04  0.9053E-07  0.6488E-03  0.6531E-03  0.1164E+06
   -0.224987   29.81289  0.4316E-13  0.1522E-04  0.6832E-07  0.1173E-02  0.5090E-03  0.2079E+03
   -0.337483   29.81495  0.4316E-13  0.1670E-04  0.5897E-07  0.1518E-02  0.4482E-03  0.8196E+02
   -0.449979   29.81645  0.4316E-13  0.1787E-04  0.5317E-07  0.1904E-02  0.4036E-03  0.5494E+02
   -0.562476   29.81759  0.4316E-13  0.1883E-04  0.4918E-07  0.2261E-02  0.3693E-03  0.4192E+02
   -0.674974   29.81852  0.4316E-13  0.1965E-04  0.4623E-07  0.2600E-02  0.3414E-03  0.3466E+02
   -0.787472   29.81931  0.4316E-13  0.2035E-04  0.4396E-07  0.2919E-02  0.3180E-03  0.3016E+02
   -0.899972   29.81999  0.4316E-13  0.2096E-04  0.4216E-07  0.3218E-02  0.2978E-03  0.2720E+02
   -1.012472   29.82059  0.4316E-13  0.2150E-04  0.4071E-07  0.3498E-02  0.2800E-03  0.2522E+02
   -1.124973   29.82113  0.4316E-13  0.2197E-04  0.3950E-07  0.3758E-02  0.2641E-03  0.2387E+02
   -1.237474   29.82163  0.4316E-13  0.2239E-04  0.3850E-07  0.4000E-02  0.2498E-03  0.2300E+02
   -1.349976   29.82209  0.4316E-13  0.2277E-04  0.3766E-07  0.4222E-02  0.2367E-03  0.2248E+02
   -1.462478   29.82252  0.4316E-13  0.2310E-04  0.3696E-07  0.4425E-02  0.2248E-03  0.2225E+02
   -1.574981   29.82293  0.4316E-13  0.2340E-04  0.3636E-07  0.4609E-02  0.2137E-03  0.2225E+02
   -1.687484   29.82332  0.4316E-13  0.2366E-04  0.3586E-07  0.4775E-02  0.2034E-03  0.2247E+02
   -1.799987   29.82369  0.4316E-13  0.2388E-04  0.3545E-07  0.4921E-02  0.1937E-03  0.2289E+02
   -1.912490   29.82405  0.4316E-13  0.2408E-04  0.3511E-07  0.5048E-02  0.1847E-03  0.2352E+02
   -2.024994   29.82439  0.4316E-13  0.2424E-04  0.3485E-07  0.5155E-02  0.1761E-03  0.2434E+02
   -2.137498   29.82473  0.4316E-13  0.2438E-04  0.3465E-07  0.5242E-02  0.1681E-03  0.2540E+02
   -2.250002   29.82506  0.4316E-13  0.2448E-04  0.3451E-07  0.5308E-02  0.1604E-03  0.2669E+02
   -2.362505   29.82539  0.4316E-13  0.2456E-04  0.3445E-07  0.5353E-02  0.1531E-03  0.2827E+02
   -2.475009   29.82571  0.4316E-13  0.2462E-04  0.3445E-07  0.5376E-02  0.1461E-03  0.3016E+02
   -2.587513   29.82602  0.4316E-13  0.2464E-04  0.3452E-07  0.5376E-02  0.1393E-03  0.3245E+02
   -2.700016   29.82634  0.4316E-13  0.2463E-04  0.3467E-07  0.5352E-02  0.1329E-03  0.3521E+02
   -2.812520   29.82666  0.4316E-13  0.2460E-04  0.3490E-07  0.5302E-02  0.1266E-03  0.3862E+02
   -2.925023   29.82698  0.4316E-13  0.2453E-04  0.3524E-07  0.5225E-02  0.1206E-03  0.4281E+02
   -3.037525   29.82730  0.4316E-13  0.2443E-04  0.3570E-07  0.5120E-02  0.1147E-03  0.4813E+02
   -3.150027   29.82763  0.4316E-13  0.2429E-04  0.3630E-07  0.4983E-02  0.1090E-03  0.5493E+02
   -3.262529   29.82796  0.4316E-13  0.2411E-04  0.3708E-07  0.4812E-02  0.1034E-03  0.6394E+02
   -3.375031   29.82831  0.4316E-13  0.2388E-04  0.3809E-07  0.4605E-02  0.9791E-04  0.7614E+02
   -3.487531   29.82867  0.4316E-13  0.2360E-04  0.3941E-07  0.4356E-02  0.9251E-04  0.9338E+02
   -3.600031   29.82905  0.4316E-13  0.2325E-04  0.4115E-07  0.4063E-02  0.8716E-04  0.1190E+03
   -3.712531   29.82945  0.4316E-13  0.2282E-04  0.4352E-07  0.3720E-02  0.8182E-04  0.1599E+03
   -3.825030   29.82990  0.4316E-13  0.2229E-04  0.4682E-07  0.3318E-02  0.7647E-04  0.2307E+03
   -3.937527   29.83039  0.4316E-13  0.2160E-04  0.5169E-07  0.2878E-02  0.7104E-04  0.3724E+03
   -4.050025   29.83096  0.4316E-13  0.2069E-04  0.5949E-07  0.2264E-02  0.6551E-04  0.7303E+03
   -4.162521   29.83168  0.4316E-13  0.1941E-04  0.7356E-07  0.2002E-02  0.5958E-04  0.1603E+04
   -4.275016   29.83249  0.4316E-13  0.1680E-04  0.1183E-06  0.8007E-03  0.5425E-04 -0.3010E+04
   -4.387510   29.83614  0.4316E-13  0.7392E-05  0.4140E-06  0.9866E-04  0.4393E-04 -0.1839E+06
   -4.500003   29.85221  0.4316E-13  0.0000E+00  0.0000E+00  0.0000E+00  0.4694E-04  0.0000E+00
