 1 - depth, m
 2 - temperature, C
 3 - salinity, kg/kg
 4 - turbulent kinetic energy, m**2/s**2
 5 - dissipation rate, m**2/s**3
 6 - kinematic heat conductance, m**2/s
 7 - modulus of horizontal velocity, m/s
 8 - Richardson number, n/d
   -0.000000   30.33901  0.6021E-13  0.6887E-05  0.2851E-06  0.6240E-04  0.3258E-02 -0.4107E+01
   -0.112493   30.39231  0.6021E-13  0.1474E-04  0.1113E-06  0.7185E-03  0.1037E-02  0.3316E+05
   -0.224987   30.39779  0.6021E-13  0.1725E-04  0.8390E-07  0.1209E-02  0.8301E-03  0.8148E+02
   -0.337482   30.40018  0.6021E-13  0.1894E-04  0.7219E-07  0.1593E-02  0.7323E-03  0.3438E+02
   -0.449979   30.40190  0.6021E-13  0.2027E-04  0.6497E-07  0.1999E-02  0.6614E-03  0.2288E+02
   -0.562476   30.40322  0.6021E-13  0.2136E-04  0.6000E-07  0.2376E-02  0.6068E-03  0.1739E+02
   -0.674974   30.40428  0.6021E-13  0.2228E-04  0.5633E-07  0.2735E-02  0.5623E-03  0.1434E+02
   -0.787472   30.40518  0.6021E-13  0.2306E-04  0.5350E-07  0.3072E-02  0.5248E-03  0.1243E+02
   -0.899972   30.40596  0.6021E-13  0.2374E-04  0.5124E-07  0.3387E-02  0.4924E-03  0.1118E+02
   -1.012472   30.40665  0.6021E-13  0.2433E-04  0.4940E-07  0.3683E-02  0.4639E-03  0.1031E+02
   -1.124972   30.40727  0.6021E-13  0.2485E-04  0.4787E-07  0.3957E-02  0.4384E-03  0.9731E+01
   -1.237474   30.40784  0.6021E-13  0.2531E-04  0.4659E-07  0.4211E-02  0.4154E-03  0.9324E+01
   -1.349975   30.40836  0.6021E-13  0.2571E-04  0.4550E-07  0.4445E-02  0.3944E-03  0.9079E+01
   -1.462478   30.40885  0.6021E-13  0.2606E-04  0.4458E-07  0.4658E-02  0.3751E-03  0.8930E+01
   -1.574980   30.40931  0.6021E-13  0.2636E-04  0.4378E-07  0.4852E-02  0.3572E-03  0.8895E+01
   -1.687483   30.40975  0.6021E-13  0.2663E-04  0.4311E-07  0.5025E-02  0.3405E-03  0.8923E+01
   -1.799986   30.41017  0.6021E-13  0.2686E-04  0.4253E-07  0.5178E-02  0.3249E-03  0.9049E+01
   -1.912490   30.41057  0.6021E-13  0.2705E-04  0.4205E-07  0.5311E-02  0.3103E-03  0.9228E+01
   -2.024994   30.41095  0.6021E-13  0.2721E-04  0.4165E-07  0.5423E-02  0.2964E-03  0.9506E+01
   -2.137497   30.41133  0.6021E-13  0.2733E-04  0.4134E-07  0.5514E-02  0.2833E-03  0.9842E+01
   -2.250001   30.41170  0.6021E-13  0.2742E-04  0.4110E-07  0.5582E-02  0.2708E-03  0.1029E+02
   -2.362505   30.41206  0.6021E-13  0.2748E-04  0.4094E-07  0.5629E-02  0.2588E-03  0.1081E+02
   -2.475009   30.41241  0.6021E-13  0.2751E-04  0.4086E-07  0.5652E-02  0.2474E-03  0.1148E+02
   -2.587512   30.41276  0.6021E-13  0.2750E-04  0.4086E-07  0.5651E-02  0.2364E-03  0.1224E+02
   -2.700016   30.41310  0.6021E-13  0.2746E-04  0.4096E-07  0.5624E-02  0.2258E-03  0.1321E+02
   -2.812519   30.41345  0.6021E-13  0.2739E-04  0.4115E-07  0.5570E-02  0.2156E-03  0.1437E+02
   -2.925022   30.41379  0.6021E-13  0.2729E-04  0.4147E-07  0.5488E-02  0.2057E-03  0.1584E+02
   -3.037525   30.41414  0.6021E-13  0.2714E-04  0.4192E-07  0.5376E-02  0.1960E-03  0.1765E+02
   -3.150027   30.41449  0.6021E-13  0.2696E-04  0.4255E-07  0.5230E-02  0.1866E-03  0.2003E+02
   -3.262529   30.41485  0.6021E-13  0.2672E-04  0.4338E-07  0.5048E-02  0.1774E-03  0.2311E+02
   -3.375030   30.41522  0.6021E-13  0.2644E-04  0.4448E-07  0.4828E-02  0.1683E-03  0.2736E+02
   -3.487530   30.41561  0.6021E-13  0.2609E-04  0.4595E-07  0.4563E-02  0.1593E-03  0.3328E+02
   -3.600031   30.41601  0.6021E-13  0.2567E-04  0.4792E-07  0.4251E-02  0.1505E-03  0.4220E+02
   -3.712530   30.41644  0.6021E-13  0.2516E-04  0.5061E-07  0.3887E-02  0.1416E-03  0.5630E+02
   -3.825029   30.41690  0.6021E-13  0.2453E-04  0.5442E-07  0.3458E-02  0.1326E-03  0.8086E+02
   -3.937527   30.41742  0.6021E-13  0.2374E-04  0.6009E-07  0.2997E-02  0.1235E-03  0.1298E+03
   -4.050024   30.41802  0.6021E-13  0.2268E-04  0.6928E-07  0.2332E-02  0.1142E-03  0.2555E+03
   -4.162520   30.41878  0.6021E-13  0.2121E-04  0.8604E-07  0.2080E-02  0.1042E-03  0.5474E+03
   -4.275015   30.41962  0.6021E-13  0.1821E-04  0.1402E-06  0.8081E-03  0.9516E-04 -0.1109E+04
   -4.387509   30.42359  0.6021E-13  0.8061E-05  0.4864E-06  0.1079E-03  0.7704E-04 -0.5492E+05
   -4.500002   30.43919  0.6021E-13  0.0000E+00  0.0000E+00  0.0000E+00  0.8264E-04  0.0000E+00
