 1 - depth, m
 2 - temperature, C
 3 - salinity, kg/kg
 4 - turbulent kinetic energy, m**2/s**2
 5 - dissipation rate, m**2/s**3
 6 - kinematic heat conductance, m**2/s
 7 - modulus of horizontal velocity, m/s
 8 - Richardson number, n/d
   -0.000000   26.78301  0.1004E-12  0.1366E-04  0.4098E-06  0.6179E-04  0.1273E-01 -0.2590E+00
   -0.112493   26.83875  0.1004E-12  0.1784E-04  0.1371E-06  0.6737E-03  0.4668E-02 -0.1819E+00
   -0.224987   26.84358  0.1004E-12  0.1925E-04  0.1006E-06  0.1280E-02  0.3690E-02  0.4639E+01
   -0.337482   26.84595  0.1004E-12  0.2026E-04  0.8525E-07  0.1554E-02  0.3308E-02  0.1992E+01
   -0.449979   26.84781  0.1004E-12  0.2116E-04  0.7552E-07  0.1880E-02  0.3011E-02  0.1491E+01
   -0.562476   26.84928  0.1004E-12  0.2198E-04  0.6871E-07  0.2187E-02  0.2777E-02  0.1393E+01
   -0.674973   26.85050  0.1004E-12  0.2276E-04  0.6347E-07  0.2518E-02  0.2572E-02  0.1447E+01
   -0.787472   26.85153  0.1004E-12  0.2351E-04  0.5926E-07  0.2867E-02  0.2387E-02  0.1492E+01
   -0.899971   26.85241  0.1004E-12  0.2421E-04  0.5582E-07  0.3221E-02  0.2218E-02  0.1523E+01
   -1.012472   26.85317  0.1004E-12  0.2486E-04  0.5298E-07  0.3574E-02  0.2063E-02  0.1542E+01
   -1.124972   26.85385  0.1004E-12  0.2546E-04  0.5061E-07  0.3921E-02  0.1921E-02  0.1552E+01
   -1.237473   26.85445  0.1004E-12  0.2601E-04  0.4862E-07  0.4256E-02  0.1791E-02  0.1554E+01
   -1.349975   26.85500  0.1004E-12  0.2649E-04  0.4695E-07  0.4572E-02  0.1671E-02  0.1550E+01
   -1.462477   26.85550  0.1004E-12  0.2692E-04  0.4555E-07  0.4866E-02  0.1560E-02  0.1540E+01
   -1.574980   26.85597  0.1004E-12  0.2729E-04  0.4437E-07  0.5133E-02  0.1458E-02  0.1525E+01
   -1.687483   26.85641  0.1004E-12  0.2761E-04  0.4339E-07  0.5369E-02  0.1365E-02  0.1506E+01
   -1.799986   26.85683  0.1004E-12  0.2787E-04  0.4259E-07  0.5573E-02  0.1279E-02  0.1484E+01
   -1.912490   26.85722  0.1004E-12  0.2807E-04  0.4195E-07  0.5741E-02  0.1199E-02  0.1458E+01
   -2.024993   26.85761  0.1004E-12  0.2823E-04  0.4144E-07  0.5874E-02  0.1127E-02  0.1429E+01
   -2.137497   26.85798  0.1004E-12  0.2833E-04  0.4107E-07  0.5971E-02  0.1060E-02  0.1397E+01
   -2.250001   26.85834  0.1004E-12  0.2840E-04  0.4081E-07  0.6031E-02  0.9984E-03  0.1362E+01
   -2.362504   26.85869  0.1004E-12  0.2841E-04  0.4067E-07  0.6058E-02  0.9421E-03  0.1324E+01
   -2.475008   26.85904  0.1004E-12  0.2839E-04  0.4064E-07  0.6051E-02  0.8906E-03  0.1284E+01
   -2.587512   26.85939  0.1004E-12  0.2834E-04  0.4072E-07  0.6012E-02  0.8434E-03  0.1241E+01
   -2.700015   26.85974  0.1004E-12  0.2825E-04  0.4090E-07  0.5945E-02  0.8002E-03  0.1194E+01
   -2.812518   26.86009  0.1004E-12  0.2813E-04  0.4118E-07  0.5853E-02  0.7608E-03  0.1148E+01
   -2.925021   26.86045  0.1004E-12  0.2799E-04  0.4157E-07  0.5749E-02  0.7249E-03  0.1138E+01
   -3.037524   26.86081  0.1004E-12  0.2781E-04  0.4210E-07  0.5621E-02  0.6918E-03  0.1248E+01
   -3.150026   26.86117  0.1004E-12  0.2759E-04  0.4280E-07  0.5451E-02  0.6597E-03  0.1421E+01
   -3.262528   26.86155  0.1004E-12  0.2733E-04  0.4372E-07  0.5243E-02  0.6281E-03  0.1655E+01
   -3.375029   26.86193  0.1004E-12  0.2702E-04  0.4494E-07  0.4995E-02  0.5969E-03  0.1974E+01
   -3.487530   26.86234  0.1004E-12  0.2664E-04  0.4655E-07  0.4703E-02  0.5660E-03  0.2428E+01
   -3.600030   26.86276  0.1004E-12  0.2619E-04  0.4871E-07  0.4361E-02  0.5353E-03  0.3116E+01
   -3.712529   26.86322  0.1004E-12  0.2564E-04  0.5167E-07  0.3971E-02  0.5044E-03  0.4233E+01
   -3.825028   26.86372  0.1004E-12  0.2496E-04  0.5593E-07  0.3508E-02  0.4732E-03  0.1497E+02
   -3.937526   26.86429  0.1004E-12  0.2410E-04  0.6245E-07  0.3030E-02  0.4410E-03  0.1020E+02
   -4.050023   26.86495  0.1004E-12  0.2293E-04  0.7344E-07  0.2328E-02  0.4080E-03  0.6408E+04
   -4.162519   26.86584  0.1004E-12  0.2127E-04  0.9408E-07  0.2061E-02  0.3707E-03  0.3656E+03
   -4.275014   26.86679  0.1004E-12  0.1804E-04  0.1607E-06  0.7962E-03  0.3377E-03  0.1570E+05
   -4.387508   26.87158  0.1004E-12  0.8066E-05  0.5614E-06  0.1165E-03  0.2710E-03 -0.4229E+04
   -4.500001   26.88806  0.1004E-12  0.0000E+00  0.0000E+00  0.0000E+00  0.2947E-03  0.0000E+00
