 1 - depth, m
 2 - temperature, C
 3 - salinity, kg/kg
 4 - turbulent kinetic energy, m**2/s**2
 5 - dissipation rate, m**2/s**3
 6 - kinematic heat conductance, m**2/s
 7 - modulus of horizontal velocity, m/s
 8 - Richardson number, n/d
   -0.000000   29.50827  0.4300E-13  0.7086E-05  0.2047E-06  0.4787E-04  0.4742E-02 -0.1657E+01
   -0.112493   29.56423  0.4300E-13  0.1409E-04  0.8366E-07  0.8578E-03  0.1285E-02  0.7156E+03
   -0.224987   29.56715  0.4300E-13  0.1578E-04  0.6751E-07  0.1210E-02  0.1094E-02  0.2979E+02
   -0.337483   29.56910  0.4300E-13  0.1708E-04  0.5870E-07  0.1598E-02  0.9676E-03  0.1671E+02
   -0.449979   29.57050  0.4300E-13  0.1813E-04  0.5305E-07  0.1959E-02  0.8756E-03  0.1165E+02
   -0.562476   29.57160  0.4300E-13  0.1900E-04  0.4908E-07  0.2305E-02  0.8033E-03  0.9102E+01
   -0.674974   29.57250  0.4300E-13  0.1975E-04  0.4612E-07  0.2633E-02  0.7439E-03  0.7626E+01
   -0.787472   29.57327  0.4300E-13  0.2040E-04  0.4382E-07  0.2942E-02  0.6936E-03  0.6673E+01
   -0.899972   29.57393  0.4300E-13  0.2096E-04  0.4199E-07  0.3233E-02  0.6499E-03  0.6057E+01
   -1.012472   29.57452  0.4300E-13  0.2146E-04  0.4049E-07  0.3505E-02  0.6114E-03  0.5619E+01
   -1.124973   29.57506  0.4300E-13  0.2190E-04  0.3925E-07  0.3759E-02  0.5770E-03  0.5340E+01
   -1.237474   29.57555  0.4300E-13  0.2229E-04  0.3821E-07  0.3995E-02  0.5458E-03  0.5140E+01
   -1.349976   29.57601  0.4300E-13  0.2264E-04  0.3734E-07  0.4212E-02  0.5174E-03  0.5037E+01
   -1.462478   29.57643  0.4300E-13  0.2295E-04  0.3660E-07  0.4411E-02  0.4913E-03  0.4974E+01
   -1.574981   29.57684  0.4300E-13  0.2322E-04  0.3597E-07  0.4591E-02  0.4671E-03  0.4986E+01
   -1.687484   29.57722  0.4300E-13  0.2346E-04  0.3544E-07  0.4753E-02  0.4447E-03  0.5021E+01
   -1.799987   29.57759  0.4300E-13  0.2366E-04  0.3499E-07  0.4896E-02  0.4236E-03  0.5126E+01
   -1.912490   29.57794  0.4300E-13  0.2384E-04  0.3463E-07  0.5020E-02  0.4038E-03  0.5247E+01
   -2.024994   29.57828  0.4300E-13  0.2399E-04  0.3433E-07  0.5125E-02  0.3851E-03  0.5442E+01
   -2.137498   29.57862  0.4300E-13  0.2411E-04  0.3410E-07  0.5210E-02  0.3675E-03  0.5656E+01
   -2.250002   29.57894  0.4300E-13  0.2420E-04  0.3394E-07  0.5275E-02  0.3506E-03  0.5956E+01
   -2.362506   29.57926  0.4300E-13  0.2426E-04  0.3384E-07  0.5319E-02  0.3346E-03  0.6282E+01
   -2.475009   29.57958  0.4300E-13  0.2430E-04  0.3381E-07  0.5341E-02  0.3193E-03  0.6717E+01
   -2.587513   29.57989  0.4300E-13  0.2431E-04  0.3385E-07  0.5341E-02  0.3046E-03  0.7195E+01
   -2.700016   29.58020  0.4300E-13  0.2429E-04  0.3396E-07  0.5316E-02  0.2904E-03  0.7822E+01
   -2.812520   29.58051  0.4300E-13  0.2425E-04  0.3416E-07  0.5267E-02  0.2767E-03  0.8540E+01
   -2.925023   29.58083  0.4300E-13  0.2417E-04  0.3446E-07  0.5190E-02  0.2635E-03  0.9486E+01
   -3.037525   29.58114  0.4300E-13  0.2406E-04  0.3488E-07  0.5086E-02  0.2506E-03  0.1062E+02
   -3.150028   29.58146  0.4300E-13  0.2391E-04  0.3543E-07  0.4950E-02  0.2381E-03  0.1214E+02
   -3.262529   29.58179  0.4300E-13  0.2373E-04  0.3616E-07  0.4781E-02  0.2259E-03  0.1407E+02
   -3.375031   29.58213  0.4300E-13  0.2349E-04  0.3712E-07  0.4575E-02  0.2138E-03  0.1679E+02
   -3.487531   29.58248  0.4300E-13  0.2321E-04  0.3837E-07  0.4329E-02  0.2020E-03  0.2051E+02
   -3.600031   29.58285  0.4300E-13  0.2286E-04  0.4004E-07  0.4038E-02  0.1903E-03  0.2618E+02
   -3.712531   29.58325  0.4300E-13  0.2243E-04  0.4231E-07  0.3698E-02  0.1786E-03  0.3506E+02
   -3.825030   29.58368  0.4300E-13  0.2189E-04  0.4548E-07  0.3299E-02  0.1669E-03  0.5060E+02
   -3.937528   29.58416  0.4300E-13  0.2121E-04  0.5018E-07  0.2863E-02  0.1550E-03  0.8144E+02
   -4.050025   29.58471  0.4300E-13  0.2032E-04  0.5770E-07  0.2254E-02  0.1429E-03  0.1596E+03
   -4.162521   29.58540  0.4300E-13  0.1905E-04  0.7128E-07  0.1990E-02  0.1299E-03  0.3494E+03
   -4.275016   29.58618  0.4300E-13  0.1649E-04  0.1145E-06  0.7960E-03  0.1183E-03 -0.6358E+03
   -4.387510   29.58969  0.4300E-13  0.7238E-05  0.4009E-06  0.9758E-04  0.9570E-04 -0.4009E+05
   -4.500003   29.60522  0.4300E-13  0.0000E+00  0.0000E+00  0.0000E+00  0.1023E-03  0.0000E+00
