 1 - depth, m
 2 - temperature, C
 3 - salinity, kg/kg
 4 - turbulent kinetic energy, m**2/s**2
 5 - dissipation rate, m**2/s**3
 6 - kinematic heat conductance, m**2/s
 7 - modulus of horizontal velocity, m/s
 8 - Richardson number, n/d
   -0.000000   27.38593  0.1854E-13  0.9365E-05  0.2680E-06  0.5505E-04  0.8127E-02 -0.5428E+00
   -0.112493   27.44122  0.1854E-13  0.1494E-04  0.1007E-06  0.8126E-03  0.2504E-02  0.4591E+04
   -0.224987   27.44469  0.1854E-13  0.1656E-04  0.7799E-07  0.1175E-02  0.2085E-02  0.9667E+01
   -0.337482   27.44693  0.1854E-13  0.1778E-04  0.6655E-07  0.1540E-02  0.1838E-02  0.4929E+01
   -0.449979   27.44853  0.1854E-13  0.1880E-04  0.5934E-07  0.1898E-02  0.1658E-02  0.3350E+01
   -0.562476   27.44977  0.1854E-13  0.1967E-04  0.5437E-07  0.2243E-02  0.1517E-02  0.2571E+01
   -0.674973   27.45078  0.1854E-13  0.2042E-04  0.5072E-07  0.2573E-02  0.1402E-02  0.2123E+01
   -0.787472   27.45163  0.1854E-13  0.2108E-04  0.4793E-07  0.2887E-02  0.1305E-02  0.1844E+01
   -0.899971   27.45237  0.1854E-13  0.2167E-04  0.4574E-07  0.3184E-02  0.1222E-02  0.1660E+01
   -1.012472   27.45302  0.1854E-13  0.2220E-04  0.4399E-07  0.3463E-02  0.1148E-02  0.1541E+01
   -1.124972   27.45361  0.1854E-13  0.2268E-04  0.4256E-07  0.3725E-02  0.1082E-02  0.1466E+01
   -1.237473   27.45416  0.1854E-13  0.2311E-04  0.4138E-07  0.3971E-02  0.1023E-02  0.1424E+01
   -1.349975   27.45466  0.1854E-13  0.2350E-04  0.4041E-07  0.4200E-02  0.9690E-03  0.1403E+01
   -1.462477   27.45513  0.1854E-13  0.2385E-04  0.3960E-07  0.4411E-02  0.9191E-03  0.1397E+01
   -1.574980   27.45558  0.1854E-13  0.2417E-04  0.3892E-07  0.4604E-02  0.8730E-03  0.1401E+01
   -1.687483   27.45601  0.1854E-13  0.2446E-04  0.3837E-07  0.4778E-02  0.8301E-03  0.1416E+01
   -1.799986   27.45642  0.1854E-13  0.2471E-04  0.3793E-07  0.4931E-02  0.7902E-03  0.1439E+01
   -1.912490   27.45681  0.1854E-13  0.2494E-04  0.3758E-07  0.5065E-02  0.7529E-03  0.1477E+01
   -2.024993   27.45720  0.1854E-13  0.2514E-04  0.3732E-07  0.5177E-02  0.7178E-03  0.1526E+01
   -2.137497   27.45758  0.1854E-13  0.2530E-04  0.3715E-07  0.5269E-02  0.6847E-03  0.1595E+01
   -2.250001   27.45795  0.1854E-13  0.2544E-04  0.3705E-07  0.5339E-02  0.6535E-03  0.1679E+01
   -2.362504   27.45831  0.1854E-13  0.2555E-04  0.3703E-07  0.5388E-02  0.6237E-03  0.1788E+01
   -2.475008   27.45868  0.1854E-13  0.2564E-04  0.3708E-07  0.5415E-02  0.5953E-03  0.1917E+01
   -2.587512   27.45904  0.1854E-13  0.2569E-04  0.3722E-07  0.5418E-02  0.5680E-03  0.2075E+01
   -2.700015   27.45940  0.1854E-13  0.2572E-04  0.3745E-07  0.5397E-02  0.5417E-03  0.2262E+01
   -2.812518   27.45977  0.1854E-13  0.2571E-04  0.3777E-07  0.5349E-02  0.5164E-03  0.2496E+01
   -2.925021   27.46014  0.1854E-13  0.2568E-04  0.3821E-07  0.5274E-02  0.4919E-03  0.2781E+01
   -3.037524   27.46052  0.1854E-13  0.2560E-04  0.3878E-07  0.5169E-02  0.4680E-03  0.3146E+01
   -3.150026   27.46090  0.1854E-13  0.2549E-04  0.3951E-07  0.5032E-02  0.4448E-03  0.3608E+01
   -3.262528   27.46130  0.1854E-13  0.2533E-04  0.4045E-07  0.4861E-02  0.4222E-03  0.4225E+01
   -3.375029   27.46171  0.1854E-13  0.2512E-04  0.4164E-07  0.4652E-02  0.3999E-03  0.5057E+01
   -3.487530   27.46214  0.1854E-13  0.2486E-04  0.4317E-07  0.4401E-02  0.3780E-03  0.6238E+01
   -3.600030   27.46260  0.1854E-13  0.2452E-04  0.4519E-07  0.4104E-02  0.3563E-03  0.7992E+01
   -3.712529   27.46309  0.1854E-13  0.2409E-04  0.4788E-07  0.3756E-02  0.3346E-03  0.1080E+02
   -3.825028   27.46364  0.1854E-13  0.2355E-04  0.5163E-07  0.3348E-02  0.3129E-03  0.1567E+02
   -3.937526   27.46424  0.1854E-13  0.2285E-04  0.5712E-07  0.2903E-02  0.2908E-03  0.2545E+02
   -4.050023   27.46495  0.1854E-13  0.2190E-04  0.6589E-07  0.2278E-02  0.2683E-03  0.5038E+02
   -4.162519   27.46585  0.1854E-13  0.2054E-04  0.8166E-07  0.2019E-02  0.2441E-03  0.1119E+03
   -4.275014   27.46687  0.1854E-13  0.1777E-04  0.1317E-06  0.8075E-03  0.2224E-03 -0.2227E+03
   -4.387508   27.47148  0.1854E-13  0.7901E-05  0.4588E-06  0.1027E-03  0.1803E-03 -0.1291E+05
   -4.500001   27.49145  0.1854E-13  0.0000E+00  0.0000E+00  0.0000E+00  0.1925E-03  0.0000E+00
