 1 - depth, m
 2 - temperature, C
 3 - salinity, kg/kg
 4 - turbulent kinetic energy, m**2/s**2
 5 - dissipation rate, m**2/s**3
 6 - kinematic heat conductance, m**2/s
 7 - modulus of horizontal velocity, m/s
 8 - Richardson number, n/d
   -0.000000   30.41764  0.1030E-12  0.5503E-05  0.2440E-06  0.6316E-04  0.7637E-03 -0.6919E+02
   -0.112493   30.46343  0.1030E-12  0.1284E-04  0.9669E-07  0.5527E-03  0.2664E-03  0.2935E+04
   -0.224987   30.46957  0.1030E-12  0.1539E-04  0.7096E-07  0.1177E-02  0.1991E-03  0.1615E+04
   -0.337482   30.47167  0.1030E-12  0.1696E-04  0.6113E-07  0.1506E-02  0.1753E-03  0.5933E+03
   -0.449979   30.47322  0.1030E-12  0.1820E-04  0.5508E-07  0.1907E-02  0.1576E-03  0.3952E+03
   -0.562476   30.47438  0.1030E-12  0.1921E-04  0.5093E-07  0.2272E-02  0.1442E-03  0.2995E+03
   -0.674974   30.47532  0.1030E-12  0.2006E-04  0.4788E-07  0.2619E-02  0.1333E-03  0.2466E+03
   -0.787472   30.47611  0.1030E-12  0.2080E-04  0.4555E-07  0.2946E-02  0.1241E-03  0.2140E+03
   -0.899972   30.47678  0.1030E-12  0.2144E-04  0.4370E-07  0.3252E-02  0.1162E-03  0.1925E+03
   -1.012472   30.47739  0.1030E-12  0.2201E-04  0.4222E-07  0.3539E-02  0.1093E-03  0.1782E+03
   -1.124973   30.47793  0.1030E-12  0.2252E-04  0.4101E-07  0.3806E-02  0.1031E-03  0.1684E+03
   -1.237474   30.47842  0.1030E-12  0.2297E-04  0.4000E-07  0.4053E-02  0.9757E-04  0.1622E+03
   -1.349976   30.47888  0.1030E-12  0.2337E-04  0.3917E-07  0.4280E-02  0.9250E-04  0.1583E+03
   -1.462478   30.47932  0.1030E-12  0.2373E-04  0.3848E-07  0.4489E-02  0.8785E-04  0.1567E+03
   -1.574980   30.47972  0.1030E-12  0.2406E-04  0.3791E-07  0.4677E-02  0.8355E-04  0.1565E+03
   -1.687483   30.48011  0.1030E-12  0.2434E-04  0.3744E-07  0.4847E-02  0.7955E-04  0.1582E+03
   -1.799987   30.48048  0.1030E-12  0.2460E-04  0.3705E-07  0.4997E-02  0.7581E-04  0.1610E+03
   -1.912490   30.48085  0.1030E-12  0.2482E-04  0.3675E-07  0.5127E-02  0.7229E-04  0.1656E+03
   -2.024994   30.48120  0.1030E-12  0.2502E-04  0.3653E-07  0.5236E-02  0.6898E-04  0.1712E+03
   -2.137497   30.48154  0.1030E-12  0.2518E-04  0.3638E-07  0.5325E-02  0.6584E-04  0.1789E+03
   -2.250001   30.48187  0.1030E-12  0.2531E-04  0.3630E-07  0.5393E-02  0.6286E-04  0.1878E+03
   -2.362505   30.48220  0.1030E-12  0.2542E-04  0.3629E-07  0.5440E-02  0.6002E-04  0.1992E+03
   -2.475009   30.48253  0.1030E-12  0.2550E-04  0.3635E-07  0.5463E-02  0.5730E-04  0.2124E+03
   -2.587512   30.48286  0.1030E-12  0.2555E-04  0.3649E-07  0.5463E-02  0.5469E-04  0.2288E+03
   -2.700016   30.48318  0.1030E-12  0.2556E-04  0.3671E-07  0.5439E-02  0.5217E-04  0.2481E+03
   -2.812519   30.48351  0.1030E-12  0.2555E-04  0.3703E-07  0.5388E-02  0.4975E-04  0.2725E+03
   -2.925022   30.48384  0.1030E-12  0.2550E-04  0.3745E-07  0.5310E-02  0.4739E-04  0.3019E+03
   -3.037525   30.48418  0.1030E-12  0.2542E-04  0.3801E-07  0.5202E-02  0.4511E-04  0.3399E+03
   -3.150027   30.48452  0.1030E-12  0.2530E-04  0.3872E-07  0.5062E-02  0.4288E-04  0.3877E+03
   -3.262529   30.48487  0.1030E-12  0.2514E-04  0.3962E-07  0.4888E-02  0.4070E-04  0.4519E+03
   -3.375030   30.48524  0.1030E-12  0.2492E-04  0.4078E-07  0.4676E-02  0.3856E-04  0.5379E+03
   -3.487531   30.48562  0.1030E-12  0.2465E-04  0.4227E-07  0.4422E-02  0.3645E-04  0.6606E+03
   -3.600031   30.48603  0.1030E-12  0.2431E-04  0.4423E-07  0.4122E-02  0.3436E-04  0.8420E+03
   -3.712530   30.48646  0.1030E-12  0.2388E-04  0.4686E-07  0.3772E-02  0.3228E-04  0.1133E+04
   -3.825029   30.48694  0.1030E-12  0.2333E-04  0.5052E-07  0.3362E-02  0.3019E-04  0.1635E+04
   -3.937527   30.48747  0.1030E-12  0.2263E-04  0.5589E-07  0.2915E-02  0.2806E-04  0.2644E+04
   -4.050024   30.48809  0.1030E-12  0.2169E-04  0.6445E-07  0.2287E-02  0.2589E-04  0.5206E+04
   -4.162520   30.48888  0.1030E-12  0.2035E-04  0.7986E-07  0.2027E-02  0.2356E-04  0.1144E+05
   -4.275015   30.48976  0.1030E-12  0.1761E-04  0.1287E-06  0.8118E-03  0.2147E-04 -0.2288E+05
   -4.387509   30.49379  0.1030E-12  0.7812E-05  0.4500E-06  0.1016E-03  0.1743E-04 -0.1306E+07
   -4.500003   30.51152  0.1030E-12  0.0000E+00  0.0000E+00  0.0000E+00  0.1860E-04  0.0000E+00
