 1 - depth, m
 2 - temperature, C
 3 - salinity, kg/kg
 4 - turbulent kinetic energy, m**2/s**2
 5 - dissipation rate, m**2/s**3
 6 - kinematic heat conductance, m**2/s
 7 - modulus of horizontal velocity, m/s
 8 - Richardson number, n/d
   -0.000000   29.71827  0.1416E-12  0.4929E-05  0.1550E-06  0.4662E-04  0.8989E-03 -0.4239E+02
   -0.112493   29.76906  0.1416E-12  0.1165E-04  0.6452E-07  0.7545E-03  0.2220E-03  0.1426E+09
   -0.224987   29.77196  0.1416E-12  0.1321E-04  0.5202E-07  0.1120E-02  0.1847E-03  0.1299E+04
   -0.337483   29.77372  0.1416E-12  0.1431E-04  0.4533E-07  0.1460E-02  0.1624E-03  0.6558E+03
   -0.449979   29.77498  0.1416E-12  0.1518E-04  0.4099E-07  0.1789E-02  0.1462E-03  0.4500E+03
   -0.562476   29.77594  0.1416E-12  0.1590E-04  0.3790E-07  0.2102E-02  0.1335E-03  0.3496E+03
   -0.674974   29.77673  0.1416E-12  0.1650E-04  0.3557E-07  0.2397E-02  0.1230E-03  0.2910E+03
   -0.787472   29.77738  0.1416E-12  0.1702E-04  0.3375E-07  0.2676E-02  0.1142E-03  0.2550E+03
   -0.899972   29.77795  0.1416E-12  0.1747E-04  0.3229E-07  0.2937E-02  0.1066E-03  0.2304E+03
   -1.012472   29.77845  0.1416E-12  0.1786E-04  0.3110E-07  0.3182E-02  0.9991E-04  0.2146E+03
   -1.124973   29.77890  0.1416E-12  0.1821E-04  0.3011E-07  0.3410E-02  0.9394E-04  0.2032E+03
   -1.237474   29.77931  0.1416E-12  0.1852E-04  0.2928E-07  0.3621E-02  0.8855E-04  0.1968E+03
   -1.349976   29.77969  0.1416E-12  0.1880E-04  0.2858E-07  0.3816E-02  0.8364E-04  0.1924E+03
   -1.462478   29.78005  0.1416E-12  0.1904E-04  0.2798E-07  0.3994E-02  0.7914E-04  0.1916E+03
   -1.574981   29.78038  0.1416E-12  0.1926E-04  0.2748E-07  0.4156E-02  0.7499E-04  0.1917E+03
   -1.687484   29.78070  0.1416E-12  0.1945E-04  0.2706E-07  0.4301E-02  0.7113E-04  0.1949E+03
   -1.799987   29.78100  0.1416E-12  0.1961E-04  0.2671E-07  0.4429E-02  0.6754E-04  0.1987E+03
   -1.912491   29.78129  0.1416E-12  0.1975E-04  0.2641E-07  0.4540E-02  0.6416E-04  0.2056E+03
   -2.024994   29.78158  0.1416E-12  0.1987E-04  0.2618E-07  0.4634E-02  0.6099E-04  0.2131E+03
   -2.137498   29.78185  0.1416E-12  0.1997E-04  0.2601E-07  0.4710E-02  0.5799E-04  0.2241E+03
   -2.250002   29.78212  0.1416E-12  0.2005E-04  0.2588E-07  0.4767E-02  0.5515E-04  0.2360E+03
   -2.362506   29.78239  0.1416E-12  0.2010E-04  0.2581E-07  0.4805E-02  0.5245E-04  0.2522E+03
   -2.475009   29.78265  0.1416E-12  0.2013E-04  0.2579E-07  0.4824E-02  0.4987E-04  0.2699E+03
   -2.587513   29.78291  0.1416E-12  0.2014E-04  0.2583E-07  0.4821E-02  0.4741E-04  0.2932E+03
   -2.700017   29.78317  0.1416E-12  0.2013E-04  0.2593E-07  0.4797E-02  0.4504E-04  0.3195E+03
   -2.812520   29.78343  0.1416E-12  0.2009E-04  0.2611E-07  0.4751E-02  0.4276E-04  0.3543E+03
   -2.925023   29.78370  0.1416E-12  0.2003E-04  0.2635E-07  0.4679E-02  0.4056E-04  0.3952E+03
   -3.037525   29.78396  0.1416E-12  0.1994E-04  0.2670E-07  0.4582E-02  0.3843E-04  0.4501E+03
   -3.150028   29.78423  0.1416E-12  0.1982E-04  0.2715E-07  0.4456E-02  0.3637E-04  0.5184E+03
   -3.262530   29.78451  0.1416E-12  0.1966E-04  0.2775E-07  0.4300E-02  0.3435E-04  0.6133E+03
   -3.375031   29.78480  0.1416E-12  0.1947E-04  0.2852E-07  0.4110E-02  0.3238E-04  0.7409E+03
   -3.487532   29.78510  0.1416E-12  0.1923E-04  0.2955E-07  0.3884E-02  0.3045E-04  0.9295E+03
   -3.600032   29.78542  0.1416E-12  0.1894E-04  0.3091E-07  0.3616E-02  0.2854E-04  0.1215E+04
   -3.712531   29.78576  0.1416E-12  0.1857E-04  0.3277E-07  0.3309E-02  0.2665E-04  0.1696E+04
   -3.825030   29.78613  0.1416E-12  0.1812E-04  0.3540E-07  0.2939E-02  0.2476E-04  0.2592E+04
   -3.937528   29.78655  0.1416E-12  0.1753E-04  0.3940E-07  0.2567E-02  0.2284E-04  0.7706E+04
   -4.050025   29.78704  0.1416E-12  0.1670E-04  0.4665E-07  0.2024E-02  0.2091E-04  0.2989E+06
   -4.162521   29.78775  0.1416E-12  0.1538E-04  0.6165E-07  0.1624E-02  0.1870E-04  0.1738E+07
   -4.275016   29.78861  0.1416E-12  0.1287E-04  0.1048E-06  0.8176E-03  0.1655E-04  0.4484E+07
   -4.387510   29.79208  0.1416E-12  0.5652E-05  0.3825E-06  0.9169E-04  0.1312E-04 -0.7345E+07
   -4.500004   29.80785  0.1416E-12  0.0000E+00  0.0000E+00  0.0000E+00  0.1446E-04  0.0000E+00
