 1 - depth, m
 2 - temperature, C
 3 - salinity, kg/kg
 4 - turbulent kinetic energy, m**2/s**2
 5 - dissipation rate, m**2/s**3
 6 - kinematic heat conductance, m**2/s
 7 - modulus of horizontal velocity, m/s
 8 - Richardson number, n/d
   -0.000000   31.24871  0.1266E-13  0.6266E-05  0.3069E-06  0.7155E-04  0.1348E-02 -0.2485E+02
   -0.112493   31.29593  0.1266E-13  0.1421E-04  0.1207E-06  0.5489E-03  0.5045E-03  0.9401E+03
   -0.224987   31.30352  0.1266E-13  0.1722E-04  0.8662E-07  0.1218E-02  0.3735E-03  0.4876E+03
   -0.337482   31.30590  0.1266E-13  0.1904E-04  0.7420E-07  0.1555E-02  0.3295E-03  0.1785E+03
   -0.449978   31.30765  0.1266E-13  0.2047E-04  0.6665E-07  0.1987E-02  0.2967E-03  0.1175E+03
   -0.562475   31.30897  0.1266E-13  0.2163E-04  0.6152E-07  0.2377E-02  0.2720E-03  0.8810E+02
   -0.674973   31.31002  0.1266E-13  0.2261E-04  0.5778E-07  0.2748E-02  0.2519E-03  0.7218E+02
   -0.787472   31.31090  0.1266E-13  0.2346E-04  0.5493E-07  0.3097E-02  0.2351E-03  0.6223E+02
   -0.899971   31.31166  0.1266E-13  0.2420E-04  0.5269E-07  0.3425E-02  0.2206E-03  0.5583E+02
   -1.012471   31.31233  0.1266E-13  0.2485E-04  0.5088E-07  0.3731E-02  0.2078E-03  0.5140E+02
   -1.124972   31.31294  0.1266E-13  0.2543E-04  0.4941E-07  0.4017E-02  0.1965E-03  0.4850E+02
   -1.237473   31.31349  0.1266E-13  0.2594E-04  0.4819E-07  0.4281E-02  0.1862E-03  0.4647E+02
   -1.349975   31.31401  0.1266E-13  0.2640E-04  0.4718E-07  0.4524E-02  0.1769E-03  0.4533E+02
   -1.462477   31.31449  0.1266E-13  0.2682E-04  0.4634E-07  0.4746E-02  0.1683E-03  0.4464E+02
   -1.574980   31.31494  0.1266E-13  0.2718E-04  0.4565E-07  0.4948E-02  0.1604E-03  0.4459E+02
   -1.687483   31.31537  0.1266E-13  0.2751E-04  0.4508E-07  0.5128E-02  0.1530E-03  0.4483E+02
   -1.799986   31.31579  0.1266E-13  0.2780E-04  0.4462E-07  0.5288E-02  0.1461E-03  0.4564E+02
   -1.912489   31.31619  0.1266E-13  0.2805E-04  0.4425E-07  0.5426E-02  0.1396E-03  0.4668E+02
   -2.024993   31.31658  0.1266E-13  0.2827E-04  0.4398E-07  0.5543E-02  0.1334E-03  0.4830E+02
   -2.137496   31.31696  0.1266E-13  0.2846E-04  0.4380E-07  0.5638E-02  0.1276E-03  0.5018E+02
   -2.250000   31.31733  0.1266E-13  0.2861E-04  0.4370E-07  0.5710E-02  0.1220E-03  0.5273E+02
   -2.362504   31.31770  0.1266E-13  0.2873E-04  0.4368E-07  0.5759E-02  0.1167E-03  0.5562E+02
   -2.475008   31.31807  0.1266E-13  0.2881E-04  0.4376E-07  0.5783E-02  0.1117E-03  0.5935E+02
   -2.587511   31.31843  0.1266E-13  0.2887E-04  0.4392E-07  0.5783E-02  0.1068E-03  0.6359E+02
   -2.700015   31.31879  0.1266E-13  0.2888E-04  0.4419E-07  0.5755E-02  0.1021E-03  0.6900E+02
   -2.812518   31.31916  0.1266E-13  0.2886E-04  0.4457E-07  0.5700E-02  0.9753E-04  0.7537E+02
   -2.925021   31.31953  0.1266E-13  0.2881E-04  0.4508E-07  0.5616E-02  0.9311E-04  0.8356E+02
   -3.037523   31.31990  0.1266E-13  0.2871E-04  0.4575E-07  0.5499E-02  0.8881E-04  0.9357E+02
   -3.150025   31.32028  0.1266E-13  0.2857E-04  0.4661E-07  0.5349E-02  0.8460E-04  0.1068E+03
   -3.262527   31.32067  0.1266E-13  0.2837E-04  0.4771E-07  0.5161E-02  0.8048E-04  0.1238E+03
   -3.375028   31.32108  0.1266E-13  0.2812E-04  0.4911E-07  0.4933E-02  0.7643E-04  0.1474E+03
   -3.487529   31.32150  0.1266E-13  0.2781E-04  0.5092E-07  0.4661E-02  0.7242E-04  0.1802E+03
   -3.600029   31.32196  0.1266E-13  0.2741E-04  0.5331E-07  0.4339E-02  0.6844E-04  0.2298E+03
   -3.712528   31.32244  0.1266E-13  0.2691E-04  0.5652E-07  0.3963E-02  0.6447E-04  0.3082E+03
   -3.825027   31.32297  0.1266E-13  0.2627E-04  0.6100E-07  0.3521E-02  0.6045E-04  0.4455E+03
   -3.937525   31.32357  0.1266E-13  0.2546E-04  0.6761E-07  0.3049E-02  0.5636E-04  0.7195E+03
   -4.050022   31.32426  0.1266E-13  0.2436E-04  0.7823E-07  0.2362E-02  0.5216E-04  0.1433E+04
   -4.162518   31.32516  0.1266E-13  0.2279E-04  0.9749E-07  0.2118E-02  0.4760E-04  0.3092E+04
   -4.275013   31.32615  0.1266E-13  0.1958E-04  0.1593E-06  0.8251E-03  0.4355E-04 -0.7017E+04
   -4.387507   31.33090  0.1266E-13  0.8785E-05  0.5524E-06  0.1127E-03  0.3537E-04 -0.3139E+06
   -4.500000   31.34933  0.1266E-13  0.0000E+00  0.0000E+00  0.0000E+00  0.3788E-04  0.0000E+00
