 1 - depth, m
 2 - temperature, C
 3 - salinity, kg/kg
 4 - turbulent kinetic energy, m**2/s**2
 5 - dissipation rate, m**2/s**3
 6 - kinematic heat conductance, m**2/s
 7 - modulus of horizontal velocity, m/s
 8 - Richardson number, n/d
   -0.000000   28.20016  0.5961E-13  0.1138E-04  0.3614E-06  0.6057E-04  0.9038E-02 -0.5494E+00
   -0.112493   28.26646  0.5961E-13  0.1839E-04  0.1385E-06  0.8889E-03  0.2856E-02  0.1510E+03
   -0.224987   28.27071  0.5961E-13  0.2041E-04  0.1083E-06  0.1256E-02  0.2435E-02  0.7172E+01
   -0.337482   28.27356  0.5961E-13  0.2200E-04  0.9245E-07  0.1678E-02  0.2157E-02  0.4003E+01
   -0.449979   28.27560  0.5961E-13  0.2330E-04  0.8252E-07  0.2072E-02  0.1956E-02  0.2750E+01
   -0.562476   28.27718  0.5961E-13  0.2439E-04  0.7565E-07  0.2452E-02  0.1799E-02  0.2125E+01
   -0.674973   28.27848  0.5961E-13  0.2533E-04  0.7060E-07  0.2814E-02  0.1670E-02  0.1762E+01
   -0.787472   28.27957  0.5962E-13  0.2613E-04  0.6671E-07  0.3156E-02  0.1562E-02  0.1533E+01
   -0.899971   28.28052  0.5962E-13  0.2683E-04  0.6363E-07  0.3475E-02  0.1468E-02  0.1386E+01
   -1.012472   28.28137  0.5962E-13  0.2745E-04  0.6112E-07  0.3772E-02  0.1385E-02  0.1309E+01
   -1.124972   28.28213  0.5962E-13  0.2800E-04  0.5902E-07  0.4055E-02  0.1310E-02  0.1285E+01
   -1.237473   28.28283  0.5962E-13  0.2849E-04  0.5723E-07  0.4328E-02  0.1241E-02  0.1279E+01
   -1.349975   28.28347  0.5962E-13  0.2893E-04  0.5570E-07  0.4584E-02  0.1177E-02  0.1277E+01
   -1.462477   28.28407  0.5962E-13  0.2932E-04  0.5438E-07  0.4821E-02  0.1118E-02  0.1275E+01
   -1.574980   28.28463  0.5962E-13  0.2965E-04  0.5326E-07  0.5037E-02  0.1063E-02  0.1272E+01
   -1.687483   28.28516  0.5962E-13  0.2994E-04  0.5230E-07  0.5229E-02  0.1011E-02  0.1267E+01
   -1.799986   28.28567  0.5962E-13  0.3018E-04  0.5149E-07  0.5396E-02  0.9631E-03  0.1261E+01
   -1.912490   28.28616  0.5962E-13  0.3037E-04  0.5082E-07  0.5538E-02  0.9184E-03  0.1254E+01
   -2.024993   28.28662  0.5962E-13  0.3052E-04  0.5027E-07  0.5653E-02  0.8767E-03  0.1253E+01
   -2.137497   28.28708  0.5962E-13  0.3063E-04  0.4984E-07  0.5741E-02  0.8378E-03  0.1261E+01
   -2.250001   28.28752  0.5962E-13  0.3070E-04  0.4951E-07  0.5804E-02  0.8013E-03  0.1287E+01
   -2.362504   28.28796  0.5962E-13  0.3073E-04  0.4928E-07  0.5842E-02  0.7669E-03  0.1343E+01
   -2.475008   28.28839  0.5962E-13  0.3073E-04  0.4916E-07  0.5856E-02  0.7340E-03  0.1427E+01
   -2.587512   28.28881  0.5962E-13  0.3069E-04  0.4915E-07  0.5844E-02  0.7025E-03  0.1529E+01
   -2.700015   28.28923  0.5962E-13  0.3061E-04  0.4925E-07  0.5804E-02  0.6719E-03  0.1656E+01
   -2.812518   28.28965  0.5962E-13  0.3049E-04  0.4949E-07  0.5735E-02  0.6424E-03  0.1812E+01
   -2.925021   28.29007  0.5962E-13  0.3032E-04  0.4988E-07  0.5634E-02  0.6137E-03  0.2009E+01
   -3.037524   28.29050  0.5962E-13  0.3011E-04  0.5046E-07  0.5499E-02  0.5856E-03  0.2260E+01
   -3.150026   28.29093  0.5962E-13  0.2985E-04  0.5126E-07  0.5328E-02  0.5582E-03  0.2592E+01
   -3.262528   28.29138  0.5962E-13  0.2953E-04  0.5235E-07  0.5119E-02  0.5313E-03  0.3037E+01
   -3.375029   28.29184  0.5962E-13  0.2914E-04  0.5382E-07  0.4864E-02  0.5047E-03  0.3667E+01
   -3.487530   28.29231  0.5962E-13  0.2867E-04  0.5582E-07  0.4569E-02  0.4783E-03  0.4590E+01
   -3.600030   28.29282  0.5962E-13  0.2811E-04  0.5858E-07  0.4209E-02  0.4520E-03  0.6093E+01
   -3.712529   28.29337  0.5962E-13  0.2741E-04  0.6252E-07  0.3835E-02  0.4254E-03  0.9020E+01
   -3.825028   28.29397  0.5962E-13  0.2653E-04  0.6881E-07  0.3333E-02  0.3987E-03  0.3216E+03
   -3.937526   28.29470  0.5962E-13  0.2533E-04  0.7938E-07  0.2881E-02  0.3695E-03  0.2864E+03
   -4.050023   28.29553  0.5962E-13  0.2363E-04  0.9939E-07  0.2167E-02  0.3402E-03  0.6384E+03
   -4.162519   28.29705  0.5962E-13  0.2121E-04  0.1398E-06  0.1867E-02  0.3016E-03  0.5255E+05
   -4.275014   28.29808  0.5962E-13  0.1732E-04  0.2763E-06  0.7626E-03  0.2718E-03  0.1039E+04
   -4.387508   28.30516  0.5962E-13  0.8033E-05  0.9726E-06  0.1478E-03  0.2115E-03 -0.1875E+05
   -4.500001   28.32076  0.5962E-13  0.0000E+00  0.0000E+00  0.0000E+00  0.2435E-03  0.0000E+00
