 1 - depth, m
 2 - temperature, C
 3 - salinity, kg/kg
 4 - turbulent kinetic energy, m**2/s**2
 5 - dissipation rate, m**2/s**3
 6 - kinematic heat conductance, m**2/s
 7 - modulus of horizontal velocity, m/s
 8 - Richardson number, n/d
   -0.000000   27.33244  0.7673E-13  0.1013E-04  0.2998E-06  0.5571E-04  0.8938E-02 -0.4691E+00
   -0.112493   27.39031  0.7673E-13  0.1579E-04  0.1106E-06  0.8204E-03  0.2786E-02  0.1618E+04
   -0.224987   27.39401  0.7673E-13  0.1748E-04  0.8522E-07  0.1197E-02  0.2316E-02  0.8071E+01
   -0.337482   27.39639  0.7673E-13  0.1875E-04  0.7265E-07  0.1563E-02  0.2045E-02  0.4137E+01
   -0.449979   27.39812  0.7673E-13  0.1981E-04  0.6473E-07  0.1925E-02  0.1847E-02  0.2835E+01
   -0.562476   27.39947  0.7673E-13  0.2070E-04  0.5924E-07  0.2272E-02  0.1692E-02  0.2185E+01
   -0.674974   27.40057  0.7673E-13  0.2147E-04  0.5519E-07  0.2605E-02  0.1566E-02  0.1809E+01
   -0.787472   27.40150  0.7673E-13  0.2215E-04  0.5208E-07  0.2920E-02  0.1458E-02  0.1572E+01
   -0.899972   27.40231  0.7673E-13  0.2274E-04  0.4962E-07  0.3219E-02  0.1366E-02  0.1416E+01
   -1.012472   27.40302  0.7673E-13  0.2326E-04  0.4763E-07  0.3499E-02  0.1285E-02  0.1310E+01
   -1.124972   27.40367  0.7673E-13  0.2372E-04  0.4598E-07  0.3757E-02  0.1212E-02  0.1249E+01
   -1.237474   27.40426  0.7673E-13  0.2413E-04  0.4460E-07  0.4001E-02  0.1146E-02  0.1244E+01
   -1.349975   27.40481  0.7673E-13  0.2451E-04  0.4342E-07  0.4236E-02  0.1086E-02  0.1248E+01
   -1.462478   27.40532  0.7673E-13  0.2484E-04  0.4241E-07  0.4455E-02  0.1029E-02  0.1249E+01
   -1.574980   27.40580  0.7673E-13  0.2513E-04  0.4154E-07  0.4655E-02  0.9766E-03  0.1246E+01
   -1.687483   27.40626  0.7673E-13  0.2539E-04  0.4081E-07  0.4834E-02  0.9279E-03  0.1239E+01
   -1.799986   27.40669  0.7673E-13  0.2561E-04  0.4020E-07  0.4992E-02  0.8826E-03  0.1229E+01
   -1.912490   27.40711  0.7673E-13  0.2579E-04  0.3970E-07  0.5125E-02  0.8406E-03  0.1219E+01
   -2.024994   27.40751  0.7673E-13  0.2594E-04  0.3929E-07  0.5234E-02  0.8017E-03  0.1229E+01
   -2.137497   27.40790  0.7673E-13  0.2606E-04  0.3897E-07  0.5323E-02  0.7652E-03  0.1277E+01
   -2.250001   27.40829  0.7673E-13  0.2615E-04  0.3872E-07  0.5393E-02  0.7305E-03  0.1339E+01
   -2.362505   27.40866  0.7673E-13  0.2621E-04  0.3856E-07  0.5441E-02  0.6975E-03  0.1415E+01
   -2.475009   27.40903  0.7673E-13  0.2624E-04  0.3847E-07  0.5467E-02  0.6660E-03  0.1506E+01
   -2.587512   27.40940  0.7673E-13  0.2624E-04  0.3847E-07  0.5469E-02  0.6357E-03  0.1616E+01
   -2.700016   27.40976  0.7673E-13  0.2621E-04  0.3856E-07  0.5446E-02  0.6065E-03  0.1749E+01
   -2.812519   27.41013  0.7673E-13  0.2615E-04  0.3874E-07  0.5398E-02  0.5783E-03  0.1913E+01
   -2.925022   27.41049  0.7673E-13  0.2606E-04  0.3904E-07  0.5321E-02  0.5511E-03  0.2116E+01
   -3.037525   27.41086  0.7673E-13  0.2593E-04  0.3947E-07  0.5215E-02  0.5246E-03  0.2372E+01
   -3.150027   27.41123  0.7673E-13  0.2576E-04  0.4006E-07  0.5077E-02  0.4987E-03  0.2702E+01
   -3.262529   27.41161  0.7673E-13  0.2555E-04  0.4084E-07  0.4904E-02  0.4735E-03  0.3136E+01
   -3.375030   27.41201  0.7673E-13  0.2529E-04  0.4189E-07  0.4694E-02  0.4487E-03  0.3727E+01
   -3.487530   27.41242  0.7673E-13  0.2497E-04  0.4327E-07  0.4440E-02  0.4243E-03  0.4559E+01
   -3.600031   27.41285  0.7673E-13  0.2458E-04  0.4512E-07  0.4141E-02  0.4001E-03  0.5801E+01
   -3.712530   27.41331  0.7673E-13  0.2411E-04  0.4765E-07  0.3790E-02  0.3760E-03  0.7781E+01
   -3.825029   27.41381  0.7673E-13  0.2352E-04  0.5122E-07  0.3377E-02  0.3518E-03  0.1121E+02
   -3.937527   27.41436  0.7673E-13  0.2277E-04  0.5652E-07  0.2929E-02  0.3272E-03  0.1809E+02
   -4.050024   27.41501  0.7673E-13  0.2178E-04  0.6506E-07  0.2292E-02  0.3021E-03  0.3560E+02
   -4.162520   27.41582  0.7673E-13  0.2038E-04  0.8060E-07  0.2034E-02  0.2750E-03  0.7742E+02
   -4.275015   27.41673  0.7673E-13  0.1756E-04  0.1305E-06  0.7999E-03  0.2508E-03 -0.1495E+03
   -4.387509   27.42094  0.7673E-13  0.7758E-05  0.4535E-06  0.1040E-03  0.2028E-03 -0.8220E+04
   -4.500002   27.43827  0.7673E-13  0.0000E+00  0.0000E+00  0.0000E+00  0.2172E-03  0.0000E+00
