 1 - depth, m
 2 - temperature, C
 3 - salinity, kg/kg
 4 - turbulent kinetic energy, m**2/s**2
 5 - dissipation rate, m**2/s**3
 6 - kinematic heat conductance, m**2/s
 7 - modulus of horizontal velocity, m/s
 8 - Richardson number, n/d
   -0.000000   30.88583  0.8512E-13  0.5978E-05  0.2700E-06  0.6744E-04  0.1779E-02 -0.1236E+02
   -0.112493   30.93138  0.8512E-13  0.1356E-04  0.1065E-06  0.6001E-03  0.6190E-03  0.3721E+05
   -0.224987   30.93754  0.8513E-13  0.1621E-04  0.7798E-07  0.1184E-02  0.4703E-03  0.2786E+03
   -0.337482   30.93978  0.8513E-13  0.1787E-04  0.6693E-07  0.1527E-02  0.4141E-03  0.1047E+03
   -0.449979   30.94142  0.8513E-13  0.1918E-04  0.6017E-07  0.1936E-02  0.3727E-03  0.6919E+02
   -0.562476   30.94265  0.8513E-13  0.2024E-04  0.5555E-07  0.2309E-02  0.3412E-03  0.5222E+02
   -0.674974   30.94364  0.8513E-13  0.2114E-04  0.5217E-07  0.2664E-02  0.3157E-03  0.4289E+02
   -0.787472   30.94448  0.8513E-13  0.2191E-04  0.4957E-07  0.2998E-02  0.2942E-03  0.3713E+02
   -0.899972   30.94520  0.8513E-13  0.2258E-04  0.4752E-07  0.3311E-02  0.2758E-03  0.3335E+02
   -1.012472   30.94584  0.8513E-13  0.2317E-04  0.4586E-07  0.3604E-02  0.2595E-03  0.3081E+02
   -1.124972   30.94641  0.8513E-13  0.2369E-04  0.4450E-07  0.3876E-02  0.2450E-03  0.2907E+02
   -1.237474   30.94694  0.8513E-13  0.2416E-04  0.4337E-07  0.4129E-02  0.2320E-03  0.2795E+02
   -1.349975   30.94742  0.8513E-13  0.2457E-04  0.4242E-07  0.4361E-02  0.2201E-03  0.2724E+02
   -1.462478   30.94788  0.8513E-13  0.2494E-04  0.4163E-07  0.4574E-02  0.2092E-03  0.2692E+02
   -1.574980   30.94831  0.8513E-13  0.2526E-04  0.4096E-07  0.4767E-02  0.1990E-03  0.2686E+02
   -1.687483   30.94871  0.8513E-13  0.2555E-04  0.4040E-07  0.4939E-02  0.1896E-03  0.2710E+02
   -1.799986   30.94911  0.8513E-13  0.2580E-04  0.3995E-07  0.5092E-02  0.1808E-03  0.2754E+02
   -1.912490   30.94948  0.8513E-13  0.2602E-04  0.3957E-07  0.5225E-02  0.1726E-03  0.2826E+02
   -2.024993   30.94985  0.8513E-13  0.2620E-04  0.3928E-07  0.5337E-02  0.1648E-03  0.2920E+02
   -2.137497   30.95020  0.8513E-13  0.2636E-04  0.3907E-07  0.5428E-02  0.1574E-03  0.3043E+02
   -2.250001   30.95055  0.8513E-13  0.2648E-04  0.3893E-07  0.5497E-02  0.1503E-03  0.3192E+02
   -2.362505   30.95089  0.8513E-13  0.2657E-04  0.3887E-07  0.5544E-02  0.1436E-03  0.3378E+02
   -2.475008   30.95123  0.8513E-13  0.2663E-04  0.3888E-07  0.5568E-02  0.1372E-03  0.3598E+02
   -2.587512   30.95157  0.8513E-13  0.2666E-04  0.3898E-07  0.5568E-02  0.1311E-03  0.3867E+02
   -2.700016   30.95190  0.8513E-13  0.2666E-04  0.3917E-07  0.5543E-02  0.1251E-03  0.4189E+02
   -2.812519   30.95224  0.8513E-13  0.2663E-04  0.3945E-07  0.5491E-02  0.1194E-03  0.4589E+02
   -2.925022   30.95258  0.8513E-13  0.2656E-04  0.3985E-07  0.5411E-02  0.1138E-03  0.5079E+02
   -3.037524   30.95292  0.8513E-13  0.2646E-04  0.4039E-07  0.5300E-02  0.1084E-03  0.5704E+02
   -3.150027   30.95327  0.8513E-13  0.2631E-04  0.4109E-07  0.5157E-02  0.1031E-03  0.6500E+02
   -3.262528   30.95362  0.8513E-13  0.2612E-04  0.4199E-07  0.4979E-02  0.9798E-04  0.7557E+02
   -3.375030   30.95399  0.8513E-13  0.2588E-04  0.4316E-07  0.4762E-02  0.9290E-04  0.8986E+02
   -3.487530   30.95438  0.8513E-13  0.2557E-04  0.4469E-07  0.4502E-02  0.8790E-04  0.1101E+03
   -3.600030   30.95478  0.8513E-13  0.2520E-04  0.4671E-07  0.4195E-02  0.8294E-04  0.1402E+03
   -3.712530   30.95522  0.8513E-13  0.2473E-04  0.4944E-07  0.3837E-02  0.7799E-04  0.1883E+03
   -3.825028   30.95570  0.8513E-13  0.2414E-04  0.5325E-07  0.3416E-02  0.7301E-04  0.2716E+03
   -3.937526   30.95623  0.8513E-13  0.2339E-04  0.5889E-07  0.2961E-02  0.6794E-04  0.4388E+03
   -4.050023   30.95684  0.8513E-13  0.2239E-04  0.6793E-07  0.2312E-02  0.6277E-04  0.8661E+03
   -4.162519   30.95763  0.8513E-13  0.2098E-04  0.8431E-07  0.2057E-02  0.5718E-04  0.1886E+04
   -4.275015   30.95851  0.8513E-13  0.1809E-04  0.1367E-06  0.8118E-03  0.5219E-04 -0.3887E+04
   -4.387509   30.96259  0.8513E-13  0.8030E-05  0.4760E-06  0.1053E-03  0.4231E-04 -0.2040E+06
   -4.500002   30.97949  0.8513E-13  0.0000E+00  0.0000E+00  0.0000E+00  0.4527E-04  0.0000E+00
