 1 - depth, m
 2 - temperature, C
 3 - salinity, kg/kg
 4 - turbulent kinetic energy, m**2/s**2
 5 - dissipation rate, m**2/s**3
 6 - kinematic heat conductance, m**2/s
 7 - modulus of horizontal velocity, m/s
 8 - Richardson number, n/d
   -0.000000   28.24585  0.4603E-13  0.1077E-04  0.3171E-06  0.5620E-04  0.9684E-02 -0.4144E+00
   -0.112493   28.30235  0.4603E-13  0.1628E-04  0.1149E-06  0.8462E-03  0.3098E-02  0.2557E+03
   -0.224987   28.30586  0.4603E-13  0.1792E-04  0.8790E-07  0.1229E-02  0.2552E-02  0.6760E+01
   -0.337482   28.30813  0.4603E-13  0.1914E-04  0.7491E-07  0.1578E-02  0.2262E-02  0.3424E+01
   -0.449979   28.30981  0.4603E-13  0.2017E-04  0.6669E-07  0.1938E-02  0.2047E-02  0.2381E+01
   -0.562476   28.31112  0.4603E-13  0.2105E-04  0.6100E-07  0.2282E-02  0.1879E-02  0.1845E+01
   -0.674974   28.31219  0.4603E-13  0.2181E-04  0.5682E-07  0.2610E-02  0.1741E-02  0.1537E+01
   -0.787472   28.31310  0.4603E-13  0.2248E-04  0.5362E-07  0.2918E-02  0.1624E-02  0.1360E+01
   -0.899972   28.31389  0.4603E-13  0.2309E-04  0.5108E-07  0.3211E-02  0.1523E-02  0.1297E+01
   -1.012472   28.31459  0.4603E-13  0.2364E-04  0.4898E-07  0.3501E-02  0.1431E-02  0.1286E+01
   -1.124972   28.31522  0.4603E-13  0.2415E-04  0.4723E-07  0.3783E-02  0.1347E-02  0.1290E+01
   -1.237474   28.31580  0.4603E-13  0.2461E-04  0.4574E-07  0.4055E-02  0.1270E-02  0.1297E+01
   -1.349975   28.31633  0.4603E-13  0.2503E-04  0.4449E-07  0.4312E-02  0.1198E-02  0.1302E+01
   -1.462478   28.31682  0.4603E-13  0.2541E-04  0.4343E-07  0.4551E-02  0.1132E-02  0.1303E+01
   -1.574980   28.31729  0.4603E-13  0.2574E-04  0.4254E-07  0.4769E-02  0.1070E-02  0.1301E+01
   -1.687483   28.31773  0.4603E-13  0.2604E-04  0.4180E-07  0.4965E-02  0.1013E-02  0.1294E+01
   -1.799986   28.31815  0.4603E-13  0.2629E-04  0.4118E-07  0.5136E-02  0.9603E-03  0.1284E+01
   -1.912490   28.31855  0.4603E-13  0.2651E-04  0.4069E-07  0.5282E-02  0.9113E-03  0.1270E+01
   -2.024994   28.31894  0.4603E-13  0.2668E-04  0.4031E-07  0.5402E-02  0.8659E-03  0.1254E+01
   -2.137497   28.31931  0.4603E-13  0.2682E-04  0.4002E-07  0.5496E-02  0.8239E-03  0.1240E+01
   -2.250001   28.31969  0.4603E-13  0.2693E-04  0.3983E-07  0.5563E-02  0.7850E-03  0.1228E+01
   -2.362505   28.32005  0.4603E-13  0.2700E-04  0.3972E-07  0.5606E-02  0.7489E-03  0.1235E+01
   -2.475009   28.32041  0.4603E-13  0.2704E-04  0.3969E-07  0.5625E-02  0.7153E-03  0.1284E+01
   -2.587512   28.32077  0.4603E-13  0.2705E-04  0.3975E-07  0.5621E-02  0.6834E-03  0.1378E+01
   -2.700016   28.32112  0.4603E-13  0.2703E-04  0.3990E-07  0.5593E-02  0.6527E-03  0.1495E+01
   -2.812519   28.32148  0.4603E-13  0.2698E-04  0.4015E-07  0.5538E-02  0.6230E-03  0.1637E+01
   -2.925022   28.32184  0.4603E-13  0.2689E-04  0.4052E-07  0.5455E-02  0.5941E-03  0.1815E+01
   -3.037524   28.32221  0.4603E-13  0.2677E-04  0.4103E-07  0.5341E-02  0.5661E-03  0.2038E+01
   -3.150027   28.32258  0.4603E-13  0.2661E-04  0.4171E-07  0.5195E-02  0.5387E-03  0.2325E+01
   -3.262528   28.32296  0.4603E-13  0.2640E-04  0.4260E-07  0.5014E-02  0.5119E-03  0.2703E+01
   -3.375030   28.32335  0.4603E-13  0.2614E-04  0.4376E-07  0.4794E-02  0.4856E-03  0.3218E+01
   -3.487530   28.32376  0.4603E-13  0.2582E-04  0.4529E-07  0.4530E-02  0.4596E-03  0.3943E+01
   -3.600031   28.32420  0.4603E-13  0.2543E-04  0.4731E-07  0.4220E-02  0.4338E-03  0.5027E+01
   -3.712530   28.32466  0.4603E-13  0.2494E-04  0.5006E-07  0.3857E-02  0.4080E-03  0.6756E+01
   -3.825029   28.32517  0.4603E-13  0.2434E-04  0.5391E-07  0.3431E-02  0.3821E-03  0.9762E+01
   -3.937526   28.32574  0.4603E-13  0.2357E-04  0.5962E-07  0.2973E-02  0.3557E-03  0.1579E+02
   -4.050024   28.32639  0.4603E-13  0.2255E-04  0.6880E-07  0.2316E-02  0.3287E-03  0.3126E+02
   -4.162520   28.32724  0.4603E-13  0.2110E-04  0.8550E-07  0.2062E-02  0.2995E-03  0.6786E+02
   -4.275015   28.32817  0.4603E-13  0.1815E-04  0.1391E-06  0.8059E-03  0.2734E-03 -0.1381E+03
   -4.387509   28.33258  0.4603E-13  0.8063E-05  0.4830E-06  0.1070E-03  0.2213E-03 -0.7047E+04
   -4.500002   28.35025  0.4603E-13  0.0000E+00  0.0000E+00  0.0000E+00  0.2370E-03  0.0000E+00
