 1 - depth, m
 2 - temperature, C
 3 - salinity, kg/kg
 4 - turbulent kinetic energy, m**2/s**2
 5 - dissipation rate, m**2/s**3
 6 - kinematic heat conductance, m**2/s
 7 - modulus of horizontal velocity, m/s
 8 - Richardson number, n/d
   -0.000000   27.51581  0.4481E-13  0.1168E-04  0.3494E-06  0.5876E-04  0.1052E-01 -0.3682E+00
   -0.112493   27.57405  0.4481E-13  0.1694E-04  0.1238E-06  0.8238E-03  0.3516E-02  0.3210E+03
   -0.224987   27.57793  0.4481E-13  0.1858E-04  0.9360E-07  0.1250E-02  0.2870E-02  0.5872E+01
   -0.337482   27.58031  0.4481E-13  0.1976E-04  0.7957E-07  0.1583E-02  0.2553E-02  0.2862E+01
   -0.449978   27.58209  0.4481E-13  0.2078E-04  0.7071E-07  0.1942E-02  0.2315E-02  0.2004E+01
   -0.562476   27.58347  0.4481E-13  0.2165E-04  0.6459E-07  0.2281E-02  0.2128E-02  0.1561E+01
   -0.674973   27.58461  0.4481E-13  0.2242E-04  0.6012E-07  0.2598E-02  0.1975E-02  0.1337E+01
   -0.787472   27.58557  0.4481E-13  0.2312E-04  0.5665E-07  0.2906E-02  0.1845E-02  0.1300E+01
   -0.899971   27.58641  0.4481E-13  0.2377E-04  0.5383E-07  0.3223E-02  0.1727E-02  0.1311E+01
   -1.012471   27.58714  0.4481E-13  0.2438E-04  0.5149E-07  0.3538E-02  0.1619E-02  0.1332E+01
   -1.124972   27.58780  0.4481E-13  0.2494E-04  0.4953E-07  0.3848E-02  0.1520E-02  0.1347E+01
   -1.237473   27.58840  0.4481E-13  0.2546E-04  0.4788E-07  0.4146E-02  0.1428E-02  0.1357E+01
   -1.349975   27.58895  0.4481E-13  0.2594E-04  0.4651E-07  0.4427E-02  0.1342E-02  0.1362E+01
   -1.462477   27.58946  0.4481E-13  0.2636E-04  0.4535E-07  0.4689E-02  0.1264E-02  0.1362E+01
   -1.574980   27.58993  0.4481E-13  0.2674E-04  0.4440E-07  0.4929E-02  0.1191E-02  0.1358E+01
   -1.687483   27.59038  0.4481E-13  0.2708E-04  0.4361E-07  0.5143E-02  0.1124E-02  0.1350E+01
   -1.799986   27.59081  0.4481E-13  0.2737E-04  0.4297E-07  0.5329E-02  0.1061E-02  0.1339E+01
   -1.912489   27.59122  0.4481E-13  0.2761E-04  0.4247E-07  0.5487E-02  0.1003E-02  0.1324E+01
   -2.024993   27.59162  0.4481E-13  0.2781E-04  0.4210E-07  0.5616E-02  0.9501E-03  0.1307E+01
   -2.137497   27.59201  0.4481E-13  0.2797E-04  0.4183E-07  0.5715E-02  0.9009E-03  0.1285E+01
   -2.250000   27.59239  0.4481E-13  0.2809E-04  0.4167E-07  0.5784E-02  0.8555E-03  0.1261E+01
   -2.362504   27.59276  0.4481E-13  0.2817E-04  0.4161E-07  0.5823E-02  0.8136E-03  0.1233E+01
   -2.475008   27.59313  0.4481E-13  0.2822E-04  0.4164E-07  0.5835E-02  0.7751E-03  0.1210E+01
   -2.587512   27.59350  0.4481E-13  0.2824E-04  0.4176E-07  0.5823E-02  0.7396E-03  0.1210E+01
   -2.700015   27.59388  0.4481E-13  0.2822E-04  0.4197E-07  0.5787E-02  0.7066E-03  0.1269E+01
   -2.812518   27.59425  0.4481E-13  0.2817E-04  0.4230E-07  0.5725E-02  0.6752E-03  0.1389E+01
   -2.925021   27.59462  0.4481E-13  0.2808E-04  0.4275E-07  0.5633E-02  0.6447E-03  0.1543E+01
   -3.037524   27.59501  0.4481E-13  0.2796E-04  0.4335E-07  0.5511E-02  0.6150E-03  0.1735E+01
   -3.150026   27.59540  0.4481E-13  0.2779E-04  0.4413E-07  0.5354E-02  0.5860E-03  0.1984E+01
   -3.262528   27.59580  0.4481E-13  0.2758E-04  0.4514E-07  0.5162E-02  0.5575E-03  0.2310E+01
   -3.375029   27.59621  0.4481E-13  0.2732E-04  0.4644E-07  0.4929E-02  0.5294E-03  0.2756E+01
   -3.487529   27.59665  0.4481E-13  0.2699E-04  0.4813E-07  0.4653E-02  0.5017E-03  0.3383E+01
   -3.600030   27.59711  0.4481E-13  0.2658E-04  0.5036E-07  0.4328E-02  0.4741E-03  0.4323E+01
   -3.712529   27.59761  0.4481E-13  0.2608E-04  0.5338E-07  0.3951E-02  0.4465E-03  0.5823E+01
   -3.825028   27.59815  0.4481E-13  0.2546E-04  0.5761E-07  0.3507E-02  0.4187E-03  0.8440E+01
   -3.937525   27.59876  0.4481E-13  0.2465E-04  0.6386E-07  0.3035E-02  0.3903E-03  0.1369E+02
   -4.050022   27.59947  0.4481E-13  0.2358E-04  0.7392E-07  0.2351E-02  0.3612E-03  0.2731E+02
   -4.162519   27.60039  0.4481E-13  0.2206E-04  0.9220E-07  0.2102E-02  0.3295E-03  0.5927E+02
   -4.275014   27.60141  0.4481E-13  0.1894E-04  0.1509E-06  0.8161E-03  0.3013E-03 -0.1278E+03
   -4.387508   27.60630  0.4481E-13  0.8462E-05  0.5236E-06  0.1109E-03  0.2441E-03 -0.6158E+04
   -4.500001   27.62529  0.4481E-13  0.0000E+00  0.0000E+00  0.0000E+00  0.2616E-03  0.0000E+00
