 1 - depth, m
 2 - temperature, C
 3 - salinity, kg/kg
 4 - turbulent kinetic energy, m**2/s**2
 5 - dissipation rate, m**2/s**3
 6 - kinematic heat conductance, m**2/s
 7 - modulus of horizontal velocity, m/s
 8 - Richardson number, n/d
   -0.000000   30.25919  0.2466E-13  0.8746E-05  0.2689E-06  0.5711E-04  0.5769E-02 -0.1205E+01
   -0.112493   30.31764  0.2467E-13  0.1655E-04  0.1090E-06  0.8967E-03  0.1699E-02  0.1721E+03
   -0.224987   30.32111  0.2467E-13  0.1852E-04  0.8735E-07  0.1280E-02  0.1449E-02  0.1652E+02
   -0.337482   30.32340  0.2467E-13  0.2002E-04  0.7563E-07  0.1695E-02  0.1285E-02  0.9397E+01
   -0.449979   30.32504  0.2467E-13  0.2124E-04  0.6816E-07  0.2084E-02  0.1166E-02  0.6554E+01
   -0.562476   30.32632  0.2467E-13  0.2226E-04  0.6292E-07  0.2457E-02  0.1072E-02  0.5110E+01
   -0.674973   30.32737  0.2467E-13  0.2313E-04  0.5903E-07  0.2811E-02  0.9951E-03  0.4264E+01
   -0.787472   30.32826  0.2467E-13  0.2389E-04  0.5601E-07  0.3146E-02  0.9298E-03  0.3723E+01
   -0.899972   30.32903  0.2467E-13  0.2455E-04  0.5361E-07  0.3461E-02  0.8732E-03  0.3365E+01
   -1.012472   30.32972  0.2467E-13  0.2513E-04  0.5166E-07  0.3756E-02  0.8232E-03  0.3116E+01
   -1.124972   30.33033  0.2467E-13  0.2564E-04  0.5004E-07  0.4031E-02  0.7785E-03  0.2949E+01
   -1.237474   30.33090  0.2467E-13  0.2610E-04  0.4869E-07  0.4286E-02  0.7381E-03  0.2834E+01
   -1.349975   30.33143  0.2467E-13  0.2650E-04  0.4755E-07  0.4521E-02  0.7011E-03  0.2766E+01
   -1.462477   30.33192  0.2467E-13  0.2686E-04  0.4659E-07  0.4736E-02  0.6671E-03  0.2728E+01
   -1.574980   30.33239  0.2467E-13  0.2718E-04  0.4577E-07  0.4931E-02  0.6356E-03  0.2722E+01
   -1.687483   30.33283  0.2467E-13  0.2745E-04  0.4508E-07  0.5106E-02  0.6062E-03  0.2739E+01
   -1.799986   30.33325  0.2467E-13  0.2769E-04  0.4450E-07  0.5261E-02  0.5787E-03  0.2783E+01
   -1.912490   30.33366  0.2467E-13  0.2790E-04  0.4402E-07  0.5395E-02  0.5528E-03  0.2846E+01
   -2.024993   30.33406  0.2467E-13  0.2807E-04  0.4364E-07  0.5508E-02  0.5284E-03  0.2937E+01
   -2.137497   30.33444  0.2467E-13  0.2821E-04  0.4334E-07  0.5600E-02  0.5052E-03  0.3050E+01
   -2.250001   30.33482  0.2467E-13  0.2831E-04  0.4312E-07  0.5670E-02  0.4831E-03  0.3196E+01
   -2.362505   30.33519  0.2467E-13  0.2839E-04  0.4300E-07  0.5717E-02  0.4620E-03  0.3368E+01
   -2.475008   30.33555  0.2467E-13  0.2843E-04  0.4295E-07  0.5740E-02  0.4418E-03  0.3582E+01
   -2.587512   30.33591  0.2467E-13  0.2844E-04  0.4300E-07  0.5738E-02  0.4224E-03  0.3833E+01
   -2.700015   30.33627  0.2467E-13  0.2842E-04  0.4315E-07  0.5710E-02  0.4037E-03  0.4146E+01
   -2.812519   30.33663  0.2467E-13  0.2836E-04  0.4341E-07  0.5655E-02  0.3856E-03  0.4522E+01
   -2.925021   30.33699  0.2467E-13  0.2826E-04  0.4379E-07  0.5571E-02  0.3680E-03  0.4996E+01
   -3.037524   30.33736  0.2467E-13  0.2813E-04  0.4432E-07  0.5456E-02  0.3509E-03  0.5586E+01
   -3.150026   30.33773  0.2467E-13  0.2795E-04  0.4504E-07  0.5307E-02  0.3342E-03  0.6353E+01
   -3.262528   30.33811  0.2467E-13  0.2773E-04  0.4598E-07  0.5122E-02  0.3178E-03  0.7356E+01
   -3.375029   30.33850  0.2467E-13  0.2745E-04  0.4721E-07  0.4896E-02  0.3017E-03  0.8729E+01
   -3.487530   30.33891  0.2467E-13  0.2710E-04  0.4883E-07  0.4626E-02  0.2858E-03  0.1065E+02
   -3.600030   30.33934  0.2467E-13  0.2668E-04  0.5100E-07  0.4308E-02  0.2700E-03  0.1354E+02
   -3.712529   30.33980  0.2467E-13  0.2616E-04  0.5394E-07  0.3936E-02  0.2543E-03  0.1813E+02
   -3.825028   30.34030  0.2467E-13  0.2552E-04  0.5809E-07  0.3498E-02  0.2383E-03  0.2613E+02
   -3.937526   30.34086  0.2467E-13  0.2470E-04  0.6425E-07  0.3031E-02  0.2221E-03  0.4211E+02
   -4.050023   30.34151  0.2467E-13  0.2361E-04  0.7421E-07  0.2350E-02  0.2056E-03  0.8348E+02
   -4.162519   30.34235  0.2467E-13  0.2207E-04  0.9238E-07  0.2102E-02  0.1875E-03  0.1798E+03
   -4.275014   30.34326  0.2467E-13  0.1893E-04  0.1510E-06  0.8154E-03  0.1715E-03 -0.3800E+03
   -4.387508   30.34766  0.2467E-13  0.8435E-05  0.5229E-06  0.1111E-03  0.1389E-03 -0.1829E+05
   -4.500002   30.36458  0.2467E-13  0.0000E+00  0.0000E+00  0.0000E+00  0.1490E-03  0.0000E+00
