 1 - depth, m
 2 - temperature, C
 3 - salinity, kg/kg
 4 - turbulent kinetic energy, m**2/s**2
 5 - dissipation rate, m**2/s**3
 6 - kinematic heat conductance, m**2/s
 7 - modulus of horizontal velocity, m/s
 8 - Richardson number, n/d
   -0.000000   30.06985  0.1297E-12  0.5710E-05  0.2133E-06  0.4687E-04  0.3629E-03 -0.9032E+03
   -0.112493   30.13518  0.1297E-12  0.1416E-04  0.8912E-07  0.8079E-03  0.9808E-04  0.6472E+08
   -0.224987   30.13884  0.1297E-12  0.1625E-04  0.7113E-07  0.1238E-02  0.7990E-04  0.1879E+05
   -0.337482   30.14094  0.1297E-12  0.1772E-04  0.6197E-07  0.1623E-02  0.7041E-04  0.1046E+05
   -0.449979   30.14244  0.1297E-12  0.1889E-04  0.5615E-07  0.2005E-02  0.6354E-04  0.7358E+04
   -0.562476   30.14360  0.1297E-12  0.1985E-04  0.5206E-07  0.2366E-02  0.5821E-04  0.5825E+04
   -0.674974   30.14455  0.1297E-12  0.2066E-04  0.4901E-07  0.2707E-02  0.5386E-04  0.4882E+04
   -0.787472   30.14534  0.1297E-12  0.2136E-04  0.4664E-07  0.3028E-02  0.5018E-04  0.4323E+04
   -0.899972   30.14603  0.1297E-12  0.2197E-04  0.4474E-07  0.3329E-02  0.4701E-04  0.3909E+04
   -1.012472   30.14665  0.1297E-12  0.2251E-04  0.4320E-07  0.3611E-02  0.4421E-04  0.3671E+04
   -1.124972   30.14720  0.1297E-12  0.2298E-04  0.4192E-07  0.3873E-02  0.4172E-04  0.3465E+04
   -1.237474   30.14771  0.1297E-12  0.2340E-04  0.4085E-07  0.4115E-02  0.3946E-04  0.3377E+04
   -1.349975   30.14818  0.1297E-12  0.2377E-04  0.3995E-07  0.4338E-02  0.3741E-04  0.3280E+04
   -1.462478   30.14862  0.1297E-12  0.2411E-04  0.3919E-07  0.4543E-02  0.3552E-04  0.3281E+04
   -1.574980   30.14903  0.1297E-12  0.2440E-04  0.3855E-07  0.4728E-02  0.3378E-04  0.3254E+04
   -1.687483   30.14943  0.1297E-12  0.2465E-04  0.3801E-07  0.4893E-02  0.3215E-04  0.3320E+04
   -1.799987   30.14981  0.1297E-12  0.2488E-04  0.3756E-07  0.5040E-02  0.3063E-04  0.3349E+04
   -1.912490   30.15017  0.1297E-12  0.2507E-04  0.3719E-07  0.5166E-02  0.2920E-04  0.3474E+04
   -2.024994   30.15053  0.1297E-12  0.2523E-04  0.3690E-07  0.5273E-02  0.2786E-04  0.3556E+04
   -2.137497   30.15087  0.1297E-12  0.2536E-04  0.3668E-07  0.5360E-02  0.2658E-04  0.3746E+04
   -2.250001   30.15121  0.1297E-12  0.2547E-04  0.3653E-07  0.5425E-02  0.2537E-04  0.3891E+04
   -2.362505   30.15154  0.1297E-12  0.2554E-04  0.3645E-07  0.5469E-02  0.2422E-04  0.4159E+04
   -2.475009   30.15187  0.1297E-12  0.2559E-04  0.3644E-07  0.5490E-02  0.2311E-04  0.4384E+04
   -2.587512   30.15219  0.1297E-12  0.2561E-04  0.3651E-07  0.5488E-02  0.2205E-04  0.4759E+04
   -2.700016   30.15251  0.1297E-12  0.2560E-04  0.3666E-07  0.5462E-02  0.2104E-04  0.5100E+04
   -2.812519   30.15284  0.1297E-12  0.2555E-04  0.3690E-07  0.5409E-02  0.2005E-04  0.5639E+04
   -2.925022   30.15316  0.1297E-12  0.2548E-04  0.3726E-07  0.5330E-02  0.1910E-04  0.6175E+04
   -3.037525   30.15349  0.1297E-12  0.2537E-04  0.3774E-07  0.5220E-02  0.1817E-04  0.6995E+04
   -3.150027   30.15382  0.1297E-12  0.2522E-04  0.3837E-07  0.5079E-02  0.1727E-04  0.7889E+04
   -3.262529   30.15417  0.1297E-12  0.2503E-04  0.3919E-07  0.4903E-02  0.1639E-04  0.9246E+04
   -3.375030   30.15452  0.1297E-12  0.2479E-04  0.4026E-07  0.4690E-02  0.1553E-04  0.1089E+05
   -3.487531   30.15489  0.1297E-12  0.2449E-04  0.4166E-07  0.4435E-02  0.1467E-04  0.1343E+05
   -3.600031   30.15528  0.1297E-12  0.2413E-04  0.4352E-07  0.4134E-02  0.1383E-04  0.1695E+05
   -3.712530   30.15570  0.1297E-12  0.2368E-04  0.4604E-07  0.3783E-02  0.1299E-04  0.2290E+05
   -3.825029   30.15615  0.1297E-12  0.2312E-04  0.4956E-07  0.3371E-02  0.1215E-04  0.3276E+05
   -3.937527   30.15666  0.1297E-12  0.2240E-04  0.5475E-07  0.2923E-02  0.1129E-04  0.5308E+05
   -4.050024   30.15724  0.1297E-12  0.2145E-04  0.6308E-07  0.2291E-02  0.1042E-04  0.1038E+06
   -4.162520   30.15799  0.1297E-12  0.2011E-04  0.7814E-07  0.2031E-02  0.9482E-05  0.2260E+06
   -4.275015   30.15882  0.1297E-12  0.1739E-04  0.1261E-06  0.8085E-03  0.8642E-05 -0.4438E+06
   -4.387509   30.16266  0.1297E-12  0.7683E-05  0.4411E-06  0.1014E-03  0.7002E-05 -0.2454E+08
   -4.500002   30.17934  0.1297E-12  0.0000E+00  0.0000E+00  0.0000E+00  0.7477E-05  0.0000E+00
