 1 - depth, m
 2 - temperature, C
 3 - salinity, kg/kg
 4 - turbulent kinetic energy, m**2/s**2
 5 - dissipation rate, m**2/s**3
 6 - kinematic heat conductance, m**2/s
 7 - modulus of horizontal velocity, m/s
 8 - Richardson number, n/d
   -0.000000   26.45773  0.1138E-13  0.1185E-04  0.3566E-06  0.5948E-04  0.1058E-01 -0.3598E+00
   -0.112493   26.51751  0.1138E-13  0.1721E-04  0.1264E-06  0.8388E-03  0.3546E-02  0.1457E+03
   -0.224987   26.52153  0.1138E-13  0.1889E-04  0.9574E-07  0.1263E-02  0.2900E-02  0.5646E+01
   -0.337482   26.52402  0.1138E-13  0.2012E-04  0.8150E-07  0.1599E-02  0.2582E-02  0.2786E+01
   -0.449979   26.52589  0.1138E-13  0.2116E-04  0.7249E-07  0.1961E-02  0.2343E-02  0.1963E+01
   -0.562476   26.52736  0.1138E-13  0.2206E-04  0.6628E-07  0.2303E-02  0.2155E-02  0.1535E+01
   -0.674973   26.52856  0.1138E-13  0.2284E-04  0.6174E-07  0.2619E-02  0.2001E-02  0.1315E+01
   -0.787472   26.52959  0.1138E-13  0.2355E-04  0.5820E-07  0.2926E-02  0.1870E-02  0.1301E+01
   -0.899972   26.53048  0.1138E-13  0.2421E-04  0.5530E-07  0.3248E-02  0.1752E-02  0.1331E+01
   -1.012472   26.53127  0.1138E-13  0.2483E-04  0.5287E-07  0.3568E-02  0.1642E-02  0.1353E+01
   -1.124972   26.53198  0.1138E-13  0.2540E-04  0.5083E-07  0.3881E-02  0.1541E-02  0.1369E+01
   -1.237474   26.53262  0.1138E-13  0.2591E-04  0.4911E-07  0.4181E-02  0.1448E-02  0.1378E+01
   -1.349975   26.53320  0.1138E-13  0.2638E-04  0.4765E-07  0.4465E-02  0.1361E-02  0.1382E+01
   -1.462478   26.53374  0.1138E-13  0.2680E-04  0.4642E-07  0.4729E-02  0.1281E-02  0.1381E+01
   -1.574980   26.53425  0.1138E-13  0.2717E-04  0.4539E-07  0.4970E-02  0.1207E-02  0.1375E+01
   -1.687483   26.53472  0.1138E-13  0.2748E-04  0.4452E-07  0.5185E-02  0.1139E-02  0.1366E+01
   -1.799986   26.53518  0.1138E-13  0.2775E-04  0.4381E-07  0.5372E-02  0.1075E-02  0.1353E+01
   -1.912490   26.53561  0.1138E-13  0.2798E-04  0.4324E-07  0.5530E-02  0.1017E-02  0.1336E+01
   -2.024993   26.53603  0.1138E-13  0.2816E-04  0.4279E-07  0.5659E-02  0.9626E-03  0.1316E+01
   -2.137497   26.53643  0.1138E-13  0.2829E-04  0.4245E-07  0.5757E-02  0.9124E-03  0.1293E+01
   -2.250001   26.53683  0.1138E-13  0.2839E-04  0.4223E-07  0.5826E-02  0.8662E-03  0.1267E+01
   -2.362505   26.53722  0.1138E-13  0.2844E-04  0.4210E-07  0.5865E-02  0.8235E-03  0.1237E+01
   -2.475008   26.53761  0.1138E-13  0.2847E-04  0.4207E-07  0.5876E-02  0.7842E-03  0.1204E+01
   -2.587512   26.53799  0.1138E-13  0.2846E-04  0.4213E-07  0.5861E-02  0.7480E-03  0.1171E+01
   -2.700015   26.53837  0.1138E-13  0.2841E-04  0.4228E-07  0.5825E-02  0.7148E-03  0.1221E+01
   -2.812519   26.53875  0.1138E-13  0.2834E-04  0.4255E-07  0.5762E-02  0.6832E-03  0.1334E+01
   -2.925022   26.53914  0.1138E-13  0.2823E-04  0.4294E-07  0.5669E-02  0.6525E-03  0.1476E+01
   -3.037524   26.53953  0.1138E-13  0.2808E-04  0.4347E-07  0.5544E-02  0.6226E-03  0.1655E+01
   -3.150026   26.53992  0.1138E-13  0.2789E-04  0.4419E-07  0.5386E-02  0.5933E-03  0.1885E+01
   -3.262528   26.54033  0.1138E-13  0.2765E-04  0.4513E-07  0.5192E-02  0.5645E-03  0.2189E+01
   -3.375029   26.54075  0.1138E-13  0.2736E-04  0.4636E-07  0.4957E-02  0.5363E-03  0.2601E+01
   -3.487530   26.54119  0.1138E-13  0.2701E-04  0.4797E-07  0.4679E-02  0.5083E-03  0.3184E+01
   -3.600030   26.54165  0.1138E-13  0.2658E-04  0.5013E-07  0.4351E-02  0.4804E-03  0.4055E+01
   -3.712530   26.54214  0.1138E-13  0.2606E-04  0.5306E-07  0.3971E-02  0.4526E-03  0.5447E+01
   -3.825028   26.54268  0.1138E-13  0.2541E-04  0.5720E-07  0.3524E-02  0.4245E-03  0.7869E+01
   -3.937526   26.54329  0.1138E-13  0.2458E-04  0.6333E-07  0.3050E-02  0.3958E-03  0.1273E+02
   -4.050023   26.54399  0.1138E-13  0.2349E-04  0.7327E-07  0.2359E-02  0.3664E-03  0.2533E+02
   -4.162519   26.54489  0.1138E-13  0.2195E-04  0.9140E-07  0.2110E-02  0.3344E-03  0.5456E+02
   -4.275015   26.54588  0.1138E-13  0.1881E-04  0.1499E-06  0.8136E-03  0.3059E-03 -0.1147E+03
   -4.387509   26.55068  0.1138E-13  0.8376E-05  0.5195E-06  0.1114E-03  0.2476E-03 -0.5533E+04
   -4.500002   26.56893  0.1138E-13  0.0000E+00  0.0000E+00  0.0000E+00  0.2656E-03  0.0000E+00
