 1 - depth, m
 2 - temperature, C
 3 - salinity, kg/kg
 4 - turbulent kinetic energy, m**2/s**2
 5 - dissipation rate, m**2/s**3
 6 - kinematic heat conductance, m**2/s
 7 - modulus of horizontal velocity, m/s
 8 - Richardson number, n/d
   -0.000000   12.46587  0.0000E+00  0.1030E-03  0.3401E-04  0.7002E-04  0.7874E-01 -0.9654E-02
   -0.068734   12.52162  0.0000E+00  0.5746E-04  0.8038E-05  0.1305E-03  0.2788E-01 -0.6749E-01
   -0.137469   12.53325  0.0000E+00  0.4190E-04  0.3272E-05  0.1535E-03  0.2083E-01 -0.1284E+00
   -0.206204   12.54073  0.0000E+00  0.3250E-04  0.1547E-05  0.2122E-03  0.1693E-01  0.1139E+03
   -0.274940   12.54599  0.0000E+00  0.2661E-04  0.8122E-06  0.2710E-03  0.1424E-01  0.1849E+02
   -0.343677   12.55015  0.0000E+00  0.2269E-04  0.4675E-06  0.3321E-03  0.1208E-01  0.1270E+03
   -0.412414   12.55356  0.0000E+00  0.1996E-04  0.2926E-06  0.3999E-03  0.1032E-01  0.2460E+04
   -0.481152   12.55642  0.0000E+00  0.1793E-04  0.1966E-06  0.4764E-03  0.8858E-02  0.2704E+03
   -0.549890   12.55884  0.0000E+00  0.1636E-04  0.1398E-06  0.5500E-03  0.7646E-02  0.3504E+01
   -0.618628   12.56092  0.0000E+00  0.1511E-04  0.1041E-06  0.6290E-03  0.6650E-02  0.1830E+01
   -0.687367   12.56270  0.0000E+00  0.1412E-04  0.8059E-07  0.7138E-03  0.5827E-02  0.1230E+02
   -0.756106   12.56422  0.0000E+00  0.1333E-04  0.6447E-07  0.8295E-03  0.5144E-02  0.1931E+02
   -0.824846   12.56549  0.0000E+00  0.1271E-04  0.5317E-07  0.9974E-03  0.4579E-02  0.2463E+02
   -0.893585   12.56647  0.0000E+00  0.1223E-04  0.4506E-07  0.1155E-02  0.4113E-02  0.3556E+03
   -0.962325   12.56724  0.0000E+00  0.1184E-04  0.3902E-07  0.1275E-02  0.3717E-02  0.4341E+02
   -1.031065   12.56787  0.0000E+00  0.1153E-04  0.3437E-07  0.1367E-02  0.3372E-02  0.1708E+02
   -1.099806   12.56843  0.0000E+00  0.1127E-04  0.3067E-07  0.1427E-02  0.3059E-02  0.4629E+01
   -1.168546   12.56896  0.0000E+00  0.1104E-04  0.2764E-07  0.1467E-02  0.2770E-02  0.3046E+01
   -1.237287   12.56948  0.0000E+00  0.1083E-04  0.2513E-07  0.1504E-02  0.2502E-02  0.2940E+01
   -1.306028   12.56998  0.0000E+00  0.1064E-04  0.2304E-07  0.1535E-02  0.2254E-02  0.2859E+01
   -1.374768   12.57048  0.0000E+00  0.1047E-04  0.2129E-07  0.1563E-02  0.2022E-02  0.2797E+01
   -1.443509   12.57097  0.0000E+00  0.1029E-04  0.1982E-07  0.1585E-02  0.1806E-02  0.2753E+01
   -1.512250   12.57145  0.0000E+00  0.1012E-04  0.1859E-07  0.1611E-02  0.1603E-02  0.2516E+01
   -1.580990   12.57192  0.0000E+00  0.9938E-05  0.1755E-07  0.1635E-02  0.1418E-02  0.2253E+01
   -1.649731   12.57239  0.0000E+00  0.9757E-05  0.1671E-07  0.1655E-02  0.1252E-02  0.2040E+01
   -1.718471   12.57285  0.0000E+00  0.9574E-05  0.1603E-07  0.1667E-02  0.1103E-02  0.1875E+01
   -1.787211   12.57331  0.0000E+00  0.9390E-05  0.1552E-07  0.1676E-02  0.9708E-03  0.1751E+01
   -1.855951   12.57376  0.0000E+00  0.9206E-05  0.1516E-07  0.1681E-02  0.8534E-03  0.1663E+01
   -1.924691   12.57421  0.0000E+00  0.9024E-05  0.1496E-07  0.1682E-02  0.7496E-03  0.1616E+01
   -1.993430   12.57466  0.0000E+00  0.8844E-05  0.1490E-07  0.1651E-02  0.6582E-03  0.1605E+01
   -2.062170   12.57512  0.0000E+00  0.8668E-05  0.1501E-07  0.1576E-02  0.5781E-03  0.1640E+01
   -2.130908   12.57561  0.0000E+00  0.8497E-05  0.1527E-07  0.1489E-02  0.5081E-03  0.1737E+01
   -2.199647   12.57613  0.0000E+00  0.8333E-05  0.1570E-07  0.1394E-02  0.4467E-03  0.1948E+01
   -2.268385   12.57670  0.0000E+00  0.8175E-05  0.1632E-07  0.1295E-02  0.3927E-03  0.2290E+01
   -2.337122   12.57731  0.0000E+00  0.8012E-05  0.1722E-07  0.1192E-02  0.3468E-03  0.3052E+01
   -2.405859   12.57798  0.0000E+00  0.7826E-05  0.1858E-07  0.1073E-02  0.3060E-03  0.4639E+01
   -2.474596   12.57874  0.0000E+00  0.7599E-05  0.2082E-07  0.9155E-03  0.2664E-03  0.8024E+01
   -2.543332   12.57964  0.0000E+00  0.7288E-05  0.2503E-07  0.7550E-03  0.2264E-03  0.2702E+03
   -2.612068   12.58078  0.0000E+00  0.6720E-05  0.3713E-07  0.5013E-03  0.1875E-03  0.3630E+02
   -2.680802   12.58373  0.0000E+00  0.4177E-05  0.1286E-06  0.5110E-04  0.1330E-03 -0.4486E+04
   -2.749537   12.60704  0.0000E+00  0.0000E+00  0.0000E+00  0.0000E+00  0.1452E-03  0.0000E+00
