 1 - depth, m
 2 - temperature, C
 3 - salinity, kg/kg
 4 - turbulent kinetic energy, m**2/s**2
 5 - dissipation rate, m**2/s**3
 6 - kinematic heat conductance, m**2/s
 7 - modulus of horizontal velocity, m/s
 8 - Richardson number, n/d
   -0.000000    0.00000  0.0000E+00  0.1219E-13  0.7603E-17  0.1000E-09  0.0000E+00  0.1360E+17
   -0.068741    0.20998  0.0000E+00  0.1219E-13  0.7603E-17  0.1000E-09  0.0000E+00  0.1219E+17
   -0.137483    0.40928  0.0000E+00  0.1219E-13  0.7603E-17  0.1000E-09  0.0000E+00  0.1085E+17
   -0.206225    0.59723  0.0000E+00  0.1219E-13  0.7603E-17  0.1000E-09  0.0000E+00  0.9599E+16
   -0.274968    0.77314  0.0000E+00  0.1219E-13  0.7603E-17  0.1000E-09  0.0000E+00  0.8567E+16
   -0.343711    0.93921  0.0000E+00  0.1219E-13  0.7603E-17  0.1000E-09  0.0000E+00  0.7637E+16
   -0.412455    1.09571  0.0000E+00  0.1219E-13  0.7603E-17  0.1000E-09  0.0000E+00  0.6792E+16
   -0.481200    1.24275  0.0000E+00  0.1219E-13  0.7603E-17  0.1000E-09  0.0000E+00  0.6014E+16
   -0.549944    1.38020  0.0000E+00  0.1219E-13  0.7603E-17  0.1000E-09  0.0000E+00  0.5259E+16
   -0.618690    1.50693  0.0000E+00  0.3943E-13  0.7604E-17  0.1000E-09  0.0000E+00  0.4598E+16
   -0.687435    1.62352  0.0000E+00  0.1159E-12  0.1351E-16  0.1000E-09  0.0000E+00  0.4198E+16
   -0.756181    1.73547  0.0000E+00  0.2806E-12  0.2898E-16  0.1000E-09  0.0000E+00  0.3964E+16
   -0.824928    1.84673  0.0000E+00  0.6345E-12  0.6272E-16  0.1000E-09  0.0000E+00  0.3773E+16
   -0.893674    1.95852  0.0000E+00  0.1399E-11  0.1345E-15  0.1000E-09  0.0000E+00  0.3617E+16
   -0.962421    2.07202  0.0000E+00  0.3044E-11  0.2856E-15  0.1000E-09  0.0000E+00  0.3484E+16
   -1.031168    2.18833  0.0000E+00  0.6556E-11  0.6008E-15  0.1000E-09  0.0000E+00  0.3388E+16
   -1.099915    2.30938  0.0000E+00  0.1399E-10  0.1253E-14  0.1000E-09  0.0000E+00  0.3289E+16
   -1.168663    2.43619  0.0000E+00  0.2963E-10  0.2594E-14  0.1000E-09  0.0000E+00  0.3175E+16
   -1.237410    2.56965  0.0000E+00  0.6229E-10  0.5333E-14  0.1000E-09  0.0000E+00  0.3037E+16
   -1.306158    2.71059  0.0000E+00  0.1300E-09  0.1089E-13  0.1000E-09  0.0000E+00  0.2861E+16
   -1.374905    2.85976  0.0000E+00  0.2696E-09  0.2209E-13  0.1000E-09  0.0000E+00  0.2682E+16
   -1.443653    3.02073  0.0000E+00  0.5552E-09  0.4452E-13  0.1004E-09  0.0000E+00  0.2431E+16
   -1.512400    3.19495  0.0000E+00  0.1138E-08  0.8928E-13  0.2192E-09  0.0000E+00  0.2075E+16
   -1.581148    3.38281  0.0000E+00  0.2327E-08  0.1788E-12  0.5713E-09  0.0000E+00  0.1596E+16
   -1.649895    3.58369  0.0000E+00  0.4734E-08  0.3563E-12  0.1842E-08  0.0000E+00  0.9876E+15
   -1.718642    3.79486  0.0000E+00  0.9519E-08  0.7026E-12  0.1258E-07  0.0000E+00  0.2863E+15
   -1.787389    4.00036  0.0000E+00  0.1029E-07  0.7630E-12  0.4907E-04  0.0000E+00 -0.1206E+12
   -1.856136    4.00091  0.0000E+00  0.1066E-07  0.7982E-12  0.5044E-04  0.0000E+00 -0.1506E+12
   -1.924882    4.00156  0.0000E+00  0.1100E-07  0.8374E-12  0.5219E-04  0.0000E+00 -0.1605E+12
   -1.993629    4.00222  0.0000E+00  0.1129E-07  0.8808E-12  0.5335E-04  0.0000E+00 -0.1708E+12
   -2.062375    4.00289  0.0000E+00  0.1155E-07  0.9296E-12  0.5281E-04  0.0000E+00 -0.1822E+12
   -2.131120    4.00358  0.0000E+00  0.1176E-07  0.9854E-12  0.5130E-04  0.0000E+00 -0.1970E+12
   -2.199866    4.00430  0.0000E+00  0.1193E-07  0.1051E-11  0.4895E-04  0.0000E+00 -0.2170E+12
   -2.268611    4.00505  0.0000E+00  0.1206E-07  0.1131E-11  0.4575E-04  0.0000E+00 -0.2446E+12
   -2.337355    4.00587  0.0000E+00  0.1212E-07  0.1235E-11  0.4146E-04  0.0000E+00 -0.2858E+12
   -2.406099    4.00678  0.0000E+00  0.1212E-07  0.1381E-11  0.3595E-04  0.0000E+00 -0.3516E+12
   -2.474842    4.00785  0.0000E+00  0.1201E-07  0.1603E-11  0.2908E-04  0.0000E+00 -0.4698E+12
   -2.543585    4.00921  0.0000E+00  0.1173E-07  0.2002E-11  0.2067E-04  0.0000E+00 -0.7361E+12
   -2.612327    4.01118  0.0000E+00  0.1102E-07  0.2990E-11  0.1076E-04  0.0000E+00 -0.1699E+13
   -2.681069    4.01522  0.0000E+00  0.7984E-08  0.9140E-11  0.1469E-05  0.0000E+00 -0.2385E+14
   -2.749810    4.04862  0.0000E+00  0.0000E+00  0.0000E+00  0.0000E+00  0.0000E+00  0.0000E+00
