 1 - depth, m
 2 - temperature, C
 3 - salinity, kg/kg
 4 - turbulent kinetic energy, m**2/s**2
 5 - dissipation rate, m**2/s**3
 6 - kinematic heat conductance, m**2/s
 7 - modulus of horizontal velocity, m/s
 8 - Richardson number, n/d
   -0.000000    0.00000  0.0000E+00  0.1219E-13  0.7603E-17  0.1000E-09  0.0000E+00  0.1347E+17
   -0.068775    0.20788  0.0000E+00  0.1587E-13  0.7603E-17  0.1000E-09  0.0000E+00  0.1279E+17
   -0.137550    0.41720  0.0000E+00  0.6816E-13  0.7604E-17  0.1000E-09  0.0000E+00  0.1202E+17
   -0.206326    0.62652  0.0000E+00  0.1701E-12  0.1142E-16  0.1000E-09  0.0000E+00  0.1119E+17
   -0.275102    0.83463  0.0000E+00  0.3469E-12  0.1985E-16  0.1000E-09  0.0000E+00  0.1036E+17
   -0.343879    1.04100  0.0000E+00  0.6523E-12  0.3509E-16  0.1000E-09  0.0000E+00  0.9516E+16
   -0.412656    1.24503  0.0000E+00  0.1185E-11  0.6162E-16  0.1000E-09  0.0000E+00  0.8686E+16
   -0.481434    1.44624  0.0000E+00  0.2114E-11  0.1072E-15  0.1000E-09  0.0000E+00  0.7873E+16
   -0.550213    1.64417  0.0000E+00  0.3738E-11  0.1854E-15  0.1000E-09  0.0000E+00  0.7076E+16
   -0.618992    1.83824  0.0000E+00  0.6559E-11  0.3184E-15  0.1000E-09  0.0000E+00  0.6312E+16
   -0.687771    2.02814  0.0000E+00  0.1143E-10  0.5433E-15  0.1000E-09  0.0000E+00  0.5602E+16
   -0.756550    2.21423  0.0000E+00  0.1979E-10  0.9212E-15  0.1000E-09  0.0000E+00  0.4934E+16
   -0.825330    2.39666  0.0000E+00  0.3405E-10  0.1552E-14  0.1000E-09  0.0000E+00  0.4297E+16
   -0.894110    2.57517  0.0000E+00  0.5818E-10  0.2597E-14  0.1000E-09  0.0000E+00  0.3692E+16
   -0.962891    2.74948  0.0000E+00  0.9875E-10  0.4319E-14  0.1000E-09  0.0000E+00  0.3122E+16
   -1.031671    2.91933  0.0000E+00  0.1663E-09  0.7126E-14  0.1000E-09  0.0000E+00  0.2592E+16
   -1.100452    3.08484  0.0000E+00  0.2778E-09  0.1167E-13  0.1000E-09  0.0000E+00  0.2098E+16
   -1.169233    3.24589  0.0000E+00  0.4607E-09  0.1895E-13  0.1000E-09  0.0000E+00  0.1641E+16
   -1.238014    3.40241  0.0000E+00  0.7581E-09  0.3057E-13  0.1301E-09  0.0000E+00  0.1219E+16
   -1.306795    3.55438  0.0000E+00  0.1238E-08  0.4896E-13  0.3004E-09  0.0000E+00  0.8319E+15
   -1.375576    3.70177  0.0000E+00  0.2007E-08  0.7781E-13  0.8248E-09  0.0000E+00  0.4822E+15
   -1.444357    3.84630  0.0000E+00  0.3223E-08  0.1226E-12  0.4130E-08  0.0000E+00  0.1533E+15
   -1.513138    3.98452  0.0000E+00  0.3589E-08  0.1367E-12  0.1873E-04  0.0000E+00  0.4965E+12
   -1.581919    3.98909  0.0000E+00  0.3761E-08  0.1445E-12  0.2575E-04  0.0000E+00 -0.3263E+11
   -1.650700    3.98982  0.0000E+00  0.3906E-08  0.1523E-12  0.2885E-04  0.0000E+00 -0.3671E+11
   -1.719481    3.99046  0.0000E+00  0.4044E-08  0.1609E-12  0.3113E-04  0.0000E+00 -0.4008E+11
   -1.788262    3.99105  0.0000E+00  0.4174E-08  0.1703E-12  0.3272E-04  0.0000E+00 -0.4342E+11
   -1.857042    3.99161  0.0000E+00  0.4296E-08  0.1806E-12  0.3372E-04  0.0000E+00 -0.4705E+11
   -1.925822    3.99216  0.0000E+00  0.4409E-08  0.1920E-12  0.3414E-04  0.0000E+00 -0.5117E+11
   -1.994602    3.99270  0.0000E+00  0.4511E-08  0.2047E-12  0.3402E-04  0.0000E+00 -0.5605E+11
   -2.063381    3.99324  0.0000E+00  0.4603E-08  0.2190E-12  0.3341E-04  0.0000E+00 -0.6201E+11
   -2.132161    3.99379  0.0000E+00  0.4681E-08  0.2354E-12  0.3227E-04  0.0000E+00 -0.6948E+11
   -2.200940    3.99436  0.0000E+00  0.4743E-08  0.2546E-12  0.3060E-04  0.0000E+00 -0.7914E+11
   -2.269718    3.99497  0.0000E+00  0.4787E-08  0.2778E-12  0.2836E-04  0.0000E+00 -0.9229E+11
   -2.338496    3.99563  0.0000E+00  0.4809E-08  0.3082E-12  0.2539E-04  0.0000E+00 -0.1117E+12
   -2.407273    3.99636  0.0000E+00  0.4799E-08  0.3506E-12  0.2164E-04  0.0000E+00 -0.1430E+12
   -2.476050    3.99724  0.0000E+00  0.4742E-08  0.4154E-12  0.1706E-04  0.0000E+00 -0.2006E+12
   -2.544827    3.99835  0.0000E+00  0.4598E-08  0.5338E-12  0.1159E-04  0.0000E+00 -0.3366E+12
   -2.613603    4.00002  0.0000E+00  0.4232E-08  0.8363E-12  0.5483E-05  0.0000E+00 -0.8818E+12
   -2.682378    4.00364  0.0000E+00  0.2855E-08  0.2583E-11  0.6499E-06  0.0000E+00 -0.1448E+14
   -2.751152    4.03266  0.0000E+00  0.0000E+00  0.0000E+00  0.0000E+00  0.0000E+00  0.0000E+00
