 1 - depth, m
 2 - temperature, C
 3 - salinity, kg/kg
 4 - turbulent kinetic energy, m**2/s**2
 5 - dissipation rate, m**2/s**3
 6 - kinematic heat conductance, m**2/s
 7 - modulus of horizontal velocity, m/s
 8 - Richardson number, n/d
   -0.000000   14.51709  0.0000E+00  0.9566E-04  0.2876E-04  0.8588E-04  0.8139E-01 -0.1475E-01
   -0.068744   14.54279  0.0000E+00  0.5231E-04  0.6590E-05  0.1104E-03  0.3123E-01 -0.3027E-01
   -0.137489   14.54836  0.0000E+00  0.3770E-04  0.2541E-05  0.1229E-03  0.2336E-01 -0.3494E-01
   -0.206235   14.55228  0.0000E+00  0.2904E-04  0.1142E-05  0.1447E-03  0.1878E-01 -0.5280E-01
   -0.274981   14.55528  0.0000E+00  0.2379E-04  0.5845E-06  0.1703E-03  0.1554E-01 -0.7265E-01
   -0.343728   14.55771  0.0000E+00  0.2035E-04  0.3369E-06  0.1995E-03  0.1298E-01 -0.9536E-01
   -0.412475   14.55971  0.0000E+00  0.1792E-04  0.2146E-06  0.2365E-03  0.1091E-01 -0.9235E-01
   -0.481223   14.56137  0.0000E+00  0.1606E-04  0.1475E-06  0.3222E-03  0.9230E-02  0.7404E+02
   -0.549971   14.56273  0.0000E+00  0.1456E-04  0.1069E-06  0.3762E-03  0.7863E-02  0.1436E+01
   -0.618719   14.56389  0.0000E+00  0.1332E-04  0.8062E-07  0.4269E-03  0.6755E-02  0.5801E+01
   -0.687468   14.56490  0.0000E+00  0.1229E-04  0.6272E-07  0.4870E-03  0.5841E-02  0.7495E+01
   -0.756218   14.56579  0.0000E+00  0.1143E-04  0.5006E-07  0.5582E-03  0.5084E-02  0.3260E+01
   -0.824967   14.56658  0.0000E+00  0.1072E-04  0.4085E-07  0.6387E-03  0.4455E-02  0.2995E+02
   -0.893717   14.56726  0.0000E+00  0.1015E-04  0.3406E-07  0.7461E-03  0.3932E-02  0.1273E+02
   -0.962467   14.56784  0.0000E+00  0.9684E-05  0.2903E-07  0.8916E-03  0.3497E-02  0.4679E+02
   -1.031218   14.56830  0.0000E+00  0.9322E-05  0.2528E-07  0.1061E-02  0.3138E-02  0.1474E+03
   -1.099968   14.56867  0.0000E+00  0.9035E-05  0.2243E-07  0.1201E-02  0.2830E-02  0.1420E+04
   -1.168719   14.56898  0.0000E+00  0.8800E-05  0.2016E-07  0.1281E-02  0.2556E-02  0.1326E+03
   -1.237469   14.56927  0.0000E+00  0.8602E-05  0.1831E-07  0.1324E-02  0.2305E-02  0.2998E+01
   -1.306220   14.56955  0.0000E+00  0.8429E-05  0.1678E-07  0.1354E-02  0.2071E-02  0.2598E+01
   -1.374971   14.56983  0.0000E+00  0.8275E-05  0.1550E-07  0.1378E-02  0.1853E-02  0.2608E+01
   -1.443722   14.57012  0.0000E+00  0.8135E-05  0.1444E-07  0.1399E-02  0.1650E-02  0.2620E+01
   -1.512473   14.57041  0.0000E+00  0.8003E-05  0.1355E-07  0.1427E-02  0.1459E-02  0.2430E+01
   -1.581223   14.57070  0.0000E+00  0.7877E-05  0.1283E-07  0.1457E-02  0.1286E-02  0.2198E+01
   -1.649974   14.57098  0.0000E+00  0.7756E-05  0.1224E-07  0.1486E-02  0.1130E-02  0.2004E+01
   -1.718724   14.57127  0.0000E+00  0.7639E-05  0.1179E-07  0.1509E-02  0.9924E-03  0.1838E+01
   -1.787475   14.57156  0.0000E+00  0.7525E-05  0.1146E-07  0.1525E-02  0.8702E-03  0.1692E+01
   -1.856225   14.57185  0.0000E+00  0.7415E-05  0.1125E-07  0.1525E-02  0.7625E-03  0.1560E+01
   -1.924975   14.57215  0.0000E+00  0.7308E-05  0.1115E-07  0.1502E-02  0.6683E-03  0.1436E+01
   -1.993724   14.57246  0.0000E+00  0.7204E-05  0.1115E-07  0.1459E-02  0.5863E-03  0.1346E+01
   -2.062474   14.57278  0.0000E+00  0.7103E-05  0.1125E-07  0.1405E-02  0.5150E-03  0.1304E+01
   -2.131223   14.57313  0.0000E+00  0.7005E-05  0.1144E-07  0.1342E-02  0.4529E-03  0.1310E+01
   -2.199971   14.57350  0.0000E+00  0.6908E-05  0.1175E-07  0.1272E-02  0.3985E-03  0.1384E+01
   -2.268719   14.57390  0.0000E+00  0.6812E-05  0.1217E-07  0.1198E-02  0.3506E-03  0.1553E+01
   -2.337467   14.57433  0.0000E+00  0.6709E-05  0.1277E-07  0.1117E-02  0.3094E-03  0.2058E+01
   -2.406214   14.57481  0.0000E+00  0.6587E-05  0.1367E-07  0.1015E-02  0.2714E-03  0.3116E+01
   -2.474961   14.57534  0.0000E+00  0.6437E-05  0.1508E-07  0.8900E-03  0.2347E-03  0.5281E+01
   -2.543707   14.57596  0.0000E+00  0.6238E-05  0.1755E-07  0.7225E-03  0.1988E-03  0.1082E+02
   -2.612453   14.57673  0.0000E+00  0.5933E-05  0.2280E-07  0.5746E-03  0.1635E-03  0.2852E+02
   -2.681198   14.57773  0.0000E+00  0.3803E-05  0.8051E-07  0.2837E-04  0.1324E-03 -0.2666E+04
   -2.749942   14.59838  0.0000E+00  0.0000E+00  0.0000E+00  0.0000E+00  0.1323E-03  0.0000E+00
