 1 - depth, m
 2 - temperature, C
 3 - salinity, kg/kg
 4 - turbulent kinetic energy, m**2/s**2
 5 - dissipation rate, m**2/s**3
 6 - kinematic heat conductance, m**2/s
 7 - modulus of horizontal velocity, m/s
 8 - Richardson number, n/d
   -0.000000   17.07863  0.0000E+00  0.7752E-04  0.1982E-04  0.7547E-04  0.7133E-01  0.8939E-01
   -0.068768   17.16961  0.0000E+00  0.4299E-04  0.4368E-05  0.1043E-03  0.2692E-01 -0.5668E-01
   -0.137536   17.19065  0.0000E+00  0.3236E-04  0.1649E-05  0.1443E-03  0.1952E-01 -0.1130E+00
   -0.206305   17.20418  0.0000E+00  0.2654E-04  0.7513E-06  0.2070E-03  0.1536E-01 -0.1656E+00
   -0.275074   17.21361  0.0000E+00  0.2329E-04  0.4031E-06  0.3403E-03  0.1259E-01  0.1501E+03
   -0.343844   17.22018  0.0000E+00  0.2145E-04  0.2509E-06  0.5054E-03  0.1060E-01  0.7943E+02
   -0.412615   17.22476  0.0000E+00  0.2041E-04  0.1760E-06  0.7050E-03  0.9148E-02  0.1682E+03
   -0.481386   17.22794  0.0000E+00  0.1981E-04  0.1346E-06  0.8996E-03  0.8053E-02  0.1138E+04
   -0.550157   17.23012  0.0000E+00  0.1948E-04  0.1096E-06  0.1077E-02  0.7188E-02  0.1841E+03
   -0.618929   17.23172  0.0000E+00  0.1932E-04  0.9286E-07  0.1199E-02  0.6478E-02  0.2629E+02
   -0.687702   17.23306  0.0000E+00  0.1926E-04  0.8065E-07  0.1301E-02  0.5855E-02  0.5374E+01
   -0.756474   17.23427  0.0000E+00  0.1926E-04  0.7126E-07  0.1387E-02  0.5302E-02  0.4133E+01
   -0.825247   17.23538  0.0000E+00  0.1930E-04  0.6383E-07  0.1470E-02  0.4805E-02  0.3650E+01
   -0.894020   17.23641  0.0000E+00  0.1936E-04  0.5784E-07  0.1555E-02  0.4357E-02  0.3303E+01
   -0.962794   17.23738  0.0000E+00  0.1942E-04  0.5298E-07  0.1644E-02  0.3952E-02  0.3013E+01
   -1.031567   17.23829  0.0000E+00  0.1947E-04  0.4900E-07  0.1723E-02  0.3587E-02  0.2913E+01
   -1.100341   17.23915  0.0000E+00  0.1950E-04  0.4573E-07  0.1801E-02  0.3249E-02  0.2817E+01
   -1.169115   17.23998  0.0000E+00  0.1951E-04  0.4304E-07  0.1876E-02  0.2936E-02  0.2715E+01
   -1.237889   17.24076  0.0000E+00  0.1948E-04  0.4083E-07  0.1947E-02  0.2645E-02  0.2609E+01
   -1.306663   17.24152  0.0000E+00  0.1940E-04  0.3904E-07  0.2011E-02  0.2376E-02  0.2503E+01
   -1.375438   17.24226  0.0000E+00  0.1928E-04  0.3763E-07  0.2066E-02  0.2126E-02  0.2397E+01
   -1.444212   17.24297  0.0000E+00  0.1911E-04  0.3654E-07  0.2115E-02  0.1894E-02  0.2294E+01
   -1.512986   17.24367  0.0000E+00  0.1889E-04  0.3577E-07  0.2172E-02  0.1681E-02  0.2117E+01
   -1.581760   17.24435  0.0000E+00  0.1862E-04  0.3530E-07  0.2239E-02  0.1489E-02  0.1936E+01
   -1.650534   17.24502  0.0000E+00  0.1831E-04  0.3511E-07  0.2318E-02  0.1321E-02  0.1779E+01
   -1.719308   17.24566  0.0000E+00  0.1798E-04  0.3519E-07  0.2402E-02  0.1174E-02  0.1642E+01
   -1.788081   17.24629  0.0000E+00  0.1763E-04  0.3554E-07  0.2441E-02  0.1046E-02  0.1518E+01
   -1.856855   17.24690  0.0000E+00  0.1726E-04  0.3614E-07  0.2415E-02  0.9358E-03  0.1401E+01
   -1.925628   17.24752  0.0000E+00  0.1690E-04  0.3699E-07  0.2305E-02  0.8404E-03  0.1285E+01
   -1.994401   17.24817  0.0000E+00  0.1653E-04  0.3810E-07  0.2144E-02  0.7584E-03  0.1172E+01
   -2.063173   17.24887  0.0000E+00  0.1617E-04  0.3947E-07  0.1983E-02  0.6877E-03  0.1075E+01
   -2.131946   17.24964  0.0000E+00  0.1581E-04  0.4117E-07  0.1836E-02  0.6267E-03  0.1032E+01
   -2.200718   17.25047  0.0000E+00  0.1544E-04  0.4334E-07  0.1685E-02  0.5727E-03  0.1125E+01
   -2.269489   17.25139  0.0000E+00  0.1504E-04  0.4633E-07  0.1554E-02  0.5229E-03  0.1453E+01
   -2.338260   17.25239  0.0000E+00  0.1454E-04  0.5109E-07  0.1340E-02  0.4753E-03  0.5463E+01
   -2.407031   17.25362  0.0000E+00  0.1390E-04  0.5910E-07  0.1202E-02  0.4250E-03  0.4544E+02
   -2.475801   17.25500  0.0000E+00  0.1298E-04  0.7581E-07  0.8886E-03  0.3760E-03  0.1437E+03
   -2.544570   17.25783  0.0000E+00  0.1154E-04  0.1102E-06  0.7492E-03  0.3062E-03  0.7507E+04
   -2.613339   17.26007  0.0000E+00  0.9248E-05  0.2132E-06  0.3600E-03  0.2483E-03 -0.1311E+04
   -2.682107   17.27278  0.0000E+00  0.5728E-05  0.6517E-06  0.1530E-03  0.1487E-03 -0.6950E+04
   -2.750875   17.28558  0.0000E+00  0.0000E+00  0.0000E+00  0.0000E+00  0.2123E-03  0.0000E+00
