 1 - depth, m
 2 - temperature, C
 3 - salinity, kg/kg
 4 - turbulent kinetic energy, m**2/s**2
 5 - dissipation rate, m**2/s**3
 6 - kinematic heat conductance, m**2/s
 7 - modulus of horizontal velocity, m/s
 8 - Richardson number, n/d
   -0.000000   18.63342  0.0000E+00  0.4198E-04  0.6436E-05  0.4107E-04  0.4819E-01 -0.1692E-01
   -0.068743   18.70149  0.0000E+00  0.2597E-04  0.1348E-05  0.8225E-04  0.2065E-01 -0.7617E-01
   -0.137487   18.72140  0.0000E+00  0.2110E-04  0.5239E-06  0.1360E-03  0.1454E-01 -0.1483E+00
   -0.206232   18.73363  0.0000E+00  0.1862E-04  0.2686E-06  0.2155E-03  0.1111E-01 -0.2377E+00
   -0.274977   18.74155  0.0000E+00  0.1745E-04  0.1697E-06  0.4274E-03  0.9002E-02  0.9511E+02
   -0.343723   18.74614  0.0000E+00  0.1692E-04  0.1247E-06  0.6942E-03  0.7698E-02  0.7071E+02
   -0.412469   18.74872  0.0000E+00  0.1671E-04  0.1006E-06  0.9136E-03  0.6833E-02  0.2825E+02
   -0.481216   18.75040  0.0000E+00  0.1668E-04  0.8498E-07  0.1048E-02  0.6150E-02  0.5495E+01
   -0.549963   18.75180  0.0000E+00  0.1672E-04  0.7327E-07  0.1155E-02  0.5527E-02  0.4569E+01
   -0.618711   18.75304  0.0000E+00  0.1680E-04  0.6431E-07  0.1242E-02  0.4978E-02  0.4054E+01
   -0.687459   18.75416  0.0000E+00  0.1690E-04  0.5724E-07  0.1323E-02  0.4490E-02  0.3701E+01
   -0.756207   18.75518  0.0000E+00  0.1698E-04  0.5154E-07  0.1407E-02  0.4054E-02  0.3413E+01
   -0.824956   18.75613  0.0000E+00  0.1706E-04  0.4686E-07  0.1493E-02  0.3662E-02  0.3160E+01
   -0.893705   18.75700  0.0000E+00  0.1711E-04  0.4298E-07  0.1583E-02  0.3310E-02  0.2930E+01
   -0.962454   18.75780  0.0000E+00  0.1713E-04  0.3974E-07  0.1675E-02  0.2994E-02  0.2710E+01
   -1.031203   18.75855  0.0000E+00  0.1712E-04  0.3700E-07  0.1755E-02  0.2710E-02  0.2609E+01
   -1.099953   18.75924  0.0000E+00  0.1706E-04  0.3468E-07  0.1832E-02  0.2450E-02  0.2508E+01
   -1.168703   18.75989  0.0000E+00  0.1697E-04  0.3271E-07  0.1905E-02  0.2210E-02  0.2406E+01
   -1.237452   18.76050  0.0000E+00  0.1684E-04  0.3105E-07  0.1973E-02  0.1991E-02  0.2305E+01
   -1.306202   18.76108  0.0000E+00  0.1666E-04  0.2965E-07  0.2034E-02  0.1788E-02  0.2205E+01
   -1.374952   18.76162  0.0000E+00  0.1644E-04  0.2849E-07  0.2088E-02  0.1603E-02  0.2107E+01
   -1.443702   18.76214  0.0000E+00  0.1618E-04  0.2754E-07  0.2138E-02  0.1432E-02  0.2015E+01
   -1.512452   18.76264  0.0000E+00  0.1590E-04  0.2681E-07  0.2202E-02  0.1275E-02  0.1877E+01
   -1.581202   18.76311  0.0000E+00  0.1558E-04  0.2628E-07  0.2280E-02  0.1136E-02  0.1738E+01
   -1.649951   18.76356  0.0000E+00  0.1525E-04  0.2593E-07  0.2372E-02  0.1013E-02  0.1615E+01
   -1.718701   18.76398  0.0000E+00  0.1490E-04  0.2577E-07  0.2456E-02  0.9059E-03  0.1501E+01
   -1.787450   18.76438  0.0000E+00  0.1455E-04  0.2578E-07  0.2451E-02  0.8127E-03  0.1386E+01
   -1.856199   18.76477  0.0000E+00  0.1420E-04  0.2596E-07  0.2340E-02  0.7317E-03  0.1268E+01
   -1.924948   18.76517  0.0000E+00  0.1385E-04  0.2632E-07  0.2197E-02  0.6615E-03  0.1151E+01
   -1.993697   18.76558  0.0000E+00  0.1352E-04  0.2684E-07  0.2050E-02  0.6008E-03  0.1039E+01
   -2.062445   18.76602  0.0000E+00  0.1320E-04  0.2755E-07  0.1911E-02  0.5481E-03  0.9444E+00
   -2.131193   18.76648  0.0000E+00  0.1288E-04  0.2848E-07  0.1784E-02  0.5023E-03  0.9201E+00
   -2.199941   18.76696  0.0000E+00  0.1256E-04  0.2974E-07  0.1648E-02  0.4611E-03  0.1046E+01
   -2.268688   18.76747  0.0000E+00  0.1220E-04  0.3157E-07  0.1520E-02  0.4216E-03  0.1385E+01
   -2.337435   18.76801  0.0000E+00  0.1178E-04  0.3453E-07  0.1313E-02  0.3832E-03  0.3577E+01
   -2.406181   18.76866  0.0000E+00  0.1125E-04  0.3965E-07  0.1187E-02  0.3425E-03  0.3525E+02
   -2.474927   18.76937  0.0000E+00  0.1049E-04  0.5079E-07  0.8708E-03  0.3028E-03  0.6186E+03
   -2.543672   18.77086  0.0000E+00  0.9273E-05  0.7401E-07  0.7175E-03  0.2447E-03  0.2481E+04
   -2.612417   18.77198  0.0000E+00  0.7376E-05  0.1411E-06  0.3620E-03  0.1964E-03  0.7501E+03
   -2.681161   18.77825  0.0000E+00  0.4436E-05  0.4328E-06  0.1347E-03  0.1170E-03 -0.1373E+05
   -2.749904   18.78461  0.0000E+00  0.0000E+00  0.0000E+00  0.0000E+00  0.1712E-03  0.0000E+00
