 1 - depth, m
 2 - temperature, C
 3 - salinity, kg/kg
 4 - turbulent kinetic energy, m**2/s**2
 5 - dissipation rate, m**2/s**3
 6 - kinematic heat conductance, m**2/s
 7 - modulus of horizontal velocity, m/s
 8 - Richardson number, n/d
   -0.000000   16.38357  0.0000E+00  0.1421E-03  0.8254E-03  0.9938E-04  0.1015E+00  0.5269E-01
   -0.068747   16.46515  0.0000E+00  0.7850E-04  0.3120E-03  0.1384E-03  0.3612E-01 -0.3310E-01
   -0.137495   16.47998  0.0000E+00  0.5661E-04  0.1216E-03  0.1487E-03  0.2693E-01 -0.5125E-01
   -0.206243   16.49034  0.0000E+00  0.4276E-04  0.4078E-04  0.1747E-03  0.2165E-01 -0.1377E+00
   -0.274992   16.49804  0.0000E+00  0.3391E-04  0.1055E-04  0.2084E-03  0.1798E-01 -0.1027E+00
   -0.343741   16.50411  0.0000E+00  0.2826E-04  0.2005E-05  0.2529E-03  0.1507E-01 -0.1191E+00
   -0.412491   16.50893  0.0000E+00  0.2476E-04  0.4701E-06  0.3310E-03  0.1275E-01  0.4355E+01
   -0.481242   16.51285  0.0000E+00  0.2241E-04  0.2414E-06  0.4428E-03  0.1086E-01  0.1067E+02
   -0.549993   16.51579  0.0000E+00  0.2072E-04  0.1698E-06  0.5728E-03  0.9396E-02  0.3524E+02
   -0.618744   16.51808  0.0000E+00  0.1947E-04  0.1295E-06  0.7432E-03  0.8246E-02  0.1908E+03
   -0.687496   16.51983  0.0000E+00  0.1855E-04  0.1035E-06  0.9313E-03  0.7325E-02  0.1748E+03
   -0.756248   16.52115  0.0000E+00  0.1786E-04  0.8584E-07  0.1094E-02  0.6572E-02  0.2672E+03
   -0.825000   16.52218  0.0000E+00  0.1735E-04  0.7318E-07  0.1220E-02  0.5933E-02  0.5244E+02
   -0.893753   16.52303  0.0000E+00  0.1696E-04  0.6367E-07  0.1316E-02  0.5375E-02  0.3576E+05
   -0.962506   16.52379  0.0000E+00  0.1665E-04  0.5627E-07  0.1394E-02  0.4880E-02  0.6253E+01
   -1.031259   16.52450  0.0000E+00  0.1641E-04  0.5037E-07  0.1445E-02  0.4437E-02  0.3738E+01
   -1.100012   16.52518  0.0000E+00  0.1622E-04  0.4557E-07  0.1491E-02  0.4026E-02  0.3505E+01
   -1.168765   16.52584  0.0000E+00  0.1605E-04  0.4164E-07  0.1538E-02  0.3645E-02  0.3371E+01
   -1.237519   16.52648  0.0000E+00  0.1590E-04  0.3839E-07  0.1583E-02  0.3291E-02  0.3267E+01
   -1.306273   16.52711  0.0000E+00  0.1576E-04  0.3570E-07  0.1627E-02  0.2960E-02  0.3173E+01
   -1.375026   16.52773  0.0000E+00  0.1561E-04  0.3348E-07  0.1668E-02  0.2651E-02  0.3087E+01
   -1.443780   16.52834  0.0000E+00  0.1544E-04  0.3165E-07  0.1706E-02  0.2360E-02  0.3003E+01
   -1.512533   16.52894  0.0000E+00  0.1526E-04  0.3017E-07  0.1755E-02  0.2088E-02  0.2739E+01
   -1.581287   16.52953  0.0000E+00  0.1505E-04  0.2900E-07  0.1811E-02  0.1840E-02  0.2450E+01
   -1.650040   16.53011  0.0000E+00  0.1481E-04  0.2813E-07  0.1872E-02  0.1618E-02  0.2205E+01
   -1.718793   16.53068  0.0000E+00  0.1456E-04  0.2755E-07  0.1940E-02  0.1422E-02  0.1998E+01
   -1.787546   16.53123  0.0000E+00  0.1429E-04  0.2725E-07  0.2002E-02  0.1250E-02  0.1819E+01
   -1.856299   16.53178  0.0000E+00  0.1402E-04  0.2722E-07  0.2017E-02  0.1099E-02  0.1659E+01
   -1.925052   16.53232  0.0000E+00  0.1373E-04  0.2744E-07  0.2012E-02  0.9673E-03  0.1514E+01
   -1.993804   16.53287  0.0000E+00  0.1345E-04  0.2791E-07  0.1954E-02  0.8538E-03  0.1379E+01
   -2.062556   16.53344  0.0000E+00  0.1316E-04  0.2863E-07  0.1828E-02  0.7560E-03  0.1246E+01
   -2.131308   16.53406  0.0000E+00  0.1288E-04  0.2960E-07  0.1692E-02  0.6721E-03  0.1123E+01
   -2.200059   16.53474  0.0000E+00  0.1261E-04  0.3083E-07  0.1563E-02  0.5999E-03  0.1048E+01
   -2.268810   16.53549  0.0000E+00  0.1234E-04  0.3244E-07  0.1443E-02  0.5375E-03  0.1113E+01
   -2.337561   16.53631  0.0000E+00  0.1204E-04  0.3474E-07  0.1302E-02  0.4828E-03  0.1502E+01
   -2.406311   16.53724  0.0000E+00  0.1167E-04  0.3833E-07  0.1155E-02  0.4307E-03  0.2989E+01
   -2.475060   16.53829  0.0000E+00  0.1118E-04  0.4477E-07  0.9005E-03  0.3792E-03  0.2568E+03
   -2.543809   16.53979  0.0000E+00  0.1048E-04  0.5743E-07  0.8261E-03  0.3204E-03  0.5911E+03
   -2.612557   16.54132  0.0000E+00  0.9129E-05  0.9876E-07  0.3513E-03  0.2699E-03  0.5923E+04
   -2.681305   16.54870  0.0000E+00  0.5513E-05  0.3153E-06  0.1098E-03  0.1732E-03 -0.1130E+04
   -2.750052   16.56110  0.0000E+00  0.0000E+00  0.0000E+00  0.0000E+00  0.2058E-03  0.0000E+00
