 1 - depth, m
 2 - temperature, C
 3 - salinity, kg/kg
 4 - turbulent kinetic energy, m**2/s**2
 5 - dissipation rate, m**2/s**3
 6 - kinematic heat conductance, m**2/s
 7 - modulus of horizontal velocity, m/s
 8 - Richardson number, n/d
   -0.000000    0.00000  0.0000E+00  0.1219E-13  0.7603E-17  0.1000E-09  0.0000E+00  0.1354E+17
   -0.068728    0.20898  0.0000E+00  0.1219E-13  0.7603E-17  0.1000E-09  0.0000E+00  0.1235E+17
   -0.137456    0.41099  0.0000E+00  0.1219E-13  0.7603E-17  0.1000E-09  0.0000E+00  0.1120E+17
   -0.206185    0.60530  0.0000E+00  0.1219E-13  0.7603E-17  0.1000E-09  0.0000E+00  0.1011E+17
   -0.274914    0.79136  0.0000E+00  0.1219E-13  0.7603E-17  0.1000E-09  0.0000E+00  0.9186E+16
   -0.343644    0.97094  0.0000E+00  0.5326E-13  0.7888E-17  0.1000E-09  0.0000E+00  0.8344E+16
   -0.412375    1.14438  0.0000E+00  0.1451E-12  0.1517E-16  0.1000E-09  0.0000E+00  0.7567E+16
   -0.481106    1.31188  0.0000E+00  0.3346E-12  0.3198E-16  0.1000E-09  0.0000E+00  0.6843E+16
   -0.549837    1.47341  0.0000E+00  0.7311E-12  0.6732E-16  0.1000E-09  0.0000E+00  0.6138E+16
   -0.618569    1.62809  0.0000E+00  0.1565E-11  0.1404E-15  0.1000E-09  0.0000E+00  0.5501E+16
   -0.687301    1.77627  0.0000E+00  0.3311E-11  0.2902E-15  0.1000E-09  0.0000E+00  0.5058E+16
   -0.756034    1.92227  0.0000E+00  0.6950E-11  0.5954E-15  0.1000E-09  0.0000E+00  0.4729E+16
   -0.824767    2.06915  0.0000E+00  0.1448E-10  0.1213E-14  0.1000E-09  0.0000E+00  0.4419E+16
   -0.893500    2.21779  0.0000E+00  0.2996E-10  0.2456E-14  0.1000E-09  0.0000E+00  0.4123E+16
   -0.962233    2.36913  0.0000E+00  0.6158E-10  0.4940E-14  0.1000E-09  0.0000E+00  0.3833E+16
   -1.030967    2.52421  0.0000E+00  0.1256E-09  0.9862E-14  0.1000E-09  0.0000E+00  0.3552E+16
   -1.099700    2.68470  0.0000E+00  0.2542E-09  0.1954E-13  0.1000E-09  0.0000E+00  0.3252E+16
   -1.168434    2.85185  0.0000E+00  0.5110E-09  0.3847E-13  0.1000E-09  0.0000E+00  0.2918E+16
   -1.237168    3.02681  0.0000E+00  0.1021E-08  0.7530E-13  0.1515E-09  0.0000E+00  0.2531E+16
   -1.305902    3.21045  0.0000E+00  0.2027E-08  0.1465E-12  0.3600E-09  0.0000E+00  0.2073E+16
   -1.374637    3.40304  0.0000E+00  0.4001E-08  0.2834E-12  0.9372E-09  0.0000E+00  0.1541E+16
   -1.443371    3.60547  0.0000E+00  0.7840E-08  0.5444E-12  0.3049E-08  0.0000E+00  0.9107E+15
   -1.512105    3.81509  0.0000E+00  0.1512E-07  0.1031E-11  0.2328E-07  0.0000E+00  0.2270E+15
   -1.580839    4.00671  0.0000E+00  0.1577E-07  0.1078E-11  0.8416E-04  0.0000E+00 -0.1002E+12
   -1.649573    4.00702  0.0000E+00  0.1607E-07  0.1104E-11  0.8389E-04  0.0000E+00 -0.1231E+12
   -1.718306    4.00740  0.0000E+00  0.1634E-07  0.1133E-11  0.8614E-04  0.0000E+00 -0.1273E+12
   -1.787040    4.00778  0.0000E+00  0.1659E-07  0.1165E-11  0.8809E-04  0.0000E+00 -0.1305E+12
   -1.855773    4.00817  0.0000E+00  0.1680E-07  0.1200E-11  0.9039E-04  0.0000E+00 -0.1330E+12
   -1.924507    4.00855  0.0000E+00  0.1699E-07  0.1237E-11  0.9157E-04  0.0000E+00 -0.1373E+12
   -1.993239    4.00894  0.0000E+00  0.1714E-07  0.1279E-11  0.9107E-04  0.0000E+00 -0.1445E+12
   -2.061972    4.00935  0.0000E+00  0.1725E-07  0.1325E-11  0.8917E-04  0.0000E+00 -0.1516E+12
   -2.130704    4.00976  0.0000E+00  0.1734E-07  0.1381E-11  0.8635E-04  0.0000E+00 -0.1603E+12
   -2.199436    4.01020  0.0000E+00  0.1739E-07  0.1453E-11  0.8085E-04  0.0000E+00 -0.1756E+12
   -2.268168    4.01066  0.0000E+00  0.1740E-07  0.1546E-11  0.7094E-04  0.0000E+00 -0.2057E+12
   -2.336899    4.01120  0.0000E+00  0.1734E-07  0.1671E-11  0.6108E-04  0.0000E+00 -0.2466E+12
   -2.405629    4.01182  0.0000E+00  0.1720E-07  0.1850E-11  0.5149E-04  0.0000E+00 -0.3037E+12
   -2.474359    4.01257  0.0000E+00  0.1693E-07  0.2124E-11  0.4097E-04  0.0000E+00 -0.3998E+12
   -2.543088    4.01353  0.0000E+00  0.1643E-07  0.2619E-11  0.2874E-04  0.0000E+00 -0.6083E+12
   -2.611817    4.01492  0.0000E+00  0.1537E-07  0.3841E-11  0.1481E-04  0.0000E+00 -0.1322E+13
   -2.680546    4.01773  0.0000E+00  0.1052E-07  0.1231E-10  0.1614E-05  0.0000E+00 -0.1928E+14
   -2.749273    4.04506  0.0000E+00  0.0000E+00  0.0000E+00  0.0000E+00  0.0000E+00  0.0000E+00
