 1 - depth, m
 2 - temperature, C
 3 - salinity, kg/kg
 4 - turbulent kinetic energy, m**2/s**2
 5 - dissipation rate, m**2/s**3
 6 - kinematic heat conductance, m**2/s
 7 - modulus of horizontal velocity, m/s
 8 - Richardson number, n/d
   -0.000000   13.39249  0.0000E+00  0.6887E-05  0.2782E-06  0.2309E-04  0.1126E-01 -0.2533E+01
   -0.068736   13.41053  0.0000E+00  0.5973E-05  0.9053E-07  0.9943E-04  0.5917E-02 -0.3632E+01
   -0.137472   13.41553  0.0000E+00  0.5359E-05  0.4663E-07  0.1817E-03  0.4020E-02  0.1078E+04
   -0.206209   13.41829  0.0000E+00  0.4977E-05  0.2907E-07  0.2622E-03  0.2988E-02  0.9937E+02
   -0.274947   13.42004  0.0000E+00  0.4757E-05  0.2045E-07  0.3559E-03  0.2358E-02  0.7237E+02
   -0.343685   13.42122  0.0000E+00  0.4625E-05  0.1566E-07  0.4709E-03  0.1931E-02  0.1184E+03
   -0.412424   13.42201  0.0000E+00  0.4554E-05  0.1280E-07  0.5834E-03  0.1638E-02  0.1453E+03
   -0.481163   13.42258  0.0000E+00  0.4525E-05  0.1096E-07  0.6872E-03  0.1426E-02  0.5098E+02
   -0.549903   13.42301  0.0000E+00  0.4526E-05  0.9680E-08  0.7760E-03  0.1260E-02  0.2798E+02
   -0.618643   13.42337  0.0000E+00  0.4546E-05  0.8725E-08  0.8613E-03  0.1122E-02  0.3073E+02
   -0.687383   13.42367  0.0000E+00  0.4581E-05  0.7995E-08  0.9390E-03  0.1006E-02  0.2254E+02
   -0.756124   13.42395  0.0000E+00  0.4623E-05  0.7420E-08  0.1009E-02  0.9058E-03  0.2313E+02
   -0.824865   13.42421  0.0000E+00  0.4671E-05  0.6961E-08  0.1077E-02  0.8165E-03  0.2420E+02
   -0.893607   13.42446  0.0000E+00  0.4724E-05  0.6597E-08  0.1140E-02  0.7377E-03  0.2573E+02
   -0.962348   13.42469  0.0000E+00  0.4778E-05  0.6310E-08  0.1200E-02  0.6681E-03  0.2766E+02
   -1.031090   13.42492  0.0000E+00  0.4834E-05  0.6086E-08  0.1254E-02  0.6066E-03  0.3011E+02
   -1.099832   13.42514  0.0000E+00  0.4889E-05  0.5914E-08  0.1303E-02  0.5510E-03  0.3283E+02
   -1.168574   13.42535  0.0000E+00  0.4944E-05  0.5785E-08  0.1347E-02  0.5003E-03  0.3603E+02
   -1.237317   13.42557  0.0000E+00  0.4995E-05  0.5693E-08  0.1386E-02  0.4541E-03  0.3982E+02
   -1.306059   13.42579  0.0000E+00  0.5044E-05  0.5634E-08  0.1419E-02  0.4120E-03  0.4422E+02
   -1.374801   13.42601  0.0000E+00  0.5089E-05  0.5604E-08  0.1446E-02  0.3734E-03  0.4939E+02
   -1.443544   13.42623  0.0000E+00  0.5129E-05  0.5600E-08  0.1467E-02  0.3380E-03  0.5583E+02
   -1.512286   13.42646  0.0000E+00  0.5165E-05  0.5619E-08  0.1482E-02  0.3055E-03  0.6355E+02
   -1.581028   13.42670  0.0000E+00  0.5196E-05  0.5662E-08  0.1488E-02  0.2764E-03  0.7355E+02
   -1.649770   13.42693  0.0000E+00  0.5223E-05  0.5727E-08  0.1485E-02  0.2506E-03  0.8662E+02
   -1.718512   13.42718  0.0000E+00  0.5246E-05  0.5813E-08  0.1473E-02  0.2277E-03  0.1029E+03
   -1.787254   13.42744  0.0000E+00  0.5264E-05  0.5923E-08  0.1455E-02  0.2074E-03  0.1235E+03
   -1.855996   13.42770  0.0000E+00  0.5279E-05  0.6056E-08  0.1429E-02  0.1891E-03  0.1497E+03
   -1.924737   13.42798  0.0000E+00  0.5288E-05  0.6216E-08  0.1397E-02  0.1725E-03  0.1835E+03
   -1.993478   13.42827  0.0000E+00  0.5292E-05  0.6405E-08  0.1358E-02  0.1574E-03  0.2276E+03
   -2.062219   13.42858  0.0000E+00  0.5290E-05  0.6630E-08  0.1312E-02  0.1433E-03  0.2860E+03
   -2.130960   13.42891  0.0000E+00  0.5280E-05  0.6900E-08  0.1258E-02  0.1300E-03  0.3646E+03
   -2.199700   13.42926  0.0000E+00  0.5261E-05  0.7229E-08  0.1195E-02  0.1173E-03  0.4802E+03
   -2.268439   13.42965  0.0000E+00  0.5231E-05  0.7641E-08  0.1121E-02  0.1048E-03  0.6491E+03
   -2.337179   13.43007  0.0000E+00  0.5186E-05  0.8189E-08  0.1033E-02  0.9278E-04  0.9440E+03
   -2.405917   13.43054  0.0000E+00  0.5122E-05  0.8952E-08  0.9290E-03  0.8115E-04  0.1502E+04
   -2.474655   13.43107  0.0000E+00  0.5031E-05  0.1008E-07  0.8072E-03  0.6985E-04  0.2677E+04
   -2.543393   13.43169  0.0000E+00  0.4896E-05  0.1199E-07  0.6517E-03  0.5874E-04  0.5803E+04
   -2.612130   13.43248  0.0000E+00  0.4665E-05  0.1609E-07  0.5064E-03  0.4778E-04  0.1904E+05
   -2.680867   13.43357  0.0000E+00  0.3008E-05  0.5868E-07  0.2672E-04  0.3739E-04 -0.1453E+07
   -2.749603   13.45414  0.0000E+00  0.0000E+00  0.0000E+00  0.0000E+00  0.3788E-04  0.0000E+00
