 1 - depth, m
 2 - temperature, C
 3 - salinity, kg/kg
 4 - turbulent kinetic energy, m**2/s**2
 5 - dissipation rate, m**2/s**3
 6 - kinematic heat conductance, m**2/s
 7 - modulus of horizontal velocity, m/s
 8 - Richardson number, n/d
   -0.000000   17.66230  0.0000E+00  0.5992E-04  0.1252E-04  0.5722E-04  0.6062E-01 -0.1120E-01
   -0.068735   17.75090  0.0000E+00  0.3467E-04  0.2717E-05  0.9370E-04  0.2416E-01 -0.2444E+00
   -0.137471   17.77375  0.0000E+00  0.2703E-04  0.1021E-05  0.1454E-03  0.1726E-01 -0.6686E-01
   -0.206208   17.78796  0.0000E+00  0.2311E-04  0.4853E-06  0.2297E-03  0.1337E-01  0.3024E+01
   -0.274945   17.79740  0.0000E+00  0.2113E-04  0.2800E-06  0.4082E-03  0.1093E-01  0.1779E+03
   -0.343682   17.80336  0.0000E+00  0.2013E-04  0.1895E-06  0.6553E-03  0.9307E-02  0.1947E+03
   -0.412420   17.80705  0.0000E+00  0.1965E-04  0.1433E-06  0.8631E-03  0.8189E-02  0.1284E+03
   -0.481159   17.80953  0.0000E+00  0.1946E-04  0.1160E-06  0.1036E-02  0.7311E-02  0.1870E+03
   -0.549898   17.81137  0.0000E+00  0.1942E-04  0.9802E-07  0.1156E-02  0.6575E-02  0.1284E+02
   -0.618638   17.81293  0.0000E+00  0.1946E-04  0.8490E-07  0.1257E-02  0.5931E-02  0.5762E+01
   -0.687377   17.81431  0.0000E+00  0.1955E-04  0.7485E-07  0.1349E-02  0.5361E-02  0.4551E+01
   -0.756118   17.81557  0.0000E+00  0.1965E-04  0.6690E-07  0.1437E-02  0.4850E-02  0.3733E+01
   -0.824858   17.81673  0.0000E+00  0.1974E-04  0.6047E-07  0.1526E-02  0.4391E-02  0.3406E+01
   -0.893599   17.81780  0.0000E+00  0.1982E-04  0.5519E-07  0.1619E-02  0.3976E-02  0.3134E+01
   -0.962340   17.81880  0.0000E+00  0.1987E-04  0.5081E-07  0.1715E-02  0.3602E-02  0.2884E+01
   -1.031081   17.81972  0.0000E+00  0.1988E-04  0.4716E-07  0.1800E-02  0.3266E-02  0.2780E+01
   -1.099823   17.82058  0.0000E+00  0.1986E-04  0.4410E-07  0.1881E-02  0.2955E-02  0.2676E+01
   -1.168564   17.82139  0.0000E+00  0.1978E-04  0.4153E-07  0.1958E-02  0.2668E-02  0.2569E+01
   -1.237306   17.82216  0.0000E+00  0.1966E-04  0.3937E-07  0.2028E-02  0.2404E-02  0.2462E+01
   -1.306047   17.82289  0.0000E+00  0.1948E-04  0.3757E-07  0.2089E-02  0.2159E-02  0.2355E+01
   -1.374789   17.82358  0.0000E+00  0.1924E-04  0.3610E-07  0.2140E-02  0.1934E-02  0.2250E+01
   -1.443531   17.82425  0.0000E+00  0.1896E-04  0.3493E-07  0.2185E-02  0.1726E-02  0.2151E+01
   -1.512273   17.82489  0.0000E+00  0.1863E-04  0.3404E-07  0.2238E-02  0.1535E-02  0.1994E+01
   -1.581014   17.82551  0.0000E+00  0.1827E-04  0.3341E-07  0.2304E-02  0.1364E-02  0.1834E+01
   -1.649756   17.82610  0.0000E+00  0.1787E-04  0.3304E-07  0.2382E-02  0.1214E-02  0.1693E+01
   -1.718497   17.82667  0.0000E+00  0.1745E-04  0.3293E-07  0.2469E-02  0.1083E-02  0.1567E+01
   -1.787238   17.82721  0.0000E+00  0.1703E-04  0.3305E-07  0.2512E-02  0.9686E-03  0.1448E+01
   -1.855979   17.82773  0.0000E+00  0.1660E-04  0.3341E-07  0.2441E-02  0.8696E-03  0.1328E+01
   -1.924720   17.82826  0.0000E+00  0.1617E-04  0.3400E-07  0.2300E-02  0.7841E-03  0.1208E+01
   -1.993461   17.82882  0.0000E+00  0.1576E-04  0.3483E-07  0.2135E-02  0.7103E-03  0.1092E+01
   -2.062201   17.82941  0.0000E+00  0.1536E-04  0.3592E-07  0.1974E-02  0.6466E-03  0.9955E+00
   -2.130941   17.83004  0.0000E+00  0.1496E-04  0.3733E-07  0.1828E-02  0.5914E-03  0.9700E+00
   -2.199680   17.83071  0.0000E+00  0.1455E-04  0.3923E-07  0.1670E-02  0.5418E-03  0.1084E+01
   -2.268419   17.83144  0.0000E+00  0.1411E-04  0.4194E-07  0.1542E-02  0.4952E-03  0.1444E+01
   -2.337158   17.83223  0.0000E+00  0.1358E-04  0.4653E-07  0.1324E-02  0.4504E-03  0.9672E+01
   -2.405896   17.83322  0.0000E+00  0.1288E-04  0.5467E-07  0.1179E-02  0.4018E-03  0.2506E+03
   -2.474634   17.83434  0.0000E+00  0.1185E-04  0.7202E-07  0.8675E-03  0.3538E-03  0.8731E+03
   -2.543371   17.83689  0.0000E+00  0.1029E-04  0.1074E-06  0.7127E-03  0.2826E-03  0.3179E+05
   -2.612107   17.83847  0.0000E+00  0.8043E-05  0.2202E-06  0.3518E-03  0.2258E-03  0.3378E+04
   -2.680843   17.84891  0.0000E+00  0.5003E-05  0.6512E-06  0.1628E-03  0.1326E-03 -0.7511E+04
   -2.749578   17.85669  0.0000E+00  0.0000E+00  0.0000E+00  0.0000E+00  0.2036E-03  0.0000E+00
