 1 - depth, m
 2 - temperature, C
 3 - salinity, kg/kg
 4 - turbulent kinetic energy, m**2/s**2
 5 - dissipation rate, m**2/s**3
 6 - kinematic heat conductance, m**2/s
 7 - modulus of horizontal velocity, m/s
 8 - Richardson number, n/d
   -0.000000    5.06176  0.6573E-10  0.4906E-03  0.4230E-03  0.1343E-03  0.2502E+00 -0.6783E-02
   -0.068746    5.13607  0.6573E-10  0.2643E-03  0.1102E-03  0.3676E-03  0.7517E-01 -0.2212E-01
   -0.137492    5.14730  0.6573E-10  0.1908E-03  0.4971E-04  0.3202E-03  0.5816E-01 -0.7796E-02
   -0.206239    5.15610  0.6573E-10  0.1414E-03  0.2409E-04  0.3051E-03  0.4903E-01 -0.7763E-02
   -0.274986    5.16253  0.6573E-10  0.1097E-03  0.1261E-04  0.3075E-03  0.4250E-01 -0.1444E-01
   -0.343734    5.16753  0.6572E-10  0.8821E-04  0.6501E-05  0.3162E-03  0.3757E-01 -0.4906E-02
   -0.412483    5.17179  0.6572E-10  0.7320E-04  0.3541E-05  0.3361E-03  0.3321E-01 -0.5507E-02
   -0.481232    5.17536  0.6572E-10  0.6268E-04  0.2063E-05  0.3655E-03  0.2963E-01 -0.6910E-02
   -0.549982    5.17842  0.6572E-10  0.5542E-04  0.1295E-05  0.3973E-03  0.2673E-01 -0.7957E-02
   -0.618732    5.18110  0.6572E-10  0.5034E-04  0.8764E-06  0.4285E-03  0.2428E-01 -0.8728E-02
   -0.687482    5.18351  0.6572E-10  0.4658E-04  0.6336E-06  0.4636E-03  0.2210E-01 -0.9829E-02
   -0.756232    5.18568  0.6572E-10  0.4366E-04  0.4831E-06  0.4992E-03  0.2018E-01 -0.1108E-01
   -0.824983    5.18767  0.6572E-10  0.4128E-04  0.3838E-06  0.5340E-03  0.1847E-01 -0.1245E-01
   -0.893735    5.18952  0.6572E-10  0.3924E-04  0.3145E-06  0.5667E-03  0.1693E-01 -0.1388E-01
   -0.962486    5.19126  0.6572E-10  0.3741E-04  0.2635E-06  0.5958E-03  0.1553E-01 -0.1530E-01
   -1.031238    5.19291  0.6572E-10  0.3568E-04  0.2243E-06  0.6236E-03  0.1422E-01 -0.1710E-01
   -1.099990    5.19450  0.6572E-10  0.3400E-04  0.1929E-06  0.6583E-03  0.1302E-01 -0.2050E-01
   -1.168742    5.19600  0.6572E-10  0.3241E-04  0.1675E-06  0.6892E-03  0.1195E-01 -0.2428E-01
   -1.237494    5.19744  0.6572E-10  0.3090E-04  0.1466E-06  0.7171E-03  0.1098E-01 -0.2851E-01
   -1.306246    5.19884  0.6572E-10  0.2949E-04  0.1293E-06  0.7426E-03  0.1009E-01 -0.3326E-01
   -1.374998    5.20019  0.6572E-10  0.2817E-04  0.1148E-06  0.7659E-03  0.9287E-02 -0.3857E-01
   -1.443750    5.20151  0.6572E-10  0.2693E-04  0.1026E-06  0.7871E-03  0.8545E-02 -0.4449E-01
   -1.512502    5.20281  0.6572E-10  0.2577E-04  0.9224E-07  0.8062E-03  0.7859E-02 -0.5105E-01
   -1.581254    5.20409  0.6572E-10  0.2469E-04  0.8339E-07  0.8230E-03  0.7222E-02 -0.5825E-01
   -1.650006    5.20535  0.6572E-10  0.2367E-04  0.7582E-07  0.8373E-03  0.6628E-02 -0.6607E-01
   -1.718758    5.20660  0.6572E-10  0.2271E-04  0.6932E-07  0.8486E-03  0.6071E-02 -0.7441E-01
   -1.787510    5.20785  0.6572E-10  0.2181E-04  0.6373E-07  0.8566E-03  0.5546E-02 -0.8314E-01
   -1.856261    5.20911  0.6572E-10  0.2096E-04  0.5892E-07  0.8604E-03  0.5048E-02 -0.9200E-01
   -1.925013    5.21037  0.6572E-10  0.2014E-04  0.5478E-07  0.8593E-03  0.4571E-02 -0.1006E+00
   -1.993764    5.21164  0.6572E-10  0.1935E-04  0.5120E-07  0.8521E-03  0.4111E-02 -0.1085E+00
   -2.062514    5.21294  0.6572E-10  0.1857E-04  0.4812E-07  0.8532E-03  0.3661E-02 -0.1309E+00
   -2.131265    5.21426  0.6572E-10  0.1779E-04  0.4544E-07  0.8504E-03  0.3248E-02 -0.1662E+00
   -2.200014    5.21558  0.6572E-10  0.1701E-04  0.4319E-07  0.8363E-03  0.2878E-02 -0.2118E+00
   -2.268764    5.21693  0.6572E-10  0.1622E-04  0.4141E-07  0.8091E-03  0.2543E-02 -0.2731E+00
   -2.337513    5.21834  0.6572E-10  0.1540E-04  0.4020E-07  0.7655E-03  0.2240E-02 -0.3605E+00
   -2.406262    5.21984  0.6572E-10  0.1453E-04  0.3976E-07  0.7007E-03  0.1965E-02 -0.4991E+00
   -2.475010    5.22150  0.6572E-10  0.1356E-04  0.4051E-07  0.6069E-03  0.1718E-02 -0.7736E+00
   -2.543757    5.22342  0.6572E-10  0.1235E-04  0.4370E-07  0.4697E-03  0.1501E-02 -0.1363E+01
   -2.612504    5.22592  0.6572E-10  0.1073E-04  0.5308E-07  0.2895E-03  0.1312E-02 -0.2785E+01
   -2.681250    5.23004  0.6572E-10  0.4555E-05  0.1365E-06  0.1929E-04  0.1139E-02 -0.1982E+04
   -2.749996    5.29284  0.6572E-10  0.0000E+00  0.0000E+00  0.0000E+00  0.1124E-02  0.0000E+00
