 1 - depth, m
 2 - temperature, C
 3 - salinity, kg/kg
 4 - turbulent kinetic energy, m**2/s**2
 5 - dissipation rate, m**2/s**3
 6 - kinematic heat conductance, m**2/s
 7 - modulus of horizontal velocity, m/s
 8 - Richardson number, n/d
   -0.000000   12.61407  0.8147E-10  0.1787E-02  0.4584E-02  0.1376E-03  0.4923E+00 -0.2359E+00
   -0.068746   12.73082  0.8146E-10  0.8972E-03  0.1052E-02  0.7836E-03  0.1259E+00  0.3960E-01
   -0.137492   12.75090  0.8146E-10  0.6865E-03  0.5394E-03  0.7932E-03  0.9772E-01  0.1994E+00
   -0.206239   12.76093  0.8146E-10  0.5266E-03  0.2896E-03  0.7409E-03  0.8420E-01 -0.3322E-01
   -0.274987   12.76755  0.8146E-10  0.4262E-03  0.1855E-03  0.7263E-03  0.7443E-01 -0.3713E+00
   -0.343735   12.77185  0.8146E-10  0.3507E-03  0.1191E-03  0.7022E-03  0.6823E-01 -0.3946E-01
   -0.412483   12.77531  0.8146E-10  0.2873E-03  0.7400E-04  0.6974E-03  0.6189E-01 -0.1693E+00
   -0.481232   12.77828  0.8146E-10  0.2409E-03  0.4658E-04  0.7534E-03  0.5617E-01  0.5303E+02
   -0.549982   12.78050  0.8146E-10  0.2075E-03  0.2945E-04  0.8038E-03  0.5193E-01  0.1923E+02
   -0.618732   12.78233  0.8146E-10  0.1829E-03  0.1860E-04  0.8496E-03  0.4844E-01  0.5047E+00
   -0.687482   12.78401  0.8146E-10  0.1637E-03  0.1187E-04  0.9211E-03  0.4445E-01  0.1946E+02
   -0.756233   12.78549  0.8146E-10  0.1494E-03  0.7849E-05  0.9832E-03  0.4108E-01  0.9365E+01
   -0.824984   12.78681  0.8146E-10  0.1380E-03  0.5386E-05  0.1045E-02  0.3803E-01  0.2322E+03
   -0.893735   12.78800  0.8146E-10  0.1291E-03  0.3861E-05  0.1103E-02  0.3540E-01  0.1193E+04
   -0.962487   12.78910  0.8146E-10  0.1218E-03  0.2885E-05  0.1166E-02  0.3304E-01  0.1110E+03
   -1.031238   12.79011  0.8146E-10  0.1159E-03  0.2249E-05  0.1221E-02  0.3090E-01  0.8207E+02
   -1.099990   12.79111  0.8146E-10  0.1102E-03  0.1799E-05  0.1305E-02  0.2869E-01  0.8630E+02
   -1.168742   12.79196  0.8146E-10  0.1054E-03  0.1484E-05  0.1372E-02  0.2696E-01  0.3660E+02
   -1.237495   12.79276  0.8146E-10  0.1011E-03  0.1253E-05  0.1442E-02  0.2539E-01  0.1004E+02
   -1.306247   12.79351  0.8146E-10  0.9729E-04  0.1079E-05  0.1495E-02  0.2395E-01  0.4744E+01
   -1.374999   12.79423  0.8146E-10  0.9378E-04  0.9439E-06  0.1553E-02  0.2260E-01  0.1219E+02
   -1.443751   12.79491  0.8146E-10  0.9054E-04  0.8367E-06  0.1601E-02  0.2134E-01  0.1007E+02
   -1.512503   12.79557  0.8146E-10  0.8752E-04  0.7502E-06  0.1643E-02  0.2015E-01  0.2234E+02
   -1.581256   12.79620  0.8146E-10  0.8467E-04  0.6794E-06  0.1682E-02  0.1902E-01  0.2215E+02
   -1.650008   12.79682  0.8146E-10  0.8195E-04  0.6209E-06  0.1708E-02  0.1794E-01  0.6490E+01
   -1.718759   12.79743  0.8146E-10  0.7933E-04  0.5723E-06  0.1721E-02  0.1691E-01  0.8169E+01
   -1.787511   12.79803  0.8146E-10  0.7679E-04  0.5318E-06  0.1722E-02  0.1590E-01  0.3866E+02
   -1.856263   12.79862  0.8146E-10  0.7428E-04  0.4980E-06  0.1712E-02  0.1492E-01  0.4522E+02
   -1.925014   12.79922  0.8146E-10  0.7177E-04  0.4701E-06  0.1697E-02  0.1396E-01  0.6903E+02
   -1.993765   12.79983  0.8146E-10  0.6919E-04  0.4473E-06  0.1658E-02  0.1300E-01  0.7027E+02
   -2.062516   12.80045  0.8146E-10  0.6646E-04  0.4288E-06  0.1628E-02  0.1202E-01  0.1615E+02
   -2.131266   12.80108  0.8146E-10  0.6348E-04  0.4146E-06  0.1580E-02  0.1109E-01  0.5292E+01
   -2.200016   12.80172  0.8146E-10  0.6024E-04  0.4065E-06  0.1495E-02  0.1022E-01  0.4491E+01
   -2.268766   12.80240  0.8146E-10  0.5667E-04  0.4079E-06  0.1370E-02  0.9394E-02  0.3911E+01
   -2.337515   12.80314  0.8146E-10  0.5264E-04  0.4258E-06  0.1220E-02  0.8601E-02  0.2285E+01
   -2.406263   12.80398  0.8146E-10  0.4786E-04  0.4756E-06  0.1050E-02  0.7828E-02  0.2851E+02
   -2.475011   12.80499  0.8146E-10  0.4188E-04  0.5938E-06  0.8346E-03  0.7057E-02  0.3792E+02
   -2.543759   12.80643  0.8146E-10  0.3406E-04  0.8825E-06  0.6021E-03  0.6271E-02  0.4585E+02
   -2.612506   12.80837  0.8146E-10  0.2426E-04  0.1722E-05  0.3381E-03  0.5469E-02  0.1507E+03
   -2.681252   12.81338  0.8146E-10  0.1236E-04  0.4207E-05  0.1317E-03  0.4404E-02 -0.1295E+04
   -2.749998   12.82860  0.8146E-10  0.0000E+00  0.0000E+00  0.0000E+00  0.5151E-02  0.0000E+00
