 1 - depth, m
 2 - temperature, C
 3 - salinity, kg/kg
 4 - turbulent kinetic energy, m**2/s**2
 5 - dissipation rate, m**2/s**3
 6 - kinematic heat conductance, m**2/s
 7 - modulus of horizontal velocity, m/s
 8 - Richardson number, n/d
   -0.000000   16.78697  0.8029E-10  0.2098E-04  0.1303E-05  0.3646E-04  0.2915E-01 -0.3179E-01
   -0.068746   16.83081  0.8028E-10  0.1671E-04  0.3956E-06  0.8334E-04  0.1613E-01 -0.9953E-01
   -0.137492   16.84745  0.8028E-10  0.1431E-04  0.1966E-06  0.1354E-03  0.1166E-01 -0.1854E+00
   -0.206239   16.85702  0.8028E-10  0.1272E-04  0.1178E-06  0.2051E-03  0.9181E-02 -0.2923E+00
   -0.274987   16.86291  0.8028E-10  0.1169E-04  0.7979E-07  0.3898E-03  0.7672E-02  0.1918E+03
   -0.343735   16.86600  0.8028E-10  0.1111E-04  0.6103E-07  0.6503E-03  0.6777E-02  0.2319E+04
   -0.412484   16.86761  0.8028E-10  0.1079E-04  0.5011E-07  0.7665E-03  0.6249E-02  0.2770E+01
   -0.481233   16.86886  0.8028E-10  0.1059E-04  0.4218E-07  0.8647E-03  0.5807E-02  0.2437E+01
   -0.549983   16.86988  0.8028E-10  0.1046E-04  0.3626E-07  0.9716E-03  0.5434E-02  0.2309E+01
   -0.618733   16.87072  0.8028E-10  0.1040E-04  0.3176E-07  0.1086E-02  0.5113E-02  0.2342E+01
   -0.687484   16.87142  0.8028E-10  0.1038E-04  0.2827E-07  0.1209E-02  0.4821E-02  0.2286E+01
   -0.756235   16.87199  0.8028E-10  0.1039E-04  0.2554E-07  0.1330E-02  0.4559E-02  0.2139E+01
   -0.824986   16.87248  0.8028E-10  0.1044E-04  0.2344E-07  0.1449E-02  0.4322E-02  0.1928E+01
   -0.893737   16.87288  0.8028E-10  0.1051E-04  0.2183E-07  0.1491E-02  0.4116E-02  0.1618E+01
   -0.962489   16.87324  0.8028E-10  0.1059E-04  0.2098E-07  0.1651E-02  0.3921E-02  0.1420E+01
   -1.031241   16.87354  0.8028E-10  0.1075E-04  0.2022E-07  0.1000E-09  0.3825E-02 -0.7801E+02
   -1.099993   19.96710  0.8010E-10  0.1072E-04  0.1853E-07  0.2008E-02  0.1554E-02  0.1196E+01
   -1.168745   19.96732  0.8010E-10  0.1072E-04  0.1782E-07  0.1880E-02  0.1448E-02  0.1482E+01
   -1.237497   19.96757  0.8010E-10  0.1074E-04  0.1723E-07  0.1952E-02  0.1326E-02  0.1529E+01
   -1.306250   19.96782  0.8010E-10  0.1076E-04  0.1681E-07  0.2013E-02  0.1213E-02  0.1543E+01
   -1.375002   19.96807  0.8010E-10  0.1079E-04  0.1654E-07  0.2070E-02  0.1109E-02  0.1548E+01
   -1.443754   19.96832  0.8010E-10  0.1081E-04  0.1640E-07  0.2123E-02  0.1012E-02  0.1543E+01
   -1.512507   19.96858  0.8010E-10  0.1083E-04  0.1638E-07  0.2161E-02  0.9236E-03  0.1529E+01
   -1.581259   19.96884  0.8010E-10  0.1084E-04  0.1647E-07  0.2172E-02  0.8423E-03  0.1508E+01
   -1.650011   19.96911  0.8010E-10  0.1084E-04  0.1666E-07  0.2157E-02  0.7679E-03  0.1480E+01
   -1.718763   19.96940  0.8010E-10  0.1083E-04  0.1693E-07  0.2115E-02  0.6998E-03  0.1449E+01
   -1.787515   19.96970  0.8010E-10  0.1081E-04  0.1728E-07  0.2060E-02  0.6376E-03  0.1415E+01
   -1.856267   19.97002  0.8010E-10  0.1077E-04  0.1771E-07  0.1993E-02  0.5806E-03  0.1380E+01
   -1.925018   19.97037  0.8010E-10  0.1072E-04  0.1820E-07  0.1916E-02  0.5283E-03  0.1343E+01
   -1.993769   19.97074  0.8010E-10  0.1065E-04  0.1877E-07  0.1830E-02  0.4798E-03  0.1302E+01
   -2.062520   19.97115  0.8010E-10  0.1057E-04  0.1939E-07  0.1743E-02  0.4355E-03  0.1206E+01
   -2.131271   19.97160  0.8010E-10  0.1048E-04  0.2011E-07  0.1650E-02  0.3971E-03  0.1254E+01
   -2.200021   19.97208  0.8010E-10  0.1036E-04  0.2098E-07  0.1836E-02  0.3640E-03  0.2987E+01
   -2.268770   19.97252  0.8010E-10  0.1021E-04  0.2218E-07  0.1268E-02  0.3372E-03  0.5306E+02
   -2.337520   19.97317  0.8010E-10  0.1001E-04  0.2378E-07  0.1273E-02  0.3042E-03  0.4386E+01
   -2.406268   19.97383  0.8010E-10  0.9728E-05  0.2618E-07  0.1133E-02  0.2743E-03  0.6395E+01
   -2.475017   19.97459  0.8010E-10  0.9335E-05  0.3002E-07  0.8995E-03  0.2462E-03  0.1431E+02
   -2.543764   19.97558  0.8010E-10  0.8734E-05  0.3705E-07  0.7776E-03  0.2191E-03  0.3954E+02
   -2.612511   19.97674  0.8010E-10  0.7580E-05  0.5726E-07  0.3349E-03  0.1974E-03 -0.1774E+03
   -2.681258   19.98152  0.8010E-10  0.3753E-05  0.1710E-06  0.4990E-04  0.1623E-03 -0.8381E+04
   -2.750004   20.00124  0.8010E-10  0.0000E+00  0.0000E+00  0.0000E+00  0.1701E-03  0.0000E+00
