 1 - depth, m
 2 - temperature, C
 3 - salinity, kg/kg
 4 - turbulent kinetic energy, m**2/s**2
 5 - dissipation rate, m**2/s**3
 6 - kinematic heat conductance, m**2/s
 7 - modulus of horizontal velocity, m/s
 8 - Richardson number, n/d
   -0.000000   -0.00000  0.2740E-09  0.1219E-13  0.7603E-17  0.1000E-09  0.0000E+00  0.1246E+17
   -0.068746    0.19181  0.1259E-09  0.1219E-13  0.7603E-17  0.1000E-09  0.0000E+00  0.1145E+17
   -0.137492    0.37765  0.8281E-10  0.1219E-13  0.7603E-17  0.1000E-09  0.0000E+00  0.1030E+17
   -0.206239    0.55400  0.7317E-10  0.1219E-13  0.7603E-17  0.1000E-09  0.0000E+00  0.9234E+16
   -0.274987    0.72068  0.7157E-10  0.1774E-13  0.7603E-17  0.1000E-09  0.0000E+00  0.8282E+16
   -0.343735    0.87821  0.7136E-10  0.7166E-13  0.1100E-16  0.1000E-09  0.0000E+00  0.7561E+16
   -0.412484    1.02975  0.7133E-10  0.1961E-12  0.2449E-16  0.1000E-09  0.0000E+00  0.6926E+16
   -0.481233    1.17609  0.7133E-10  0.4777E-12  0.5631E-16  0.1000E-09  0.0000E+00  0.6373E+16
   -0.549982    1.31818  0.7132E-10  0.1121E-11  0.1280E-15  0.1000E-09  0.0000E+00  0.5977E+16
   -0.618733    1.45902  0.7132E-10  0.2578E-11  0.2866E-15  0.1000E-09  0.0000E+00  0.5717E+16
   -0.687483    1.60186  0.7132E-10  0.5856E-11  0.6347E-15  0.1000E-09  0.0000E+00  0.5502E+16
   -0.756234    1.74827  0.7132E-10  0.1317E-10  0.1392E-14  0.1000E-09  0.0000E+00  0.5405E+16
   -0.824985    1.90250  0.7132E-10  0.2936E-10  0.3027E-14  0.1000E-09  0.0000E+00  0.5295E+16
   -0.893736    2.06599  0.7130E-10  0.6485E-10  0.6524E-14  0.1000E-09  0.0000E+00  0.5150E+16
   -0.962488    2.24014  0.7126E-10  0.1420E-09  0.1394E-13  0.1000E-09  0.0000E+00  0.4949E+16
   -1.031239    2.42625  0.7115E-10  0.3083E-09  0.2955E-13  0.1000E-09  0.0000E+00  0.4663E+16
   -1.099991    2.62537  0.7095E-10  0.6660E-09  0.6234E-13  0.1000E-09  0.0000E+00  0.4265E+16
   -1.168743    2.83811  0.7065E-10  0.1429E-08  0.1307E-12  0.1780E-09  0.0000E+00  0.3738E+16
   -1.237496    3.06490  0.7030E-10  0.3043E-08  0.2718E-12  0.4527E-09  0.0000E+00  0.3058E+16
   -1.306248    3.30550  0.6993E-10  0.6427E-08  0.5611E-12  0.1289E-08  0.0000E+00  0.2217E+16
   -1.375000    3.55860  0.6941E-10  0.1344E-07  0.1147E-11  0.4799E-08  0.0000E+00  0.1220E+16
   -1.443753    3.81901  0.6837E-10  0.2712E-07  0.2272E-11  0.5587E-07  0.0000E+00  0.2103E+15
   -1.512505    4.02186  0.6814E-10  0.2790E-07  0.2341E-11  0.1301E-03  0.0000E+00 -0.1730E+12
   -1.581257    4.02217  0.6814E-10  0.2825E-07  0.2380E-11  0.1277E-03  0.0000E+00 -0.1798E+12
   -1.650009    4.02249  0.6814E-10  0.2856E-07  0.2422E-11  0.1280E-03  0.0000E+00 -0.1833E+12
   -1.718761    4.02281  0.6814E-10  0.2883E-07  0.2469E-11  0.1280E-03  0.0000E+00 -0.1874E+12
   -1.787513    4.02314  0.6814E-10  0.2906E-07  0.2520E-11  0.1275E-03  0.0000E+00 -0.1924E+12
   -1.856264    4.02347  0.6814E-10  0.2925E-07  0.2577E-11  0.1265E-03  0.0000E+00 -0.1985E+12
   -1.925016    4.02381  0.6814E-10  0.2940E-07  0.2641E-11  0.1249E-03  0.0000E+00 -0.2057E+12
   -1.993767    4.02416  0.6814E-10  0.2950E-07  0.2711E-11  0.1229E-03  0.0000E+00 -0.2142E+12
   -2.062517    4.02452  0.6814E-10  0.2956E-07  0.2790E-11  0.1201E-03  0.0000E+00 -0.2238E+12
   -2.131268    4.02489  0.6814E-10  0.2957E-07  0.2884E-11  0.1164E-03  0.0000E+00 -0.2356E+12
   -2.200018    4.02528  0.6814E-10  0.2952E-07  0.2999E-11  0.1119E-03  0.0000E+00 -0.2508E+12
   -2.268768    4.02569  0.6814E-10  0.2939E-07  0.3151E-11  0.1063E-03  0.0000E+00 -0.2711E+12
   -2.337517    4.02613  0.6814E-10  0.2913E-07  0.3375E-11  0.9305E-04  0.0000E+00 -0.3194E+12
   -2.406265    4.02664  0.6814E-10  0.2867E-07  0.3724E-11  0.7259E-04  0.0000E+00 -0.4259E+12
   -2.475014    4.02731  0.6814E-10  0.2788E-07  0.4284E-11  0.5487E-04  0.0000E+00 -0.5947E+12
   -2.543761    4.02822  0.6814E-10  0.2646E-07  0.5320E-11  0.3639E-04  0.0000E+00 -0.9624E+12
   -2.612508    4.02966  0.6814E-10  0.2369E-07  0.7644E-11  0.1758E-04  0.0000E+00 -0.2192E+13
   -2.681255    4.03278  0.6814E-10  0.1194E-07  0.2228E-10  0.1154E-05  0.0000E+00 -0.4971E+14
   -2.750000    4.07858  0.6814E-10  0.0000E+00  0.0000E+00  0.0000E+00  0.0000E+00  0.0000E+00
