 1 - depth, m
 2 - temperature, C
 3 - salinity, kg/kg
 4 - turbulent kinetic energy, m**2/s**2
 5 - dissipation rate, m**2/s**3
 6 - kinematic heat conductance, m**2/s
 7 - modulus of horizontal velocity, m/s
 8 - Richardson number, n/d
   -0.000000   -0.00000  0.1443E-09  0.1219E-13  0.7603E-17  0.1000E-09  0.0000E+00  0.4454E+16
   -0.068746    0.06742  0.7792E-10  0.1219E-13  0.7603E-17  0.1000E-09  0.0000E+00  0.4289E+16
   -0.137492    0.13354  0.6096E-10  0.1219E-13  0.7603E-17  0.1000E-09  0.0000E+00  0.4155E+16
   -0.206239    0.19876  0.5716E-10  0.1219E-13  0.7603E-17  0.1000E-09  0.0000E+00  0.4049E+16
   -0.274987    0.26351  0.5640E-10  0.1219E-13  0.7603E-17  0.1000E-09  0.0000E+00  0.3973E+16
   -0.343735    0.32821  0.5627E-10  0.1219E-13  0.7603E-17  0.1000E-09  0.0000E+00  0.3924E+16
   -0.412483    0.39333  0.5624E-10  0.1219E-13  0.7603E-17  0.1000E-09  0.0000E+00  0.3900E+16
   -0.481232    0.45931  0.5624E-10  0.1219E-13  0.7603E-17  0.1000E-09  0.0000E+00  0.3899E+16
   -0.549982    0.52662  0.5624E-10  0.1219E-13  0.7603E-17  0.1000E-09  0.0000E+00  0.3919E+16
   -0.618732    0.59570  0.5624E-10  0.1219E-13  0.7603E-17  0.1000E-09  0.0000E+00  0.3957E+16
   -0.687482    0.66700  0.5624E-10  0.1219E-13  0.7603E-17  0.1000E-09  0.0000E+00  0.4025E+16
   -0.756233    0.74121  0.5624E-10  0.1219E-13  0.7603E-17  0.1000E-09  0.0000E+00  0.4111E+16
   -0.824984    0.81890  0.5624E-10  0.1219E-13  0.7603E-17  0.1000E-09  0.0000E+00  0.4203E+16
   -0.893735    0.90046  0.5624E-10  0.1219E-13  0.7603E-17  0.1000E-09  0.0000E+00  0.4295E+16
   -0.962487    0.98623  0.5624E-10  0.1219E-13  0.7603E-17  0.1000E-09  0.0000E+00  0.4384E+16
   -1.031238    1.07652  0.5624E-10  0.1219E-13  0.7603E-17  0.1000E-09  0.0000E+00  0.4464E+16
   -1.099990    1.17158  0.5623E-10  0.1219E-13  0.7603E-17  0.1000E-09  0.0000E+00  0.4531E+16
   -1.168742    1.27162  0.5622E-10  0.1219E-13  0.7603E-17  0.1000E-09  0.0000E+00  0.4579E+16
   -1.237494    1.37679  0.5617E-10  0.1219E-13  0.7603E-17  0.1000E-09  0.0000E+00  0.4603E+16
   -1.306246    1.48718  0.5607E-10  0.1219E-13  0.7603E-17  0.1000E-09  0.0000E+00  0.4599E+16
   -1.374999    1.60279  0.5588E-10  0.1219E-13  0.7603E-17  0.1000E-09  0.0000E+00  0.4576E+16
   -1.443751    1.72393  0.5563E-10  0.1219E-13  0.7603E-17  0.1000E-09  0.0000E+00  0.4520E+16
   -1.512503    1.85058  0.5537E-10  0.1219E-13  0.7603E-17  0.1000E-09  0.0000E+00  0.4422E+16
   -1.581255    1.98252  0.5521E-10  0.1219E-13  0.7603E-17  0.1000E-09  0.0000E+00  0.4282E+16
   -1.650007    2.11943  0.5513E-10  0.1219E-13  0.7603E-17  0.1000E-09  0.0000E+00  0.4098E+16
   -1.718759    2.26095  0.5509E-10  0.1219E-13  0.7603E-17  0.1000E-09  0.0000E+00  0.3870E+16
   -1.787511    2.40654  0.5506E-10  0.1219E-13  0.7603E-17  0.1000E-09  0.0000E+00  0.3580E+16
   -1.856262    2.55472  0.5505E-10  0.1219E-13  0.7603E-17  0.1000E-09  0.0000E+00  0.3264E+16
   -1.925014    2.70502  0.5504E-10  0.1837E-13  0.7839E-17  0.1000E-09  0.0000E+00  0.2924E+16
   -1.993765    2.85694  0.5503E-10  0.7748E-13  0.2776E-16  0.1000E-09  0.0000E+00  0.2568E+16
   -2.062515    3.01004  0.5500E-10  0.3213E-12  0.1096E-15  0.1000E-09  0.0000E+00  0.2215E+16
   -2.131266    3.16513  0.5495E-10  0.1298E-11  0.4257E-15  0.1000E-09  0.0000E+00  0.1846E+16
   -2.200016    3.32188  0.5487E-10  0.5137E-11  0.1622E-14  0.1000E-09  0.0000E+00  0.1462E+16
   -2.268765    3.47974  0.5474E-10  0.2017E-10  0.6135E-14  0.1000E-09  0.0000E+00  0.1072E+16
   -2.337514    3.63885  0.5458E-10  0.7934E-10  0.2326E-13  0.1747E-09  0.0000E+00  0.6739E+15
   -2.406263    3.79908  0.5447E-10  0.3102E-09  0.8779E-13  0.1638E-08  0.0000E+00  0.2692E+15
   -2.475011    3.95888  0.5445E-10  0.1129E-08  0.3116E-12  0.3176E-06  0.0000E+00  0.1756E+13
   -2.543758    4.00933  0.5445E-10  0.2691E-08  0.8774E-12  0.3181E-05  0.0000E+00 -0.3070E+13
   -2.612505    4.01668  0.5445E-10  0.3406E-08  0.1557E-11  0.2525E-05  0.0000E+00 -0.5668E+13
   -2.681252    4.02688  0.5445E-10  0.3622E-08  0.4070E-11  0.9360E-06  0.0000E+00 -0.3115E+14
   -2.749997    4.06132  0.5445E-10  0.0000E+00  0.0000E+00  0.0000E+00  0.0000E+00  0.0000E+00
