 1 - depth, m
 2 - temperature, C
 3 - salinity, kg/kg
 4 - turbulent kinetic energy, m**2/s**2
 5 - dissipation rate, m**2/s**3
 6 - kinematic heat conductance, m**2/s
 7 - modulus of horizontal velocity, m/s
 8 - Richardson number, n/d
   -0.000000   13.29622  0.9493E-10  0.7782E-05  0.2466E-06  0.2973E-04  0.1347E-01 -0.1502E+00
   -0.068746   13.35463  0.9493E-10  0.8829E-05  0.8174E-07  0.1811E-03  0.7636E-02 -0.5497E+00
   -0.137492   13.36396  0.9493E-10  0.9246E-05  0.5766E-07  0.5270E-03  0.6483E-02  0.2621E+01
   -0.206239   13.36702  0.9493E-10  0.9651E-05  0.4836E-07  0.6114E-03  0.6126E-02  0.1824E+01
   -0.274987   13.36956  0.9493E-10  0.1012E-04  0.4182E-07  0.7704E-03  0.5771E-02  0.2255E+01
   -0.343735   13.37151  0.9493E-10  0.1061E-04  0.3708E-07  0.9420E-03  0.5450E-02  0.2555E+01
   -0.412484   13.37306  0.9493E-10  0.1109E-04  0.3346E-07  0.1132E-02  0.5149E-02  0.2802E+01
   -0.481233   13.37430  0.9493E-10  0.1155E-04  0.3060E-07  0.1286E-02  0.4866E-02  0.2961E+01
   -0.549983   13.37536  0.9493E-10  0.1198E-04  0.2828E-07  0.1375E-02  0.4597E-02  0.3050E+01
   -0.618733   13.37633  0.9493E-10  0.1237E-04  0.2636E-07  0.1454E-02  0.4341E-02  0.3114E+01
   -0.687483   13.37722  0.9493E-10  0.1271E-04  0.2474E-07  0.1533E-02  0.4095E-02  0.3165E+01
   -0.756234   13.37803  0.9493E-10  0.1301E-04  0.2336E-07  0.1613E-02  0.3859E-02  0.3203E+01
   -0.824985   13.37879  0.9493E-10  0.1326E-04  0.2216E-07  0.1692E-02  0.3630E-02  0.3229E+01
   -0.893736   13.37948  0.9493E-10  0.1346E-04  0.2112E-07  0.1770E-02  0.3408E-02  0.3244E+01
   -0.962488   13.38013  0.9493E-10  0.1361E-04  0.2020E-07  0.1844E-02  0.3192E-02  0.3247E+01
   -1.031239   13.38074  0.9493E-10  0.1371E-04  0.1940E-07  0.1913E-02  0.2982E-02  0.3241E+01
   -1.099991   13.38131  0.9493E-10  0.1376E-04  0.1870E-07  0.1973E-02  0.2777E-02  0.3224E+01
   -1.168744   13.38184  0.9493E-10  0.1376E-04  0.1808E-07  0.2023E-02  0.2576E-02  0.3198E+01
   -1.237496   13.38235  0.9493E-10  0.1371E-04  0.1755E-07  0.2059E-02  0.2380E-02  0.3162E+01
   -1.306248   13.38284  0.9493E-10  0.1361E-04  0.1710E-07  0.2081E-02  0.2189E-02  0.3117E+01
   -1.375000   13.38330  0.9493E-10  0.1346E-04  0.1672E-07  0.2087E-02  0.2001E-02  0.3060E+01
   -1.443753   13.38376  0.9493E-10  0.1328E-04  0.1641E-07  0.2078E-02  0.1817E-02  0.2992E+01
   -1.512505   13.38420  0.9493E-10  0.1305E-04  0.1619E-07  0.2056E-02  0.1637E-02  0.2908E+01
   -1.581257   13.38463  0.9493E-10  0.1280E-04  0.1605E-07  0.2022E-02  0.1460E-02  0.2809E+01
   -1.650009   13.38505  0.9493E-10  0.1251E-04  0.1599E-07  0.1981E-02  0.1287E-02  0.2690E+01
   -1.718761   13.38547  0.9493E-10  0.1220E-04  0.1602E-07  0.1936E-02  0.1118E-02  0.2546E+01
   -1.787513   13.38589  0.9493E-10  0.1187E-04  0.1616E-07  0.1981E-02  0.9536E-03  0.1955E+01
   -1.856264   13.38629  0.9493E-10  0.1154E-04  0.1641E-07  0.2092E-02  0.8184E-03  0.1592E+01
   -1.925016   13.38667  0.9493E-10  0.1122E-04  0.1677E-07  0.2181E-02  0.7100E-03  0.1325E+01
   -1.993767   13.38703  0.9493E-10  0.1090E-04  0.1726E-07  0.2071E-02  0.6239E-03  0.1123E+01
   -2.062518   13.38739  0.9493E-10  0.1061E-04  0.1786E-07  0.1902E-02  0.5548E-03  0.9805E+00
   -2.131268   13.38779  0.9493E-10  0.1034E-04  0.1859E-07  0.1745E-02  0.4968E-03  0.8497E+00
   -2.200018   13.38821  0.9493E-10  0.1009E-04  0.1949E-07  0.1603E-02  0.4471E-03  0.7773E+00
   -2.268768   13.38865  0.9493E-10  0.9834E-05  0.2067E-07  0.1486E-02  0.4037E-03  0.8547E+00
   -2.337517   13.38913  0.9493E-10  0.9551E-05  0.2244E-07  0.1314E-02  0.3642E-03  0.1234E+01
   -2.406266   13.38966  0.9493E-10  0.9204E-05  0.2540E-07  0.1192E-02  0.3251E-03  0.3066E+01
   -2.475014   13.39024  0.9493E-10  0.8699E-05  0.3208E-07  0.8846E-03  0.2869E-03  0.1887E+02
   -2.543761   13.39136  0.9493E-10  0.7845E-05  0.4662E-07  0.7205E-03  0.2336E-03  0.7969E+02
   -2.612508   13.39249  0.9493E-10  0.6338E-05  0.8655E-07  0.3684E-03  0.1854E-03  0.1471E+03
   -2.681255   13.39741  0.9493E-10  0.3860E-05  0.2692E-06  0.1235E-03  0.1078E-03 -0.1139E+05
   -2.750001   13.40470  0.9493E-10  0.0000E+00  0.0000E+00  0.0000E+00  0.1572E-03  0.0000E+00
