 1 - depth, m
 2 - temperature, C
 3 - salinity, kg/kg
 4 - turbulent kinetic energy, m**2/s**2
 5 - dissipation rate, m**2/s**3
 6 - kinematic heat conductance, m**2/s
 7 - modulus of horizontal velocity, m/s
 8 - Richardson number, n/d
   -0.000000   -0.00000  0.2159E-10  0.1219E-13  0.7603E-17  0.1000E-09  0.0000E+00  0.7812E+16
   -0.068746    0.11909  0.2601E-10  0.1219E-13  0.7603E-17  0.1000E-09  0.0000E+00  0.7589E+16
   -0.137492    0.23864  0.2397E-10  0.1219E-13  0.7603E-17  0.1000E-09  0.0000E+00  0.7357E+16
   -0.206239    0.35854  0.2052E-10  0.1219E-13  0.7603E-17  0.1000E-09  0.0000E+00  0.7117E+16
   -0.274987    0.47868  0.1787E-10  0.1219E-13  0.7603E-17  0.1000E-09  0.0000E+00  0.6871E+16
   -0.343735    0.59897  0.1632E-10  0.1219E-13  0.7603E-17  0.1000E-09  0.0000E+00  0.6621E+16
   -0.412484    0.71930  0.1556E-10  0.1219E-13  0.7603E-17  0.1000E-09  0.0000E+00  0.6366E+16
   -0.481233    0.83960  0.1524E-10  0.1219E-13  0.7603E-17  0.1000E-09  0.0000E+00  0.6109E+16
   -0.549983    0.95978  0.1511E-10  0.1219E-13  0.7603E-17  0.1000E-09  0.0000E+00  0.5851E+16
   -0.618733    1.07978  0.1506E-10  0.1219E-13  0.7603E-17  0.1000E-09  0.0000E+00  0.5591E+16
   -0.687483    1.19952  0.1505E-10  0.1219E-13  0.7603E-17  0.1000E-09  0.0000E+00  0.5335E+16
   -0.756234    1.31901  0.1504E-10  0.1219E-13  0.7603E-17  0.1000E-09  0.0000E+00  0.5080E+16
   -0.824985    1.43826  0.1504E-10  0.1219E-13  0.7603E-17  0.1000E-09  0.0000E+00  0.4826E+16
   -0.893737    1.55719  0.1503E-10  0.1219E-13  0.7603E-17  0.1000E-09  0.0000E+00  0.4573E+16
   -0.962488    1.67575  0.1502E-10  0.1219E-13  0.7603E-17  0.1000E-09  0.0000E+00  0.4320E+16
   -1.031240    1.79389  0.1500E-10  0.1219E-13  0.7603E-17  0.1000E-09  0.0000E+00  0.4069E+16
   -1.099992    1.91154  0.1498E-10  0.1219E-13  0.7603E-17  0.1000E-09  0.0000E+00  0.3821E+16
   -1.168744    2.02865  0.1495E-10  0.1219E-13  0.7603E-17  0.1000E-09  0.0000E+00  0.3574E+16
   -1.237497    2.14518  0.1490E-10  0.1219E-13  0.7603E-17  0.1000E-09  0.0000E+00  0.3331E+16
   -1.306249    2.26106  0.1486E-10  0.1219E-13  0.7603E-17  0.1000E-09  0.0000E+00  0.3090E+16
   -1.375001    2.37625  0.1481E-10  0.1219E-13  0.7603E-17  0.1000E-09  0.0000E+00  0.2855E+16
   -1.443754    2.49074  0.1477E-10  0.1219E-13  0.7603E-17  0.1000E-09  0.0000E+00  0.2623E+16
   -1.512506    2.60449  0.1473E-10  0.1219E-13  0.7603E-17  0.1000E-09  0.0000E+00  0.2396E+16
   -1.581258    2.71748  0.1470E-10  0.1219E-13  0.7603E-17  0.1000E-09  0.0000E+00  0.2172E+16
   -1.650010    2.82965  0.1468E-10  0.2710E-13  0.7603E-17  0.1000E-09  0.0000E+00  0.1954E+16
   -1.718762    2.94096  0.1466E-10  0.8988E-13  0.1666E-16  0.1000E-09  0.0000E+00  0.1740E+16
   -1.787514    3.05139  0.1465E-10  0.2648E-12  0.4505E-16  0.1000E-09  0.0000E+00  0.1530E+16
   -1.856266    3.16084  0.1464E-10  0.7529E-12  0.1232E-15  0.1000E-09  0.0000E+00  0.1325E+16
   -1.925017    3.26916  0.1462E-10  0.2108E-11  0.3341E-15  0.1000E-09  0.0000E+00  0.1125E+16
   -1.993768    3.37620  0.1461E-10  0.5846E-11  0.8989E-15  0.1000E-09  0.0000E+00  0.9304E+15
   -2.062519    3.48184  0.1460E-10  0.1571E-10  0.2344E-14  0.1000E-09  0.0000E+00  0.7485E+15
   -2.131269    3.58680  0.1460E-10  0.4158E-10  0.6024E-14  0.1000E-09  0.0000E+00  0.5710E+15
   -2.200019    3.69117  0.1459E-10  0.1089E-09  0.1533E-13  0.1962E-09  0.0000E+00  0.3967E+15
   -2.268769    3.79485  0.1459E-10  0.2848E-09  0.3894E-13  0.8744E-09  0.0000E+00  0.2259E+15
   -2.337518    3.89756  0.1459E-10  0.7489E-09  0.9961E-13  0.8199E-08  0.0000E+00  0.6117E+14
   -2.406267    3.99487  0.1459E-10  0.1444E-08  0.1923E-12  0.4310E-05  0.0000E+00 -0.5193E+12
   -2.475015    3.99813  0.1459E-10  0.1765E-08  0.2596E-12  0.4675E-05  0.0000E+00 -0.6281E+12
   -2.543763    4.00114  0.1459E-10  0.1963E-08  0.3515E-12  0.4030E-05  0.0000E+00 -0.9065E+12
   -2.612510    4.00463  0.1459E-10  0.1992E-08  0.5340E-12  0.2427E-05  0.0000E+00 -0.1910E+13
   -2.681257    4.01039  0.1459E-10  0.1612E-08  0.1284E-11  0.5036E-06  0.0000E+00 -0.1382E+14
   -2.750002    4.03474  0.1459E-10  0.0000E+00  0.0000E+00  0.0000E+00  0.0000E+00  0.0000E+00
