 1 - depth, m
 2 - temperature, C
 3 - salinity, kg/kg
 4 - turbulent kinetic energy, m**2/s**2
 5 - dissipation rate, m**2/s**3
 6 - kinematic heat conductance, m**2/s
 7 - modulus of horizontal velocity, m/s
 8 - Richardson number, n/d
   -0.000000   12.83989  0.2869E-11  0.2943E-05  0.7170E-07  0.2166E-04  0.1938E-02 -0.1705E+03
   -0.068746   12.90019  0.2869E-11  0.5403E-05  0.3081E-07  0.3495E-03  0.7557E-03  0.1299E+05
   -0.137492   12.90379  0.2869E-11  0.6052E-05  0.2471E-07  0.4864E-03  0.6656E-03  0.1836E+04
   -0.206239   12.90628  0.2869E-11  0.6542E-05  0.2139E-07  0.6446E-03  0.6052E-03  0.1049E+04
   -0.274987   12.90810  0.2869E-11  0.6931E-05  0.1924E-07  0.7904E-03  0.5604E-03  0.7149E+03
   -0.343735   12.90953  0.2869E-11  0.7249E-05  0.1772E-07  0.9295E-03  0.5244E-03  0.5421E+03
   -0.412484   12.91070  0.2869E-11  0.7515E-05  0.1658E-07  0.1061E-02  0.4941E-03  0.4383E+03
   -0.481233   12.91171  0.2869E-11  0.7740E-05  0.1568E-07  0.1184E-02  0.4676E-03  0.3704E+03
   -0.549983   12.91258  0.2869E-11  0.7932E-05  0.1494E-07  0.1300E-02  0.4439E-03  0.3231E+03
   -0.618733   12.91335  0.2869E-11  0.8097E-05  0.1433E-07  0.1409E-02  0.4222E-03  0.2889E+03
   -0.687483   12.91405  0.2869E-11  0.8239E-05  0.1381E-07  0.1511E-02  0.4018E-03  0.2632E+03
   -0.756234   12.91468  0.2869E-11  0.8362E-05  0.1337E-07  0.1605E-02  0.3826E-03  0.2435E+03
   -0.824985   12.91526  0.2869E-11  0.8466E-05  0.1298E-07  0.1693E-02  0.3643E-03  0.2280E+03
   -0.893736   12.91580  0.2869E-11  0.8554E-05  0.1264E-07  0.1773E-02  0.3467E-03  0.2157E+03
   -0.962488   12.91631  0.2869E-11  0.8628E-05  0.1235E-07  0.1846E-02  0.3297E-03  0.2058E+03
   -1.031240   12.91678  0.2869E-11  0.8689E-05  0.1209E-07  0.1911E-02  0.3133E-03  0.1979E+03
   -1.099992   12.91723  0.2869E-11  0.8737E-05  0.1187E-07  0.1968E-02  0.2972E-03  0.1914E+03
   -1.168744   12.91765  0.2869E-11  0.8773E-05  0.1168E-07  0.2017E-02  0.2816E-03  0.1863E+03
   -1.237496   12.91806  0.2869E-11  0.8798E-05  0.1151E-07  0.2058E-02  0.2663E-03  0.1822E+03
   -1.306248   12.91845  0.2869E-11  0.8814E-05  0.1138E-07  0.2090E-02  0.2513E-03  0.1791E+03
   -1.375001   12.91883  0.2869E-11  0.8820E-05  0.1127E-07  0.2114E-02  0.2366E-03  0.1768E+03
   -1.443753   12.91919  0.2869E-11  0.8818E-05  0.1118E-07  0.2130E-02  0.2221E-03  0.1754E+03
   -1.512505   12.91955  0.2869E-11  0.8807E-05  0.1112E-07  0.2137E-02  0.2078E-03  0.1747E+03
   -1.581257   12.91990  0.2869E-11  0.8790E-05  0.1109E-07  0.2135E-02  0.1937E-03  0.1747E+03
   -1.650010   12.92024  0.2869E-11  0.8766E-05  0.1109E-07  0.2125E-02  0.1798E-03  0.1762E+03
   -1.718761   12.92057  0.2869E-11  0.8737E-05  0.1111E-07  0.2107E-02  0.1660E-03  0.1840E+03
   -1.787513   12.92091  0.2869E-11  0.8702E-05  0.1117E-07  0.2079E-02  0.1525E-03  0.1961E+03
   -1.856265   12.92124  0.2869E-11  0.8660E-05  0.1127E-07  0.2042E-02  0.1404E-03  0.2305E+03
   -1.925016   12.92158  0.2869E-11  0.8612E-05  0.1141E-07  0.1996E-02  0.1297E-03  0.2725E+03
   -1.993767   12.92192  0.2869E-11  0.8554E-05  0.1161E-07  0.1940E-02  0.1201E-03  0.3291E+03
   -2.062518   12.92227  0.2869E-11  0.8489E-05  0.1187E-07  0.1873E-02  0.1113E-03  0.4020E+03
   -2.131269   12.92263  0.2869E-11  0.8416E-05  0.1220E-07  0.1795E-02  0.1027E-03  0.4758E+03
   -2.200019   12.92299  0.2869E-11  0.8334E-05  0.1264E-07  0.1705E-02  0.9428E-04  0.5797E+03
   -2.268768   12.92337  0.2869E-11  0.8242E-05  0.1322E-07  0.1600E-02  0.8591E-04  0.7235E+03
   -2.337517   12.92378  0.2869E-11  0.8135E-05  0.1404E-07  0.1476E-02  0.7770E-04  0.9663E+03
   -2.406266   12.92421  0.2869E-11  0.8005E-05  0.1523E-07  0.1328E-02  0.6965E-04  0.1404E+04
   -2.475014   12.92468  0.2869E-11  0.7843E-05  0.1709E-07  0.1156E-02  0.6170E-04  0.2280E+04
   -2.543762   12.92521  0.2869E-11  0.7629E-05  0.2032E-07  0.9219E-03  0.5381E-04  0.4505E+04
   -2.612509   12.92588  0.2869E-11  0.7305E-05  0.2710E-07  0.7381E-03  0.4567E-04  0.1063E+05
   -2.681255   12.92670  0.2869E-11  0.4931E-05  0.1060E-06  0.3446E-04  0.3825E-04 -0.9569E+06
   -2.750001   12.94397  0.2869E-11  0.0000E+00  0.0000E+00  0.0000E+00  0.3825E-04  0.0000E+00
