 1 - depth, m
 2 - temperature, C
 3 - salinity, kg/kg
 4 - turbulent kinetic energy, m**2/s**2
 5 - dissipation rate, m**2/s**3
 6 - kinematic heat conductance, m**2/s
 7 - modulus of horizontal velocity, m/s
 8 - Richardson number, n/d
   -0.000000   -0.00000  0.1760E-10  0.1219E-13  0.7603E-17  0.1000E-09  0.0000E+00  0.5163E+16
   -0.068746    0.07827  0.9499E-11  0.1219E-13  0.7603E-17  0.1000E-09  0.0000E+00  0.4969E+16
   -0.137492    0.15521  0.7272E-11  0.1219E-13  0.7603E-17  0.1000E-09  0.0000E+00  0.4813E+16
   -0.206239    0.23134  0.6756E-11  0.1219E-13  0.7603E-17  0.1000E-09  0.0000E+00  0.4693E+16
   -0.274987    0.30719  0.6649E-11  0.1219E-13  0.7603E-17  0.1000E-09  0.0000E+00  0.4607E+16
   -0.343735    0.38329  0.6630E-11  0.1219E-13  0.7603E-17  0.1000E-09  0.0000E+00  0.4551E+16
   -0.412483    0.46020  0.6626E-11  0.1219E-13  0.7603E-17  0.1000E-09  0.0000E+00  0.4524E+16
   -0.481232    0.53845  0.6626E-11  0.1219E-13  0.7603E-17  0.1000E-09  0.0000E+00  0.4523E+16
   -0.549982    0.61860  0.6626E-11  0.1219E-13  0.7603E-17  0.1000E-09  0.0000E+00  0.4543E+16
   -0.618732    0.70119  0.6626E-11  0.1219E-13  0.7603E-17  0.1000E-09  0.0000E+00  0.4581E+16
   -0.687482    0.78675  0.6626E-11  0.1219E-13  0.7603E-17  0.1000E-09  0.0000E+00  0.4647E+16
   -0.756233    0.87609  0.6626E-11  0.1219E-13  0.7603E-17  0.1000E-09  0.0000E+00  0.4730E+16
   -0.824984    0.96988  0.6626E-11  0.1219E-13  0.7603E-17  0.1000E-09  0.0000E+00  0.4814E+16
   -0.893735    1.06858  0.6626E-11  0.1219E-13  0.7603E-17  0.1000E-09  0.0000E+00  0.4893E+16
   -0.962486    1.17265  0.6625E-11  0.1219E-13  0.7603E-17  0.1000E-09  0.0000E+00  0.4962E+16
   -1.031238    1.28247  0.6624E-11  0.1219E-13  0.7603E-17  0.1000E-09  0.0000E+00  0.5015E+16
   -1.099990    1.39840  0.6621E-11  0.1219E-13  0.7603E-17  0.1000E-09  0.0000E+00  0.5044E+16
   -1.168742    1.52075  0.6612E-11  0.4730E-13  0.8325E-17  0.1000E-09  0.0000E+00  0.5044E+16
   -1.237494    1.64978  0.6592E-11  0.1355E-12  0.1781E-16  0.1000E-09  0.0000E+00  0.5009E+16
   -1.306246    1.78568  0.6560E-11  0.3375E-12  0.4125E-16  0.1000E-09  0.0000E+00  0.4933E+16
   -1.374999    1.92860  0.6520E-11  0.8032E-12  0.9478E-16  0.1000E-09  0.0000E+00  0.4823E+16
   -1.443751    2.07904  0.6487E-11  0.1875E-11  0.2151E-15  0.1000E-09  0.0000E+00  0.4663E+16
   -1.512503    2.23715  0.6467E-11  0.4322E-11  0.4829E-15  0.1000E-09  0.0000E+00  0.4443E+16
   -1.581255    2.40287  0.6456E-11  0.9859E-11  0.1073E-14  0.1000E-09  0.0000E+00  0.4159E+16
   -1.650007    2.57604  0.6449E-11  0.2226E-10  0.2362E-14  0.1000E-09  0.0000E+00  0.3809E+16
   -1.718759    2.75637  0.6444E-11  0.4980E-10  0.5151E-14  0.1000E-09  0.0000E+00  0.3392E+16
   -1.787511    2.94352  0.6442E-11  0.1130E-09  0.1139E-13  0.1000E-09  0.0000E+00  0.2936E+16
   -1.856262    3.13886  0.6440E-11  0.2585E-09  0.2542E-13  0.1000E-09  0.0000E+00  0.2408E+16
   -1.925013    3.34262  0.6439E-11  0.5905E-09  0.5665E-13  0.1600E-09  0.0000E+00  0.1804E+16
   -1.993764    3.55500  0.6435E-11  0.1346E-08  0.1260E-12  0.5773E-09  0.0000E+00  0.1112E+16
   -2.062515    3.77459  0.6425E-11  0.2985E-08  0.2730E-12  0.3956E-08  0.0000E+00  0.3517E+15
   -2.131265    3.99113  0.6417E-11  0.3874E-08  0.3572E-12  0.1322E-04  0.0000E+00 -0.2205E+12
   -2.200015    3.99349  0.6417E-11  0.4316E-08  0.4118E-12  0.1589E-04  0.0000E+00 -0.2516E+12
   -2.268765    3.99547  0.6417E-11  0.4694E-08  0.4732E-12  0.1722E-04  0.0000E+00 -0.2880E+12
   -2.337514    3.99729  0.6417E-11  0.5023E-08  0.5472E-12  0.1736E-04  0.0000E+00 -0.3393E+12
   -2.406263    3.99912  0.6417E-11  0.5295E-08  0.6424E-12  0.1636E-04  0.0000E+00 -0.4201E+12
   -2.475011    4.00106  0.6417E-11  0.5493E-08  0.7784E-12  0.1414E-04  0.0000E+00 -0.5657E+12
   -2.543758    4.00333  0.6417E-11  0.5578E-08  0.1007E-11  0.1061E-04  0.0000E+00 -0.8914E+12
   -2.612505    4.00640  0.6417E-11  0.5424E-08  0.1536E-11  0.5841E-05  0.0000E+00 -0.2045E+13
   -2.681251    4.01209  0.6417E-11  0.4377E-08  0.4215E-11  0.1097E-05  0.0000E+00 -0.1967E+14
   -2.749997    4.04267  0.6417E-11  0.0000E+00  0.0000E+00  0.0000E+00  0.0000E+00  0.0000E+00
