 1 - depth, m
 2 - temperature, C
 3 - salinity, kg/kg
 4 - turbulent kinetic energy, m**2/s**2
 5 - dissipation rate, m**2/s**3
 6 - kinematic heat conductance, m**2/s
 7 - modulus of horizontal velocity, m/s
 8 - Richardson number, n/d
   -0.000000   14.50557  0.3345E-10  0.1030E-04  0.3877E-06  0.3410E-04  0.1658E-01 -0.3919E+00
   -0.068746   14.55767  0.3345E-10  0.1114E-04  0.1365E-06  0.1860E-03  0.1010E-01  0.1170E+03
   -0.137492   14.56842  0.3345E-10  0.1157E-04  0.8540E-07  0.3924E-03  0.8419E-02  0.3273E+02
   -0.206239   14.57289  0.3345E-10  0.1194E-04  0.6688E-07  0.7211E-03  0.7620E-02  0.6203E+02
   -0.274987   14.57508  0.3345E-10  0.1237E-04  0.5720E-07  0.8616E-03  0.7195E-02  0.3557E+01
   -0.343735   14.57684  0.3345E-10  0.1283E-04  0.5005E-07  0.1046E-02  0.6773E-02  0.3908E+01
   -0.412484   14.57824  0.3345E-10  0.1330E-04  0.4475E-07  0.1163E-02  0.6390E-02  0.4036E+01
   -0.481233   14.57946  0.3345E-10  0.1374E-04  0.4063E-07  0.1276E-02  0.6034E-02  0.4139E+01
   -0.549982   14.58054  0.3345E-10  0.1415E-04  0.3734E-07  0.1382E-02  0.5701E-02  0.4240E+01
   -0.618732   14.58151  0.3345E-10  0.1453E-04  0.3464E-07  0.1485E-02  0.5385E-02  0.4317E+01
   -0.687483   14.58238  0.3345E-10  0.1487E-04  0.3238E-07  0.1587E-02  0.5083E-02  0.4391E+01
   -0.756234   14.58317  0.3345E-10  0.1516E-04  0.3045E-07  0.1689E-02  0.4793E-02  0.4435E+01
   -0.824985   14.58389  0.3345E-10  0.1541E-04  0.2880E-07  0.1791E-02  0.4513E-02  0.4473E+01
   -0.893736   14.58456  0.3345E-10  0.1560E-04  0.2735E-07  0.1893E-02  0.4241E-02  0.4479E+01
   -0.962488   14.58517  0.3345E-10  0.1575E-04  0.2609E-07  0.1992E-02  0.3977E-02  0.4480E+01
   -1.031239   14.58573  0.3345E-10  0.1584E-04  0.2497E-07  0.2087E-02  0.3720E-02  0.4451E+01
   -1.099991   14.58626  0.3345E-10  0.1589E-04  0.2399E-07  0.2175E-02  0.3469E-02  0.4422E+01
   -1.168743   14.58675  0.3345E-10  0.1587E-04  0.2313E-07  0.2251E-02  0.3224E-02  0.4373E+01
   -1.237496   14.58721  0.3345E-10  0.1581E-04  0.2237E-07  0.2312E-02  0.2983E-02  0.4331E+01
   -1.306248   14.58764  0.3345E-10  0.1570E-04  0.2170E-07  0.2354E-02  0.2748E-02  0.4278E+01
   -1.375000   14.58806  0.3345E-10  0.1554E-04  0.2113E-07  0.2373E-02  0.2517E-02  0.4239E+01
   -1.443752   14.58846  0.3345E-10  0.1532E-04  0.2065E-07  0.2368E-02  0.2290E-02  0.4190E+01
   -1.512505   14.58885  0.3345E-10  0.1507E-04  0.2026E-07  0.2339E-02  0.2067E-02  0.4152E+01
   -1.581257   14.58923  0.3345E-10  0.1477E-04  0.1996E-07  0.2290E-02  0.1848E-02  0.4095E+01
   -1.650009   14.58961  0.3345E-10  0.1444E-04  0.1975E-07  0.2225E-02  0.1632E-02  0.4035E+01
   -1.718761   14.58999  0.3345E-10  0.1407E-04  0.1964E-07  0.2146E-02  0.1420E-02  0.3883E+01
   -1.787513   14.59037  0.3345E-10  0.1367E-04  0.1963E-07  0.2095E-02  0.1212E-02  0.2608E+01
   -1.856264   14.59075  0.3345E-10  0.1325E-04  0.1976E-07  0.2073E-02  0.1038E-02  0.1962E+01
   -1.925015   14.59113  0.3345E-10  0.1282E-04  0.2005E-07  0.2062E-02  0.8954E-03  0.1595E+01
   -1.993767   14.59151  0.3345E-10  0.1240E-04  0.2051E-07  0.2056E-02  0.7802E-03  0.1393E+01
   -2.062517   14.59189  0.3345E-10  0.1200E-04  0.2115E-07  0.2008E-02  0.6864E-03  0.1337E+01
   -2.131268   14.59226  0.3345E-10  0.1163E-04  0.2199E-07  0.1872E-02  0.6068E-03  0.1282E+01
   -2.200018   14.59265  0.3345E-10  0.1128E-04  0.2308E-07  0.1694E-02  0.5379E-03  0.1344E+01
   -2.268767   14.59308  0.3345E-10  0.1095E-04  0.2454E-07  0.1536E-02  0.4782E-03  0.1500E+01
   -2.337516   14.59354  0.3345E-10  0.1060E-04  0.2675E-07  0.1352E-02  0.4268E-03  0.2903E+02
   -2.406265   14.59408  0.3345E-10  0.1018E-04  0.3044E-07  0.1227E-02  0.3792E-03  0.5209E+01
   -2.475013   14.59468  0.3345E-10  0.9611E-05  0.3799E-07  0.9323E-03  0.3340E-03  0.1066E+03
   -2.543761   14.59573  0.3345E-10  0.8724E-05  0.5355E-07  0.7829E-03  0.2745E-03  0.3729E+03
   -2.612508   14.59666  0.3345E-10  0.7230E-05  0.9918E-07  0.3681E-03  0.2210E-03  0.1617E+04
   -2.681254   14.60130  0.3345E-10  0.4451E-05  0.3047E-06  0.1306E-03  0.1313E-03  0.1209E+04
   -2.750000   14.60724  0.3345E-10  0.0000E+00  0.0000E+00  0.0000E+00  0.1866E-03  0.0000E+00
