 1 - depth, m
 2 - temperature, C
 3 - salinity, kg/kg
 4 - turbulent kinetic energy, m**2/s**2
 5 - dissipation rate, m**2/s**3
 6 - kinematic heat conductance, m**2/s
 7 - modulus of horizontal velocity, m/s
 8 - Richardson number, n/d
   -0.000000   -0.00000  0.2685E-11  0.1219E-13  0.7603E-17  0.1000E-09  0.0000E+00  0.8931E+16
   -0.068746    0.13647  0.1900E-11  0.1219E-13  0.7603E-17  0.1000E-09  0.0000E+00  0.8558E+16
   -0.137492    0.27226  0.1417E-11  0.1219E-13  0.7603E-17  0.1000E-09  0.0000E+00  0.8195E+16
   -0.206239    0.40744  0.1163E-11  0.1219E-13  0.7603E-17  0.1000E-09  0.0000E+00  0.7841E+16
   -0.274987    0.54205  0.1050E-11  0.1219E-13  0.7603E-17  0.1000E-09  0.0000E+00  0.7496E+16
   -0.343735    0.67616  0.1006E-11  0.1219E-13  0.7603E-17  0.1000E-09  0.0000E+00  0.7159E+16
   -0.412483    0.80983  0.9915E-12  0.1219E-13  0.7603E-17  0.1000E-09  0.0000E+00  0.6828E+16
   -0.481233    0.94309  0.9870E-12  0.1219E-13  0.7603E-17  0.1000E-09  0.0000E+00  0.6504E+16
   -0.549982    1.07601  0.9858E-12  0.1219E-13  0.7603E-17  0.1000E-09  0.0000E+00  0.6186E+16
   -0.618732    1.20862  0.9854E-12  0.1219E-13  0.7603E-17  0.1000E-09  0.0000E+00  0.5873E+16
   -0.687482    1.34095  0.9853E-12  0.1219E-13  0.7603E-17  0.1000E-09  0.0000E+00  0.5570E+16
   -0.756233    1.47318  0.9852E-12  0.1219E-13  0.7603E-17  0.1000E-09  0.0000E+00  0.5273E+16
   -0.824984    1.60542  0.9849E-12  0.1219E-13  0.7603E-17  0.1000E-09  0.0000E+00  0.4978E+16
   -0.893735    1.73767  0.9844E-12  0.1219E-13  0.7603E-17  0.1000E-09  0.0000E+00  0.4684E+16
   -0.962487    1.86994  0.9835E-12  0.1219E-13  0.7603E-17  0.1000E-09  0.0000E+00  0.4390E+16
   -1.031239    2.00221  0.9820E-12  0.1219E-13  0.7603E-17  0.1000E-09  0.0000E+00  0.4098E+16
   -1.099991    2.13447  0.9797E-12  0.5792E-13  0.9101E-17  0.1000E-09  0.0000E+00  0.3806E+16
   -1.168743    2.26668  0.9766E-12  0.1613E-12  0.1910E-16  0.1000E-09  0.0000E+00  0.3514E+16
   -1.237495    2.39879  0.9730E-12  0.3855E-12  0.4244E-16  0.1000E-09  0.0000E+00  0.3222E+16
   -1.306247    2.53075  0.9691E-12  0.8780E-12  0.9335E-16  0.1000E-09  0.0000E+00  0.2931E+16
   -1.374999    2.66245  0.9656E-12  0.1961E-11  0.2028E-15  0.1000E-09  0.0000E+00  0.2642E+16
   -1.443751    2.79384  0.9626E-12  0.4326E-11  0.4362E-15  0.1000E-09  0.0000E+00  0.2354E+16
   -1.512504    2.92481  0.9604E-12  0.9450E-11  0.9290E-15  0.1000E-09  0.0000E+00  0.2067E+16
   -1.581256    3.05518  0.9588E-12  0.2045E-10  0.1961E-14  0.1000E-09  0.0000E+00  0.1783E+16
   -1.650008    3.18479  0.9577E-12  0.4385E-10  0.4104E-14  0.1000E-09  0.0000E+00  0.1504E+16
   -1.718760    3.31347  0.9568E-12  0.9323E-10  0.8516E-14  0.1000E-09  0.0000E+00  0.1230E+16
   -1.787512    3.44114  0.9560E-12  0.2010E-09  0.1792E-13  0.1000E-09  0.0000E+00  0.9679E+15
   -1.856263    3.56848  0.9552E-12  0.4376E-09  0.3809E-13  0.2735E-09  0.0000E+00  0.7084E+15
   -1.925014    3.69538  0.9545E-12  0.9520E-09  0.8094E-13  0.9120E-09  0.0000E+00  0.4515E+15
   -1.993765    3.82136  0.9542E-12  0.2064E-08  0.1715E-12  0.4379E-08  0.0000E+00  0.1991E+15
   -2.062516    3.94342  0.9541E-12  0.4097E-08  0.3355E-12  0.1426E-06  0.0000E+00  0.1174E+14
   -2.131266    4.00481  0.9540E-12  0.4817E-08  0.3974E-12  0.2491E-04  0.0000E+00 -0.2051E+12
   -2.200016    4.00551  0.9540E-12  0.5118E-08  0.4302E-12  0.2524E-04  0.0000E+00 -0.2105E+12
   -2.268766    4.00620  0.9540E-12  0.5346E-08  0.4649E-12  0.2479E-04  0.0000E+00 -0.2227E+12
   -2.337515    4.00690  0.9540E-12  0.5512E-08  0.5056E-12  0.2346E-04  0.0000E+00 -0.2445E+12
   -2.406264    4.00764  0.9540E-12  0.5612E-08  0.5583E-12  0.2115E-04  0.0000E+00 -0.2823E+12
   -2.475012    4.00847  0.9540E-12  0.5631E-08  0.6355E-12  0.1768E-04  0.0000E+00 -0.3536E+12
   -2.543759    4.00947  0.9540E-12  0.5529E-08  0.7703E-12  0.1287E-04  0.0000E+00 -0.5138E+12
   -2.612506    4.01084  0.9540E-12  0.5169E-08  0.1097E-11  0.6730E-05  0.0000E+00 -0.1071E+13
   -2.681253    4.01349  0.9540E-12  0.3646E-08  0.2983E-11  0.8670E-06  0.0000E+00 -0.1088E+14
   -2.749998    4.03245  0.9540E-12  0.0000E+00  0.0000E+00  0.0000E+00  0.0000E+00  0.0000E+00
