 1 - depth, m
 2 - temperature, C
 3 - salinity, kg/kg
 4 - turbulent kinetic energy, m**2/s**2
 5 - dissipation rate, m**2/s**3
 6 - kinematic heat conductance, m**2/s
 7 - modulus of horizontal velocity, m/s
 8 - Richardson number, n/d
   -0.000000   -0.00000  0.1217E-10  0.1701E-09  0.1309E-12  0.1366E-09  0.2933E-26  0.5766E+16
   -0.068746    0.08752  0.7636E-11  0.9770E-09  0.8983E-13  0.1270E-09  0.2626E-26  0.4559E+16
   -0.137492    0.15823  0.6788E-11  0.2265E-08  0.8878E-13  0.1542E-09  0.2236E-26  0.3380E+16
   -0.206239    0.21157  0.6645E-11  0.3902E-08  0.1001E-12  0.2328E-09  0.1853E-26  0.2338E+16
   -0.274986    0.24893  0.6628E-11  0.5799E-08  0.1172E-12  0.4245E-09  0.1515E-26  0.1493E+16
   -0.343734    0.27300  0.6626E-11  0.7867E-08  0.1373E-12  0.9031E-09  0.1227E-26  0.8641E+15
   -0.412483    0.28701  0.6626E-11  0.9995E-08  0.1580E-12  0.2282E-08  0.9825E-27  0.4385E+15
   -0.481232    0.29415  0.6626E-11  0.1202E-07  0.1771E-12  0.8537E-08  0.7752E-27  0.1828E+15
   -0.549982    0.29713  0.6626E-11  0.1318E-07  0.1872E-12  0.1642E-04  0.6093E-27  0.5610E+14
   -0.618731    0.29804  0.6626E-11  0.1345E-07  0.1895E-12  0.1838E-03  0.5898E-27  0.1166E+14
   -0.687482    0.29823  0.6626E-11  0.1351E-07  0.1901E-12  0.2276E-03  0.5894E-27  0.2654E+13
   -0.756232    0.29827  0.6626E-11  0.1353E-07  0.1902E-12  0.1941E-03  0.5891E-27  0.7826E+13
   -0.824983    0.29840  0.6626E-11  0.1347E-07  0.1895E-12  0.2810E-04  0.5888E-27  0.3674E+14
   -0.893735    0.29900  0.6626E-11  0.1295E-07  0.1842E-12  0.1627E-07  0.5846E-27  0.1213E+15
   -0.962486    0.30098  0.6626E-11  0.1160E-07  0.1689E-12  0.3867E-08  0.5095E-27  0.2957E+15
   -1.031238    0.30581  0.6626E-11  0.1012E-07  0.1511E-12  0.1524E-08  0.4327E-27  0.5919E+15
   -1.099989    0.31550  0.6626E-11  0.8647E-08  0.1324E-12  0.7113E-09  0.3637E-27  0.1046E+16
   -1.168741    0.33268  0.6625E-11  0.7261E-08  0.1140E-12  0.3667E-09  0.3025E-27  0.1688E+16
   -1.237494    0.36060  0.6622E-11  0.5996E-08  0.9661E-13  0.2090E-09  0.2485E-27  0.2536E+16
   -1.306246    0.40297  0.6607E-11  0.4876E-08  0.8064E-13  0.1363E-09  0.2012E-27  0.3583E+16
   -1.374998    0.46374  0.6554E-11  0.3905E-08  0.6637E-13  0.1056E-09  0.1599E-27  0.4871E+16
   -1.443750    0.54818  0.6489E-11  0.3081E-08  0.5393E-13  0.1000E-09  0.1238E-27  0.6269E+16
   -1.512502    0.66019  0.6469E-11  0.2396E-08  0.4334E-13  0.1000E-09  0.9216E-28  0.7652E+16
   -1.581254    0.80254  0.6460E-11  0.1835E-08  0.3452E-13  0.1000E-09  0.6413E-28  0.8910E+16
   -1.650006    0.97723  0.6451E-11  0.1385E-08  0.2740E-13  0.1000E-09  0.3879E-28  0.9936E+16
   -1.718758    1.18555  0.6445E-11  0.1030E-08  0.2186E-13  0.1000E-09  0.1519E-28  0.1058E+17
   -1.787510    1.42689  0.6442E-11  0.7454E-09  0.1767E-13  0.1000E-09  0.1031E-29  0.9907E+16
   -1.856261    1.67666  0.6441E-11  0.5108E-09  0.1473E-13  0.1000E-09  0.6444E-31  0.9112E+16
   -1.925012    1.93419  0.6440E-11  0.3220E-09  0.1339E-13  0.1000E-09  0.3678E-32  0.8209E+16
   -1.993763    2.19887  0.6440E-11  0.1830E-09  0.1483E-13  0.1000E-09  0.2287E-33  0.7330E+16
   -2.062514    2.47517  0.6439E-11  0.1210E-09  0.2334E-13  0.1000E-09  0.1849E-34  0.6712E+16
   -2.131264    2.78410  0.6437E-11  0.2023E-09  0.5988E-13  0.1000E-09  0.1399E-35  0.5593E+16
   -2.200014    3.12418  0.6431E-11  0.6807E-09  0.2073E-12  0.2689E-09  0.9834E-37  0.3922E+16
   -2.268764    3.48788  0.6417E-11  0.2582E-08  0.7600E-12  0.2106E-08  0.4716E-38  0.1833E+16
   -2.337513    3.86098  0.6404E-11  0.9179E-08  0.2622E-11  0.1423E-06  0.1850E-39  0.9239E+14
   -2.406261    4.04936  0.6404E-11  0.1427E-07  0.4143E-11  0.2114E-04  0.5717E-41 -0.2546E+13
   -2.475009    4.05189  0.6404E-11  0.1597E-07  0.4962E-11  0.2038E-04  0.1209E-41 -0.2822E+13
   -2.543757    4.05458  0.6404E-11  0.1692E-07  0.6110E-11  0.1709E-04  0.2265E-42 -0.3666E+13
   -2.612504    4.05793  0.6404E-11  0.1695E-07  0.8520E-11  0.1089E-04  0.3091E-43 -0.6663E+13
   -2.681250    4.06365  0.6404E-11  0.1404E-07  0.2136E-10  0.2285E-05  0.2154E-44 -0.5023E+14
   -2.749996    4.09768  0.6404E-11  0.0000E+00  0.0000E+00  0.0000E+00  0.2286E-44  0.0000E+00
