 1 - depth, m
 2 - temperature, C
 3 - salinity, kg/kg
 4 - turbulent kinetic energy, m**2/s**2
 5 - dissipation rate, m**2/s**3
 6 - kinematic heat conductance, m**2/s
 7 - modulus of horizontal velocity, m/s
 8 - Richardson number, n/d
   -0.000000   -0.00000  0.4685E-11  0.1219E-13  0.7603E-17  0.1000E-09  0.0000E+00  0.8494E+16
   -0.068746    0.12968  0.3050E-11  0.1219E-13  0.7603E-17  0.1000E-09  0.0000E+00  0.8149E+16
   -0.137492    0.25861  0.2194E-11  0.1219E-13  0.7603E-17  0.1000E-09  0.0000E+00  0.7821E+16
   -0.206239    0.38697  0.1846E-11  0.1219E-13  0.7603E-17  0.1000E-09  0.0000E+00  0.7506E+16
   -0.274987    0.51492  0.1727E-11  0.1219E-13  0.7603E-17  0.1000E-09  0.0000E+00  0.7205E+16
   -0.343735    0.64261  0.1691E-11  0.1219E-13  0.7603E-17  0.1000E-09  0.0000E+00  0.6915E+16
   -0.412483    0.77021  0.1681E-11  0.1219E-13  0.7603E-17  0.1000E-09  0.0000E+00  0.6635E+16
   -0.481233    0.89787  0.1679E-11  0.1219E-13  0.7603E-17  0.1000E-09  0.0000E+00  0.6362E+16
   -0.549982    1.02573  0.1679E-11  0.1219E-13  0.7603E-17  0.1000E-09  0.0000E+00  0.6096E+16
   -0.618732    1.15393  0.1679E-11  0.1219E-13  0.7603E-17  0.1000E-09  0.0000E+00  0.5834E+16
   -0.687482    1.28259  0.1679E-11  0.1219E-13  0.7603E-17  0.1000E-09  0.0000E+00  0.5584E+16
   -0.756233    1.41203  0.1678E-11  0.1219E-13  0.7603E-17  0.1000E-09  0.0000E+00  0.5338E+16
   -0.824984    1.54246  0.1678E-11  0.1219E-13  0.7603E-17  0.1000E-09  0.0000E+00  0.5090E+16
   -0.893735    1.67396  0.1678E-11  0.1219E-13  0.7603E-17  0.1000E-09  0.0000E+00  0.4838E+16
   -0.962487    1.80659  0.1677E-11  0.2574E-13  0.7603E-17  0.1000E-09  0.0000E+00  0.4581E+16
   -1.031239    1.94039  0.1676E-11  0.8745E-13  0.1237E-16  0.1000E-09  0.0000E+00  0.4318E+16
   -1.099991    2.07537  0.1674E-11  0.2275E-12  0.2748E-16  0.1000E-09  0.0000E+00  0.4049E+16
   -1.168743    2.21154  0.1670E-11  0.5415E-12  0.6219E-16  0.1000E-09  0.0000E+00  0.3771E+16
   -1.237495    2.34885  0.1664E-11  0.1249E-11  0.1391E-15  0.1000E-09  0.0000E+00  0.3487E+16
   -1.306247    2.48727  0.1658E-11  0.2837E-11  0.3075E-15  0.1000E-09  0.0000E+00  0.3194E+16
   -1.374999    2.62670  0.1651E-11  0.6371E-11  0.6727E-15  0.1000E-09  0.0000E+00  0.2896E+16
   -1.443751    2.76716  0.1645E-11  0.1416E-10  0.1457E-14  0.1000E-09  0.0000E+00  0.2590E+16
   -1.512504    2.90854  0.1641E-11  0.3118E-10  0.3127E-14  0.1000E-09  0.0000E+00  0.2278E+16
   -1.581256    3.05069  0.1638E-11  0.6798E-10  0.6651E-14  0.1000E-09  0.0000E+00  0.1959E+16
   -1.650008    3.19345  0.1636E-11  0.1469E-09  0.1402E-13  0.1000E-09  0.0000E+00  0.1636E+16
   -1.718760    3.33661  0.1634E-11  0.3145E-09  0.2928E-13  0.1137E-09  0.0000E+00  0.1311E+16
   -1.787511    3.48004  0.1633E-11  0.6828E-09  0.6202E-13  0.3176E-09  0.0000E+00  0.9937E+15
   -1.856263    3.62533  0.1631E-11  0.1495E-08  0.1326E-12  0.1015E-08  0.0000E+00  0.6643E+15
   -1.925014    3.77209  0.1629E-11  0.3265E-08  0.2827E-12  0.4445E-08  0.0000E+00  0.3234E+15
   -1.993765    3.91778  0.1628E-11  0.6804E-08  0.5786E-12  0.9057E-07  0.0000E+00  0.3221E+14
   -2.062516    4.01053  0.1628E-11  0.7656E-08  0.6548E-12  0.3751E-04  0.0000E+00 -0.2189E+12
   -2.131266    4.01110  0.1628E-11  0.8010E-08  0.6945E-12  0.3775E-04  0.0000E+00 -0.2227E+12
   -2.200016    4.01167  0.1628E-11  0.8286E-08  0.7363E-12  0.3716E-04  0.0000E+00 -0.2315E+12
   -2.268766    4.01225  0.1628E-11  0.8488E-08  0.7831E-12  0.3571E-04  0.0000E+00 -0.2467E+12
   -2.337515    4.01285  0.1628E-11  0.8622E-08  0.8411E-12  0.3323E-04  0.0000E+00 -0.2718E+12
   -2.406264    4.01349  0.1628E-11  0.8680E-08  0.9191E-12  0.2956E-04  0.0000E+00 -0.3141E+12
   -2.475012    4.01422  0.1628E-11  0.8639E-08  0.1037E-11  0.2447E-04  0.0000E+00 -0.3917E+12
   -2.543759    4.01510  0.1628E-11  0.8443E-08  0.1247E-11  0.1775E-04  0.0000E+00 -0.5629E+12
   -2.612506    4.01632  0.1628E-11  0.7909E-08  0.1760E-11  0.9387E-05  0.0000E+00 -0.1137E+13
   -2.681253    4.01865  0.1628E-11  0.5630E-08  0.4921E-11  0.1187E-05  0.0000E+00 -0.1134E+14
   -2.749998    4.03625  0.1628E-11  0.0000E+00  0.0000E+00  0.0000E+00  0.0000E+00  0.0000E+00
