 1 - depth, m
 2 - temperature, C
 3 - salinity, kg/kg
 4 - turbulent kinetic energy, m**2/s**2
 5 - dissipation rate, m**2/s**3
 6 - kinematic heat conductance, m**2/s
 7 - modulus of horizontal velocity, m/s
 8 - Richardson number, n/d
   -0.000000   12.47970  0.2586E-10  0.3150E-05  0.7601E-07  0.2314E-04  0.2772E-02 -0.2665E+01
   -0.068746   12.54002  0.2586E-10  0.5531E-05  0.3250E-07  0.3470E-03  0.1115E-02  0.2624E+03
   -0.137492   12.54389  0.2586E-10  0.6185E-05  0.2594E-07  0.4842E-03  0.9871E-03  0.2514E+02
   -0.206239   12.54656  0.2586E-10  0.6681E-05  0.2240E-07  0.6418E-03  0.9017E-03  0.1411E+02
   -0.274987   12.54849  0.2586E-10  0.7077E-05  0.2014E-07  0.7872E-03  0.8380E-03  0.9531E+01
   -0.343735   12.55001  0.2586E-10  0.7403E-05  0.1854E-07  0.9258E-03  0.7866E-03  0.7192E+01
   -0.412484   12.55127  0.2586E-10  0.7678E-05  0.1735E-07  0.1057E-02  0.7431E-03  0.5807E+01
   -0.481233   12.55233  0.2586E-10  0.7913E-05  0.1641E-07  0.1181E-02  0.7046E-03  0.4917E+01
   -0.549983   12.55326  0.2586E-10  0.8117E-05  0.1565E-07  0.1298E-02  0.6698E-03  0.4308E+01
   -0.618733   12.55408  0.2586E-10  0.8294E-05  0.1502E-07  0.1409E-02  0.6376E-03  0.3876E+01
   -0.687483   12.55482  0.2586E-10  0.8448E-05  0.1449E-07  0.1512E-02  0.6075E-03  0.3559E+01
   -0.756234   12.55550  0.2586E-10  0.8582E-05  0.1405E-07  0.1607E-02  0.5789E-03  0.3324E+01
   -0.824985   12.55612  0.2586E-10  0.8697E-05  0.1366E-07  0.1696E-02  0.5516E-03  0.3146E+01
   -0.893736   12.55670  0.2586E-10  0.8797E-05  0.1333E-07  0.1775E-02  0.5253E-03  0.3010E+01
   -0.962488   12.55724  0.2586E-10  0.8881E-05  0.1305E-07  0.1846E-02  0.4999E-03  0.2905E+01
   -1.031240   12.55775  0.2586E-10  0.8950E-05  0.1281E-07  0.1908E-02  0.4751E-03  0.2825E+01
   -1.099992   12.55824  0.2586E-10  0.9006E-05  0.1260E-07  0.1961E-02  0.4510E-03  0.2764E+01
   -1.168744   12.55870  0.2586E-10  0.9050E-05  0.1243E-07  0.2005E-02  0.4273E-03  0.2719E+01
   -1.237496   12.55915  0.2586E-10  0.9080E-05  0.1229E-07  0.2040E-02  0.4042E-03  0.2686E+01
   -1.306248   12.55959  0.2586E-10  0.9100E-05  0.1218E-07  0.2067E-02  0.3813E-03  0.2666E+01
   -1.375001   12.56002  0.2586E-10  0.9108E-05  0.1210E-07  0.2085E-02  0.3589E-03  0.2654E+01
   -1.443753   12.56043  0.2586E-10  0.9106E-05  0.1205E-07  0.2094E-02  0.3367E-03  0.2654E+01
   -1.512505   12.56084  0.2586E-10  0.9094E-05  0.1203E-07  0.2094E-02  0.3148E-03  0.2661E+01
   -1.581258   12.56124  0.2586E-10  0.9073E-05  0.1204E-07  0.2086E-02  0.2932E-03  0.2679E+01
   -1.650010   12.56164  0.2586E-10  0.9043E-05  0.1208E-07  0.2069E-02  0.2717E-03  0.2714E+01
   -1.718762   12.56204  0.2586E-10  0.9006E-05  0.1216E-07  0.2043E-02  0.2504E-03  0.2840E+01
   -1.787514   12.56244  0.2586E-10  0.8960E-05  0.1227E-07  0.2005E-02  0.2295E-03  0.3005E+01
   -1.856265   12.56285  0.2586E-10  0.8906E-05  0.1243E-07  0.1955E-02  0.2108E-03  0.3527E+01
   -1.925016   12.56326  0.2586E-10  0.8842E-05  0.1266E-07  0.1896E-02  0.1942E-03  0.4213E+01
   -1.993768   12.56368  0.2586E-10  0.8765E-05  0.1295E-07  0.1825E-02  0.1794E-03  0.5190E+01
   -2.062518   12.56412  0.2586E-10  0.8678E-05  0.1333E-07  0.1744E-02  0.1657E-03  0.6523E+01
   -2.131269   12.56457  0.2586E-10  0.8578E-05  0.1382E-07  0.1650E-02  0.1526E-03  0.8006E+01
   -2.200019   12.56505  0.2586E-10  0.8464E-05  0.1446E-07  0.1543E-02  0.1396E-03  0.1021E+02
   -2.268768   12.56555  0.2586E-10  0.8332E-05  0.1532E-07  0.1422E-02  0.1266E-03  0.1350E+02
   -2.337518   12.56610  0.2586E-10  0.8171E-05  0.1655E-07  0.1272E-02  0.1138E-03  0.1962E+02
   -2.406266   12.56670  0.2586E-10  0.7971E-05  0.1844E-07  0.1129E-02  0.1011E-03  0.3167E+02
   -2.475015   12.56739  0.2586E-10  0.7709E-05  0.2163E-07  0.9192E-03  0.8856E-04  0.6365E+02
   -2.543762   12.56824  0.2586E-10  0.7308E-05  0.2809E-07  0.7475E-03  0.7555E-04  0.1986E+05
   -2.612509   12.56940  0.2586E-10  0.6439E-05  0.4916E-07  0.4002E-03  0.6166E-04 -0.2860E+03
   -2.681256   12.57369  0.2586E-10  0.3943E-05  0.1692E-06  0.8549E-04  0.3833E-04 -0.1333E+06
   -2.750002   12.58378  0.2586E-10  0.0000E+00  0.0000E+00  0.0000E+00  0.4668E-04  0.0000E+00
