 1 - depth, m
 2 - temperature, C
 3 - salinity, kg/kg
 4 - turbulent kinetic energy, m**2/s**2
 5 - dissipation rate, m**2/s**3
 6 - kinematic heat conductance, m**2/s
 7 - modulus of horizontal velocity, m/s
 8 - Richardson number, n/d
   -0.000000   -0.00000  0.1332E-10  0.1219E-13  0.7603E-17  0.1000E-09  0.0000E+00  0.7562E+16
   -0.068746    0.11521  0.1747E-10  0.1219E-13  0.7603E-17  0.1000E-09  0.0000E+00  0.7330E+16
   -0.137492    0.23050  0.1810E-10  0.1219E-13  0.7603E-17  0.1000E-09  0.0000E+00  0.7100E+16
   -0.206239    0.34587  0.1642E-10  0.1219E-13  0.7603E-17  0.1000E-09  0.0000E+00  0.6869E+16
   -0.274987    0.46131  0.1447E-10  0.1219E-13  0.7603E-17  0.1000E-09  0.0000E+00  0.6638E+16
   -0.343735    0.57681  0.1303E-10  0.1219E-13  0.7603E-17  0.1000E-09  0.0000E+00  0.6407E+16
   -0.412484    0.69236  0.1217E-10  0.1219E-13  0.7603E-17  0.1000E-09  0.0000E+00  0.6175E+16
   -0.481233    0.80792  0.1172E-10  0.1219E-13  0.7603E-17  0.1000E-09  0.0000E+00  0.5942E+16
   -0.549983    0.92347  0.1150E-10  0.1219E-13  0.7603E-17  0.1000E-09  0.0000E+00  0.5708E+16
   -0.618733    1.03897  0.1141E-10  0.1219E-13  0.7603E-17  0.1000E-09  0.0000E+00  0.5474E+16
   -0.687483    1.15436  0.1138E-10  0.1219E-13  0.7603E-17  0.1000E-09  0.0000E+00  0.5240E+16
   -0.756234    1.26965  0.1136E-10  0.1219E-13  0.7603E-17  0.1000E-09  0.0000E+00  0.5008E+16
   -0.824985    1.38482  0.1135E-10  0.1219E-13  0.7603E-17  0.1000E-09  0.0000E+00  0.4774E+16
   -0.893736    1.49980  0.1135E-10  0.1219E-13  0.7603E-17  0.1000E-09  0.0000E+00  0.4540E+16
   -0.962488    1.61453  0.1134E-10  0.1219E-13  0.7603E-17  0.1000E-09  0.0000E+00  0.4306E+16
   -1.031239    1.72896  0.1133E-10  0.1219E-13  0.7603E-17  0.1000E-09  0.0000E+00  0.4073E+16
   -1.099991    1.84303  0.1132E-10  0.1219E-13  0.7603E-17  0.1000E-09  0.0000E+00  0.3841E+16
   -1.168744    1.95667  0.1130E-10  0.1219E-13  0.7603E-17  0.1000E-09  0.0000E+00  0.3610E+16
   -1.237496    2.06984  0.1128E-10  0.1219E-13  0.7603E-17  0.1000E-09  0.0000E+00  0.3381E+16
   -1.306248    2.18248  0.1125E-10  0.1219E-13  0.7603E-17  0.1000E-09  0.0000E+00  0.3155E+16
   -1.375000    2.29453  0.1122E-10  0.1219E-13  0.7603E-17  0.1000E-09  0.0000E+00  0.2932E+16
   -1.443753    2.40599  0.1119E-10  0.1219E-13  0.7603E-17  0.1000E-09  0.0000E+00  0.2712E+16
   -1.512505    2.51680  0.1117E-10  0.1219E-13  0.7603E-17  0.1000E-09  0.0000E+00  0.2496E+16
   -1.581257    2.62692  0.1115E-10  0.1219E-13  0.7603E-17  0.1000E-09  0.0000E+00  0.2282E+16
   -1.650009    2.73630  0.1113E-10  0.1219E-13  0.7603E-17  0.1000E-09  0.0000E+00  0.2073E+16
   -1.718761    2.84489  0.1112E-10  0.1219E-13  0.7603E-17  0.1000E-09  0.0000E+00  0.1868E+16
   -1.787513    2.95264  0.1110E-10  0.1219E-13  0.7603E-17  0.1000E-09  0.0000E+00  0.1666E+16
   -1.856264    3.05942  0.1109E-10  0.1219E-13  0.7603E-17  0.1000E-09  0.0000E+00  0.1467E+16
   -1.925016    3.16509  0.1108E-10  0.4059E-13  0.1157E-16  0.1000E-09  0.0000E+00  0.1272E+16
   -1.993767    3.26942  0.1107E-10  0.1492E-12  0.3657E-16  0.1000E-09  0.0000E+00  0.1084E+16
   -2.062518    3.37227  0.1106E-10  0.5031E-12  0.1179E-15  0.1000E-09  0.0000E+00  0.9082E+15
   -2.131268    3.47433  0.1106E-10  0.1651E-11  0.3738E-15  0.1000E-09  0.0000E+00  0.7372E+15
   -2.200018    3.57559  0.1105E-10  0.5334E-11  0.1169E-14  0.1000E-09  0.0000E+00  0.5699E+15
   -2.268768    3.67592  0.1105E-10  0.1718E-10  0.3644E-14  0.1000E-09  0.0000E+00  0.4074E+15
   -2.337517    3.77527  0.1105E-10  0.5570E-10  0.1145E-13  0.2318E-09  0.0000E+00  0.2495E+15
   -2.406266    3.87333  0.1105E-10  0.1806E-09  0.3603E-13  0.1844E-08  0.0000E+00  0.9767E+14
   -2.475014    3.96876  0.1105E-10  0.5578E-09  0.1090E-12  0.2618E-06  0.0000E+00  0.5033E+12
   -2.543761    4.00195  0.1105E-10  0.1239E-08  0.2862E-12  0.2265E-05  0.0000E+00 -0.1602E+13
   -2.612508    4.00750  0.1105E-10  0.1490E-08  0.4700E-12  0.1716E-05  0.0000E+00 -0.2795E+13
   -2.681255    4.01470  0.1105E-10  0.1292E-08  0.1033E-11  0.4250E-06  0.0000E+00 -0.1463E+14
   -2.750001    4.03803  0.1105E-10  0.0000E+00  0.0000E+00  0.0000E+00  0.0000E+00  0.0000E+00
