 1 - depth, m
 2 - temperature, C
 3 - salinity, kg/kg
 4 - turbulent kinetic energy, m**2/s**2
 5 - dissipation rate, m**2/s**3
 6 - kinematic heat conductance, m**2/s
 7 - modulus of horizontal velocity, m/s
 8 - Richardson number, n/d
   -0.000000   -0.00000  0.3387E-11  0.1219E-13  0.7603E-17  0.1000E-09  0.0000E+00  0.8902E+16
   -0.068746    0.13602  0.2438E-11  0.1219E-13  0.7603E-17  0.1000E-09  0.0000E+00  0.8538E+16
   -0.137492    0.27147  0.1796E-11  0.1219E-13  0.7603E-17  0.1000E-09  0.0000E+00  0.8185E+16
   -0.206239    0.40644  0.1481E-11  0.1219E-13  0.7603E-17  0.1000E-09  0.0000E+00  0.7841E+16
   -0.274987    0.54101  0.1354E-11  0.1219E-13  0.7603E-17  0.1000E-09  0.0000E+00  0.7506E+16
   -0.343735    0.67526  0.1309E-11  0.1219E-13  0.7603E-17  0.1000E-09  0.0000E+00  0.7179E+16
   -0.412483    0.80927  0.1296E-11  0.1219E-13  0.7603E-17  0.1000E-09  0.0000E+00  0.6858E+16
   -0.481233    0.94310  0.1292E-11  0.1219E-13  0.7603E-17  0.1000E-09  0.0000E+00  0.6543E+16
   -0.549982    1.07683  0.1291E-11  0.1219E-13  0.7603E-17  0.1000E-09  0.0000E+00  0.6233E+16
   -0.618732    1.21050  0.1291E-11  0.1219E-13  0.7603E-17  0.1000E-09  0.0000E+00  0.5927E+16
   -0.687483    1.34418  0.1290E-11  0.1219E-13  0.7603E-17  0.1000E-09  0.0000E+00  0.5630E+16
   -0.756233    1.47807  0.1290E-11  0.1219E-13  0.7603E-17  0.1000E-09  0.0000E+00  0.5339E+16
   -0.824984    1.61231  0.1290E-11  0.1219E-13  0.7603E-17  0.1000E-09  0.0000E+00  0.5048E+16
   -0.893736    1.74692  0.1290E-11  0.1219E-13  0.7603E-17  0.1000E-09  0.0000E+00  0.4756E+16
   -0.962487    1.88192  0.1289E-11  0.3448E-13  0.7603E-17  0.1000E-09  0.0000E+00  0.4462E+16
   -1.031239    2.01728  0.1288E-11  0.1050E-12  0.1344E-16  0.1000E-09  0.0000E+00  0.4167E+16
   -1.099991    2.15300  0.1286E-11  0.2605E-12  0.2944E-16  0.1000E-09  0.0000E+00  0.3869E+16
   -1.168743    2.28902  0.1282E-11  0.6024E-12  0.6508E-16  0.1000E-09  0.0000E+00  0.3570E+16
   -1.237495    2.42532  0.1278E-11  0.1356E-11  0.1423E-15  0.1000E-09  0.0000E+00  0.3269E+16
   -1.306247    2.56180  0.1273E-11  0.3011E-11  0.3076E-15  0.1000E-09  0.0000E+00  0.2965E+16
   -1.374999    2.69840  0.1268E-11  0.6612E-11  0.6586E-15  0.1000E-09  0.0000E+00  0.2662E+16
   -1.443752    2.83508  0.1264E-11  0.1438E-10  0.1397E-14  0.1000E-09  0.0000E+00  0.2359E+16
   -1.512504    2.97176  0.1261E-11  0.3100E-10  0.2937E-14  0.1000E-09  0.0000E+00  0.2055E+16
   -1.581256    3.10832  0.1259E-11  0.6620E-10  0.6122E-14  0.1000E-09  0.0000E+00  0.1752E+16
   -1.650008    3.24465  0.1257E-11  0.1402E-09  0.1265E-13  0.1000E-09  0.0000E+00  0.1450E+16
   -1.718760    3.38059  0.1256E-11  0.2942E-09  0.2593E-13  0.1146E-09  0.0000E+00  0.1151E+16
   -1.787512    3.51605  0.1255E-11  0.6263E-09  0.5388E-13  0.3180E-09  0.0000E+00  0.8622E+15
   -1.856263    3.65198  0.1254E-11  0.1346E-08  0.1130E-12  0.1009E-08  0.0000E+00  0.5698E+15
   -1.925015    3.78796  0.1253E-11  0.2884E-08  0.2368E-12  0.4363E-08  0.0000E+00  0.2759E+15
   -1.993766    3.92159  0.1252E-11  0.5926E-08  0.4779E-12  0.8323E-07  0.0000E+00  0.2895E+14
   -2.062516    4.00854  0.1252E-11  0.6696E-08  0.5431E-12  0.3470E-04  0.0000E+00 -0.1971E+12
   -2.131267    4.00910  0.1252E-11  0.7017E-08  0.5772E-12  0.3496E-04  0.0000E+00 -0.2006E+12
   -2.200017    4.00965  0.1252E-11  0.7267E-08  0.6129E-12  0.3444E-04  0.0000E+00 -0.2088E+12
   -2.268766    4.01021  0.1252E-11  0.7452E-08  0.6528E-12  0.3310E-04  0.0000E+00 -0.2227E+12
   -2.337515    4.01080  0.1252E-11  0.7574E-08  0.7021E-12  0.3080E-04  0.0000E+00 -0.2458E+12
   -2.406264    4.01143  0.1252E-11  0.7628E-08  0.7684E-12  0.2738E-04  0.0000E+00 -0.2846E+12
   -2.475012    4.01215  0.1252E-11  0.7592E-08  0.8685E-12  0.2263E-04  0.0000E+00 -0.3561E+12
   -2.543760    4.01301  0.1252E-11  0.7416E-08  0.1047E-11  0.1635E-04  0.0000E+00 -0.5146E+12
   -2.612507    4.01422  0.1252E-11  0.6932E-08  0.1483E-11  0.8563E-05  0.0000E+00 -0.1053E+13
   -2.681253    4.01653  0.1252E-11  0.4890E-08  0.4153E-11  0.1063E-05  0.0000E+00 -0.1074E+14
   -2.749999    4.03411  0.1252E-11  0.0000E+00  0.0000E+00  0.0000E+00  0.0000E+00  0.0000E+00
