 1 - depth, m
 2 - temperature, C
 3 - salinity, kg/kg
 4 - turbulent kinetic energy, m**2/s**2
 5 - dissipation rate, m**2/s**3
 6 - kinematic heat conductance, m**2/s
 7 - modulus of horizontal velocity, m/s
 8 - Richardson number, n/d
   -0.000000   -0.00000  0.1125E-10  0.1219E-13  0.7603E-17  0.1000E-09  0.0000E+00  0.8298E+16
   -0.068746    0.12663  0.1212E-10  0.1219E-13  0.7603E-17  0.1000E-09  0.0000E+00  0.8033E+16
   -0.137492    0.25358  0.1050E-10  0.1219E-13  0.7603E-17  0.1000E-09  0.0000E+00  0.7761E+16
   -0.206239    0.38075  0.8778E-11  0.1219E-13  0.7603E-17  0.1000E-09  0.0000E+00  0.7483E+16
   -0.274987    0.50805  0.7649E-11  0.1219E-13  0.7603E-17  0.1000E-09  0.0000E+00  0.7201E+16
   -0.343735    0.63540  0.7057E-11  0.1219E-13  0.7603E-17  0.1000E-09  0.0000E+00  0.6916E+16
   -0.412484    0.76272  0.6790E-11  0.1219E-13  0.7603E-17  0.1000E-09  0.0000E+00  0.6629E+16
   -0.481233    0.88994  0.6683E-11  0.1219E-13  0.7603E-17  0.1000E-09  0.0000E+00  0.6341E+16
   -0.549983    1.01701  0.6644E-11  0.1219E-13  0.7603E-17  0.1000E-09  0.0000E+00  0.6052E+16
   -0.618733    1.14385  0.6631E-11  0.1219E-13  0.7603E-17  0.1000E-09  0.0000E+00  0.5763E+16
   -0.687483    1.27040  0.6627E-11  0.1219E-13  0.7603E-17  0.1000E-09  0.0000E+00  0.5479E+16
   -0.756234    1.39672  0.6625E-11  0.1219E-13  0.7603E-17  0.1000E-09  0.0000E+00  0.5197E+16
   -0.824985    1.52279  0.6623E-11  0.1219E-13  0.7603E-17  0.1000E-09  0.0000E+00  0.4917E+16
   -0.893737    1.64858  0.6619E-11  0.1219E-13  0.7603E-17  0.1000E-09  0.0000E+00  0.4637E+16
   -0.962488    1.77402  0.6613E-11  0.1219E-13  0.7603E-17  0.1000E-09  0.0000E+00  0.4359E+16
   -1.031240    1.89908  0.6604E-11  0.1219E-13  0.7603E-17  0.1000E-09  0.0000E+00  0.4083E+16
   -1.099992    2.02370  0.6591E-11  0.1219E-13  0.7603E-17  0.1000E-09  0.0000E+00  0.3810E+16
   -1.168744    2.14782  0.6573E-11  0.1219E-13  0.7603E-17  0.1000E-09  0.0000E+00  0.3539E+16
   -1.237496    2.27140  0.6552E-11  0.1219E-13  0.7603E-17  0.1000E-09  0.0000E+00  0.3270E+16
   -1.306249    2.39437  0.6530E-11  0.1397E-13  0.7603E-17  0.1000E-09  0.0000E+00  0.3006E+16
   -1.375001    2.51668  0.6508E-11  0.6382E-13  0.1081E-16  0.1000E-09  0.0000E+00  0.2745E+16
   -1.443753    2.63831  0.6488E-11  0.1822E-12  0.2486E-16  0.1000E-09  0.0000E+00  0.2489E+16
   -1.512506    2.75921  0.6472E-11  0.4580E-12  0.5896E-16  0.1000E-09  0.0000E+00  0.2237E+16
   -1.581258    2.87933  0.6460E-11  0.1107E-11  0.1379E-15  0.1000E-09  0.0000E+00  0.1990E+16
   -1.650010    2.99860  0.6451E-11  0.2629E-11  0.3182E-15  0.1000E-09  0.0000E+00  0.1747E+16
   -1.718762    3.11698  0.6445E-11  0.6164E-11  0.7259E-15  0.1000E-09  0.0000E+00  0.1511E+16
   -1.787514    3.23442  0.6439E-11  0.1465E-10  0.1678E-14  0.1000E-09  0.0000E+00  0.1278E+16
   -1.856265    3.35078  0.6435E-11  0.3504E-10  0.3907E-14  0.1000E-09  0.0000E+00  0.1052E+16
   -1.925017    3.46590  0.6430E-11  0.8355E-10  0.9072E-14  0.1000E-09  0.0000E+00  0.8317E+15
   -1.993768    3.57959  0.6426E-11  0.1985E-09  0.2099E-13  0.1724E-09  0.0000E+00  0.6192E+15
   -2.062519    3.69167  0.6424E-11  0.4589E-09  0.4732E-13  0.5768E-09  0.0000E+00  0.4172E+15
   -2.131269    3.80260  0.6423E-11  0.1047E-08  0.1053E-12  0.2423E-08  0.0000E+00  0.2208E+15
   -2.200019    3.91135  0.6423E-11  0.2336E-08  0.2296E-12  0.2769E-07  0.0000E+00  0.4182E+14
   -2.268769    4.00315  0.6422E-11  0.3122E-08  0.3095E-12  0.1391E-04  0.0000E+00 -0.2999E+12
   -2.337518    4.00425  0.6422E-11  0.3436E-08  0.3524E-12  0.1407E-04  0.0000E+00 -0.3150E+12
   -2.406267    4.00534  0.6422E-11  0.3656E-08  0.4005E-12  0.1335E-04  0.0000E+00 -0.3522E+12
   -2.475015    4.00648  0.6422E-11  0.3781E-08  0.4637E-12  0.1162E-04  0.0000E+00 -0.4301E+12
   -2.543762    4.00780  0.6422E-11  0.3787E-08  0.5663E-12  0.8763E-05  0.0000E+00 -0.6130E+12
   -2.612510    4.00955  0.6422E-11  0.3574E-08  0.8031E-12  0.4716E-05  0.0000E+00 -0.1264E+13
   -2.681256    4.01280  0.6422E-11  0.2569E-08  0.2040E-11  0.6820E-06  0.0000E+00 -0.1149E+14
   -2.750002    4.03288  0.6422E-11  0.0000E+00  0.0000E+00  0.0000E+00  0.0000E+00  0.0000E+00
