 1 - depth, m
 2 - temperature, C
 3 - salinity, kg/kg
 4 - turbulent kinetic energy, m**2/s**2
 5 - dissipation rate, m**2/s**3
 6 - kinematic heat conductance, m**2/s
 7 - modulus of horizontal velocity, m/s
 8 - Richardson number, n/d
   -0.000000   -0.00000  0.1165E-10  0.7064E-09  0.7539E-12  0.5798E-09  0.2455E-19  0.6489E+16
   -0.068746    0.09864  0.7630E-11  0.5308E-08  0.5058E-12  0.5365E-09  0.1929E-19  0.4775E+16
   -0.137492    0.17297  0.6786E-11  0.1289E-07  0.5074E-12  0.8155E-09  0.1577E-19  0.3203E+16
   -0.206239    0.22370  0.6644E-11  0.2294E-07  0.5958E-12  0.1657E-08  0.1310E-19  0.1918E+16
   -0.274986    0.25443  0.6627E-11  0.3536E-07  0.7367E-12  0.4297E-08  0.1079E-19  0.9895E+15
   -0.343734    0.27039  0.6626E-11  0.4992E-07  0.9137E-12  0.1698E-07  0.8689E-20  0.4032E+15
   -0.412483    0.27692  0.6626E-11  0.5998E-07  0.1033E-11  0.1133E-03  0.6922E-20  0.9757E+14
   -0.481232    0.27850  0.6626E-11  0.6224E-07  0.1057E-11  0.7973E-03  0.6871E-20  0.7023E+13
   -0.549981    0.27862  0.6626E-11  0.6228E-07  0.1058E-11  0.1157E-02  0.6869E-20 -0.1117E+11
   -0.618731    0.27862  0.6626E-11  0.6230E-07  0.1058E-11  0.1148E-02  0.6867E-20 -0.1664E+11
   -0.687481    0.27862  0.6626E-11  0.6231E-07  0.1058E-11  0.1146E-02  0.6865E-20 -0.1806E+11
   -0.756232    0.27862  0.6626E-11  0.6230E-07  0.1058E-11  0.1148E-02  0.6863E-20 -0.1569E+11
   -0.824983    0.27862  0.6626E-11  0.6228E-07  0.1058E-11  0.1159E-02  0.6861E-20 -0.1021E+11
   -0.893734    0.27862  0.6626E-11  0.6225E-07  0.1057E-11  0.8917E-03  0.6859E-20  0.2057E+13
   -0.962485    0.27865  0.6626E-11  0.6127E-07  0.1045E-11  0.2801E-03  0.6857E-20  0.4423E+14
   -1.031237    0.27937  0.6626E-11  0.5552E-07  0.9670E-12  0.5423E-07  0.6854E-20  0.2019E+15
   -1.099989    0.28265  0.6626E-11  0.4375E-07  0.7902E-12  0.9668E-08  0.6204E-20  0.5287E+15
   -1.168740    0.29125  0.6625E-11  0.3346E-07  0.6285E-12  0.3379E-08  0.5322E-20  0.1069E+16
   -1.237492    0.30868  0.6623E-11  0.2518E-07  0.4921E-12  0.1429E-08  0.4482E-20  0.1872E+16
   -1.306245    0.33944  0.6610E-11  0.1868E-07  0.3798E-12  0.6773E-09  0.3711E-20  0.2956E+16
   -1.374997    0.38857  0.6557E-11  0.1366E-07  0.2891E-12  0.3419E-09  0.3009E-20  0.4376E+16
   -1.443749    0.46263  0.6490E-11  0.9850E-08  0.2171E-12  0.1867E-09  0.2373E-20  0.5974E+16
   -1.512501    0.56647  0.6470E-11  0.7008E-08  0.1609E-12  0.1201E-09  0.1794E-20  0.7581E+16
   -1.581253    0.70321  0.6460E-11  0.4923E-08  0.1181E-12  0.1006E-09  0.1264E-20  0.9038E+16
   -1.650005    0.87452  0.6451E-11  0.3421E-08  0.8601E-13  0.1000E-09  0.7713E-21  0.1020E+17
   -1.718757    1.08073  0.6445E-11  0.2365E-08  0.6279E-13  0.1000E-09  0.3034E-21  0.1094E+17
   -1.787508    1.32032  0.6442E-11  0.1614E-08  0.4603E-13  0.1000E-09  0.2061E-22  0.1005E+17
   -1.856260    1.56229  0.6441E-11  0.1061E-08  0.3403E-13  0.1000E-09  0.1289E-23  0.9203E+16
   -1.925011    1.80844  0.6440E-11  0.6554E-09  0.2644E-13  0.1000E-09  0.7358E-25  0.8457E+16
   -1.993762    2.06333  0.6440E-11  0.3672E-09  0.2396E-13  0.1000E-09  0.4576E-26  0.7952E+16
   -2.062512    2.33976  0.6439E-11  0.2070E-09  0.3065E-13  0.1000E-09  0.3703E-27  0.7835E+16
   -2.131262    2.66906  0.6437E-11  0.2319E-09  0.6627E-13  0.1000E-09  0.2803E-28  0.6783E+16
   -2.200012    3.04504  0.6431E-11  0.6954E-09  0.2229E-12  0.2447E-09  0.1971E-29  0.4696E+16
   -2.268762    3.44408  0.6418E-11  0.2705E-08  0.8457E-12  0.2011E-08  0.9455E-31  0.2137E+16
   -2.337511    3.83563  0.6404E-11  0.1014E-07  0.3080E-11  0.1143E-06  0.3710E-32  0.1411E+15
   -2.406259    4.05616  0.6404E-11  0.1590E-07  0.4907E-11  0.2214E-04  0.1127E-33 -0.2859E+13
   -2.475007    4.05874  0.6404E-11  0.1783E-07  0.5894E-11  0.2142E-04  0.1954E-34 -0.3186E+13
   -2.543755    4.06151  0.6404E-11  0.1894E-07  0.7291E-11  0.1803E-04  0.3049E-35 -0.4173E+13
   -2.612501    4.06498  0.6404E-11  0.1905E-07  0.1023E-10  0.1154E-04  0.3464E-36 -0.7658E+13
   -2.681248    4.07100  0.6404E-11  0.1590E-07  0.2599E-10  0.2438E-05  0.2009E-37 -0.5856E+14
   -2.749993    4.10743  0.6404E-11  0.0000E+00  0.0000E+00  0.0000E+00  0.2091E-37  0.0000E+00
