 1 - depth, m
 2 - temperature, C
 3 - salinity, kg/kg
 4 - turbulent kinetic energy, m**2/s**2
 5 - dissipation rate, m**2/s**3
 6 - kinematic heat conductance, m**2/s
 7 - modulus of horizontal velocity, m/s
 8 - Richardson number, n/d
   -0.000000   -0.00000  0.4974E-19  0.1218E-13  0.7603E-17  0.1000E-09  0.0000E+00  0.4033E+16
   -0.068747    0.06100  0.4428E-18  0.1218E-13  0.7603E-17  0.1000E-09  0.0000E+00  0.4184E+16
   -0.137495    0.12537  0.0000E+00  0.1218E-13  0.7603E-17  0.1000E-09  0.0000E+00  0.4362E+16
   -0.206244    0.19373  0.4803E-13  0.1218E-13  0.7603E-17  0.1000E-09  0.0000E+00  0.4536E+16
   -0.274993    0.26622  0.3151E-12  0.1218E-13  0.7603E-17  0.1000E-09  0.0000E+00  0.4690E+16
   -0.343743    0.34278  0.7290E-12  0.1218E-13  0.7603E-17  0.1000E-09  0.0000E+00  0.4819E+16
   -0.412493    0.42328  0.1139E-11  0.1218E-13  0.7603E-17  0.1000E-09  0.0000E+00  0.4921E+16
   -0.481244    0.50752  0.1431E-11  0.1218E-13  0.7603E-17  0.1000E-09  0.0000E+00  0.4997E+16
   -0.549995    0.59534  0.1574E-11  0.1218E-13  0.7603E-17  0.1000E-09  0.0000E+00  0.5047E+16
   -0.618747    0.68654  0.1597E-11  0.1218E-13  0.7603E-17  0.1000E-09  0.0000E+00  0.5073E+16
   -0.687498    0.78098  0.1552E-11  0.1218E-13  0.7603E-17  0.1000E-09  0.0000E+00  0.5069E+16
   -0.756251    0.87836  0.1483E-11  0.1218E-13  0.7603E-17  0.1000E-09  0.0000E+00  0.5038E+16
   -0.825003    0.97845  0.1418E-11  0.1218E-13  0.7603E-17  0.1000E-09  0.0000E+00  0.4987E+16
   -0.893756    1.08108  0.1367E-11  0.1218E-13  0.7603E-17  0.1000E-09  0.0000E+00  0.4916E+16
   -0.962509    1.18612  0.1333E-11  0.1218E-13  0.7603E-17  0.1000E-09  0.0000E+00  0.4827E+16
   -1.031263    1.29343  0.1313E-11  0.1218E-13  0.7603E-17  0.1000E-09  0.0000E+00  0.4721E+16
   -1.100016    1.40290  0.1301E-11  0.1218E-13  0.7603E-17  0.1000E-09  0.0000E+00  0.4600E+16
   -1.168770    1.51443  0.1295E-11  0.1218E-13  0.7603E-17  0.1000E-09  0.0000E+00  0.4465E+16
   -1.237524    1.62795  0.1292E-11  0.1218E-13  0.7603E-17  0.1000E-09  0.0000E+00  0.4319E+16
   -1.306277    1.74344  0.1289E-11  0.1218E-13  0.7603E-17  0.1000E-09  0.0000E+00  0.4162E+16
   -1.375031    1.86090  0.1288E-11  0.1218E-13  0.7603E-17  0.1000E-09  0.0000E+00  0.3999E+16
   -1.443785    1.98046  0.1285E-11  0.1218E-13  0.7603E-17  0.1000E-09  0.0000E+00  0.3829E+16
   -1.512539    2.10228  0.1283E-11  0.1218E-13  0.7603E-17  0.1000E-09  0.0000E+00  0.3655E+16
   -1.581293    2.22667  0.1280E-11  0.1218E-13  0.7603E-17  0.1000E-09  0.0000E+00  0.3479E+16
   -1.650046    2.35413  0.1277E-11  0.1218E-13  0.7603E-17  0.1000E-09  0.0000E+00  0.3308E+16
   -1.718800    2.48559  0.1273E-11  0.1218E-13  0.7603E-17  0.1000E-09  0.0000E+00  0.3140E+16
   -1.787553    2.62236  0.1270E-11  0.1218E-13  0.7603E-17  0.1000E-09  0.0000E+00  0.2753E+16
   -1.856306    2.75502  0.1267E-11  0.1218E-13  0.7603E-17  0.1000E-09  0.0000E+00  0.2383E+16
   -1.925059    2.88294  0.1264E-11  0.1218E-13  0.7603E-17  0.1000E-09  0.0000E+00  0.2013E+16
   -1.993812    3.00416  0.1261E-11  0.4795E-13  0.1783E-16  0.1000E-09  0.0000E+00  0.1685E+16
   -2.062564    3.11878  0.1259E-11  0.2049E-12  0.7035E-16  0.1000E-09  0.0000E+00  0.1497E+16
   -2.131316    3.23534  0.1258E-11  0.8439E-12  0.2796E-15  0.1000E-09  0.0000E+00  0.1307E+16
   -2.200068    3.35475  0.1256E-11  0.3417E-11  0.1097E-14  0.1000E-09  0.0000E+00  0.1111E+16
   -2.268819    3.47804  0.1255E-11  0.1380E-10  0.4293E-14  0.1000E-09  0.0000E+00  0.8873E+15
   -2.337570    3.60440  0.1254E-11  0.5615E-10  0.1696E-13  0.1346E-09  0.0000E+00  0.6504E+15
   -2.406320    3.73483  0.1253E-11  0.2287E-09  0.6718E-13  0.8516E-09  0.0000E+00  0.3942E+15
   -2.475070    3.87218  0.1253E-11  0.9284E-09  0.2659E-12  0.1520E-07  0.0000E+00  0.9679E+14
   -2.543819    4.01125  0.1253E-11  0.2620E-08  0.7560E-12  0.4046E-05  0.0000E+00 -0.2403E+13
   -2.612567    4.01703  0.1253E-11  0.3043E-08  0.1111E-11  0.3200E-05  0.0000E+00 -0.3659E+13
   -2.681315    4.02402  0.1253E-11  0.2465E-08  0.2264E-11  0.6778E-06  0.0000E+00 -0.1777E+14
   -2.750063    4.04713  0.1253E-11  0.0000E+00  0.0000E+00  0.0000E+00  0.0000E+00  0.0000E+00
