 1 - depth, m
 2 - temperature, C
 3 - salinity, kg/kg
 4 - turbulent kinetic energy, m**2/s**2
 5 - dissipation rate, m**2/s**3
 6 - kinematic heat conductance, m**2/s
 7 - modulus of horizontal velocity, m/s
 8 - Richardson number, n/d
   -0.000000   14.88603  0.4317E-10  0.5745E-05  0.1659E-06  0.2363E-04  0.1201E-01 -0.1268E+00
   -0.068746   14.90920  0.4317E-10  0.6072E-05  0.5982E-07  0.1120E-03  0.6988E-02 -0.4791E+00
   -0.137492   14.91410  0.4317E-10  0.6189E-05  0.3639E-07  0.2643E-03  0.5585E-02  0.5072E+02
   -0.206239   14.91627  0.4317E-10  0.6279E-05  0.2670E-07  0.4081E-03  0.4876E-02  0.2980E+02
   -0.274987   14.91756  0.4317E-10  0.6376E-05  0.2160E-07  0.5611E-03  0.4441E-02  0.1856E+02
   -0.343735   14.91835  0.4317E-10  0.6493E-05  0.1871E-07  0.7809E-03  0.4136E-02  0.5388E+02
   -0.412484   14.91886  0.4317E-10  0.6640E-05  0.1677E-07  0.8898E-03  0.3914E-02  0.2792E+01
   -0.481233   14.91928  0.4317E-10  0.6805E-05  0.1522E-07  0.1010E-02  0.3692E-02  0.3111E+01
   -0.549983   14.91965  0.4317E-10  0.6978E-05  0.1401E-07  0.1116E-02  0.3487E-02  0.3237E+01
   -0.618733   14.91998  0.4317E-10  0.7155E-05  0.1305E-07  0.1218E-02  0.3294E-02  0.3355E+01
   -0.687483   14.92027  0.4317E-10  0.7332E-05  0.1228E-07  0.1312E-02  0.3110E-02  0.3448E+01
   -0.756234   14.92055  0.4317E-10  0.7507E-05  0.1165E-07  0.1401E-02  0.2935E-02  0.3537E+01
   -0.824985   14.92081  0.4317E-10  0.7677E-05  0.1115E-07  0.1480E-02  0.2766E-02  0.3617E+01
   -0.893737   14.92105  0.4317E-10  0.7840E-05  0.1074E-07  0.1551E-02  0.2604E-02  0.3695E+01
   -0.962488   14.92129  0.4317E-10  0.7995E-05  0.1041E-07  0.1616E-02  0.2446E-02  0.3764E+01
   -1.031240   14.92152  0.4317E-10  0.8139E-05  0.1015E-07  0.1674E-02  0.2292E-02  0.3831E+01
   -1.099992   14.92175  0.4317E-10  0.8271E-05  0.9950E-08  0.1727E-02  0.2142E-02  0.3890E+01
   -1.168744   14.92197  0.4317E-10  0.8389E-05  0.9803E-08  0.1775E-02  0.1995E-02  0.3946E+01
   -1.237497   14.92219  0.4317E-10  0.8490E-05  0.9703E-08  0.1815E-02  0.1850E-02  0.3996E+01
   -1.306249   14.92242  0.4317E-10  0.8574E-05  0.9646E-08  0.1849E-02  0.1708E-02  0.4048E+01
   -1.375001   14.92264  0.4317E-10  0.8639E-05  0.9627E-08  0.1875E-02  0.1568E-02  0.4097E+01
   -1.443754   14.92287  0.4317E-10  0.8683E-05  0.9645E-08  0.1892E-02  0.1429E-02  0.4156E+01
   -1.512506   14.92310  0.4317E-10  0.8705E-05  0.9696E-08  0.1900E-02  0.1293E-02  0.4221E+01
   -1.581258   14.92334  0.4317E-10  0.8704E-05  0.9781E-08  0.1896E-02  0.1157E-02  0.4309E+01
   -1.650010   14.92359  0.4317E-10  0.8679E-05  0.9897E-08  0.1882E-02  0.1023E-02  0.4414E+01
   -1.718762   14.92384  0.4317E-10  0.8628E-05  0.1004E-07  0.1858E-02  0.8897E-03  0.4386E+01
   -1.787514   14.92410  0.4317E-10  0.8550E-05  0.1022E-07  0.1866E-02  0.7584E-03  0.2608E+01
   -1.856266   14.92437  0.4317E-10  0.8455E-05  0.1043E-07  0.1873E-02  0.6499E-03  0.1905E+01
   -1.925017   14.92463  0.4317E-10  0.8349E-05  0.1069E-07  0.1868E-02  0.5620E-03  0.1513E+01
   -1.993768   14.92490  0.4317E-10  0.8238E-05  0.1101E-07  0.1830E-02  0.4918E-03  0.1285E+01
   -2.062519   14.92517  0.4317E-10  0.8128E-05  0.1138E-07  0.1768E-02  0.4349E-03  0.1213E+01
   -2.131269   14.92546  0.4317E-10  0.8020E-05  0.1183E-07  0.1674E-02  0.3863E-03  0.1220E+01
   -2.200020   14.92577  0.4317E-10  0.7913E-05  0.1237E-07  0.1565E-02  0.3433E-03  0.1325E+01
   -2.268769   14.92611  0.4317E-10  0.7805E-05  0.1305E-07  0.1455E-02  0.3053E-03  0.1542E+01
   -2.337518   14.92648  0.4317E-10  0.7688E-05  0.1396E-07  0.1334E-02  0.2717E-03  0.2049E+01
   -2.406267   14.92688  0.4317E-10  0.7549E-05  0.1529E-07  0.1200E-02  0.2410E-03  0.3069E+01
   -2.475015   14.92734  0.4317E-10  0.7369E-05  0.1748E-07  0.1023E-02  0.2114E-03  0.5747E+01
   -2.543763   14.92790  0.4317E-10  0.7105E-05  0.2163E-07  0.8170E-03  0.1808E-03  0.1756E+03
   -2.612510   14.92863  0.4317E-10  0.6616E-05  0.3267E-07  0.5841E-03  0.1491E-03  0.1832E+03
   -2.681257   14.93018  0.4317E-10  0.4339E-05  0.1184E-06  0.5100E-04  0.1082E-03 -0.1693E+05
   -2.750002   14.94469  0.4317E-10  0.0000E+00  0.0000E+00  0.0000E+00  0.1188E-03  0.0000E+00
