 1 - depth, m
 2 - temperature, C
 3 - salinity, kg/kg
 4 - turbulent kinetic energy, m**2/s**2
 5 - dissipation rate, m**2/s**3
 6 - kinematic heat conductance, m**2/s
 7 - modulus of horizontal velocity, m/s
 8 - Richardson number, n/d
   -0.000000    7.20029  0.5489E-10  0.2691E-03  0.7210E-03  0.1124E-03  0.1663E+00  0.5404E-02
   -0.068746    7.28727  0.5489E-10  0.1541E-03  0.2088E-03  0.2780E-03  0.6530E-01 -0.1161E+00
   -0.137492    7.30009  0.5489E-10  0.1176E-03  0.6749E-04  0.3147E-03  0.5191E-01  0.1549E-03
   -0.206239    7.30790  0.5489E-10  0.9581E-04  0.2123E-04  0.3394E-03  0.4506E-01 -0.9358E-02
   -0.274987    7.31335  0.5489E-10  0.8237E-04  0.7219E-05  0.3799E-03  0.4012E-01 -0.1106E-01
   -0.343735    7.31741  0.5489E-10  0.7352E-04  0.3024E-05  0.4310E-03  0.3619E-01 -0.1323E-01
   -0.412484    7.32066  0.5489E-10  0.6763E-04  0.1641E-05  0.4892E-03  0.3295E-01 -0.1454E-01
   -0.481233    7.32334  0.5489E-10  0.6356E-04  0.1073E-05  0.5523E-03  0.3020E-01 -0.1873E-01
   -0.549983    7.32556  0.5489E-10  0.6072E-04  0.7827E-06  0.6187E-03  0.2790E-01 -0.1858E-01
   -0.618733    7.32747  0.5489E-10  0.5863E-04  0.6108E-06  0.6878E-03  0.2590E-01 -0.2056E-01
   -0.687483    7.32911  0.5489E-10  0.5703E-04  0.4991E-06  0.7585E-03  0.2415E-01 -0.2256E-01
   -0.756234    7.33055  0.5489E-10  0.5573E-04  0.4217E-06  0.8296E-03  0.2259E-01 -0.2452E-01
   -0.824985    7.33183  0.5489E-10  0.5464E-04  0.3653E-06  0.9001E-03  0.2119E-01 -0.2638E-01
   -0.893736    7.33297  0.5489E-10  0.5369E-04  0.3227E-06  0.9688E-03  0.1991E-01 -0.2812E-01
   -0.962488    7.33399  0.5489E-10  0.5284E-04  0.2894E-06  0.1035E-02  0.1874E-01 -0.2968E-01
   -1.031240    7.33492  0.5489E-10  0.5206E-04  0.2628E-06  0.1098E-02  0.1766E-01 -0.3104E-01
   -1.099992    7.33577  0.5489E-10  0.5134E-04  0.2411E-06  0.1156E-02  0.1665E-01 -0.3216E-01
   -1.168744    7.33654  0.5489E-10  0.5065E-04  0.2231E-06  0.1209E-02  0.1570E-01 -0.3302E-01
   -1.237496    7.33726  0.5489E-10  0.4999E-04  0.2081E-06  0.1256E-02  0.1480E-01 -0.3360E-01
   -1.306248    7.33793  0.5489E-10  0.4933E-04  0.1953E-06  0.1297E-02  0.1394E-01 -0.3388E-01
   -1.375001    7.33855  0.5489E-10  0.4868E-04  0.1843E-06  0.1330E-02  0.1311E-01 -0.3384E-01
   -1.443753    7.33914  0.5489E-10  0.4801E-04  0.1747E-06  0.1355E-02  0.1231E-01 -0.3347E-01
   -1.512505    7.33969  0.5489E-10  0.4731E-04  0.1663E-06  0.1372E-02  0.1153E-01 -0.3275E-01
   -1.581258    7.34021  0.5489E-10  0.4656E-04  0.1588E-06  0.1378E-02  0.1076E-01 -0.3166E-01
   -1.650010    7.34071  0.5489E-10  0.4574E-04  0.1520E-06  0.1372E-02  0.9995E-02 -0.3017E-01
   -1.718762    7.34119  0.5489E-10  0.4482E-04  0.1456E-06  0.1356E-02  0.9227E-02 -0.2865E-01
   -1.787513    7.34165  0.5489E-10  0.4376E-04  0.1393E-06  0.1411E-02  0.8453E-02 -0.3512E-01
   -1.856265    7.34208  0.5489E-10  0.4263E-04  0.1335E-06  0.1445E-02  0.7772E-02 -0.4247E-01
   -1.925016    7.34250  0.5489E-10  0.4146E-04  0.1283E-06  0.1465E-02  0.7164E-02 -0.5150E-01
   -1.993768    7.34290  0.5489E-10  0.4025E-04  0.1236E-06  0.1462E-02  0.6618E-02 -0.5977E-01
   -2.062518    7.34330  0.5489E-10  0.3906E-04  0.1199E-06  0.1432E-02  0.6114E-02 -0.6398E-01
   -2.131269    7.34369  0.5489E-10  0.3788E-04  0.1171E-06  0.1389E-02  0.5630E-02 -0.6777E-01
   -2.200019    7.34408  0.5489E-10  0.3671E-04  0.1155E-06  0.1332E-02  0.5158E-02 -0.7079E-01
   -2.268768    7.34447  0.5489E-10  0.3554E-04  0.1152E-06  0.1267E-02  0.4695E-02 -0.7779E-01
   -2.337518    7.34487  0.5489E-10  0.3430E-04  0.1169E-06  0.1180E-02  0.4246E-02 -0.8697E-01
   -2.406266    7.34528  0.5489E-10  0.3296E-04  0.1215E-06  0.1063E-02  0.3812E-02 -0.9779E-01
   -2.475015    7.34573  0.5489E-10  0.3144E-04  0.1317E-06  0.9087E-03  0.3384E-02 -0.1113E+00
   -2.543762    7.34623  0.5489E-10  0.2954E-04  0.1544E-06  0.7061E-03  0.2952E-02 -0.1283E+00
   -2.612509    7.34686  0.5489E-10  0.2673E-04  0.2172E-06  0.4486E-03  0.2496E-02 -0.1715E+00
   -2.681256    7.34784  0.5489E-10  0.1576E-04  0.7205E-06  0.5720E-04  0.1983E-02 -0.7574E+04
   -2.750001    7.35571  0.5489E-10  0.0000E+00  0.0000E+00  0.0000E+00  0.2004E-02  0.0000E+00
