 1 - depth, m
 2 - temperature, C
 3 - salinity, kg/kg
 4 - turbulent kinetic energy, m**2/s**2
 5 - dissipation rate, m**2/s**3
 6 - kinematic heat conductance, m**2/s
 7 - modulus of horizontal velocity, m/s
 8 - Richardson number, n/d
   -0.000000   -0.00000  0.6122E-11  0.1219E-13  0.7603E-17  0.1000E-09  0.0000E+00  0.6403E+16
   -0.068746    0.09732  0.3417E-11  0.1219E-13  0.7603E-17  0.1000E-09  0.0000E+00  0.6170E+16
   -0.137492    0.19363  0.2522E-11  0.1219E-13  0.7603E-17  0.1000E-09  0.0000E+00  0.5969E+16
   -0.206239    0.28934  0.2280E-11  0.1219E-13  0.7603E-17  0.1000E-09  0.0000E+00  0.5798E+16
   -0.274987    0.38490  0.2223E-11  0.1219E-13  0.7603E-17  0.1000E-09  0.0000E+00  0.5655E+16
   -0.343735    0.48077  0.2212E-11  0.1219E-13  0.7603E-17  0.1000E-09  0.0000E+00  0.5536E+16
   -0.412483    0.57739  0.2209E-11  0.1219E-13  0.7603E-17  0.1000E-09  0.0000E+00  0.5439E+16
   -0.481232    0.67522  0.2209E-11  0.1219E-13  0.7603E-17  0.1000E-09  0.0000E+00  0.5359E+16
   -0.549982    0.77470  0.2209E-11  0.1219E-13  0.7603E-17  0.1000E-09  0.0000E+00  0.5294E+16
   -0.618732    0.87627  0.2209E-11  0.1219E-13  0.7603E-17  0.1000E-09  0.0000E+00  0.5239E+16
   -0.687482    0.98034  0.2209E-11  0.1219E-13  0.7603E-17  0.1000E-09  0.0000E+00  0.5202E+16
   -0.756233    1.08756  0.2209E-11  0.1219E-13  0.7603E-17  0.1000E-09  0.0000E+00  0.5172E+16
   -0.824984    1.19846  0.2209E-11  0.1219E-13  0.7603E-17  0.1000E-09  0.0000E+00  0.5136E+16
   -0.893735    1.31337  0.2209E-11  0.1219E-13  0.7603E-17  0.1000E-09  0.0000E+00  0.5090E+16
   -0.962487    1.43256  0.2209E-11  0.1418E-13  0.7603E-17  0.1000E-09  0.0000E+00  0.5028E+16
   -1.031239    1.55631  0.2208E-11  0.6429E-13  0.9998E-17  0.1000E-09  0.0000E+00  0.4947E+16
   -1.099990    1.68480  0.2206E-11  0.1777E-12  0.2163E-16  0.1000E-09  0.0000E+00  0.4841E+16
   -1.168743    1.81820  0.2203E-11  0.4282E-12  0.4881E-16  0.1000E-09  0.0000E+00  0.4707E+16
   -1.237495    1.95660  0.2197E-11  0.9878E-12  0.1089E-15  0.1000E-09  0.0000E+00  0.4541E+16
   -1.306247    2.10006  0.2187E-11  0.2237E-11  0.2400E-15  0.1000E-09  0.0000E+00  0.4339E+16
   -1.374999    2.24856  0.2176E-11  0.5008E-11  0.5236E-15  0.1000E-09  0.0000E+00  0.4107E+16
   -1.443751    2.40228  0.2166E-11  0.1110E-10  0.1131E-14  0.1000E-09  0.0000E+00  0.3836E+16
   -1.512504    2.56117  0.2159E-11  0.2436E-10  0.2422E-14  0.1000E-09  0.0000E+00  0.3522E+16
   -1.581256    2.72498  0.2155E-11  0.5298E-10  0.5139E-14  0.1000E-09  0.0000E+00  0.3164E+16
   -1.650008    2.89341  0.2153E-11  0.1142E-09  0.1081E-13  0.1000E-09  0.0000E+00  0.2766E+16
   -1.718760    3.06605  0.2151E-11  0.2441E-09  0.2255E-13  0.1000E-09  0.0000E+00  0.2331E+16
   -1.787511    3.24257  0.2150E-11  0.5291E-09  0.4770E-13  0.1286E-09  0.0000E+00  0.1887E+16
   -1.856263    3.42537  0.2149E-11  0.1158E-08  0.1019E-12  0.3727E-09  0.0000E+00  0.1392E+16
   -1.925014    3.61444  0.2146E-11  0.2530E-08  0.2176E-12  0.1316E-08  0.0000E+00  0.8415E+15
   -1.993765    3.80927  0.2142E-11  0.5495E-08  0.4620E-12  0.9612E-08  0.0000E+00  0.2446E+15
   -2.062516    3.99935  0.2141E-11  0.6332E-08  0.5358E-12  0.2909E-04  0.0000E+00 -0.2077E+12
   -2.131266    4.00033  0.2141E-11  0.6695E-08  0.5763E-12  0.3020E-04  0.0000E+00 -0.2148E+12
   -2.200016    4.00127  0.2141E-11  0.6993E-08  0.6202E-12  0.3044E-04  0.0000E+00 -0.2275E+12
   -2.268766    4.00221  0.2141E-11  0.7227E-08  0.6701E-12  0.2979E-04  0.0000E+00 -0.2475E+12
   -2.337515    4.00318  0.2141E-11  0.7405E-08  0.7321E-12  0.2812E-04  0.0000E+00 -0.2791E+12
   -2.406263    4.00420  0.2141E-11  0.7517E-08  0.8151E-12  0.2529E-04  0.0000E+00 -0.3311E+12
   -2.475012    4.00535  0.2141E-11  0.7543E-08  0.9391E-12  0.2110E-04  0.0000E+00 -0.4265E+12
   -2.543759    4.00673  0.2141E-11  0.7433E-08  0.1157E-11  0.1539E-04  0.0000E+00 -0.6388E+12
   -2.612506    4.00864  0.2141E-11  0.7023E-08  0.1681E-11  0.8187E-05  0.0000E+00 -0.1375E+13
   -2.681252    4.01227  0.2141E-11  0.5212E-08  0.4721E-11  0.1192E-05  0.0000E+00 -0.1462E+14
   -2.749998    4.03672  0.2141E-11  0.0000E+00  0.0000E+00  0.0000E+00  0.0000E+00  0.0000E+00
