 1 - depth, m
 2 - temperature, C
 3 - salinity, kg/kg
 4 - turbulent kinetic energy, m**2/s**2
 5 - dissipation rate, m**2/s**3
 6 - kinematic heat conductance, m**2/s
 7 - modulus of horizontal velocity, m/s
 8 - Richardson number, n/d
   -0.000000   13.51978  0.4999E-11  0.7840E-05  0.2504E-06  0.3004E-04  0.1332E-01 -0.1592E+00
   -0.068746   13.57971  0.4999E-11  0.9066E-05  0.8357E-07  0.1960E-03  0.7513E-02 -0.5582E+00
   -0.137492   13.58868  0.4999E-11  0.9549E-05  0.5950E-07  0.5417E-03  0.6419E-02  0.2410E+01
   -0.206239   13.59177  0.4999E-11  0.9993E-05  0.5009E-07  0.6288E-03  0.6071E-02  0.1762E+01
   -0.274987   13.59435  0.4999E-11  0.1050E-04  0.4346E-07  0.7936E-03  0.5724E-02  0.2171E+01
   -0.343735   13.59632  0.4999E-11  0.1102E-04  0.3863E-07  0.9718E-03  0.5410E-02  0.2457E+01
   -0.412484   13.59788  0.4999E-11  0.1154E-04  0.3493E-07  0.1170E-02  0.5114E-02  0.2693E+01
   -0.481233   13.59914  0.4999E-11  0.1204E-04  0.3200E-07  0.1322E-02  0.4836E-02  0.2843E+01
   -0.549982   13.60022  0.4999E-11  0.1250E-04  0.2963E-07  0.1413E-02  0.4571E-02  0.2929E+01
   -0.618733   13.60121  0.4999E-11  0.1291E-04  0.2766E-07  0.1494E-02  0.4317E-02  0.2993E+01
   -0.687483   13.60211  0.4999E-11  0.1329E-04  0.2600E-07  0.1576E-02  0.4074E-02  0.3044E+01
   -0.756234   13.60294  0.4999E-11  0.1361E-04  0.2458E-07  0.1659E-02  0.3840E-02  0.3082E+01
   -0.824985   13.60371  0.4999E-11  0.1389E-04  0.2336E-07  0.1743E-02  0.3613E-02  0.3107E+01
   -0.893736   13.60443  0.4999E-11  0.1411E-04  0.2229E-07  0.1825E-02  0.3393E-02  0.3120E+01
   -0.962488   13.60509  0.4999E-11  0.1427E-04  0.2136E-07  0.1903E-02  0.3178E-02  0.3122E+01
   -1.031239   13.60571  0.4999E-11  0.1439E-04  0.2054E-07  0.1975E-02  0.2969E-02  0.3114E+01
   -1.099991   13.60629  0.4999E-11  0.1444E-04  0.1983E-07  0.2038E-02  0.2765E-02  0.3096E+01
   -1.168743   13.60684  0.4999E-11  0.1445E-04  0.1920E-07  0.2090E-02  0.2566E-02  0.3068E+01
   -1.237496   13.60736  0.4999E-11  0.1440E-04  0.1867E-07  0.2127E-02  0.2371E-02  0.3032E+01
   -1.306248   13.60786  0.4999E-11  0.1430E-04  0.1822E-07  0.2149E-02  0.2181E-02  0.2986E+01
   -1.375000   13.60834  0.4999E-11  0.1415E-04  0.1785E-07  0.2154E-02  0.1994E-02  0.2929E+01
   -1.443753   13.60881  0.4999E-11  0.1396E-04  0.1756E-07  0.2143E-02  0.1812E-02  0.2861E+01
   -1.512505   13.60926  0.4999E-11  0.1373E-04  0.1735E-07  0.2118E-02  0.1633E-02  0.2779E+01
   -1.581257   13.60971  0.4999E-11  0.1346E-04  0.1723E-07  0.2081E-02  0.1458E-02  0.2682E+01
   -1.650009   13.61015  0.4999E-11  0.1316E-04  0.1720E-07  0.2037E-02  0.1286E-02  0.2567E+01
   -1.718761   13.61059  0.4999E-11  0.1284E-04  0.1727E-07  0.1991E-02  0.1119E-02  0.2431E+01
   -1.787513   13.61103  0.4999E-11  0.1250E-04  0.1745E-07  0.2036E-02  0.9558E-03  0.1895E+01
   -1.856264   13.61145  0.4999E-11  0.1216E-04  0.1775E-07  0.2152E-02  0.8219E-03  0.1560E+01
   -1.925016   13.61184  0.4999E-11  0.1182E-04  0.1817E-07  0.2218E-02  0.7147E-03  0.1307E+01
   -1.993767   13.61222  0.4999E-11  0.1149E-04  0.1873E-07  0.2111E-02  0.6295E-03  0.1114E+01
   -2.062518   13.61261  0.4999E-11  0.1119E-04  0.1940E-07  0.1941E-02  0.5611E-03  0.9768E+00
   -2.131268   13.61303  0.4999E-11  0.1090E-04  0.2021E-07  0.1780E-02  0.5036E-03  0.8527E+00
   -2.200018   13.61347  0.4999E-11  0.1064E-04  0.2121E-07  0.1635E-02  0.4542E-03  0.7965E+00
   -2.268768   13.61395  0.4999E-11  0.1037E-04  0.2253E-07  0.1513E-02  0.4108E-03  0.8956E+00
   -2.337517   13.61445  0.4999E-11  0.1006E-04  0.2453E-07  0.1331E-02  0.3710E-03  0.1363E+01
   -2.406265   13.61502  0.4999E-11  0.9691E-05  0.2783E-07  0.1215E-02  0.3314E-03  0.3790E+01
   -2.475014   13.61565  0.4999E-11  0.9147E-05  0.3528E-07  0.8959E-03  0.2931E-03  0.8860E+02
   -2.543761   13.61687  0.4999E-11  0.8227E-05  0.5139E-07  0.7302E-03  0.2389E-03  0.1563E+04
   -2.612508   13.61806  0.4999E-11  0.6620E-05  0.9566E-07  0.3639E-03  0.1902E-03  0.6192E+02
   -2.681255   13.62345  0.4999E-11  0.4030E-05  0.2941E-06  0.1301E-03  0.1107E-03 -0.2276E+05
   -2.750000   13.63035  0.4999E-11  0.0000E+00  0.0000E+00  0.0000E+00  0.1612E-03  0.0000E+00
