 1 - depth, m
 2 - temperature, C
 3 - salinity, kg/kg
 4 - turbulent kinetic energy, m**2/s**2
 5 - dissipation rate, m**2/s**3
 6 - kinematic heat conductance, m**2/s
 7 - modulus of horizontal velocity, m/s
 8 - Richardson number, n/d
   -0.000000   -0.00000  0.1906E-09  0.1219E-13  0.7603E-17  0.1000E-09  0.0000E+00  0.4474E+16
   -0.068746    0.06773  0.1049E-09  0.1219E-13  0.7603E-17  0.1000E-09  0.0000E+00  0.4319E+16
   -0.137492    0.13432  0.8058E-10  0.1219E-13  0.7603E-17  0.1000E-09  0.0000E+00  0.4192E+16
   -0.206239    0.20015  0.7486E-10  0.1219E-13  0.7603E-17  0.1000E-09  0.0000E+00  0.4090E+16
   -0.274987    0.26557  0.7366E-10  0.1219E-13  0.7603E-17  0.1000E-09  0.0000E+00  0.4013E+16
   -0.343735    0.33097  0.7344E-10  0.1219E-13  0.7603E-17  0.1000E-09  0.0000E+00  0.3958E+16
   -0.412483    0.39672  0.7340E-10  0.1219E-13  0.7603E-17  0.1000E-09  0.0000E+00  0.3923E+16
   -0.481232    0.46317  0.7339E-10  0.1219E-13  0.7603E-17  0.1000E-09  0.0000E+00  0.3907E+16
   -0.549982    0.53070  0.7339E-10  0.1219E-13  0.7603E-17  0.1000E-09  0.0000E+00  0.3907E+16
   -0.618732    0.59966  0.7339E-10  0.1219E-13  0.7603E-17  0.1000E-09  0.0000E+00  0.3921E+16
   -0.687482    0.67038  0.7339E-10  0.1219E-13  0.7603E-17  0.1000E-09  0.0000E+00  0.3960E+16
   -0.756233    0.74346  0.7339E-10  0.1219E-13  0.7603E-17  0.1000E-09  0.0000E+00  0.4013E+16
   -0.824984    0.81934  0.7339E-10  0.1219E-13  0.7603E-17  0.1000E-09  0.0000E+00  0.4070E+16
   -0.893735    0.89830  0.7339E-10  0.1219E-13  0.7603E-17  0.1000E-09  0.0000E+00  0.4126E+16
   -0.962486    0.98059  0.7339E-10  0.1219E-13  0.7603E-17  0.1000E-09  0.0000E+00  0.4178E+16
   -1.031238    1.06639  0.7339E-10  0.1219E-13  0.7603E-17  0.1000E-09  0.0000E+00  0.4223E+16
   -1.099990    1.15589  0.7338E-10  0.1219E-13  0.7603E-17  0.1000E-09  0.0000E+00  0.4256E+16
   -1.168742    1.24918  0.7335E-10  0.1219E-13  0.7603E-17  0.1000E-09  0.0000E+00  0.4274E+16
   -1.237494    1.34634  0.7329E-10  0.1219E-13  0.7603E-17  0.1000E-09  0.0000E+00  0.4273E+16
   -1.306246    1.44738  0.7314E-10  0.1219E-13  0.7603E-17  0.1000E-09  0.0000E+00  0.4252E+16
   -1.374999    1.55225  0.7288E-10  0.1219E-13  0.7603E-17  0.1000E-09  0.0000E+00  0.4218E+16
   -1.443751    1.66114  0.7254E-10  0.1219E-13  0.7603E-17  0.1000E-09  0.0000E+00  0.4159E+16
   -1.512503    1.77398  0.7222E-10  0.1219E-13  0.7603E-17  0.1000E-09  0.0000E+00  0.4072E+16
   -1.581255    1.89054  0.7200E-10  0.1219E-13  0.7603E-17  0.1000E-09  0.0000E+00  0.3953E+16
   -1.650007    2.01052  0.7189E-10  0.1219E-13  0.7603E-17  0.1000E-09  0.0000E+00  0.3805E+16
   -1.718759    2.13357  0.7184E-10  0.1219E-13  0.7603E-17  0.1000E-09  0.0000E+00  0.3626E+16
   -1.787511    2.25924  0.7181E-10  0.1219E-13  0.7603E-17  0.1000E-09  0.0000E+00  0.3416E+16
   -1.856262    2.38689  0.7179E-10  0.1219E-13  0.7603E-17  0.1000E-09  0.0000E+00  0.3186E+16
   -1.925013    2.51618  0.7178E-10  0.1219E-13  0.7603E-17  0.1000E-09  0.0000E+00  0.2939E+16
   -1.993764    2.64675  0.7176E-10  0.1219E-13  0.7603E-17  0.1000E-09  0.0000E+00  0.2677E+16
   -2.062515    2.77819  0.7172E-10  0.1219E-13  0.7603E-17  0.1000E-09  0.0000E+00  0.2419E+16
   -2.131265    2.91100  0.7165E-10  0.1219E-13  0.7603E-17  0.1000E-09  0.0000E+00  0.2151E+16
   -2.200015    3.04503  0.7153E-10  0.1219E-13  0.7603E-17  0.1000E-09  0.0000E+00  0.1872E+16
   -2.268765    3.17993  0.7136E-10  0.1219E-13  0.7740E-17  0.1000E-09  0.0000E+00  0.1595E+16
   -2.337514    3.31627  0.7116E-10  0.3471E-13  0.3911E-16  0.1000E-09  0.0000E+00  0.1314E+16
   -2.406262    3.45453  0.7100E-10  0.3273E-12  0.3632E-15  0.1000E-09  0.0000E+00  0.1026E+16
   -2.475011    3.59540  0.7093E-10  0.3204E-11  0.3453E-14  0.1000E-09  0.0000E+00  0.7269E+15
   -2.543758    3.74039  0.7090E-10  0.3128E-10  0.3299E-13  0.3686E-09  0.0000E+00  0.4054E+15
   -2.612505    3.89219  0.7090E-10  0.3109E-09  0.3278E-12  0.1794E-07  0.0000E+00  0.4514E+14
   -2.681251    4.04204  0.7090E-10  0.2717E-08  0.3547E-11  0.7110E-06  0.0000E+00 -0.4646E+14
   -2.749997    4.08141  0.7090E-10  0.0000E+00  0.0000E+00  0.0000E+00  0.0000E+00  0.0000E+00
