 1 - depth, m
 2 - temperature, C
 3 - salinity, kg/kg
 4 - turbulent kinetic energy, m**2/s**2
 5 - dissipation rate, m**2/s**3
 6 - kinematic heat conductance, m**2/s
 7 - modulus of horizontal velocity, m/s
 8 - Richardson number, n/d
   -0.000000   -0.00000  0.2616E-10  0.1219E-13  0.7603E-17  0.1000E-09  0.0000E+00  0.3725E+16
   -0.068746    0.05630  0.1449E-10  0.1219E-13  0.7603E-17  0.1000E-09  0.0000E+00  0.3528E+16
   -0.137492    0.11043  0.1198E-10  0.1219E-13  0.7603E-17  0.1000E-09  0.0000E+00  0.3363E+16
   -0.206239    0.16280  0.1147E-10  0.1219E-13  0.7603E-17  0.1000E-09  0.0000E+00  0.3231E+16
   -0.274986    0.21384  0.1137E-10  0.1219E-13  0.7603E-17  0.1000E-09  0.0000E+00  0.3134E+16
   -0.343735    0.26405  0.1136E-10  0.1219E-13  0.7603E-17  0.1000E-09  0.0000E+00  0.3072E+16
   -0.412483    0.31398  0.1136E-10  0.1219E-13  0.7603E-17  0.1000E-09  0.0000E+00  0.3047E+16
   -0.481232    0.36422  0.1136E-10  0.1219E-13  0.7603E-17  0.1000E-09  0.0000E+00  0.3059E+16
   -0.549982    0.41542  0.1136E-10  0.1219E-13  0.7603E-17  0.1000E-09  0.0000E+00  0.3110E+16
   -0.618732    0.46829  0.1136E-10  0.1219E-13  0.7603E-17  0.1000E-09  0.0000E+00  0.3200E+16
   -0.687482    0.52358  0.1136E-10  0.1219E-13  0.7603E-17  0.1000E-09  0.0000E+00  0.3342E+16
   -0.756233    0.58233  0.1136E-10  0.1219E-13  0.7603E-17  0.1000E-09  0.0000E+00  0.3528E+16
   -0.824984    0.64555  0.1136E-10  0.1219E-13  0.7603E-17  0.1000E-09  0.0000E+00  0.3745E+16
   -0.893735    0.71406  0.1136E-10  0.1219E-13  0.7603E-17  0.1000E-09  0.0000E+00  0.3988E+16
   -0.962486    0.78872  0.1136E-10  0.1219E-13  0.7603E-17  0.1000E-09  0.0000E+00  0.4249E+16
   -1.031238    0.87037  0.1136E-10  0.1219E-13  0.7603E-17  0.1000E-09  0.0000E+00  0.4522E+16
   -1.099990    0.95979  0.1136E-10  0.1219E-13  0.7603E-17  0.1000E-09  0.0000E+00  0.4795E+16
   -1.168742    1.05776  0.1135E-10  0.1219E-13  0.7603E-17  0.1000E-09  0.0000E+00  0.5058E+16
   -1.237494    1.16497  0.1135E-10  0.1219E-13  0.7603E-17  0.1000E-09  0.0000E+00  0.5297E+16
   -1.306246    1.28201  0.1133E-10  0.1219E-13  0.7603E-17  0.1000E-09  0.0000E+00  0.5499E+16
   -1.374998    1.40939  0.1128E-10  0.1219E-13  0.7603E-17  0.1000E-09  0.0000E+00  0.5674E+16
   -1.443750    1.54812  0.1122E-10  0.4849E-13  0.1061E-16  0.1000E-09  0.0000E+00  0.5788E+16
   -1.512503    1.69865  0.1116E-10  0.1525E-12  0.2747E-16  0.1000E-09  0.0000E+00  0.5817E+16
   -1.581255    1.86107  0.1113E-10  0.4318E-12  0.7386E-16  0.1000E-09  0.0000E+00  0.5749E+16
   -1.650007    2.03533  0.1112E-10  0.1183E-11  0.1957E-15  0.1000E-09  0.0000E+00  0.5574E+16
   -1.718759    2.22123  0.1111E-10  0.3185E-11  0.5109E-15  0.1000E-09  0.0000E+00  0.5283E+16
   -1.787510    2.41828  0.1110E-10  0.8686E-11  0.1351E-14  0.1000E-09  0.0000E+00  0.4810E+16
   -1.856262    2.62294  0.1110E-10  0.2375E-10  0.3587E-14  0.1000E-09  0.0000E+00  0.4264E+16
   -1.925013    2.83515  0.1110E-10  0.6456E-10  0.9469E-14  0.1000E-09  0.0000E+00  0.3645E+16
   -1.993764    3.05493  0.1110E-10  0.1744E-09  0.2485E-13  0.1000E-09  0.0000E+00  0.2953E+16
   -2.062515    3.28251  0.1109E-10  0.4572E-09  0.6333E-13  0.1482E-09  0.0000E+00  0.2180E+16
   -2.131265    3.51763  0.1108E-10  0.1182E-08  0.1592E-12  0.6151E-09  0.0000E+00  0.1321E+16
   -2.200015    3.75826  0.1105E-10  0.3019E-08  0.3958E-12  0.4965E-08  0.0000E+00  0.4078E+15
   -2.268764    3.99585  0.1102E-10  0.4370E-08  0.5781E-12  0.1203E-04  0.0000E+00 -0.4910E+12
   -2.337513    3.99875  0.1102E-10  0.4992E-08  0.6947E-12  0.1355E-04  0.0000E+00 -0.5540E+12
   -2.406262    4.00135  0.1102E-10  0.5500E-08  0.8364E-12  0.1368E-04  0.0000E+00 -0.6626E+12
   -2.475010    4.00395  0.1102E-10  0.5894E-08  0.1030E-11  0.1245E-04  0.0000E+00 -0.8664E+12
   -2.543758    4.00685  0.1102E-10  0.6141E-08  0.1346E-11  0.9801E-05  0.0000E+00 -0.1327E+13
   -2.612504    4.01063  0.1102E-10  0.6122E-08  0.2056E-11  0.5722E-05  0.0000E+00 -0.2932E+13
   -2.681251    4.01740  0.1102E-10  0.5231E-08  0.5508E-11  0.1268E-05  0.0000E+00 -0.2478E+14
   -2.749996    4.05059  0.1102E-10  0.0000E+00  0.0000E+00  0.0000E+00  0.0000E+00  0.0000E+00
