 1 - depth, m
 2 - temperature, C
 3 - salinity, kg/kg
 4 - turbulent kinetic energy, m**2/s**2
 5 - dissipation rate, m**2/s**3
 6 - kinematic heat conductance, m**2/s
 7 - modulus of horizontal velocity, m/s
 8 - Richardson number, n/d
   -0.000000   16.01783  0.1272E-11  0.2975E-03  0.1974E-03  0.1085E-03  0.1791E+00  0.2190E+01
   -0.068746   16.16516  0.1271E-11  0.1705E-03  0.3966E-04  0.3189E-03  0.6796E-01 -0.3195E-01
   -0.137492   16.18523  0.1271E-11  0.1297E-03  0.1543E-04  0.3623E-03  0.5385E-01 -0.3536E-01
   -0.206239   16.19716  0.1271E-11  0.1070E-03  0.7863E-05  0.4008E-03  0.4689E-01 -0.4347E-01
   -0.274987   16.20471  0.1271E-11  0.9271E-04  0.4404E-05  0.4518E-03  0.4200E-01 -0.4843E-01
   -0.343735   16.21017  0.1271E-11  0.8315E-04  0.2656E-05  0.5194E-03  0.3810E-01 -0.5499E-01
   -0.412483   16.21429  0.1271E-11  0.7667E-04  0.1729E-05  0.5973E-03  0.3493E-01 -0.3978E-01
   -0.481232   16.21759  0.1271E-11  0.7227E-04  0.1213E-05  0.6917E-03  0.3229E-01  0.1875E+01
   -0.549982   16.22028  0.1271E-11  0.6921E-04  0.9074E-06  0.8138E-03  0.3007E-01  0.8509E+02
   -0.618732   16.22252  0.1271E-11  0.6707E-04  0.7162E-06  0.9725E-03  0.2816E-01  0.3478E+03
   -0.687482   16.22437  0.1271E-11  0.6555E-04  0.5901E-06  0.1161E-02  0.2649E-01  0.1081E+03
   -0.756233   16.22591  0.1271E-11  0.6446E-04  0.5028E-06  0.1413E-02  0.2502E-01  0.3543E+03
   -0.824984   16.22718  0.1271E-11  0.6368E-04  0.4397E-06  0.1721E-02  0.2369E-01  0.3336E+04
   -0.893735   16.22823  0.1271E-11  0.6309E-04  0.3923E-06  0.2051E-02  0.2248E-01  0.1168E+04
   -0.962486   16.22908  0.1271E-11  0.6265E-04  0.3556E-06  0.2372E-02  0.2134E-01  0.1135E+04
   -1.031238   16.22979  0.1271E-11  0.6228E-04  0.3263E-06  0.2645E-02  0.2026E-01  0.1376E+04
   -1.099990   16.23038  0.1271E-11  0.6196E-04  0.3024E-06  0.2859E-02  0.1922E-01  0.1274E+04
   -1.168742   16.23090  0.1271E-11  0.6163E-04  0.2825E-06  0.3025E-02  0.1820E-01  0.3501E+04
   -1.237494   16.23137  0.1271E-11  0.6127E-04  0.2655E-06  0.3166E-02  0.1722E-01  0.2567E+04
   -1.306246   16.23181  0.1271E-11  0.6082E-04  0.2509E-06  0.3306E-02  0.1625E-01  0.3651E+04
   -1.374999   16.23222  0.1271E-11  0.6030E-04  0.2379E-06  0.3300E-02  0.1533E-01  0.2635E+04
   -1.443751   16.23262  0.1271E-11  0.5970E-04  0.2274E-06  0.3931E-02  0.1433E-01  0.6028E+03
   -1.512503   16.23295  0.1271E-11  0.5920E-04  0.2196E-06  0.4135E-02  0.1360E-01  0.1380E+04
   -1.581255   16.23326  0.1271E-11  0.5864E-04  0.2125E-06  0.3406E-02  0.1288E-01  0.5499E+04
   -1.650007   16.23362  0.1271E-11  0.5777E-04  0.2049E-06  0.3493E-02  0.1190E-01  0.4706E+04
   -1.718759   16.23396  0.1271E-11  0.5673E-04  0.1979E-06  0.3401E-02  0.1100E-01  0.6348E+04
   -1.787511   16.23431  0.1271E-11  0.5536E-04  0.1907E-06  0.3403E-02  0.1005E-01  0.7272E+04
   -1.856262   16.23465  0.1271E-11  0.5375E-04  0.1837E-06  0.3321E-02  0.9198E-02  0.8720E+03
   -1.925013   16.23500  0.1271E-11  0.5188E-04  0.1772E-06  0.3237E-02  0.8399E-02  0.2856E+02
   -1.993764   16.23535  0.1271E-11  0.4980E-04  0.1716E-06  0.3114E-02  0.7666E-02  0.6008E+01
   -2.062515   16.23572  0.1271E-11  0.4762E-04  0.1675E-06  0.2980E-02  0.6979E-02  0.4207E+01
   -2.131265   16.23610  0.1271E-11  0.4536E-04  0.1655E-06  0.2819E-02  0.6319E-02  0.3210E+01
   -2.200015   16.23649  0.1271E-11  0.4303E-04  0.1661E-06  0.2647E-02  0.5682E-02  0.6123E+01
   -2.268765   16.23690  0.1271E-11  0.4063E-04  0.1706E-06  0.2431E-02  0.5066E-02  0.3122E+02
   -2.337514   16.23737  0.1271E-11  0.3806E-04  0.1824E-06  0.2158E-02  0.4485E-02  0.1426E+03
   -2.406263   16.23796  0.1271E-11  0.3519E-04  0.2087E-06  0.1744E-02  0.3941E-02  0.3488E+03
   -2.475011   16.23883  0.1271E-11  0.3167E-04  0.2630E-06  0.1190E-02  0.3419E-02  0.1723E+04
   -2.543758   16.24018  0.1271E-11  0.2714E-04  0.3686E-06  0.7558E-03  0.2867E-02  0.9508E+02
   -2.612505   16.24203  0.1271E-11  0.2100E-04  0.6792E-06  0.3661E-03  0.2248E-02  0.9603E+01
   -2.681251   16.24695  0.1271E-11  0.1304E-04  0.1800E-05  0.2169E-03  0.1463E-02 -0.4693E+03
   -2.749997   16.25671  0.1271E-11  0.0000E+00  0.0000E+00  0.0000E+00  0.2028E-02  0.0000E+00
