 1 - depth, m
 2 - temperature, C
 3 - salinity, kg/kg
 4 - turbulent kinetic energy, m**2/s**2
 5 - dissipation rate, m**2/s**3
 6 - kinematic heat conductance, m**2/s
 7 - modulus of horizontal velocity, m/s
 8 - Richardson number, n/d
   -0.000000    6.02434  0.3745E-11  0.4133E-05  0.9461E-07  0.2039E-04  0.1003E-01 -0.9955E-01
   -0.068746    6.09982  0.3745E-11  0.4289E-05  0.3417E-07  0.8390E-04  0.5663E-02 -0.3830E+00
   -0.137492    6.11798  0.3745E-11  0.4351E-05  0.2070E-07  0.2075E-03  0.4402E-02  0.4488E+03
   -0.206239    6.12599  0.3745E-11  0.4394E-05  0.1518E-07  0.3417E-03  0.3775E-02  0.5155E+02
   -0.274987    6.13048  0.3745E-11  0.4437E-05  0.1246E-07  0.5009E-03  0.3406E-02  0.9035E+02
   -0.343735    6.13326  0.3745E-11  0.4494E-05  0.1090E-07  0.6239E-03  0.3173E-02  0.5707E+02
   -0.412484    6.13536  0.3745E-11  0.4565E-05  0.9783E-08  0.7039E-03  0.2988E-02  0.2820E+01
   -0.481233    6.13718  0.3745E-11  0.4641E-05  0.8884E-08  0.7924E-03  0.2811E-02  0.3093E+01
   -0.549983    6.13875  0.3745E-11  0.4717E-05  0.8157E-08  0.8830E-03  0.2645E-02  0.3285E+01
   -0.618733    6.14012  0.3745E-11  0.4791E-05  0.7555E-08  0.9729E-03  0.2489E-02  0.3434E+01
   -0.687483    6.14133  0.3745E-11  0.4858E-05  0.7049E-08  0.1051E-02  0.2340E-02  0.3524E+01
   -0.756234    6.14243  0.3745E-11  0.4919E-05  0.6619E-08  0.1117E-02  0.2198E-02  0.3579E+01
   -0.824985    6.14343  0.3745E-11  0.4972E-05  0.6250E-08  0.1175E-02  0.2062E-02  0.3614E+01
   -0.893737    6.14436  0.3745E-11  0.5016E-05  0.5930E-08  0.1228E-02  0.1932E-02  0.3638E+01
   -0.962488    6.14523  0.3745E-11  0.5051E-05  0.5651E-08  0.1276E-02  0.1806E-02  0.3653E+01
   -1.031240    6.14604  0.3745E-11  0.5076E-05  0.5406E-08  0.1319E-02  0.1685E-02  0.3662E+01
   -1.099992    6.14681  0.3745E-11  0.5091E-05  0.5192E-08  0.1357E-02  0.1567E-02  0.3663E+01
   -1.168744    6.14754  0.3745E-11  0.5095E-05  0.5004E-08  0.1390E-02  0.1453E-02  0.3659E+01
   -1.237496    6.14823  0.3745E-11  0.5091E-05  0.4839E-08  0.1417E-02  0.1341E-02  0.3646E+01
   -1.306249    6.14890  0.3745E-11  0.5076E-05  0.4695E-08  0.1439E-02  0.1232E-02  0.3629E+01
   -1.375001    6.14953  0.3745E-11  0.5052E-05  0.4572E-08  0.1456E-02  0.1126E-02  0.3601E+01
   -1.443753    6.15015  0.3745E-11  0.5018E-05  0.4467E-08  0.1467E-02  0.1021E-02  0.3567E+01
   -1.512506    6.15074  0.3745E-11  0.4976E-05  0.4381E-08  0.1473E-02  0.9187E-03  0.3522E+01
   -1.581258    6.15131  0.3745E-11  0.4926E-05  0.4312E-08  0.1474E-02  0.8179E-03  0.3468E+01
   -1.650010    6.15187  0.3745E-11  0.4869E-05  0.4262E-08  0.1469E-02  0.7186E-03  0.3398E+01
   -1.718762    6.15241  0.3745E-11  0.4805E-05  0.4230E-08  0.1458E-02  0.6208E-03  0.3279E+01
   -1.787514    6.15295  0.3745E-11  0.4735E-05  0.4218E-08  0.1495E-02  0.5249E-03  0.2227E+01
   -1.856266    6.15346  0.3745E-11  0.4663E-05  0.4226E-08  0.1528E-02  0.4463E-03  0.1698E+01
   -1.925017    6.15395  0.3745E-11  0.4592E-05  0.4257E-08  0.1521E-02  0.3834E-03  0.1353E+01
   -1.993768    6.15445  0.3745E-11  0.4522E-05  0.4311E-08  0.1474E-02  0.3335E-03  0.1132E+01
   -2.062519    6.15495  0.3745E-11  0.4458E-05  0.4387E-08  0.1414E-02  0.2936E-03  0.1050E+01
   -2.131269    6.15546  0.3745E-11  0.4396E-05  0.4489E-08  0.1350E-02  0.2596E-03  0.1025E+01
   -2.200019    6.15599  0.3745E-11  0.4338E-05  0.4621E-08  0.1283E-02  0.2296E-03  0.1088E+01
   -2.268769    6.15653  0.3745E-11  0.4281E-05  0.4795E-08  0.1213E-02  0.2029E-03  0.1262E+01
   -2.337518    6.15709  0.3745E-11  0.4220E-05  0.5039E-08  0.1133E-02  0.1790E-03  0.1673E+01
   -2.406267    6.15768  0.3745E-11  0.4153E-05  0.5399E-08  0.1036E-02  0.1567E-03  0.2468E+01
   -2.475015    6.15832  0.3745E-11  0.4073E-05  0.5961E-08  0.9139E-03  0.1354E-03  0.4046E+01
   -2.543763    6.15903  0.3745E-11  0.3973E-05  0.6921E-08  0.7825E-03  0.1150E-03  0.8120E+01
   -2.612510    6.15984  0.3745E-11  0.3807E-05  0.9196E-08  0.5813E-03  0.9565E-04  0.4292E+02
   -2.681256    6.16091  0.3745E-11  0.2513E-05  0.3749E-07  0.2286E-04  0.7290E-04 -0.2745E+04
   -2.750002    6.18726  0.3745E-11  0.0000E+00  0.0000E+00  0.0000E+00  0.7289E-04  0.0000E+00
