 1 - depth, m
 2 - temperature, C
 3 - salinity, kg/kg
 4 - turbulent kinetic energy, m**2/s**2
 5 - dissipation rate, m**2/s**3
 6 - kinematic heat conductance, m**2/s
 7 - modulus of horizontal velocity, m/s
 8 - Richardson number, n/d
   -0.000000   15.43091  0.7458E-12  0.6671E-04  0.2270E-03  0.7413E-04  0.7297E-01 -0.2915E+00
   -0.068746   15.50119  0.7458E-12  0.4073E-04  0.1426E-03  0.1178E-03  0.3815E-01 -0.7110E-01
   -0.137492   15.51437  0.7458E-12  0.3384E-04  0.9588E-04  0.1719E-03  0.3201E-01 -0.1303E+00
   -0.206239   15.52239  0.7458E-12  0.2998E-04  0.4461E-04  0.2397E-03  0.2856E-01  0.5476E+01
   -0.274987   15.52794  0.7458E-12  0.2782E-04  0.1301E-04  0.3120E-03  0.2612E-01  0.2909E+00
   -0.343735   15.53192  0.7458E-12  0.2700E-04  0.2708E-05  0.3889E-03  0.2428E-01  0.1085E+00
   -0.412484   15.53476  0.7458E-12  0.2776E-04  0.6264E-06  0.3887E-03  0.2288E-01  0.1712E+02
   -0.481233   15.79398  0.7458E-12  0.2579E-04  0.2458E-06  0.7647E-03  0.1438E-01  0.3389E+03
   -0.549983   15.79529  0.7458E-12  0.2507E-04  0.1612E-06  0.1000E-02  0.1352E-01  0.4927E+03
   -0.618733   15.79621  0.7458E-12  0.2465E-04  0.1302E-06  0.1189E-02  0.1276E-01  0.1294E+04
   -0.687483   15.79690  0.7458E-12  0.2445E-04  0.1123E-06  0.1318E-02  0.1207E-01  0.8108E+03
   -0.756234   15.79751  0.7458E-12  0.2439E-04  0.9993E-07  0.1428E-02  0.1142E-01  0.7217E+03
   -0.824985   15.79806  0.7458E-12  0.2442E-04  0.9062E-07  0.1547E-02  0.1081E-01  0.5021E+03
   -0.893736   15.79857  0.7458E-12  0.2450E-04  0.8325E-07  0.1648E-02  0.1023E-01  0.2257E+03
   -0.962488   15.79905  0.7458E-12  0.2459E-04  0.7731E-07  0.1774E-02  0.9676E-02  0.5912E+02
   -1.031240   15.79949  0.7458E-12  0.2469E-04  0.7241E-07  0.1898E-02  0.9145E-02  0.4362E+02
   -1.099992   15.79992  0.7458E-12  0.2478E-04  0.6831E-07  0.2022E-02  0.8630E-02  0.3134E+02
   -1.168744   15.80031  0.7458E-12  0.2484E-04  0.6484E-07  0.2118E-02  0.8125E-02  0.2841E+02
   -1.237496   15.80069  0.7458E-12  0.2487E-04  0.6185E-07  0.2184E-02  0.7627E-02  0.3025E+02
   -1.306249   15.80106  0.7458E-12  0.2485E-04  0.5926E-07  0.2242E-02  0.7133E-02  0.3504E+02
   -1.375001   15.80142  0.7458E-12  0.2478E-04  0.5699E-07  0.2289E-02  0.6642E-02  0.4354E+02
   -1.443753   15.80177  0.7458E-12  0.2465E-04  0.5500E-07  0.2324E-02  0.6152E-02  0.6514E+02
   -1.512505   15.80212  0.7458E-12  0.2445E-04  0.5322E-07  0.2344E-02  0.5661E-02  0.1759E+03
   -1.581258   15.80247  0.7458E-12  0.2415E-04  0.5160E-07  0.2347E-02  0.5169E-02  0.3122E+04
   -1.650010   15.80283  0.7458E-12  0.2376E-04  0.5012E-07  0.2330E-02  0.4673E-02  0.1512E+05
   -1.718762   15.80319  0.7458E-12  0.2326E-04  0.4870E-07  0.2291E-02  0.4173E-02  0.8619E+04
   -1.787514   15.80356  0.7458E-12  0.2260E-04  0.4727E-07  0.2240E-02  0.3664E-02  0.2430E+02
   -1.856265   15.80394  0.7458E-12  0.2181E-04  0.4594E-07  0.2171E-02  0.3217E-02  0.7266E+01
   -1.925017   15.80433  0.7458E-12  0.2091E-04  0.4485E-07  0.2092E-02  0.2823E-02  0.3649E+01
   -1.993768   15.80473  0.7458E-12  0.1993E-04  0.4415E-07  0.2011E-02  0.2480E-02  0.2416E+01
   -2.062518   15.80515  0.7458E-12  0.1892E-04  0.4402E-07  0.1918E-02  0.2179E-02  0.1958E+01
   -2.131269   15.80559  0.7458E-12  0.1792E-04  0.4458E-07  0.1824E-02  0.1906E-02  0.1637E+01
   -2.200019   15.80606  0.7458E-12  0.1692E-04  0.4601E-07  0.1721E-02  0.1656E-02  0.1446E+01
   -2.268769   15.80656  0.7458E-12  0.1597E-04  0.4853E-07  0.1591E-02  0.1429E-02  0.1327E+01
   -2.337518   15.80710  0.7458E-12  0.1501E-04  0.5346E-07  0.1405E-02  0.1234E-02  0.1844E+02
   -2.406267   15.80778  0.7458E-12  0.1391E-04  0.6442E-07  0.1216E-02  0.1062E-02  0.6410E+02
   -2.475015   15.80872  0.7458E-12  0.1238E-04  0.8955E-07  0.9297E-03  0.8987E-03  0.4205E+02
   -2.543762   15.81046  0.7458E-12  0.1043E-04  0.1383E-06  0.7460E-03  0.7050E-03  0.1092E+04
   -2.612509   15.81159  0.7458E-12  0.8023E-05  0.3095E-06  0.3804E-03  0.5424E-03  0.5778E+03
   -2.681256   15.81900  0.7458E-12  0.5235E-05  0.8394E-06  0.1889E-03  0.3012E-03 -0.7329E+04
   -2.750002   15.82665  0.7458E-12  0.0000E+00  0.0000E+00  0.0000E+00  0.5163E-03  0.0000E+00
