 1 - depth, m
 2 - temperature, C
 3 - salinity, kg/kg
 4 - turbulent kinetic energy, m**2/s**2
 5 - dissipation rate, m**2/s**3
 6 - kinematic heat conductance, m**2/s
 7 - modulus of horizontal velocity, m/s
 8 - Richardson number, n/d
   -0.000000   -0.00000  0.8878E-11  0.1219E-13  0.7603E-17  0.1000E-09  0.0000E+00  0.8032E+16
   -0.068746    0.12250  0.9855E-11  0.1219E-13  0.7603E-17  0.1000E-09  0.0000E+00  0.7769E+16
   -0.137492    0.24506  0.9954E-11  0.1219E-13  0.7603E-17  0.1000E-09  0.0000E+00  0.7504E+16
   -0.206239    0.36763  0.9242E-11  0.1219E-13  0.7603E-17  0.1000E-09  0.0000E+00  0.7237E+16
   -0.274987    0.49018  0.8306E-11  0.1219E-13  0.7603E-17  0.1000E-09  0.0000E+00  0.6970E+16
   -0.343735    0.61267  0.7553E-11  0.1219E-13  0.7603E-17  0.1000E-09  0.0000E+00  0.6702E+16
   -0.412484    0.73505  0.7079E-11  0.1219E-13  0.7603E-17  0.1000E-09  0.0000E+00  0.6434E+16
   -0.481233    0.85729  0.6827E-11  0.1219E-13  0.7603E-17  0.1000E-09  0.0000E+00  0.6165E+16
   -0.549983    0.97935  0.6707E-11  0.1219E-13  0.7603E-17  0.1000E-09  0.0000E+00  0.5897E+16
   -0.618733    1.10118  0.6656E-11  0.1219E-13  0.7603E-17  0.1000E-09  0.0000E+00  0.5630E+16
   -0.687483    1.22275  0.6636E-11  0.1219E-13  0.7603E-17  0.1000E-09  0.0000E+00  0.5366E+16
   -0.756234    1.34406  0.6627E-11  0.1219E-13  0.7603E-17  0.1000E-09  0.0000E+00  0.5105E+16
   -0.824985    1.46513  0.6623E-11  0.1219E-13  0.7603E-17  0.1000E-09  0.0000E+00  0.4844E+16
   -0.893736    1.58590  0.6618E-11  0.1219E-13  0.7603E-17  0.1000E-09  0.0000E+00  0.4584E+16
   -0.962488    1.70633  0.6612E-11  0.1219E-13  0.7603E-17  0.1000E-09  0.0000E+00  0.4326E+16
   -1.031239    1.82637  0.6603E-11  0.1219E-13  0.7603E-17  0.1000E-09  0.0000E+00  0.4070E+16
   -1.099991    1.94598  0.6591E-11  0.1219E-13  0.7603E-17  0.1000E-09  0.0000E+00  0.3816E+16
   -1.168744    2.06511  0.6575E-11  0.1219E-13  0.7603E-17  0.1000E-09  0.0000E+00  0.3564E+16
   -1.237496    2.18371  0.6556E-11  0.1219E-13  0.7603E-17  0.1000E-09  0.0000E+00  0.3315E+16
   -1.306248    2.30173  0.6536E-11  0.1219E-13  0.7603E-17  0.1000E-09  0.0000E+00  0.3068E+16
   -1.375000    2.41911  0.6516E-11  0.1219E-13  0.7603E-17  0.1000E-09  0.0000E+00  0.2826E+16
   -1.443753    2.53581  0.6496E-11  0.1219E-13  0.7603E-17  0.1000E-09  0.0000E+00  0.2587E+16
   -1.512505    2.65180  0.6480E-11  0.1219E-13  0.7603E-17  0.1000E-09  0.0000E+00  0.2352E+16
   -1.581257    2.76700  0.6467E-11  0.1219E-13  0.7603E-17  0.1000E-09  0.0000E+00  0.2121E+16
   -1.650009    2.88136  0.6456E-11  0.5170E-13  0.1119E-16  0.1000E-09  0.0000E+00  0.1894E+16
   -1.718761    2.99481  0.6448E-11  0.1620E-12  0.2915E-16  0.1000E-09  0.0000E+00  0.1672E+16
   -1.787513    3.10725  0.6442E-11  0.4696E-12  0.8021E-16  0.1000E-09  0.0000E+00  0.1452E+16
   -1.856264    3.21836  0.6437E-11  0.1337E-11  0.2207E-15  0.1000E-09  0.0000E+00  0.1237E+16
   -1.925016    3.32788  0.6432E-11  0.3762E-11  0.6024E-15  0.1000E-09  0.0000E+00  0.1029E+16
   -1.993767    3.43547  0.6429E-11  0.1051E-10  0.1632E-14  0.1000E-09  0.0000E+00  0.8293E+15
   -2.062518    3.54091  0.6426E-11  0.2843E-10  0.4289E-14  0.1000E-09  0.0000E+00  0.6464E+15
   -2.131268    3.64519  0.6424E-11  0.7582E-10  0.1111E-13  0.1201E-09  0.0000E+00  0.4698E+15
   -2.200018    3.74827  0.6423E-11  0.2001E-09  0.2850E-13  0.4841E-09  0.0000E+00  0.2987E+15
   -2.268768    3.84979  0.6423E-11  0.5269E-09  0.7298E-13  0.2736E-08  0.0000E+00  0.1349E+15
   -2.337517    3.94837  0.6423E-11  0.1340E-08  0.1815E-12  0.1016E-06  0.0000E+00  0.8299E+13
   -2.406266    4.00583  0.6423E-11  0.2251E-08  0.3106E-12  0.7448E-05  0.0000E+00 -0.5883E+12
   -2.475014    4.00767  0.6423E-11  0.2597E-08  0.3865E-12  0.7249E-05  0.0000E+00 -0.6604E+12
   -2.543761    4.00956  0.6423E-11  0.2766E-08  0.4842E-12  0.5959E-05  0.0000E+00 -0.8766E+12
   -2.612508    4.01185  0.6423E-11  0.2699E-08  0.6782E-12  0.3474E-05  0.0000E+00 -0.1669E+13
   -2.681255    4.01573  0.6423E-11  0.1995E-08  0.1568E-11  0.5701E-06  0.0000E+00 -0.1217E+14
   -2.750001    4.03550  0.6423E-11  0.0000E+00  0.0000E+00  0.0000E+00  0.0000E+00  0.0000E+00
