 1 - depth, m
 2 - temperature, C
 3 - salinity, kg/kg
 4 - turbulent kinetic energy, m**2/s**2
 5 - dissipation rate, m**2/s**3
 6 - kinematic heat conductance, m**2/s
 7 - modulus of horizontal velocity, m/s
 8 - Richardson number, n/d
   -0.000000   15.65290  0.1134E-10  0.4719E-05  0.1229E-06  0.2505E-04  0.7777E-02 -0.3447E+00
   -0.068746   15.69493  0.1134E-10  0.6281E-05  0.4439E-07  0.2625E-03  0.3861E-02  0.3636E+03
   -0.137492   15.69905  0.1134E-10  0.6802E-05  0.3266E-07  0.4899E-03  0.3295E-02  0.6484E+02
   -0.206239   15.70098  0.1134E-10  0.7191E-05  0.2769E-07  0.6066E-03  0.3064E-02  0.2059E+01
   -0.274987   15.70247  0.1134E-10  0.7547E-05  0.2453E-07  0.7371E-03  0.2886E-02  0.1709E+01
   -0.343735   15.70364  0.1134E-10  0.7885E-05  0.2225E-07  0.8737E-03  0.2729E-02  0.1646E+01
   -0.412484   15.70459  0.1134E-10  0.8209E-05  0.2051E-07  0.1016E-02  0.2586E-02  0.1687E+01
   -0.481233   15.70538  0.1134E-10  0.8522E-05  0.1913E-07  0.1167E-02  0.2451E-02  0.1771E+01
   -0.549983   15.70606  0.1134E-10  0.8824E-05  0.1801E-07  0.1316E-02  0.2323E-02  0.1849E+01
   -0.618733   15.70664  0.1134E-10  0.9112E-05  0.1708E-07  0.1448E-02  0.2199E-02  0.1905E+01
   -0.687483   15.70716  0.1134E-10  0.9384E-05  0.1631E-07  0.1567E-02  0.2081E-02  0.1948E+01
   -0.756234   15.70763  0.1134E-10  0.9636E-05  0.1568E-07  0.1675E-02  0.1966E-02  0.1980E+01
   -0.824985   15.70806  0.1134E-10  0.9869E-05  0.1515E-07  0.1773E-02  0.1854E-02  0.2004E+01
   -0.893736   15.70847  0.1134E-10  0.1008E-04  0.1471E-07  0.1862E-02  0.1746E-02  0.2019E+01
   -0.962488   15.70885  0.1134E-10  0.1027E-04  0.1436E-07  0.1943E-02  0.1641E-02  0.2029E+01
   -1.031240   15.70922  0.1134E-10  0.1043E-04  0.1408E-07  0.2015E-02  0.1538E-02  0.2030E+01
   -1.099992   15.70957  0.1134E-10  0.1057E-04  0.1387E-07  0.2077E-02  0.1438E-02  0.2027E+01
   -1.168744   15.70991  0.1134E-10  0.1068E-04  0.1371E-07  0.2129E-02  0.1341E-02  0.2016E+01
   -1.237496   15.71024  0.1134E-10  0.1077E-04  0.1361E-07  0.2171E-02  0.1245E-02  0.2001E+01
   -1.306248   15.71057  0.1134E-10  0.1083E-04  0.1357E-07  0.2204E-02  0.1152E-02  0.1979E+01
   -1.375001   15.71089  0.1134E-10  0.1086E-04  0.1357E-07  0.2226E-02  0.1061E-02  0.1953E+01
   -1.443753   15.71121  0.1134E-10  0.1087E-04  0.1363E-07  0.2237E-02  0.9717E-03  0.1921E+01
   -1.512505   15.71153  0.1134E-10  0.1086E-04  0.1374E-07  0.2239E-02  0.8845E-03  0.1885E+01
   -1.581258   15.71185  0.1134E-10  0.1082E-04  0.1390E-07  0.2231E-02  0.7993E-03  0.1844E+01
   -1.650010   15.71217  0.1134E-10  0.1076E-04  0.1411E-07  0.2214E-02  0.7159E-03  0.1797E+01
   -1.718762   15.71250  0.1134E-10  0.1069E-04  0.1438E-07  0.2193E-02  0.6344E-03  0.1740E+01
   -1.787513   15.71283  0.1134E-10  0.1059E-04  0.1470E-07  0.2206E-02  0.5558E-03  0.1502E+01
   -1.856265   15.71316  0.1134E-10  0.1048E-04  0.1508E-07  0.2179E-02  0.4906E-03  0.1329E+01
   -1.925016   15.71349  0.1134E-10  0.1037E-04  0.1552E-07  0.2086E-02  0.4382E-03  0.1176E+01
   -1.993767   15.71384  0.1134E-10  0.1025E-04  0.1602E-07  0.1981E-02  0.3960E-03  0.1089E+01
   -2.062518   15.71421  0.1134E-10  0.1013E-04  0.1660E-07  0.1880E-02  0.3613E-03  0.1111E+01
   -2.131269   15.71460  0.1134E-10  0.1001E-04  0.1727E-07  0.1778E-02  0.3310E-03  0.1204E+01
   -2.200019   15.71501  0.1134E-10  0.9876E-05  0.1811E-07  0.1666E-02  0.3031E-03  0.1465E+01
   -2.268768   15.71545  0.1134E-10  0.9723E-05  0.1922E-07  0.1535E-02  0.2760E-03  0.1909E+01
   -2.337518   15.71593  0.1134E-10  0.9538E-05  0.2080E-07  0.1373E-02  0.2493E-03  0.2753E+01
   -2.406266   15.71647  0.1134E-10  0.9306E-05  0.2321E-07  0.1208E-02  0.2227E-03  0.4499E+01
   -2.475014   15.71709  0.1134E-10  0.8994E-05  0.2731E-07  0.9434E-03  0.1963E-03  0.9414E+01
   -2.543762   15.71791  0.1134E-10  0.8547E-05  0.3513E-07  0.8655E-03  0.1674E-03  0.4469E+02
   -2.612509   15.71879  0.1134E-10  0.7637E-05  0.6056E-07  0.3662E-03  0.1418E-03 -0.5801E+02
   -2.681256   15.72288  0.1134E-10  0.4771E-05  0.2035E-06  0.1034E-03  0.9072E-04 -0.8725E+03
   -2.750001   15.73055  0.1134E-10  0.0000E+00  0.0000E+00  0.0000E+00  0.1052E-03  0.0000E+00
