 1 - depth, m
 2 - temperature, C
 3 - salinity, kg/kg
 4 - turbulent kinetic energy, m**2/s**2
 5 - dissipation rate, m**2/s**3
 6 - kinematic heat conductance, m**2/s
 7 - modulus of horizontal velocity, m/s
 8 - Richardson number, n/d
   -0.000000   -0.00000  0.1838E-11  0.1889E-09  0.1487E-12  0.1458E-09  0.1591E-25  0.5852E+16
   -0.068746    0.08884  0.1133E-11  0.1106E-08  0.1020E-12  0.1351E-09  0.1253E-25  0.4598E+16
   -0.137492    0.16018  0.1007E-11  0.2572E-08  0.1010E-12  0.1687E-09  0.1019E-25  0.3381E+16
   -0.206239    0.21356  0.9877E-12  0.4444E-08  0.1143E-12  0.2647E-09  0.8468E-26  0.2312E+16
   -0.274986    0.25054  0.9856E-12  0.6631E-08  0.1347E-12  0.5011E-09  0.7055E-26  0.1454E+16
   -0.343734    0.27400  0.9854E-12  0.9047E-08  0.1588E-12  0.1106E-08  0.5815E-26  0.8236E+15
   -0.412483    0.28736  0.9853E-12  0.1159E-07  0.1843E-12  0.2969E-08  0.4709E-26  0.4042E+15
   -0.481232    0.29393  0.9853E-12  0.1407E-07  0.2086E-12  0.1391E-07  0.3738E-26  0.1582E+15
   -0.549982    0.29651  0.9853E-12  0.1511E-07  0.2177E-12  0.1008E-03  0.2983E-26  0.4448E+14
   -0.618731    0.29723  0.9853E-12  0.1534E-07  0.2197E-12  0.2315E-03  0.2960E-26  0.8218E+13
   -0.687482    0.29737  0.9853E-12  0.1539E-07  0.2201E-12  0.2683E-03  0.2958E-26  0.1703E+13
   -0.756232    0.29740  0.9853E-12  0.1540E-07  0.2202E-12  0.2318E-03  0.2957E-26  0.6668E+13
   -0.824983    0.29750  0.9853E-12  0.1533E-07  0.2194E-12  0.1026E-03  0.2955E-26  0.3411E+14
   -0.893735    0.29806  0.9853E-12  0.1475E-07  0.2133E-12  0.2158E-07  0.2945E-26  0.1175E+15
   -0.962486    0.29998  0.9853E-12  0.1299E-07  0.1929E-12  0.4468E-08  0.2589E-26  0.2951E+15
   -1.031238    0.30480  0.9853E-12  0.1116E-07  0.1702E-12  0.1704E-08  0.2207E-26  0.5979E+15
   -1.099989    0.31458  0.9853E-12  0.9403E-08  0.1474E-12  0.7789E-09  0.1860E-26  0.1063E+16
   -1.168741    0.33205  0.9852E-12  0.7790E-08  0.1255E-12  0.3947E-09  0.1551E-26  0.1723E+16
   -1.237493    0.36053  0.9846E-12  0.6351E-08  0.1051E-12  0.2202E-09  0.1277E-26  0.2594E+16
   -1.306246    0.40388  0.9816E-12  0.5098E-08  0.8681E-13  0.1402E-09  0.1036E-26  0.3669E+16
   -1.374998    0.46615  0.9718E-12  0.4029E-08  0.7068E-13  0.1064E-09  0.8240E-27  0.4990E+16
   -1.443750    0.55274  0.9633E-12  0.3134E-08  0.5682E-13  0.1000E-09  0.6387E-27  0.6420E+16
   -1.512502    0.66767  0.9611E-12  0.2399E-08  0.4518E-13  0.1000E-09  0.4759E-27  0.7828E+16
   -1.581254    0.81374  0.9598E-12  0.1804E-08  0.3565E-13  0.1000E-09  0.3314E-27  0.9102E+16
   -1.650006    0.99302  0.9584E-12  0.1331E-08  0.2812E-13  0.1000E-09  0.2006E-27  0.1013E+17
   -1.718758    1.20684  0.9573E-12  0.9636E-09  0.2248E-13  0.1000E-09  0.7854E-28  0.1076E+17
   -1.787510    1.45474  0.9569E-12  0.6744E-09  0.1856E-13  0.1000E-09  0.5332E-29  0.1010E+17
   -1.856261    1.71283  0.9567E-12  0.4449E-09  0.1650E-13  0.1000E-09  0.3333E-30  0.9304E+16
   -1.925012    1.98109  0.9566E-12  0.2775E-09  0.1730E-13  0.1000E-09  0.1902E-31  0.8393E+16
   -1.993763    2.25979  0.9566E-12  0.1917E-09  0.2437E-13  0.1000E-09  0.1183E-32  0.7466E+16
   -2.062514    2.55399  0.9565E-12  0.2510E-09  0.5032E-13  0.1000E-09  0.9565E-34  0.6683E+16
   -2.131264    2.88370  0.9561E-12  0.6390E-09  0.1389E-12  0.1326E-09  0.7236E-35  0.5313E+16
   -2.200014    3.24614  0.9549E-12  0.1962E-08  0.4177E-12  0.6353E-09  0.5087E-36  0.3331E+16
   -2.268764    3.63031  0.9520E-12  0.6154E-08  0.1267E-11  0.6463E-08  0.2440E-37  0.9925E+15
   -2.337513    4.00970  0.9511E-12  0.9161E-08  0.1903E-11  0.1734E-04  0.7945E-39 -0.1251E+13
   -2.406261    4.01291  0.9511E-12  0.1032E-07  0.2270E-11  0.1794E-04  0.1716E-39 -0.1384E+13
   -2.475009    4.01606  0.9511E-12  0.1118E-07  0.2750E-11  0.1672E-04  0.3394E-40 -0.1701E+13
   -2.543757    4.01952  0.9511E-12  0.1173E-07  0.3522E-11  0.1353E-04  0.5723E-41 -0.2463E+13
   -2.612504    4.02397  0.9511E-12  0.1181E-07  0.5265E-11  0.8289E-05  0.6718E-42 -0.5132E+13
   -2.681250    4.03186  0.9511E-12  0.1046E-07  0.1418E-10  0.2023E-05  0.3817E-43 -0.4175E+14
   -2.749996    4.07237  0.9511E-12  0.0000E+00  0.0000E+00  0.0000E+00  0.4060E-43  0.0000E+00
