 1 - depth, m
 2 - temperature, C
 3 - salinity, kg/kg
 4 - turbulent kinetic energy, m**2/s**2
 5 - dissipation rate, m**2/s**3
 6 - kinematic heat conductance, m**2/s
 7 - modulus of horizontal velocity, m/s
 8 - Richardson number, n/d
   -0.000000   -0.00000  0.5318E-10  0.1219E-13  0.7603E-17  0.1000E-09  0.0000E+00  0.6544E+16
   -0.068746    0.09949  0.3193E-10  0.1219E-13  0.7603E-17  0.1000E-09  0.0000E+00  0.6304E+16
   -0.137492    0.19798  0.2325E-10  0.1219E-13  0.7603E-17  0.1000E-09  0.0000E+00  0.6096E+16
   -0.206239    0.29587  0.2064E-10  0.1219E-13  0.7603E-17  0.1000E-09  0.0000E+00  0.5914E+16
   -0.274987    0.39356  0.1999E-10  0.1219E-13  0.7603E-17  0.1000E-09  0.0000E+00  0.5755E+16
   -0.343735    0.49141  0.1984E-10  0.1219E-13  0.7603E-17  0.1000E-09  0.0000E+00  0.5616E+16
   -0.412483    0.58978  0.1981E-10  0.1219E-13  0.7603E-17  0.1000E-09  0.0000E+00  0.5493E+16
   -0.481232    0.68900  0.1981E-10  0.1219E-13  0.7603E-17  0.1000E-09  0.0000E+00  0.5383E+16
   -0.549982    0.78939  0.1980E-10  0.1219E-13  0.7603E-17  0.1000E-09  0.0000E+00  0.5283E+16
   -0.618732    0.89125  0.1980E-10  0.1219E-13  0.7603E-17  0.1000E-09  0.0000E+00  0.5190E+16
   -0.687482    0.99487  0.1980E-10  0.1219E-13  0.7603E-17  0.1000E-09  0.0000E+00  0.5112E+16
   -0.756233    1.10077  0.1980E-10  0.1219E-13  0.7603E-17  0.1000E-09  0.0000E+00  0.5041E+16
   -0.824984    1.20934  0.1980E-10  0.1219E-13  0.7603E-17  0.1000E-09  0.0000E+00  0.4964E+16
   -0.893735    1.32078  0.1980E-10  0.1219E-13  0.7603E-17  0.1000E-09  0.0000E+00  0.4879E+16
   -0.962486    1.43528  0.1980E-10  0.1219E-13  0.7603E-17  0.1000E-09  0.0000E+00  0.4783E+16
   -1.031238    1.55296  0.1980E-10  0.1219E-13  0.7603E-17  0.1000E-09  0.0000E+00  0.4672E+16
   -1.099990    1.67394  0.1978E-10  0.1219E-13  0.7603E-17  0.1000E-09  0.0000E+00  0.4544E+16
   -1.168742    1.79826  0.1975E-10  0.1219E-13  0.7603E-17  0.1000E-09  0.0000E+00  0.4396E+16
   -1.237494    1.92595  0.1969E-10  0.3493E-13  0.7603E-17  0.1000E-09  0.0000E+00  0.4228E+16
   -1.306246    2.05698  0.1961E-10  0.1059E-12  0.1655E-16  0.1000E-09  0.0000E+00  0.4036E+16
   -1.374999    2.19127  0.1951E-10  0.2816E-12  0.4077E-16  0.1000E-09  0.0000E+00  0.3827E+16
   -1.443751    2.32892  0.1942E-10  0.7152E-12  0.9984E-16  0.1000E-09  0.0000E+00  0.3593E+16
   -1.512503    2.46983  0.1936E-10  0.1780E-11  0.2412E-15  0.1000E-09  0.0000E+00  0.3334E+16
   -1.581255    2.61381  0.1932E-10  0.4371E-11  0.5752E-15  0.1000E-09  0.0000E+00  0.3049E+16
   -1.650007    2.76058  0.1930E-10  0.1060E-10  0.1356E-14  0.1000E-09  0.0000E+00  0.2741E+16
   -1.718759    2.90984  0.1929E-10  0.2540E-10  0.3160E-14  0.1000E-09  0.0000E+00  0.2413E+16
   -1.787511    3.06130  0.1928E-10  0.6171E-10  0.7464E-14  0.1000E-09  0.0000E+00  0.2085E+16
   -1.856262    3.21626  0.1927E-10  0.1508E-09  0.1774E-13  0.1000E-09  0.0000E+00  0.1735E+16
   -1.925013    3.37481  0.1926E-10  0.3671E-09  0.4204E-13  0.1573E-09  0.0000E+00  0.1359E+16
   -1.993764    3.53704  0.1923E-10  0.8896E-09  0.9920E-13  0.5289E-09  0.0000E+00  0.9541E+15
   -2.062515    3.70215  0.1920E-10  0.2095E-08  0.2277E-12  0.2226E-08  0.0000E+00  0.5201E+15
   -2.131265    3.86564  0.1917E-10  0.4812E-08  0.5104E-12  0.2339E-07  0.0000E+00  0.1106E+15
   -2.200015    4.00773  0.1917E-10  0.5889E-08  0.6295E-12  0.2321E-04  0.0000E+00 -0.3426E+12
   -2.268765    4.00873  0.1917E-10  0.6314E-08  0.6917E-12  0.2349E-04  0.0000E+00 -0.3552E+12
   -2.337514    4.00972  0.1917E-10  0.6636E-08  0.7620E-12  0.2278E-04  0.0000E+00 -0.3847E+12
   -2.406263    4.01075  0.1917E-10  0.6858E-08  0.8500E-12  0.2097E-04  0.0000E+00 -0.4404E+12
   -2.475011    4.01187  0.1917E-10  0.6970E-08  0.9760E-12  0.1790E-04  0.0000E+00 -0.5486E+12
   -2.543758    4.01321  0.1917E-10  0.6926E-08  0.1192E-11  0.1337E-04  0.0000E+00 -0.7951E+12
   -2.612505    4.01503  0.1917E-10  0.6578E-08  0.1706E-11  0.7324E-05  0.0000E+00 -0.1654E+13
   -2.681251    4.01850  0.1917E-10  0.4954E-08  0.4579E-11  0.1159E-05  0.0000E+00 -0.1606E+14
   -2.749997    4.04188  0.1917E-10  0.0000E+00  0.0000E+00  0.0000E+00  0.0000E+00  0.0000E+00
