 1 - depth, m
 2 - temperature, C
 3 - salinity, kg/kg
 4 - turbulent kinetic energy, m**2/s**2
 5 - dissipation rate, m**2/s**3
 6 - kinematic heat conductance, m**2/s
 7 - modulus of horizontal velocity, m/s
 8 - Richardson number, n/d
   -0.000000    4.87439  0.7188E-10  0.8120E-04  0.2147E-04  0.8613E-04  0.8644E-01 -0.3994E-01
   -0.068746    4.95950  0.7188E-10  0.4815E-04  0.4982E-05  0.1123E-03  0.4145E-01 -0.1449E-01
   -0.137492    4.97757  0.7188E-10  0.3945E-04  0.1883E-05  0.1473E-03  0.3338E-01 -0.6246E-02
   -0.206239    4.98992  0.7188E-10  0.3502E-04  0.8845E-06  0.1927E-03  0.2852E-01 -0.8619E-02
   -0.274987    4.99915  0.7188E-10  0.3247E-04  0.5206E-06  0.2424E-03  0.2498E-01 -0.1129E-01
   -0.343735    5.00637  0.7188E-10  0.3082E-04  0.3550E-06  0.2970E-03  0.2225E-01 -0.1435E-01
   -0.412484    5.01215  0.7188E-10  0.2965E-04  0.2651E-06  0.3528E-03  0.2008E-01 -0.1746E-01
   -0.481233    5.01689  0.7188E-10  0.2874E-04  0.2098E-06  0.4096E-03  0.1831E-01 -0.2067E-01
   -0.549983    5.02085  0.7188E-10  0.2798E-04  0.1727E-06  0.4666E-03  0.1682E-01 -0.2394E-01
   -0.618733    5.02424  0.7188E-10  0.2732E-04  0.1463E-06  0.5231E-03  0.1554E-01 -0.2719E-01
   -0.687483    5.02718  0.7188E-10  0.2674E-04  0.1267E-06  0.5785E-03  0.1441E-01 -0.3039E-01
   -0.756234    5.02976  0.7188E-10  0.2621E-04  0.1115E-06  0.6323E-03  0.1342E-01 -0.3348E-01
   -0.824985    5.03206  0.7188E-10  0.2573E-04  0.9958E-07  0.6842E-03  0.1252E-01 -0.3643E-01
   -0.893736    5.03413  0.7188E-10  0.2529E-04  0.8993E-07  0.7337E-03  0.1171E-01 -0.3918E-01
   -0.962488    5.03600  0.7188E-10  0.2487E-04  0.8200E-07  0.7804E-03  0.1096E-01 -0.4171E-01
   -1.031240    5.03771  0.7188E-10  0.2448E-04  0.7541E-07  0.8241E-03  0.1027E-01 -0.4397E-01
   -1.099992    5.03929  0.7188E-10  0.2410E-04  0.6986E-07  0.8642E-03  0.9617E-02 -0.4593E-01
   -1.168744    5.04074  0.7188E-10  0.2374E-04  0.6513E-07  0.9005E-03  0.9006E-02 -0.4753E-01
   -1.237496    5.04210  0.7188E-10  0.2339E-04  0.6107E-07  0.9324E-03  0.8426E-02 -0.4876E-01
   -1.306248    5.04337  0.7188E-10  0.2304E-04  0.5755E-07  0.9597E-03  0.7871E-02 -0.4957E-01
   -1.375001    5.04457  0.7188E-10  0.2268E-04  0.5446E-07  0.9817E-03  0.7337E-02 -0.4993E-01
   -1.443753    5.04570  0.7188E-10  0.2233E-04  0.5174E-07  0.9980E-03  0.6818E-02 -0.4974E-01
   -1.512505    5.04678  0.7188E-10  0.2196E-04  0.4929E-07  0.1008E-02  0.6312E-02 -0.4894E-01
   -1.581257    5.04781  0.7188E-10  0.2156E-04  0.4707E-07  0.1011E-02  0.5813E-02 -0.4728E-01
   -1.650009    5.04881  0.7188E-10  0.2114E-04  0.4500E-07  0.1006E-02  0.5318E-02 -0.4460E-01
   -1.718761    5.04977  0.7188E-10  0.2066E-04  0.4303E-07  0.9970E-03  0.4820E-02 -0.4045E-01
   -1.787513    5.05070  0.7188E-10  0.2013E-04  0.4110E-07  0.1048E-02  0.4318E-02 -0.3108E-01
   -1.856265    5.05158  0.7188E-10  0.1958E-04  0.3931E-07  0.1090E-02  0.3889E-02  0.1567E+02
   -1.925016    5.05241  0.7188E-10  0.1901E-04  0.3769E-07  0.1122E-02  0.3514E-02  0.1287E+01
   -1.993767    5.05322  0.7188E-10  0.1843E-04  0.3625E-07  0.1125E-02  0.3186E-02  0.1461E+01
   -2.062518    5.05401  0.7188E-10  0.1787E-04  0.3507E-07  0.1092E-02  0.2889E-02  0.1352E+01
   -2.131268    5.05480  0.7188E-10  0.1733E-04  0.3418E-07  0.1048E-02  0.2608E-02  0.2825E+02
   -2.200019    5.05560  0.7188E-10  0.1680E-04  0.3361E-07  0.1002E-02  0.2339E-02 -0.6566E-01
   -2.268768    5.05640  0.7188E-10  0.1627E-04  0.3342E-07  0.9534E-03  0.2079E-02 -0.1564E+00
   -2.337517    5.05723  0.7188E-10  0.1574E-04  0.3375E-07  0.8909E-03  0.1834E-02 -0.1940E+00
   -2.406266    5.05809  0.7188E-10  0.1517E-04  0.3485E-07  0.8077E-03  0.1601E-02 -0.2319E+00
   -2.475014    5.05902  0.7188E-10  0.1454E-04  0.3732E-07  0.6966E-03  0.1378E-02 -0.2806E+00
   -2.543762    5.06008  0.7188E-10  0.1378E-04  0.4268E-07  0.5482E-03  0.1162E-02 -0.3448E+00
   -2.612509    5.06139  0.7188E-10  0.1269E-04  0.5668E-07  0.3494E-03  0.9443E-03 -0.4875E+00
   -2.681255    5.06341  0.7188E-10  0.7540E-05  0.1945E-06  0.3537E-04  0.7160E-03 -0.4034E+05
   -2.750001    5.08302  0.7188E-10  0.0000E+00  0.0000E+00  0.0000E+00  0.7143E-03  0.0000E+00
