 1 - depth, m
 2 - temperature, C
 3 - salinity, kg/kg
 4 - turbulent kinetic energy, m**2/s**2
 5 - dissipation rate, m**2/s**3
 6 - kinematic heat conductance, m**2/s
 7 - modulus of horizontal velocity, m/s
 8 - Richardson number, n/d
   -0.000000   -0.00000  0.3121E-11  0.1219E-13  0.7603E-17  0.1000E-09  0.0000E+00  0.8372E+16
   -0.068746    0.12778  0.3790E-11  0.1219E-13  0.7603E-17  0.1000E-09  0.0000E+00  0.8115E+16
   -0.137492    0.25610  0.3511E-11  0.1219E-13  0.7603E-17  0.1000E-09  0.0000E+00  0.7848E+16
   -0.206239    0.38483  0.3014E-11  0.1219E-13  0.7603E-17  0.1000E-09  0.0000E+00  0.7574E+16
   -0.274987    0.51386  0.2626E-11  0.1219E-13  0.7603E-17  0.1000E-09  0.0000E+00  0.7292E+16
   -0.343735    0.64308  0.2399E-11  0.1219E-13  0.7603E-17  0.1000E-09  0.0000E+00  0.7006E+16
   -0.412484    0.77241  0.2287E-11  0.1219E-13  0.7603E-17  0.1000E-09  0.0000E+00  0.6716E+16
   -0.481233    0.90175  0.2238E-11  0.1219E-13  0.7603E-17  0.1000E-09  0.0000E+00  0.6423E+16
   -0.549983    1.03103  0.2219E-11  0.1219E-13  0.7603E-17  0.1000E-09  0.0000E+00  0.6128E+16
   -0.618733    1.16017  0.2212E-11  0.1219E-13  0.7603E-17  0.1000E-09  0.0000E+00  0.5833E+16
   -0.687483    1.28910  0.2210E-11  0.1219E-13  0.7603E-17  0.1000E-09  0.0000E+00  0.5540E+16
   -0.756234    1.41784  0.2209E-11  0.1219E-13  0.7603E-17  0.1000E-09  0.0000E+00  0.5249E+16
   -0.824985    1.54636  0.2208E-11  0.1219E-13  0.7603E-17  0.1000E-09  0.0000E+00  0.4959E+16
   -0.893737    1.67461  0.2207E-11  0.1219E-13  0.7603E-17  0.1000E-09  0.0000E+00  0.4670E+16
   -0.962488    1.80252  0.2205E-11  0.1219E-13  0.7603E-17  0.1000E-09  0.0000E+00  0.4382E+16
   -1.031240    1.93004  0.2203E-11  0.1219E-13  0.7603E-17  0.1000E-09  0.0000E+00  0.4096E+16
   -1.099992    2.05711  0.2199E-11  0.1219E-13  0.7603E-17  0.1000E-09  0.0000E+00  0.3812E+16
   -1.168744    2.18368  0.2194E-11  0.1219E-13  0.7603E-17  0.1000E-09  0.0000E+00  0.3531E+16
   -1.237497    2.30969  0.2188E-11  0.2966E-13  0.7603E-17  0.1000E-09  0.0000E+00  0.3253E+16
   -1.306249    2.43509  0.2181E-11  0.9431E-13  0.1141E-16  0.1000E-09  0.0000E+00  0.2979E+16
   -1.375001    2.55983  0.2174E-11  0.2293E-12  0.2324E-16  0.1000E-09  0.0000E+00  0.2710E+16
   -1.443754    2.68390  0.2167E-11  0.5078E-12  0.4864E-16  0.1000E-09  0.0000E+00  0.2446E+16
   -1.512506    2.80726  0.2162E-11  0.1086E-11  0.1008E-15  0.1000E-09  0.0000E+00  0.2186E+16
   -1.581258    2.92989  0.2157E-11  0.2286E-11  0.2067E-15  0.1000E-09  0.0000E+00  0.1930E+16
   -1.650010    3.05174  0.2154E-11  0.4757E-11  0.4197E-15  0.1000E-09  0.0000E+00  0.1681E+16
   -1.718762    3.17279  0.2151E-11  0.9809E-11  0.8448E-15  0.1000E-09  0.0000E+00  0.1436E+16
   -1.787514    3.29300  0.2149E-11  0.2050E-10  0.1723E-14  0.1000E-09  0.0000E+00  0.1195E+16
   -1.856266    3.41215  0.2147E-11  0.4325E-10  0.3551E-14  0.1000E-09  0.0000E+00  0.9596E+15
   -1.925017    3.53008  0.2145E-11  0.9125E-10  0.7318E-14  0.1000E-09  0.0000E+00  0.7308E+15
   -1.993768    3.64655  0.2144E-11  0.1922E-09  0.1507E-13  0.1504E-09  0.0000E+00  0.5101E+15
   -2.062519    3.76136  0.2143E-11  0.3957E-09  0.3035E-13  0.5151E-09  0.0000E+00  0.2999E+15
   -2.131269    3.87485  0.2143E-11  0.8045E-09  0.6040E-13  0.3163E-08  0.0000E+00  0.9736E+14
   -2.200020    3.98480  0.2142E-11  0.1251E-08  0.9412E-13  0.3235E-05  0.0000E+00 -0.5936E+11
   -2.268769    3.99022  0.2142E-11  0.1554E-08  0.1244E-12  0.6725E-05  0.0000E+00 -0.1761E+12
   -2.337518    3.99246  0.2142E-11  0.1794E-08  0.1560E-12  0.7781E-05  0.0000E+00 -0.2166E+12
   -2.406267    3.99440  0.2142E-11  0.1992E-08  0.1938E-12  0.7864E-05  0.0000E+00 -0.2732E+12
   -2.475015    3.99633  0.2142E-11  0.2141E-08  0.2442E-12  0.7071E-05  0.0000E+00 -0.3721E+12
   -2.543763    3.99847  0.2142E-11  0.2219E-08  0.3240E-12  0.5404E-05  0.0000E+00 -0.5931E+12
   -2.612510    4.00126  0.2142E-11  0.2156E-08  0.4983E-12  0.2928E-05  0.0000E+00 -0.1387E+13
   -2.681257    4.00632  0.2142E-11  0.1659E-08  0.1267E-11  0.5114E-06  0.0000E+00 -0.1206E+14
   -2.750002    4.03035  0.2142E-11  0.0000E+00  0.0000E+00  0.0000E+00  0.0000E+00  0.0000E+00
