 1 - depth, m
 2 - temperature, C
 3 - salinity, kg/kg
 4 - turbulent kinetic energy, m**2/s**2
 5 - dissipation rate, m**2/s**3
 6 - kinematic heat conductance, m**2/s
 7 - modulus of horizontal velocity, m/s
 8 - Richardson number, n/d
   -0.000000   -0.00000  0.5123E-11  0.1219E-13  0.7603E-17  0.1000E-09  0.0000E+00  0.8143E+16
   -0.068746    0.12422  0.5713E-11  0.1219E-13  0.7603E-17  0.1000E-09  0.0000E+00  0.7872E+16
   -0.137492    0.24849  0.5762E-11  0.1219E-13  0.7603E-17  0.1000E-09  0.0000E+00  0.7599E+16
   -0.206239    0.37278  0.5312E-11  0.1219E-13  0.7603E-17  0.1000E-09  0.0000E+00  0.7326E+16
   -0.274987    0.49706  0.4751E-11  0.1219E-13  0.7603E-17  0.1000E-09  0.0000E+00  0.7052E+16
   -0.343735    0.62128  0.4316E-11  0.1219E-13  0.7603E-17  0.1000E-09  0.0000E+00  0.6777E+16
   -0.412484    0.74540  0.4051E-11  0.1219E-13  0.7603E-17  0.1000E-09  0.0000E+00  0.6502E+16
   -0.481233    0.86940  0.3914E-11  0.1219E-13  0.7603E-17  0.1000E-09  0.0000E+00  0.6227E+16
   -0.549983    0.99323  0.3850E-11  0.1219E-13  0.7603E-17  0.1000E-09  0.0000E+00  0.5953E+16
   -0.618733    1.11686  0.3823E-11  0.1219E-13  0.7603E-17  0.1000E-09  0.0000E+00  0.5679E+16
   -0.687483    1.24025  0.3813E-11  0.1219E-13  0.7603E-17  0.1000E-09  0.0000E+00  0.5409E+16
   -0.756234    1.36341  0.3809E-11  0.1219E-13  0.7603E-17  0.1000E-09  0.0000E+00  0.5141E+16
   -0.824985    1.48635  0.3806E-11  0.1219E-13  0.7603E-17  0.1000E-09  0.0000E+00  0.4874E+16
   -0.893736    1.60903  0.3804E-11  0.1219E-13  0.7603E-17  0.1000E-09  0.0000E+00  0.4608E+16
   -0.962488    1.73140  0.3801E-11  0.1219E-13  0.7603E-17  0.1000E-09  0.0000E+00  0.4344E+16
   -1.031239    1.85340  0.3796E-11  0.1219E-13  0.7603E-17  0.1000E-09  0.0000E+00  0.4081E+16
   -1.099991    1.97500  0.3790E-11  0.1219E-13  0.7603E-17  0.1000E-09  0.0000E+00  0.3819E+16
   -1.168744    2.09614  0.3781E-11  0.1219E-13  0.7603E-17  0.1000E-09  0.0000E+00  0.3560E+16
   -1.237496    2.21676  0.3771E-11  0.1219E-13  0.7603E-17  0.1000E-09  0.0000E+00  0.3304E+16
   -1.306248    2.33680  0.3760E-11  0.1219E-13  0.7603E-17  0.1000E-09  0.0000E+00  0.3050E+16
   -1.375000    2.45621  0.3748E-11  0.1219E-13  0.7603E-17  0.1000E-09  0.0000E+00  0.2800E+16
   -1.443753    2.57494  0.3737E-11  0.1219E-13  0.7603E-17  0.1000E-09  0.0000E+00  0.2554E+16
   -1.512505    2.69293  0.3727E-11  0.5868E-13  0.1098E-16  0.1000E-09  0.0000E+00  0.2312E+16
   -1.581257    2.81012  0.3720E-11  0.1747E-12  0.2655E-16  0.1000E-09  0.0000E+00  0.2074E+16
   -1.650009    2.92645  0.3714E-11  0.4587E-12  0.6592E-16  0.1000E-09  0.0000E+00  0.1841E+16
   -1.718761    3.04186  0.3709E-11  0.1160E-11  0.1612E-15  0.1000E-09  0.0000E+00  0.1613E+16
   -1.787513    3.15628  0.3705E-11  0.2955E-11  0.3987E-15  0.1000E-09  0.0000E+00  0.1387E+16
   -1.856264    3.26932  0.3702E-11  0.7556E-11  0.9904E-15  0.1000E-09  0.0000E+00  0.1166E+16
   -1.925016    3.38075  0.3699E-11  0.1922E-10  0.2449E-14  0.1000E-09  0.0000E+00  0.9534E+15
   -1.993767    3.49029  0.3697E-11  0.4864E-10  0.6027E-14  0.1000E-09  0.0000E+00  0.7501E+15
   -2.062518    3.59780  0.3695E-11  0.1196E-09  0.1442E-13  0.1303E-09  0.0000E+00  0.5625E+15
   -2.131268    3.70435  0.3694E-11  0.2902E-09  0.3405E-13  0.4554E-09  0.0000E+00  0.3801E+15
   -2.200018    3.80981  0.3694E-11  0.6972E-09  0.7968E-13  0.1996E-08  0.0000E+00  0.2026E+15
   -2.268768    3.91325  0.3694E-11  0.1654E-08  0.1845E-12  0.2331E-07  0.0000E+00  0.3977E+14
   -2.337517    4.00254  0.3694E-11  0.2479E-08  0.2789E-12  0.9864E-05  0.0000E+00 -0.3881E+12
   -2.406266    4.00400  0.3694E-11  0.2798E-08  0.3306E-12  0.9933E-05  0.0000E+00 -0.4177E+12
   -2.475014    4.00545  0.3694E-11  0.2999E-08  0.3911E-12  0.9033E-05  0.0000E+00 -0.4956E+12
   -2.543761    4.00703  0.3694E-11  0.3069E-08  0.4812E-12  0.7051E-05  0.0000E+00 -0.6883E+12
   -2.612508    4.00905  0.3694E-11  0.2927E-08  0.6776E-12  0.3909E-05  0.0000E+00 -0.1378E+13
   -2.681255    4.01264  0.3694E-11  0.2117E-08  0.1639E-11  0.5907E-06  0.0000E+00 -0.1128E+14
   -2.750001    4.03250  0.3694E-11  0.0000E+00  0.0000E+00  0.0000E+00  0.0000E+00  0.0000E+00
