 1 - depth, m
 2 - temperature, C
 3 - salinity, kg/kg
 4 - turbulent kinetic energy, m**2/s**2
 5 - dissipation rate, m**2/s**3
 6 - kinematic heat conductance, m**2/s
 7 - modulus of horizontal velocity, m/s
 8 - Richardson number, n/d
   -0.000000   -0.00000  0.4155E-10  0.1219E-13  0.7603E-17  0.1000E-09  0.0000E+00  0.8031E+16
   -0.068746    0.12248  0.3794E-10  0.1219E-13  0.7603E-17  0.1000E-09  0.0000E+00  0.7762E+16
   -0.137492    0.24493  0.3046E-10  0.1219E-13  0.7603E-17  0.1000E-09  0.0000E+00  0.7491E+16
   -0.206239    0.36728  0.2500E-10  0.1219E-13  0.7603E-17  0.1000E-09  0.0000E+00  0.7218E+16
   -0.274987    0.48948  0.2201E-10  0.1219E-13  0.7603E-17  0.1000E-09  0.0000E+00  0.6944E+16
   -0.343735    0.61148  0.2065E-10  0.1219E-13  0.7603E-17  0.1000E-09  0.0000E+00  0.6670E+16
   -0.412484    0.73321  0.2009E-10  0.1219E-13  0.7603E-17  0.1000E-09  0.0000E+00  0.6395E+16
   -0.481233    0.85463  0.1990E-10  0.1219E-13  0.7603E-17  0.1000E-09  0.0000E+00  0.6122E+16
   -0.549983    0.97569  0.1983E-10  0.1219E-13  0.7603E-17  0.1000E-09  0.0000E+00  0.5849E+16
   -0.618733    1.09635  0.1981E-10  0.1219E-13  0.7603E-17  0.1000E-09  0.0000E+00  0.5578E+16
   -0.687483    1.21655  0.1981E-10  0.1219E-13  0.7603E-17  0.1000E-09  0.0000E+00  0.5314E+16
   -0.756234    1.33637  0.1980E-10  0.1219E-13  0.7603E-17  0.1000E-09  0.0000E+00  0.5054E+16
   -0.824985    1.45582  0.1980E-10  0.1219E-13  0.7603E-17  0.1000E-09  0.0000E+00  0.4795E+16
   -0.893736    1.57487  0.1979E-10  0.1219E-13  0.7603E-17  0.1000E-09  0.0000E+00  0.4539E+16
   -0.962488    1.69347  0.1978E-10  0.1219E-13  0.7603E-17  0.1000E-09  0.0000E+00  0.4284E+16
   -1.031239    1.81158  0.1975E-10  0.1219E-13  0.7603E-17  0.1000E-09  0.0000E+00  0.4032E+16
   -1.099991    1.92916  0.1972E-10  0.1219E-13  0.7603E-17  0.1000E-09  0.0000E+00  0.3783E+16
   -1.168744    2.04616  0.1967E-10  0.1219E-13  0.7603E-17  0.1000E-09  0.0000E+00  0.3536E+16
   -1.237496    2.16254  0.1961E-10  0.1219E-13  0.7603E-17  0.1000E-09  0.0000E+00  0.3292E+16
   -1.306248    2.27823  0.1954E-10  0.1219E-13  0.7603E-17  0.1000E-09  0.0000E+00  0.3052E+16
   -1.375000    2.39319  0.1948E-10  0.1219E-13  0.7603E-17  0.1000E-09  0.0000E+00  0.2817E+16
   -1.443753    2.50742  0.1942E-10  0.1219E-13  0.7603E-17  0.1000E-09  0.0000E+00  0.2586E+16
   -1.512505    2.62087  0.1937E-10  0.1219E-13  0.7603E-17  0.1000E-09  0.0000E+00  0.2358E+16
   -1.581257    2.73349  0.1933E-10  0.1219E-13  0.7603E-17  0.1000E-09  0.0000E+00  0.2135E+16
   -1.650009    2.84521  0.1931E-10  0.3529E-13  0.8436E-17  0.1000E-09  0.0000E+00  0.1917E+16
   -1.718761    2.95598  0.1929E-10  0.1118E-12  0.2122E-16  0.1000E-09  0.0000E+00  0.1703E+16
   -1.787513    3.06574  0.1927E-10  0.3315E-12  0.5935E-16  0.1000E-09  0.0000E+00  0.1500E+16
   -1.856264    3.17476  0.1926E-10  0.9641E-12  0.1666E-15  0.1000E-09  0.0000E+00  0.1299E+16
   -1.925016    3.28295  0.1924E-10  0.2769E-11  0.4634E-15  0.1000E-09  0.0000E+00  0.1103E+16
   -1.993767    3.39018  0.1922E-10  0.7882E-11  0.1279E-14  0.1000E-09  0.0000E+00  0.9106E+15
   -2.062518    3.49631  0.1920E-10  0.2172E-10  0.3418E-14  0.1000E-09  0.0000E+00  0.7266E+15
   -2.131268    3.60164  0.1919E-10  0.5894E-10  0.9001E-14  0.1000E-09  0.0000E+00  0.5473E+15
   -2.200018    3.70620  0.1918E-10  0.1582E-09  0.2345E-13  0.3202E-09  0.0000E+00  0.3718E+15
   -2.268768    3.80977  0.1918E-10  0.4236E-09  0.6099E-13  0.1537E-08  0.0000E+00  0.2011E+15
   -2.337517    3.91182  0.1918E-10  0.1133E-08  0.1588E-12  0.1909E-07  0.0000E+00  0.4151E+14
   -2.406266    4.00220  0.1918E-10  0.2042E-08  0.2881E-12  0.6267E-05  0.0000E+00 -0.6033E+12
   -2.475014    4.00447  0.1918E-10  0.2394E-08  0.3673E-12  0.6244E-05  0.0000E+00 -0.6913E+12
   -2.543761    4.00675  0.1918E-10  0.2586E-08  0.4746E-12  0.5178E-05  0.0000E+00 -0.9520E+12
   -2.612508    4.00954  0.1918E-10  0.2567E-08  0.6945E-12  0.3047E-05  0.0000E+00 -0.1925E+13
   -2.681255    4.01433  0.1918E-10  0.2026E-08  0.1673E-11  0.5947E-06  0.0000E+00 -0.1452E+14
   -2.750001    4.03769  0.1918E-10  0.0000E+00  0.0000E+00  0.0000E+00  0.0000E+00  0.0000E+00
