 1 - depth, m
 2 - temperature, C
 3 - salinity, kg/kg
 4 - turbulent kinetic energy, m**2/s**2
 5 - dissipation rate, m**2/s**3
 6 - kinematic heat conductance, m**2/s
 7 - modulus of horizontal velocity, m/s
 8 - Richardson number, n/d
   -0.000000    0.09892  0.2127E-11  0.2766E-03  0.1568E-02  0.1197E-03  0.1737E+00 -0.6385E-02
   -0.068746    0.15116  0.2127E-11  0.1612E-03  0.6695E-03  0.2736E-03  0.7164E-01  0.3361E-01
   -0.137492    0.15836  0.2127E-11  0.1232E-03  0.3052E-03  0.3021E-03  0.5842E-01  0.1621E-01
   -0.206239    0.16330  0.2127E-11  0.1007E-03  0.1226E-03  0.3196E-03  0.5135E-01  0.1081E-01
   -0.274987    0.16689  0.2127E-11  0.8614E-04  0.4239E-04  0.3560E-03  0.4622E-01  0.9215E-02
   -0.343735    0.16977  0.2127E-11  0.7652E-04  0.1269E-04  0.4006E-03  0.4214E-01  0.1084E-01
   -0.412484    0.17217  0.2127E-11  0.7015E-04  0.3696E-05  0.4513E-03  0.3876E-01  0.1266E-01
   -0.481233    0.17421  0.2127E-11  0.6584E-04  0.1425E-05  0.5067E-03  0.3587E-01  0.1480E-01
   -0.549983    0.17599  0.2127E-11  0.6283E-04  0.8522E-06  0.5626E-03  0.3341E-01  0.1688E-01
   -0.618733    0.17756  0.2127E-11  0.6060E-04  0.6443E-06  0.6220E-03  0.3124E-01  0.1942E-01
   -0.687484    0.17898  0.2127E-11  0.5887E-04  0.5284E-06  0.6792E-03  0.2934E-01  0.2186E-01
   -0.756234    0.18027  0.2127E-11  0.5747E-04  0.4496E-06  0.7353E-03  0.2764E-01  0.2438E-01
   -0.824985    0.18147  0.2127E-11  0.5630E-04  0.3920E-06  0.7894E-03  0.2611E-01  0.2700E-01
   -0.893737    0.18259  0.2127E-11  0.5528E-04  0.3482E-06  0.8409E-03  0.2470E-01  0.2968E-01
   -0.962488    0.18365  0.2127E-11  0.5437E-04  0.3138E-06  0.8893E-03  0.2340E-01  0.3223E-01
   -1.031240    0.18465  0.2127E-11  0.5356E-04  0.2864E-06  0.9340E-03  0.2219E-01  0.3821E-01
   -1.099992    0.18562  0.2127E-11  0.5281E-04  0.2642E-06  0.9746E-03  0.2106E-01  0.3635E-01
   -1.168744    0.18656  0.2127E-11  0.5211E-04  0.2459E-06  0.1011E-02  0.1999E-01  0.2040E-01
   -1.237497    0.18748  0.2127E-11  0.5145E-04  0.2307E-06  0.1042E-02  0.1897E-01  0.5530E-01
   -1.306249    0.18839  0.2127E-11  0.5083E-04  0.2180E-06  0.1068E-02  0.1799E-01  0.4595E-01
   -1.375001    0.18930  0.2127E-11  0.5021E-04  0.2074E-06  0.1088E-02  0.1705E-01  0.3901E-01
   -1.443754    0.19022  0.2127E-11  0.4956E-04  0.1981E-06  0.1102E-02  0.1614E-01  0.4627E-01
   -1.512506    0.19118  0.2127E-11  0.4892E-04  0.1905E-06  0.1105E-02  0.1524E-01  0.3831E-01
   -1.581258    0.19217  0.2127E-11  0.4826E-04  0.1840E-06  0.1102E-02  0.1435E-01  0.6756E-01
   -1.650010    0.19321  0.2127E-11  0.4755E-04  0.1784E-06  0.1084E-02  0.1345E-01  0.2231E+00
   -1.718763    0.19430  0.2127E-11  0.4681E-04  0.1754E-06  0.9945E-03  0.1254E-01  0.3480E-01
   -1.787514    0.21330  0.2127E-11  0.4500E-04  0.1625E-06  0.1098E-02  0.8840E-02  0.3603E+00
   -1.856266    0.21444  0.2127E-11  0.4334E-04  0.1527E-06  0.1120E-02  0.8042E-02  0.2867E+00
   -1.925017    0.21563  0.2127E-11  0.4168E-04  0.1440E-06  0.1126E-02  0.7344E-02  0.5112E+00
   -1.993768    0.21695  0.2127E-11  0.4001E-04  0.1363E-06  0.1105E-02  0.6725E-02  0.1175E+01
   -2.062519    0.21850  0.2127E-11  0.3841E-04  0.1299E-06  0.1068E-02  0.6158E-02 -0.3335E+00
   -2.131270    0.22022  0.2127E-11  0.3684E-04  0.1245E-06  0.1026E-02  0.5613E-02  0.1837E+01
   -2.200020    0.22221  0.2127E-11  0.3530E-04  0.1203E-06  0.9748E-03  0.5085E-02  0.2998E+01
   -2.268770    0.22479  0.2127E-11  0.3377E-04  0.1176E-06  0.9217E-03  0.4567E-02  0.7673E+01
   -2.337519    0.22895  0.2127E-11  0.3218E-04  0.1169E-06  0.8558E-03  0.4072E-02  0.8476E+02
   -2.406268    0.24592  0.2127E-11  0.3032E-04  0.1185E-06  0.7757E-03  0.3591E-02  0.1058E+05
   -2.475016    0.40242  0.2127E-11  0.2852E-04  0.1270E-06  0.6749E-03  0.3125E-02  0.3961E+07
   -2.543763    0.42310  0.2127E-11  0.2642E-04  0.1490E-06  0.5363E-03  0.2674E-02  0.9880E+11
   -2.612511    0.46255  0.2128E-11  0.2361E-04  0.2095E-06  0.3543E-03  0.2201E-02  0.6931E+09
   -2.681257    0.50065  0.2128E-11  0.1366E-04  0.6800E-06  0.4548E-04  0.1729E-02 -0.2377E+12
   -2.750003    0.55760  0.2128E-11  0.0000E+00  0.0000E+00  0.0000E+00  0.1750E-02  0.0000E+00
