 1 - depth, m
 2 - temperature, C
 3 - salinity, kg/kg
 4 - turbulent kinetic energy, m**2/s**2
 5 - dissipation rate, m**2/s**3
 6 - kinematic heat conductance, m**2/s
 7 - modulus of horizontal velocity, m/s
 8 - Richardson number, n/d
   -0.000000   15.29602  0.6562E-11  0.2896E-05  0.5843E-07  0.1981E-04  0.5460E-02 -0.3735E+00
   -0.068746   15.32304  0.6562E-11  0.3872E-05  0.2103E-07  0.1838E-03  0.2411E-02  0.2624E+03
   -0.137492   15.32580  0.6562E-11  0.4203E-05  0.1492E-07  0.3763E-03  0.1919E-02  0.1310E+03
   -0.206239   15.32694  0.6562E-11  0.4427E-05  0.1246E-07  0.5344E-03  0.1704E-02  0.1595E+03
   -0.274987   15.32766  0.6562E-11  0.4621E-05  0.1104E-07  0.6362E-03  0.1580E-02  0.1930E+01
   -0.343735   15.32822  0.6562E-11  0.4806E-05  0.1007E-07  0.7444E-03  0.1478E-02  0.1544E+01
   -0.412484   15.32866  0.6562E-11  0.4987E-05  0.9355E-08  0.8548E-03  0.1389E-02  0.1368E+01
   -0.481233   15.32903  0.6562E-11  0.5169E-05  0.8825E-08  0.9661E-03  0.1308E-02  0.1290E+01
   -0.549983   15.32934  0.6562E-11  0.5350E-05  0.8430E-08  0.1077E-02  0.1233E-02  0.1264E+01
   -0.618733   15.32962  0.6562E-11  0.5534E-05  0.8137E-08  0.1188E-02  0.1163E-02  0.1274E+01
   -0.687483   15.32987  0.6562E-11  0.5718E-05  0.7926E-08  0.1297E-02  0.1097E-02  0.1300E+01
   -0.756234   15.33010  0.6562E-11  0.5904E-05  0.7785E-08  0.1402E-02  0.1034E-02  0.1336E+01
   -0.824985   15.33032  0.6562E-11  0.6089E-05  0.7701E-08  0.1503E-02  0.9732E-03  0.1373E+01
   -0.893736   15.33054  0.6562E-11  0.6272E-05  0.7670E-08  0.1596E-02  0.9150E-03  0.1411E+01
   -0.962488   15.33075  0.6562E-11  0.6453E-05  0.7683E-08  0.1679E-02  0.8588E-03  0.1445E+01
   -1.031240   15.33095  0.6562E-11  0.6629E-05  0.7737E-08  0.1752E-02  0.8045E-03  0.1476E+01
   -1.099992   15.33116  0.6562E-11  0.6798E-05  0.7827E-08  0.1815E-02  0.7520E-03  0.1501E+01
   -1.168744   15.33137  0.6562E-11  0.6959E-05  0.7950E-08  0.1869E-02  0.7012E-03  0.1524E+01
   -1.237496   15.33158  0.6562E-11  0.7111E-05  0.8101E-08  0.1914E-02  0.6522E-03  0.1542E+01
   -1.306248   15.33180  0.6562E-11  0.7252E-05  0.8279E-08  0.1948E-02  0.6047E-03  0.1557E+01
   -1.375001   15.33203  0.6562E-11  0.7380E-05  0.8482E-08  0.1970E-02  0.5589E-03  0.1568E+01
   -1.443753   15.33226  0.6562E-11  0.7495E-05  0.8706E-08  0.1979E-02  0.5144E-03  0.1578E+01
   -1.512505   15.33251  0.6562E-11  0.7595E-05  0.8950E-08  0.1974E-02  0.4714E-03  0.1583E+01
   -1.581258   15.33277  0.6562E-11  0.7680E-05  0.9213E-08  0.1959E-02  0.4296E-03  0.1588E+01
   -1.650010   15.33305  0.6562E-11  0.7748E-05  0.9493E-08  0.1925E-02  0.3890E-03  0.1563E+01
   -1.718762   15.33334  0.6562E-11  0.7787E-05  0.9718E-08  0.1999E-02  0.3498E-03  0.2795E+01
   -1.787514   15.33364  0.6562E-11  0.7811E-05  0.9934E-08  0.1855E-02  0.3262E-03  0.7091E+01
   -1.856265   15.33396  0.6562E-11  0.7827E-05  0.1021E-07  0.1832E-02  0.3027E-03  0.1529E+01
   -1.925017   15.33429  0.6562E-11  0.7833E-05  0.1055E-07  0.1947E-02  0.2764E-03  0.3548E+01
   -1.993768   15.33461  0.6562E-11  0.7829E-05  0.1094E-07  0.1622E-02  0.2574E-03  0.1702E+02
   -2.062518   15.33500  0.6562E-11  0.7813E-05  0.1139E-07  0.1637E-02  0.2369E-03  0.2488E+01
   -2.131269   15.33539  0.6562E-11  0.7783E-05  0.1195E-07  0.1561E-02  0.2172E-03  0.2817E+01
   -2.200019   15.33581  0.6562E-11  0.7738E-05  0.1264E-07  0.1463E-02  0.1978E-03  0.3648E+01
   -2.268769   15.33628  0.6562E-11  0.7674E-05  0.1351E-07  0.1352E-02  0.1785E-03  0.4912E+01
   -2.337518   15.33679  0.6562E-11  0.7583E-05  0.1470E-07  0.1219E-02  0.1595E-03  0.7167E+01
   -2.406266   15.33738  0.6562E-11  0.7454E-05  0.1642E-07  0.1072E-02  0.1409E-03  0.1173E+02
   -2.475015   15.33805  0.6562E-11  0.7268E-05  0.1915E-07  0.8640E-03  0.1224E-03  0.2250E+02
   -2.543762   15.33891  0.6562E-11  0.6989E-05  0.2407E-07  0.7776E-03  0.1035E-03  0.4771E+02
   -2.612509   15.33988  0.6562E-11  0.6398E-05  0.3964E-07  0.3454E-03  0.8666E-04 -0.1647E+03
   -2.681256   15.34371  0.6562E-11  0.4055E-05  0.1378E-06  0.8182E-04  0.5586E-04 -0.4123E+04
   -2.750002   15.35376  0.6562E-11  0.0000E+00  0.0000E+00  0.0000E+00  0.6199E-04  0.0000E+00
