 1 - depth, m
 2 - temperature, C
 3 - salinity, kg/kg
 4 - turbulent kinetic energy, m**2/s**2
 5 - dissipation rate, m**2/s**3
 6 - kinematic heat conductance, m**2/s
 7 - modulus of horizontal velocity, m/s
 8 - Richardson number, n/d
   -0.000000   -0.00000  0.8485E-11  0.9567E-05  0.3240E-06  0.2768E-04  0.2658E-01  0.9123E-02
   -0.068745    0.00825  0.8481E-11  0.8869E-05  0.1336E-06  0.5628E-04  0.2005E-01  0.2014E-01
   -0.137490    0.01203  0.8478E-11  0.8215E-05  0.8065E-07  0.7820E-04  0.1712E-01  0.3129E-01
   -0.206236    0.01458  0.8477E-11  0.7618E-05  0.5613E-07  0.9468E-04  0.1521E-01  0.4260E-01
   -0.274983    0.01656  0.8475E-11  0.7070E-05  0.4204E-07  0.1068E-03  0.1377E-01  0.5423E-01
   -0.343730    0.01821  0.8474E-11  0.6563E-05  0.3292E-07  0.1152E-03  0.1262E-01  0.6639E-01
   -0.412478    0.01965  0.8473E-11  0.6093E-05  0.2657E-07  0.1207E-03  0.1164E-01  0.7929E-01
   -0.481226    0.02094  0.8472E-11  0.5654E-05  0.2190E-07  0.1236E-03  0.1080E-01  0.9314E-01
   -0.549974    0.02214  0.8472E-11  0.5243E-05  0.1834E-07  0.1243E-03  0.1005E-01  0.1082E+00
   -0.618723    0.02327  0.8471E-11  0.4858E-05  0.1555E-07  0.1231E-03  0.9379E-02  0.1247E+00
   -0.687473    0.02436  0.8470E-11  0.4497E-05  0.1331E-07  0.1203E-03  0.8767E-02  0.1430E+00
   -0.756222    0.02541  0.8469E-11  0.4157E-05  0.1148E-07  0.1161E-03  0.8202E-02  0.1634E+00
   -0.824972    0.02645  0.8469E-11  0.3837E-05  0.9969E-08  0.1108E-03  0.7677E-02  0.1863E+00
   -0.893723    0.02749  0.8468E-11  0.3536E-05  0.8706E-08  0.1045E-03  0.7184E-02  0.2124E+00
   -0.962473    0.02855  0.8467E-11  0.3254E-05  0.7643E-08  0.9753E-04  0.6719E-02  0.2424E+00
   -1.031224    0.02963  0.8466E-11  0.2990E-05  0.6744E-08  0.8999E-04  0.6276E-02  0.2772E+00
   -1.099975    0.03075  0.8465E-11  0.2743E-05  0.5981E-08  0.8215E-04  0.5851E-02  0.3180E+00
   -1.168726    0.03193  0.8465E-11  0.2514E-05  0.5336E-08  0.7427E-04  0.5441E-02  0.3669E+00
   -1.237477    0.03320  0.8464E-11  0.2304E-05  0.4797E-08  0.6663E-04  0.5042E-02  0.4267E+00
   -1.306229    0.03459  0.8463E-11  0.2114E-05  0.4357E-08  0.5957E-04  0.4651E-02  0.5041E+00
   -1.374980    0.03614  0.8462E-11  0.1947E-05  0.4016E-08  0.5343E-04  0.4263E-02  0.6343E+00
   -1.443731    0.03798  0.8460E-11  0.1807E-05  0.3779E-08  0.4871E-04  0.3875E-02  0.1038E+01
   -1.512482    0.04044  0.8459E-11  0.1701E-05  0.3664E-08  0.4584E-04  0.3481E-02  0.3745E+01
   -1.581234    0.04468  0.8456E-11  0.1638E-05  0.3698E-08  0.4490E-04  0.3076E-02  0.2500E+02
   -1.649985    0.05429  0.8452E-11  0.1632E-05  0.3934E-08  0.4426E-04  0.2653E-02  0.1470E+03
   -1.718736    0.07805  0.8448E-11  0.1696E-05  0.4562E-08  0.3015E-04  0.2130E-02  0.1161E+04
   -1.787486    0.13431  0.8445E-11  0.1250E-05  0.3065E-08  0.3637E-04  0.4775E-03  0.1431E+06
   -1.856237    0.16747  0.8443E-11  0.1013E-05  0.2310E-08  0.2934E-04  0.3073E-03  0.1527E+08
   -1.924987    0.18503  0.8441E-11  0.8063E-06  0.1721E-08  0.7030E-04  0.2053E-03 -0.2076E+08
   -1.993737    0.18695  0.8440E-11  0.6332E-06  0.1268E-08  0.9354E-04  0.1417E-03 -0.1848E+10
   -2.062487    0.18778  0.8440E-11  0.4827E-06  0.9193E-09  0.1142E-04  0.1012E-03  0.9314E+11
   -2.131236    0.20646  0.8439E-11  0.3377E-06  0.6416E-09  0.5878E-05  0.6843E-04  0.5324E+14
   -2.199985    0.30120  0.8436E-11  0.2098E-06  0.4027E-09  0.1584E-05  0.4195E-04  0.4164E+16
   -2.268734    0.54850  0.8431E-11  0.9219E-07  0.1836E-09  0.6693E-07  0.1629E-04  0.1669E+17
   -2.337482    1.08144  0.8421E-11  0.1557E-07  0.3092E-10  0.2713E-08  0.1939E-05  0.2060E+17
   -2.406230    2.08786  0.8394E-11  0.9716E-08  0.9147E-11  0.2210E-08  0.7507E-07  0.1349E+17
   -2.474977    3.40610  0.8381E-11  0.3358E-07  0.3033E-10  0.8019E-05  0.2110E-08  0.1259E+16
   -2.543723    4.18451  0.8381E-11  0.6484E-07  0.6505E-10  0.2735E-04  0.4484E-10 -0.2379E+14
   -2.612469    4.20795  0.8381E-11  0.7157E-07  0.8908E-10  0.2138E-04  0.4713E-11 -0.3921E+14
   -2.681215    4.22109  0.8381E-11  0.5806E-07  0.1935E-09  0.4458E-05  0.3686E-12 -0.2290E+15
   -2.749960    4.28238  0.8381E-11  0.0000E+00  0.0000E+00  0.0000E+00  0.3722E-12  0.0000E+00
