 1 - depth, m
 2 - temperature, C
 3 - salinity, kg/kg
 4 - turbulent kinetic energy, m**2/s**2
 5 - dissipation rate, m**2/s**3
 6 - kinematic heat conductance, m**2/s
 7 - modulus of horizontal velocity, m/s
 8 - Richardson number, n/d
   -0.000000   -0.00276  0.7117E-10  0.1295E-03  0.4266E-04  0.1018E-03  0.1348E+00  0.4561E+00
   -0.068747    0.01573  0.7114E-10  0.7521E-04  0.1003E-04  0.1401E-03  0.7130E-01  0.5013E-02
   -0.137494    0.02446  0.7115E-10  0.5811E-04  0.3956E-05  0.1629E-03  0.6107E-01  0.8612E-02
   -0.206242    0.03069  0.7115E-10  0.4908E-04  0.1901E-05  0.1898E-03  0.5514E-01  0.1191E-01
   -0.274990    0.03566  0.7116E-10  0.4337E-04  0.1065E-05  0.2215E-03  0.5073E-01  0.1546E-01
   -0.343739    0.03983  0.7116E-10  0.3940E-04  0.6779E-06  0.2540E-03  0.4724E-01  0.1948E-01
   -0.412488    0.04342  0.7116E-10  0.3639E-04  0.4754E-06  0.2849E-03  0.4438E-01  0.2408E-01
   -0.481238    0.04659  0.7116E-10  0.3394E-04  0.3568E-06  0.3128E-03  0.4200E-01  0.2934E-01
   -0.549989    0.04946  0.7116E-10  0.3182E-04  0.2806E-06  0.3367E-03  0.3996E-01  0.3528E-01
   -0.618740    0.05210  0.7117E-10  0.2992E-04  0.2279E-06  0.3562E-03  0.3818E-01  0.4193E-01
   -0.687491    0.05459  0.7117E-10  0.2816E-04  0.1894E-06  0.3711E-03  0.3660E-01  0.4937E-01
   -0.756242    0.05696  0.7117E-10  0.2652E-04  0.1601E-06  0.3817E-03  0.3518E-01  0.5772E-01
   -0.824994    0.05926  0.7117E-10  0.2498E-04  0.1371E-06  0.3882E-03  0.3390E-01  0.6716E-01
   -0.893746    0.06152  0.7117E-10  0.2351E-04  0.1185E-06  0.3911E-03  0.3272E-01  0.7796E-01
   -0.962499    0.06375  0.7117E-10  0.2213E-04  0.1034E-06  0.3910E-03  0.3163E-01  0.9050E-01
   -1.031251    0.06599  0.7117E-10  0.2083E-04  0.9084E-07  0.3888E-03  0.3063E-01  0.1054E+00
   -1.100004    0.06825  0.7117E-10  0.1962E-04  0.8047E-07  0.3853E-03  0.2969E-01  0.1228E+00
   -1.168757    0.07056  0.7118E-10  0.1851E-04  0.7199E-07  0.3818E-03  0.2882E-01  0.1468E+00
   -1.237510    0.07292  0.7118E-10  0.1755E-04  0.6525E-07  0.3798E-03  0.2801E-01  0.1748E+00
   -1.306263    0.07534  0.7118E-10  0.1675E-04  0.6023E-07  0.3812E-03  0.2727E-01  0.2060E+00
   -1.375016    0.07782  0.7118E-10  0.1617E-04  0.5702E-07  0.3871E-03  0.2658E-01  0.2895E+00
   -1.443769    0.08036  0.7118E-10  0.1586E-04  0.5579E-07  0.3987E-03  0.2597E-01  0.2598E+00
   -1.512522    0.08295  0.7118E-10  0.1585E-04  0.5680E-07  0.4150E-03  0.2543E-01  0.5416E+00
   -1.581275    0.08560  0.7118E-10  0.1621E-04  0.6048E-07  0.4475E-03  0.2495E-01  0.1419E+01
   -1.650028    0.08826  0.7118E-10  0.1735E-04  0.7123E-07  0.2909E-03  0.2454E-01  0.2009E+01
   -1.718781    0.13456  0.7119E-10  0.1682E-04  0.6774E-07  0.2110E-03  0.1339E-01  0.3691E+01
   -1.787533    0.17029  0.7120E-10  0.1404E-04  0.5227E-07  0.3932E-03  0.2007E-02  0.9340E+02
   -1.856286    0.17352  0.7120E-10  0.1229E-04  0.4318E-07  0.3366E-03  0.1691E-02  0.6830E+01
   -1.925038    0.17708  0.7120E-10  0.1069E-04  0.3569E-07  0.2780E-03  0.1443E-02  0.7337E+01
   -1.993789    0.18140  0.7120E-10  0.9200E-05  0.2936E-07  0.2191E-03  0.1237E-02  0.1447E+02
   -2.062541    0.18736  0.7121E-10  0.7807E-05  0.2400E-07  0.1584E-03  0.1063E-02  0.2259E+02
   -2.131292    0.20181  0.7121E-10  0.6362E-05  0.1892E-07  0.9970E-04  0.8837E-03  0.4810E+02
   -2.200043    0.34397  0.7122E-10  0.4757E-05  0.1372E-07  0.5151E-04  0.6315E-03  0.5804E+03
   -2.268793    0.82768  0.7126E-10  0.3132E-05  0.8620E-08  0.1857E-04  0.3620E-03  0.5753E+05
   -2.337543    1.78594  0.7132E-10  0.1834E-05  0.5224E-08  0.1249E-04  0.1708E-03 -0.1198E+06
   -2.406293    2.40523  0.7139E-10  0.6067E-06  0.2044E-08  0.1373E-04  0.4716E-04  0.5922E+07
   -2.475042    3.46948  0.7150E-10  0.3299E-06  0.1369E-08  0.1696E-04  0.3783E-05  0.1701E+10
   -2.543790    3.86342  0.7151E-10  0.2721E-06  0.1318E-08  0.2636E-04  0.2067E-05  0.1575E+13
   -2.612538    3.99740  0.7151E-10  0.2297E-06  0.1707E-08  0.2170E-04  0.1356E-05  0.1023E+15
   -2.681285    4.08752  0.7152E-10  0.1452E-06  0.6144E-08  0.4967E-05  0.8271E-06 -0.1371E+15
   -2.750032    4.20106  0.7152E-10  0.0000E+00  0.0000E+00  0.0000E+00  0.9419E-06  0.0000E+00
