 1 - depth, m
 2 - temperature, C
 3 - salinity, kg/kg
 4 - turbulent kinetic energy, m**2/s**2
 5 - dissipation rate, m**2/s**3
 6 - kinematic heat conductance, m**2/s
 7 - modulus of horizontal velocity, m/s
 8 - Richardson number, n/d
   -0.000000   -0.00000  0.6211E-11  0.1219E-13  0.7603E-17  0.1000E-09  0.0000E+00  0.8346E+16
   -0.068746    0.12737  0.6873E-11  0.1219E-13  0.7603E-17  0.1000E-09  0.0000E+00  0.8076E+16
   -0.137492    0.25504  0.6043E-11  0.1219E-13  0.7603E-17  0.1000E-09  0.0000E+00  0.7802E+16
   -0.206239    0.38296  0.5079E-11  0.1219E-13  0.7603E-17  0.1000E-09  0.0000E+00  0.7523E+16
   -0.274987    0.51104  0.4424E-11  0.1219E-13  0.7603E-17  0.1000E-09  0.0000E+00  0.7240E+16
   -0.343735    0.63921  0.4072E-11  0.1219E-13  0.7603E-17  0.1000E-09  0.0000E+00  0.6954E+16
   -0.412484    0.76739  0.3910E-11  0.1219E-13  0.7603E-17  0.1000E-09  0.0000E+00  0.6665E+16
   -0.481233    0.89552  0.3844E-11  0.1219E-13  0.7603E-17  0.1000E-09  0.0000E+00  0.6375E+16
   -0.549983    1.02352  0.3820E-11  0.1219E-13  0.7603E-17  0.1000E-09  0.0000E+00  0.6083E+16
   -0.618733    1.15134  0.3811E-11  0.1219E-13  0.7603E-17  0.1000E-09  0.0000E+00  0.5792E+16
   -0.687483    1.27892  0.3809E-11  0.1219E-13  0.7603E-17  0.1000E-09  0.0000E+00  0.5505E+16
   -0.756234    1.40629  0.3807E-11  0.1219E-13  0.7603E-17  0.1000E-09  0.0000E+00  0.5220E+16
   -0.824985    1.53346  0.3806E-11  0.1219E-13  0.7603E-17  0.1000E-09  0.0000E+00  0.4937E+16
   -0.893736    1.66037  0.3805E-11  0.1219E-13  0.7603E-17  0.1000E-09  0.0000E+00  0.4654E+16
   -0.962488    1.78697  0.3802E-11  0.1219E-13  0.7603E-17  0.1000E-09  0.0000E+00  0.4373E+16
   -1.031240    1.91323  0.3797E-11  0.1219E-13  0.7603E-17  0.1000E-09  0.0000E+00  0.4093E+16
   -1.099992    2.03910  0.3790E-11  0.1219E-13  0.7603E-17  0.1000E-09  0.0000E+00  0.3816E+16
   -1.168744    2.16452  0.3781E-11  0.1219E-13  0.7603E-17  0.1000E-09  0.0000E+00  0.3542E+16
   -1.237496    2.28947  0.3769E-11  0.1219E-13  0.7603E-17  0.1000E-09  0.0000E+00  0.3270E+16
   -1.306248    2.41388  0.3757E-11  0.1742E-13  0.7603E-17  0.1000E-09  0.0000E+00  0.3002E+16
   -1.375001    2.53771  0.3744E-11  0.7075E-13  0.1163E-16  0.1000E-09  0.0000E+00  0.2737E+16
   -1.443753    2.66094  0.3733E-11  0.1977E-12  0.2699E-16  0.1000E-09  0.0000E+00  0.2477E+16
   -1.512505    2.78352  0.3724E-11  0.4955E-12  0.6411E-16  0.1000E-09  0.0000E+00  0.2220E+16
   -1.581258    2.90539  0.3717E-11  0.1199E-11  0.1503E-15  0.1000E-09  0.0000E+00  0.1967E+16
   -1.650010    3.02645  0.3711E-11  0.2854E-11  0.3478E-15  0.1000E-09  0.0000E+00  0.1718E+16
   -1.718762    3.14662  0.3707E-11  0.6711E-11  0.7958E-15  0.1000E-09  0.0000E+00  0.1474E+16
   -1.787514    3.26576  0.3704E-11  0.1600E-10  0.1846E-14  0.1000E-09  0.0000E+00  0.1233E+16
   -1.856265    3.38350  0.3701E-11  0.3840E-10  0.4315E-14  0.1000E-09  0.0000E+00  0.9989E+15
   -1.925017    3.49954  0.3698E-11  0.9189E-10  0.1006E-13  0.1000E-09  0.0000E+00  0.7726E+15
   -1.993768    3.61351  0.3696E-11  0.2191E-09  0.2338E-13  0.2134E-09  0.0000E+00  0.5571E+15
   -2.062518    3.72513  0.3694E-11  0.5087E-09  0.5293E-13  0.7555E-09  0.0000E+00  0.3561E+15
   -2.131269    3.83497  0.3694E-11  0.1165E-08  0.1182E-12  0.3664E-08  0.0000E+00  0.1638E+15
   -2.200019    3.94133  0.3693E-11  0.2530E-08  0.2519E-12  0.9573E-07  0.0000E+00  0.1299E+14
   -2.268769    4.00543  0.3693E-11  0.3338E-08  0.3359E-12  0.1488E-04  0.0000E+00 -0.3110E+12
   -2.337518    4.00644  0.3693E-11  0.3665E-08  0.3814E-12  0.1497E-04  0.0000E+00 -0.3258E+12
   -2.406266    4.00745  0.3693E-11  0.3892E-08  0.4319E-12  0.1415E-04  0.0000E+00 -0.3628E+12
   -2.475015    4.00852  0.3693E-11  0.4020E-08  0.4980E-12  0.1231E-04  0.0000E+00 -0.4402E+12
   -2.543762    4.00975  0.3693E-11  0.4021E-08  0.6046E-12  0.9287E-05  0.0000E+00 -0.6215E+12
   -2.612509    4.01139  0.3693E-11  0.3790E-08  0.8504E-12  0.5010E-05  0.0000E+00 -0.1260E+13
   -2.681256    4.01441  0.3693E-11  0.2703E-08  0.2152E-11  0.7032E-06  0.0000E+00 -0.1129E+14
   -2.750002    4.03355  0.3693E-11  0.0000E+00  0.0000E+00  0.0000E+00  0.0000E+00  0.0000E+00
