 1 - depth, m
 2 - temperature, C
 3 - salinity, kg/kg
 4 - turbulent kinetic energy, m**2/s**2
 5 - dissipation rate, m**2/s**3
 6 - kinematic heat conductance, m**2/s
 7 - modulus of horizontal velocity, m/s
 8 - Richardson number, n/d
   -0.000000   15.75588  0.5019E-11  0.2411E-03  0.1008E-03  0.1163E-03  0.1597E+00  0.9742E-01
   -0.068746   15.83325  0.5019E-11  0.1405E-03  0.2225E-04  0.2824E-03  0.6196E-01 -0.1845E+00
   -0.137492   15.84320  0.5019E-11  0.1080E-03  0.9439E-05  0.3148E-03  0.4961E-01 -0.2180E-01
   -0.206239   15.84919  0.5019E-11  0.9013E-04  0.4850E-05  0.3452E-03  0.4332E-01 -0.2393E-01
   -0.274987   15.85320  0.5019E-11  0.7867E-04  0.2774E-05  0.3903E-03  0.3874E-01 -0.2699E-01
   -0.343735   15.85621  0.5019E-11  0.7114E-04  0.1741E-05  0.4479E-03  0.3506E-01 -0.3047E-01
   -0.412484   15.85859  0.5019E-11  0.6617E-04  0.1189E-05  0.5136E-03  0.3205E-01 -0.3427E-01
   -0.481233   15.86054  0.5019E-11  0.6274E-04  0.8708E-06  0.5856E-03  0.2950E-01 -0.3834E-01
   -0.549982   15.86216  0.5019E-11  0.6027E-04  0.6740E-06  0.6625E-03  0.2731E-01 -0.4270E-01
   -0.618732   15.86353  0.5019E-11  0.5843E-04  0.5447E-06  0.7428E-03  0.2541E-01 -0.4727E-01
   -0.687483   15.86472  0.5019E-11  0.5699E-04  0.4551E-06  0.8255E-03  0.2374E-01 -0.5196E-01
   -0.756233   15.86574  0.5019E-11  0.5582E-04  0.3904E-06  0.9092E-03  0.2226E-01 -0.5662E-01
   -0.824984   15.86665  0.5019E-11  0.5485E-04  0.3420E-06  0.9939E-03  0.2093E-01 -0.5977E-01
   -0.893736   15.86745  0.5019E-11  0.5403E-04  0.3047E-06  0.1086E-02  0.1972E-01  0.8060E+01
   -0.962487   15.86817  0.5019E-11  0.5331E-04  0.2753E-06  0.1207E-02  0.1862E-01  0.8141E+01
   -1.031239   15.86881  0.5019E-11  0.5267E-04  0.2518E-06  0.1399E-02  0.1761E-01  0.3592E+03
   -1.099991   15.86937  0.5019E-11  0.5210E-04  0.2326E-06  0.1685E-02  0.1666E-01  0.2441E+03
   -1.168743   15.86984  0.5019E-11  0.5159E-04  0.2168E-06  0.2066E-02  0.1578E-01  0.5602E+03
   -1.237495   15.87022  0.5019E-11  0.5110E-04  0.2036E-06  0.2510E-02  0.1493E-01  0.1706E+04
   -1.306247   15.87053  0.5019E-11  0.5063E-04  0.1923E-06  0.2840E-02  0.1412E-01  0.1664E+04
   -1.375000   15.87079  0.5019E-11  0.5014E-04  0.1826E-06  0.3028E-02  0.1332E-01  0.1308E+05
   -1.443752   15.87102  0.5019E-11  0.4963E-04  0.1740E-06  0.3149E-02  0.1254E-01  0.2309E+04
   -1.512504   15.87123  0.5019E-11  0.4907E-04  0.1664E-06  0.3233E-02  0.1176E-01  0.1897E+04
   -1.581256   15.87143  0.5019E-11  0.4845E-04  0.1597E-06  0.3287E-02  0.1099E-01  0.5551E+04
   -1.650008   15.87162  0.5019E-11  0.4775E-04  0.1535E-06  0.3317E-02  0.1023E-01  0.1974E+05
   -1.718760   15.87181  0.5019E-11  0.4695E-04  0.1478E-06  0.3304E-02  0.9476E-02  0.3288E+04
   -1.787512   15.87199  0.5019E-11  0.4601E-04  0.1423E-06  0.3326E-02  0.8715E-02  0.5692E+04
   -1.856264   15.87216  0.5019E-11  0.4493E-04  0.1369E-06  0.3310E-02  0.8015E-02  0.4941E+02
   -1.925015   15.87234  0.5019E-11  0.4373E-04  0.1319E-06  0.3270E-02  0.7364E-02  0.1170E+02
   -1.993766   15.87251  0.5019E-11  0.4243E-04  0.1273E-06  0.3199E-02  0.6760E-02  0.3841E+02
   -2.062517   15.87269  0.5019E-11  0.4110E-04  0.1236E-06  0.3077E-02  0.6193E-02  0.5490E+02
   -2.131267   15.87287  0.5019E-11  0.3976E-04  0.1209E-06  0.2907E-02  0.5649E-02  0.1245E+02
   -2.200017   15.87306  0.5019E-11  0.3841E-04  0.1195E-06  0.2743E-02  0.5124E-02  0.1053E+02
   -2.268767   15.87326  0.5019E-11  0.3705E-04  0.1197E-06  0.2571E-02  0.4615E-02  0.6581E+02
   -2.337516   15.87347  0.5019E-11  0.3562E-04  0.1220E-06  0.2364E-02  0.4130E-02  0.3362E+02
   -2.406265   15.87370  0.5019E-11  0.3414E-04  0.1276E-06  0.2016E-02  0.3675E-02  0.1835E+03
   -2.475013   15.87397  0.5019E-11  0.3251E-04  0.1391E-06  0.1239E-02  0.3255E-02  0.2566E+03
   -2.543760   15.87439  0.5019E-11  0.3051E-04  0.1642E-06  0.7900E-03  0.2840E-02  0.6981E+04
   -2.612507   15.87503  0.5019E-11  0.2754E-04  0.2333E-06  0.4557E-03  0.2402E-02 -0.5257E+00
   -2.681254   15.87614  0.5019E-11  0.1630E-04  0.7834E-06  0.6500E-04  0.1899E-02 -0.2265E+05
   -2.749999   15.88408  0.5019E-11  0.0000E+00  0.0000E+00  0.0000E+00  0.1932E-02  0.0000E+00
