 1 - depth, m
 2 - temperature, C
 3 - salinity, kg/kg
 4 - turbulent kinetic energy, m**2/s**2
 5 - dissipation rate, m**2/s**3
 6 - kinematic heat conductance, m**2/s
 7 - modulus of horizontal velocity, m/s
 8 - Richardson number, n/d
   -0.000000   -0.00000  0.2161E-11  0.1219E-13  0.7603E-17  0.1000E-09  0.0000E+00  0.8185E+16
   -0.068746    0.12487  0.1306E-11  0.1219E-13  0.7603E-17  0.1000E-09  0.0000E+00  0.7852E+16
   -0.137492    0.24885  0.9386E-12  0.1219E-13  0.7603E-17  0.1000E-09  0.0000E+00  0.7543E+16
   -0.206239    0.37221  0.8082E-12  0.1219E-13  0.7603E-17  0.1000E-09  0.0000E+00  0.7254E+16
   -0.274987    0.49523  0.7686E-12  0.1219E-13  0.7603E-17  0.1000E-09  0.0000E+00  0.6984E+16
   -0.343735    0.61817  0.7581E-12  0.1219E-13  0.7603E-17  0.1000E-09  0.0000E+00  0.6730E+16
   -0.412483    0.74129  0.7556E-12  0.1219E-13  0.7603E-17  0.1000E-09  0.0000E+00  0.6489E+16
   -0.481232    0.86485  0.7551E-12  0.1219E-13  0.7603E-17  0.1000E-09  0.0000E+00  0.6258E+16
   -0.549982    0.98911  0.7550E-12  0.1219E-13  0.7603E-17  0.1000E-09  0.0000E+00  0.6035E+16
   -0.618732    1.11429  0.7549E-12  0.1219E-13  0.7603E-17  0.1000E-09  0.0000E+00  0.5816E+16
   -0.687482    1.24060  0.7549E-12  0.1219E-13  0.7603E-17  0.1000E-09  0.0000E+00  0.5610E+16
   -0.756233    1.36847  0.7549E-12  0.1219E-13  0.7603E-17  0.1000E-09  0.0000E+00  0.5407E+16
   -0.824984    1.49822  0.7549E-12  0.1219E-13  0.7603E-17  0.1000E-09  0.0000E+00  0.5198E+16
   -0.893735    1.62998  0.7548E-12  0.5704E-13  0.8846E-17  0.1000E-09  0.0000E+00  0.4982E+16
   -0.962487    1.76386  0.7546E-12  0.1579E-12  0.1825E-16  0.1000E-09  0.0000E+00  0.4755E+16
   -1.031239    1.89996  0.7541E-12  0.3744E-12  0.4011E-16  0.1000E-09  0.0000E+00  0.4516E+16
   -1.099990    2.03831  0.7530E-12  0.8447E-12  0.8735E-16  0.1000E-09  0.0000E+00  0.4263E+16
   -1.168742    2.17892  0.7512E-12  0.1868E-11  0.1879E-15  0.1000E-09  0.0000E+00  0.3995E+16
   -1.237495    2.32179  0.7485E-12  0.4081E-11  0.4002E-15  0.1000E-09  0.0000E+00  0.3711E+16
   -1.306247    2.46685  0.7452E-12  0.8828E-11  0.8444E-15  0.1000E-09  0.0000E+00  0.3411E+16
   -1.374999    2.61401  0.7419E-12  0.1892E-10  0.1766E-14  0.1000E-09  0.0000E+00  0.3098E+16
   -1.443751    2.76328  0.7391E-12  0.4019E-10  0.3661E-14  0.1000E-09  0.0000E+00  0.2769E+16
   -1.512503    2.91455  0.7371E-12  0.8465E-10  0.7527E-14  0.1000E-09  0.0000E+00  0.2424E+16
   -1.581256    3.06762  0.7359E-12  0.1768E-09  0.1535E-13  0.1000E-09  0.0000E+00  0.2066E+16
   -1.650008    3.22227  0.7351E-12  0.3661E-09  0.3105E-13  0.1000E-09  0.0000E+00  0.1695E+16
   -1.718760    3.37823  0.7344E-12  0.7519E-09  0.6230E-13  0.2414E-09  0.0000E+00  0.1313E+16
   -1.787511    3.53520  0.7337E-12  0.1566E-08  0.1267E-12  0.6890E-09  0.0000E+00  0.9362E+15
   -1.856263    3.69530  0.7328E-12  0.3291E-08  0.2603E-12  0.2476E-08  0.0000E+00  0.5348E+15
   -1.925014    3.85731  0.7321E-12  0.6844E-08  0.5300E-12  0.2106E-07  0.0000E+00  0.1279E+15
   -1.993765    4.00460  0.7320E-12  0.7618E-08  0.5931E-12  0.3964E-04  0.0000E+00 -0.1789E+12
   -2.062516    4.00521  0.7320E-12  0.7951E-08  0.6266E-12  0.4032E-04  0.0000E+00 -0.1822E+12
   -2.131266    4.00582  0.7320E-12  0.8224E-08  0.6621E-12  0.4016E-04  0.0000E+00 -0.1889E+12
   -2.200016    4.00643  0.7320E-12  0.8438E-08  0.7012E-12  0.3921E-04  0.0000E+00 -0.1997E+12
   -2.268766    4.00705  0.7320E-12  0.8595E-08  0.7466E-12  0.3742E-04  0.0000E+00 -0.2161E+12
   -2.337515    4.00771  0.7320E-12  0.8696E-08  0.8041E-12  0.3459E-04  0.0000E+00 -0.2418E+12
   -2.406263    4.00842  0.7320E-12  0.8730E-08  0.8829E-12  0.3056E-04  0.0000E+00 -0.2839E+12
   -2.475011    4.00922  0.7320E-12  0.8674E-08  0.1003E-11  0.2511E-04  0.0000E+00 -0.3606E+12
   -2.543759    4.01020  0.7320E-12  0.8473E-08  0.1219E-11  0.1806E-04  0.0000E+00 -0.5296E+12
   -2.612506    4.01158  0.7320E-12  0.7944E-08  0.1747E-11  0.9459E-05  0.0000E+00 -0.1104E+13
   -2.681252    4.01423  0.7320E-12  0.5699E-08  0.5006E-11  0.1214E-05  0.0000E+00 -0.1176E+14
   -2.749998    4.03407  0.7320E-12  0.0000E+00  0.0000E+00  0.0000E+00  0.0000E+00  0.0000E+00
