 1 - depth, m
 2 - temperature, C
 3 - salinity, kg/kg
 4 - turbulent kinetic energy, m**2/s**2
 5 - dissipation rate, m**2/s**3
 6 - kinematic heat conductance, m**2/s
 7 - modulus of horizontal velocity, m/s
 8 - Richardson number, n/d
   -0.000000   -0.00000  0.2756E-16  0.1218E-13  0.7602E-17  0.1000E-09  0.0000E+00  0.3402E+16
   -0.068749    0.05139  0.0000E+00  0.1218E-13  0.7602E-17  0.1000E-09  0.0000E+00  0.4089E+16
   -0.137498    0.11412  0.1713E-11  0.1218E-13  0.7602E-17  0.1000E-09  0.0000E+00  0.4559E+16
   -0.206248    0.18538  0.6208E-11  0.1218E-13  0.7602E-17  0.1000E-09  0.0000E+00  0.4862E+16
   -0.274999    0.26296  0.1094E-10  0.1218E-13  0.7602E-17  0.1000E-09  0.0000E+00  0.5054E+16
   -0.343750    0.34548  0.1404E-10  0.1218E-13  0.7602E-17  0.1000E-09  0.0000E+00  0.5176E+16
   -0.412502    0.43210  0.1517E-10  0.1218E-13  0.7602E-17  0.1000E-09  0.0000E+00  0.5250E+16
   -0.481254    0.52231  0.1491E-10  0.1218E-13  0.7602E-17  0.1000E-09  0.0000E+00  0.5287E+16
   -0.550007    0.61572  0.1405E-10  0.1218E-13  0.7602E-17  0.1000E-09  0.0000E+00  0.5289E+16
   -0.618760    0.71200  0.1314E-10  0.1218E-13  0.7602E-17  0.1000E-09  0.0000E+00  0.5261E+16
   -0.687514    0.81083  0.1241E-10  0.1218E-13  0.7602E-17  0.1000E-09  0.0000E+00  0.5199E+16
   -0.756267    0.91178  0.1193E-10  0.1218E-13  0.7602E-17  0.1000E-09  0.0000E+00  0.5107E+16
   -0.825022    1.01446  0.1165E-10  0.1218E-13  0.7602E-17  0.1000E-09  0.0000E+00  0.4993E+16
   -0.893776    1.11860  0.1149E-10  0.1218E-13  0.7602E-17  0.1000E-09  0.0000E+00  0.4862E+16
   -0.962531    1.22395  0.1142E-10  0.1218E-13  0.7602E-17  0.1000E-09  0.0000E+00  0.4716E+16
   -1.031285    1.33031  0.1138E-10  0.1218E-13  0.7602E-17  0.1000E-09  0.0000E+00  0.4558E+16
   -1.100041    1.43753  0.1136E-10  0.1218E-13  0.7602E-17  0.1000E-09  0.0000E+00  0.4393E+16
   -1.168796    1.54551  0.1135E-10  0.1218E-13  0.7602E-17  0.1000E-09  0.0000E+00  0.4222E+16
   -1.237551    1.65418  0.1134E-10  0.1218E-13  0.7602E-17  0.1000E-09  0.0000E+00  0.4046E+16
   -1.306306    1.76352  0.1133E-10  0.1218E-13  0.7602E-17  0.1000E-09  0.0000E+00  0.3869E+16
   -1.375062    1.87354  0.1131E-10  0.1218E-13  0.7602E-17  0.1000E-09  0.0000E+00  0.3692E+16
   -1.443817    1.98439  0.1129E-10  0.1218E-13  0.7602E-17  0.1000E-09  0.0000E+00  0.3517E+16
   -1.512572    2.09621  0.1127E-10  0.1218E-13  0.7602E-17  0.1000E-09  0.0000E+00  0.3343E+16
   -1.581328    2.20924  0.1124E-10  0.1218E-13  0.7602E-17  0.1000E-09  0.0000E+00  0.3176E+16
   -1.650083    2.32393  0.1121E-10  0.1218E-13  0.7602E-17  0.1000E-09  0.0000E+00  0.3024E+16
   -1.718838    2.44124  0.1119E-10  0.1218E-13  0.7602E-17  0.1000E-09  0.0000E+00  0.2896E+16
   -1.787593    2.56286  0.1117E-10  0.1218E-13  0.7602E-17  0.1000E-09  0.0000E+00  0.2597E+16
   -1.856347    2.68175  0.1115E-10  0.1218E-13  0.7602E-17  0.1000E-09  0.0000E+00  0.2306E+16
   -1.925102    2.79748  0.1113E-10  0.1218E-13  0.7602E-17  0.1000E-09  0.0000E+00  0.2007E+16
   -1.993856    2.90852  0.1112E-10  0.1218E-13  0.7602E-17  0.1000E-09  0.0000E+00  0.1731E+16
   -2.062610    3.01462  0.1110E-10  0.1218E-13  0.7602E-17  0.1000E-09  0.0000E+00  0.1564E+16
   -2.131363    3.12180  0.1109E-10  0.1218E-13  0.7602E-17  0.1000E-09  0.0000E+00  0.1401E+16
   -2.200116    3.23077  0.1108E-10  0.1218E-13  0.7602E-17  0.1000E-09  0.0000E+00  0.1237E+16
   -2.268869    3.34235  0.1107E-10  0.1218E-13  0.7602E-17  0.1000E-09  0.0000E+00  0.1050E+16
   -2.337621    3.45532  0.1106E-10  0.2931E-13  0.2307E-16  0.1000E-09  0.0000E+00  0.8535E+15
   -2.406373    3.56936  0.1106E-10  0.2100E-12  0.1624E-15  0.1000E-09  0.0000E+00  0.6532E+15
   -2.475124    3.68467  0.1105E-10  0.1588E-11  0.1195E-14  0.1000E-09  0.0000E+00  0.4471E+15
   -2.543875    3.80138  0.1105E-10  0.1206E-10  0.8882E-14  0.1775E-09  0.0000E+00  0.2351E+15
   -2.612625    3.92048  0.1105E-10  0.9404E-10  0.6910E-13  0.9263E-08  0.0000E+00  0.1838E+14
   -2.681374    4.03175  0.1105E-10  0.6785E-09  0.6287E-12  0.2628E-06  0.0000E+00 -0.2398E+14
   -2.750123    4.05794  0.1105E-10  0.0000E+00  0.0000E+00  0.0000E+00  0.0000E+00  0.0000E+00
