 1 - depth, m
 2 - temperature, C
 3 - salinity, kg/kg
 4 - turbulent kinetic energy, m**2/s**2
 5 - dissipation rate, m**2/s**3
 6 - kinematic heat conductance, m**2/s
 7 - modulus of horizontal velocity, m/s
 8 - Richardson number, n/d
   -0.000000   -0.00000  0.2381E-10  0.1219E-13  0.7603E-17  0.1000E-09  0.0000E+00  0.8538E+16
   -0.068746    0.13035  0.1604E-10  0.1219E-13  0.7603E-17  0.1000E-09  0.0000E+00  0.8194E+16
   -0.137492    0.26004  0.1160E-10  0.1219E-13  0.7603E-17  0.1000E-09  0.0000E+00  0.7864E+16
   -0.206239    0.38918  0.9675E-11  0.1219E-13  0.7603E-17  0.1000E-09  0.0000E+00  0.7545E+16
   -0.274987    0.51788  0.8980E-11  0.1219E-13  0.7603E-17  0.1000E-09  0.0000E+00  0.7236E+16
   -0.343735    0.64626  0.8761E-11  0.1219E-13  0.7603E-17  0.1000E-09  0.0000E+00  0.6937E+16
   -0.412483    0.77444  0.8699E-11  0.1219E-13  0.7603E-17  0.1000E-09  0.0000E+00  0.6647E+16
   -0.481233    0.90251  0.8684E-11  0.1219E-13  0.7603E-17  0.1000E-09  0.0000E+00  0.6363E+16
   -0.549982    1.03060  0.8680E-11  0.1219E-13  0.7603E-17  0.1000E-09  0.0000E+00  0.6085E+16
   -0.618732    1.15879  0.8679E-11  0.1219E-13  0.7603E-17  0.1000E-09  0.0000E+00  0.5812E+16
   -0.687482    1.28718  0.8679E-11  0.1219E-13  0.7603E-17  0.1000E-09  0.0000E+00  0.5549E+16
   -0.756233    1.41603  0.8679E-11  0.1219E-13  0.7603E-17  0.1000E-09  0.0000E+00  0.5292E+16
   -0.824984    1.54553  0.8678E-11  0.1219E-13  0.7603E-17  0.1000E-09  0.0000E+00  0.5034E+16
   -0.893735    1.67573  0.8676E-11  0.1219E-13  0.7603E-17  0.1000E-09  0.0000E+00  0.4774E+16
   -0.962487    1.80667  0.8672E-11  0.2149E-13  0.7603E-17  0.1000E-09  0.0000E+00  0.4511E+16
   -1.031239    1.93836  0.8664E-11  0.7868E-13  0.9727E-17  0.1000E-09  0.0000E+00  0.4244E+16
   -1.099991    2.07081  0.8650E-11  0.1970E-12  0.1894E-16  0.1000E-09  0.0000E+00  0.3974E+16
   -1.168743    2.20399  0.8628E-11  0.4344E-12  0.3882E-16  0.1000E-09  0.0000E+00  0.3698E+16
   -1.237495    2.33789  0.8599E-11  0.9157E-12  0.7901E-16  0.1000E-09  0.0000E+00  0.3418E+16
   -1.306247    2.47244  0.8564E-11  0.1893E-11  0.1591E-15  0.1000E-09  0.0000E+00  0.3133E+16
   -1.374999    2.60758  0.8530E-11  0.3868E-11  0.3172E-15  0.1000E-09  0.0000E+00  0.2846E+16
   -1.443752    2.74331  0.8500E-11  0.7831E-11  0.6273E-15  0.1000E-09  0.0000E+00  0.2555E+16
   -1.512504    2.87955  0.8478E-11  0.1572E-10  0.1231E-14  0.1000E-09  0.0000E+00  0.2260E+16
   -1.581256    3.01619  0.8464E-11  0.3132E-10  0.2396E-14  0.1000E-09  0.0000E+00  0.1961E+16
   -1.650008    3.15308  0.8454E-11  0.6191E-10  0.4628E-14  0.1000E-09  0.0000E+00  0.1661E+16
   -1.718760    3.29005  0.8447E-11  0.1214E-09  0.8876E-14  0.1000E-09  0.0000E+00  0.1360E+16
   -1.787512    3.42703  0.8440E-11  0.2415E-09  0.1725E-13  0.1000E-09  0.0000E+00  0.1073E+16
   -1.856263    3.56581  0.8432E-11  0.4855E-09  0.3391E-13  0.2224E-09  0.0000E+00  0.7758E+15
   -1.925014    3.70644  0.8425E-11  0.9769E-09  0.6676E-13  0.7274E-09  0.0000E+00  0.4670E+15
   -1.993765    3.84880  0.8420E-11  0.1961E-08  0.1312E-12  0.4502E-08  0.0000E+00  0.1482E+15
   -2.062516    3.98931  0.8419E-11  0.2491E-08  0.1678E-12  0.1093E-04  0.0000E+00 -0.1130E+12
   -2.131267    3.99116  0.8419E-11  0.2766E-08  0.1919E-12  0.1352E-04  0.0000E+00 -0.1305E+12
   -2.200017    3.99265  0.8419E-11  0.3004E-08  0.2182E-12  0.1495E-04  0.0000E+00 -0.1479E+12
   -2.268766    3.99400  0.8419E-11  0.3208E-08  0.2480E-12  0.1547E-04  0.0000E+00 -0.1700E+12
   -2.337515    3.99530  0.8419E-11  0.3382E-08  0.2842E-12  0.1512E-04  0.0000E+00 -0.2018E+12
   -2.406264    3.99663  0.8419E-11  0.3519E-08  0.3315E-12  0.1387E-04  0.0000E+00 -0.2522E+12
   -2.475012    3.99809  0.8419E-11  0.3607E-08  0.4003E-12  0.1168E-04  0.0000E+00 -0.3445E+12
   -2.543760    3.99983  0.8419E-11  0.3614E-08  0.5184E-12  0.8474E-05  0.0000E+00 -0.5558E+12
   -2.612507    4.00224  0.8419E-11  0.3447E-08  0.7978E-12  0.4401E-05  0.0000E+00 -0.1339E+13
   -2.681253    4.00691  0.8419E-11  0.2640E-08  0.2197E-11  0.7309E-06  0.0000E+00 -0.1402E+14
   -2.749999    4.03337  0.8419E-11  0.0000E+00  0.0000E+00  0.0000E+00  0.0000E+00  0.0000E+00
