 1 - depth, m
 2 - temperature, C
 3 - salinity, kg/kg
 4 - turbulent kinetic energy, m**2/s**2
 5 - dissipation rate, m**2/s**3
 6 - kinematic heat conductance, m**2/s
 7 - modulus of horizontal velocity, m/s
 8 - Richardson number, n/d
   -0.000000   -0.00000  0.5119E-11  0.1219E-13  0.7603E-17  0.1000E-09  0.0000E+00  0.8816E+16
   -0.068746    0.13467  0.4246E-11  0.1219E-13  0.7603E-17  0.1000E-09  0.0000E+00  0.8489E+16
   -0.137492    0.26928  0.3310E-11  0.1219E-13  0.7603E-17  0.1000E-09  0.0000E+00  0.8159E+16
   -0.206239    0.40374  0.2714E-11  0.1219E-13  0.7603E-17  0.1000E-09  0.0000E+00  0.7828E+16
   -0.274987    0.53796  0.2412E-11  0.1219E-13  0.7603E-17  0.1000E-09  0.0000E+00  0.7496E+16
   -0.343735    0.67190  0.2282E-11  0.1219E-13  0.7603E-17  0.1000E-09  0.0000E+00  0.7167E+16
   -0.412484    0.80553  0.2233E-11  0.1219E-13  0.7603E-17  0.1000E-09  0.0000E+00  0.6839E+16
   -0.481233    0.93882  0.2216E-11  0.1219E-13  0.7603E-17  0.1000E-09  0.0000E+00  0.6515E+16
   -0.549983    1.07176  0.2211E-11  0.1219E-13  0.7603E-17  0.1000E-09  0.0000E+00  0.6194E+16
   -0.618733    1.20433  0.2209E-11  0.1219E-13  0.7603E-17  0.1000E-09  0.0000E+00  0.5877E+16
   -0.687483    1.33653  0.2209E-11  0.1219E-13  0.7603E-17  0.1000E-09  0.0000E+00  0.5567E+16
   -0.756234    1.46845  0.2208E-11  0.1219E-13  0.7603E-17  0.1000E-09  0.0000E+00  0.5263E+16
   -0.824985    1.60016  0.2208E-11  0.1219E-13  0.7603E-17  0.1000E-09  0.0000E+00  0.4961E+16
   -0.893736    1.73163  0.2207E-11  0.1219E-13  0.7603E-17  0.1000E-09  0.0000E+00  0.4661E+16
   -0.962488    1.86284  0.2206E-11  0.1219E-13  0.7603E-17  0.1000E-09  0.0000E+00  0.4362E+16
   -1.031240    1.99375  0.2203E-11  0.1219E-13  0.7603E-17  0.1000E-09  0.0000E+00  0.4066E+16
   -1.099991    2.12433  0.2199E-11  0.5794E-13  0.8863E-17  0.1000E-09  0.0000E+00  0.3772E+16
   -1.168744    2.25454  0.2193E-11  0.1599E-12  0.1819E-16  0.1000E-09  0.0000E+00  0.3481E+16
   -1.237496    2.38433  0.2186E-11  0.3772E-12  0.3974E-16  0.1000E-09  0.0000E+00  0.3192E+16
   -1.306248    2.51364  0.2179E-11  0.8464E-12  0.8604E-16  0.1000E-09  0.0000E+00  0.2906E+16
   -1.375000    2.64243  0.2171E-11  0.1861E-11  0.1840E-15  0.1000E-09  0.0000E+00  0.2624E+16
   -1.443753    2.77066  0.2165E-11  0.4040E-11  0.3894E-15  0.1000E-09  0.0000E+00  0.2346E+16
   -1.512505    2.89830  0.2159E-11  0.8684E-11  0.8162E-15  0.1000E-09  0.0000E+00  0.2071E+16
   -1.581257    3.02528  0.2155E-11  0.1849E-10  0.1696E-14  0.1000E-09  0.0000E+00  0.1801E+16
   -1.650009    3.15153  0.2152E-11  0.3903E-10  0.3492E-14  0.1000E-09  0.0000E+00  0.1536E+16
   -1.718761    3.27700  0.2150E-11  0.8166E-10  0.7131E-14  0.1000E-09  0.0000E+00  0.1276E+16
   -1.787513    3.40166  0.2148E-11  0.1732E-09  0.1476E-13  0.1000E-09  0.0000E+00  0.1026E+16
   -1.856265    3.52602  0.2146E-11  0.3710E-09  0.3086E-13  0.2017E-09  0.0000E+00  0.7785E+15
   -1.925016    3.65000  0.2144E-11  0.7941E-09  0.6452E-13  0.6160E-09  0.0000E+00  0.5329E+15
   -1.993767    3.77331  0.2143E-11  0.1695E-08  0.1346E-12  0.2358E-08  0.0000E+00  0.2904E+15
   -2.062518    3.89472  0.2142E-11  0.3498E-08  0.2719E-12  0.2154E-07  0.0000E+00  0.6404E+14
   -2.131268    4.00110  0.2142E-11  0.4150E-08  0.3248E-12  0.2222E-04  0.0000E+00 -0.1833E+12
   -2.200018    4.00187  0.2142E-11  0.4419E-08  0.3525E-12  0.2264E-04  0.0000E+00 -0.1886E+12
   -2.268768    4.00263  0.2142E-11  0.4624E-08  0.3820E-12  0.2232E-04  0.0000E+00 -0.2002E+12
   -2.337517    4.00339  0.2142E-11  0.4774E-08  0.4168E-12  0.2119E-04  0.0000E+00 -0.2207E+12
   -2.406266    4.00420  0.2142E-11  0.4866E-08  0.4618E-12  0.1912E-04  0.0000E+00 -0.2563E+12
   -2.475014    4.00509  0.2142E-11  0.4886E-08  0.5279E-12  0.1597E-04  0.0000E+00 -0.3235E+12
   -2.543761    4.00616  0.2142E-11  0.4797E-08  0.6434E-12  0.1158E-04  0.0000E+00 -0.4756E+12
   -2.612508    4.00763  0.2142E-11  0.4477E-08  0.9238E-12  0.5997E-05  0.0000E+00 -0.1014E+13
   -2.681255    4.01048  0.2142E-11  0.3152E-08  0.2513E-11  0.7792E-06  0.0000E+00 -0.1053E+14
   -2.750001    4.03023  0.2142E-11  0.0000E+00  0.0000E+00  0.0000E+00  0.0000E+00  0.0000E+00
