 1 - depth, m
 2 - temperature, C
 3 - salinity, kg/kg
 4 - turbulent kinetic energy, m**2/s**2
 5 - dissipation rate, m**2/s**3
 6 - kinematic heat conductance, m**2/s
 7 - modulus of horizontal velocity, m/s
 8 - Richardson number, n/d
   -0.000000   -0.00000  0.2253E-10  0.1219E-13  0.7603E-17  0.1000E-09  0.0000E+00  0.8031E+16
   -0.068746    0.12248  0.2155E-10  0.1219E-13  0.7603E-17  0.1000E-09  0.0000E+00  0.7765E+16
   -0.137492    0.24498  0.1813E-10  0.1219E-13  0.7603E-17  0.1000E-09  0.0000E+00  0.7496E+16
   -0.206239    0.36742  0.1511E-10  0.1219E-13  0.7603E-17  0.1000E-09  0.0000E+00  0.7225E+16
   -0.274987    0.48976  0.1319E-10  0.1219E-13  0.7603E-17  0.1000E-09  0.0000E+00  0.6952E+16
   -0.343735    0.61191  0.1216E-10  0.1219E-13  0.7603E-17  0.1000E-09  0.0000E+00  0.6679E+16
   -0.412484    0.73383  0.1168E-10  0.1219E-13  0.7603E-17  0.1000E-09  0.0000E+00  0.6404E+16
   -0.481233    0.85545  0.1148E-10  0.1219E-13  0.7603E-17  0.1000E-09  0.0000E+00  0.6130E+16
   -0.549983    0.97672  0.1140E-10  0.1219E-13  0.7603E-17  0.1000E-09  0.0000E+00  0.5857E+16
   -0.618733    1.09759  0.1137E-10  0.1219E-13  0.7603E-17  0.1000E-09  0.0000E+00  0.5585E+16
   -0.687483    1.21800  0.1136E-10  0.1219E-13  0.7603E-17  0.1000E-09  0.0000E+00  0.5318E+16
   -0.756234    1.33798  0.1136E-10  0.1219E-13  0.7603E-17  0.1000E-09  0.0000E+00  0.5055E+16
   -0.824985    1.45755  0.1135E-10  0.1219E-13  0.7603E-17  0.1000E-09  0.0000E+00  0.4794E+16
   -0.893736    1.57664  0.1135E-10  0.1219E-13  0.7603E-17  0.1000E-09  0.0000E+00  0.4534E+16
   -0.962488    1.69521  0.1134E-10  0.1219E-13  0.7603E-17  0.1000E-09  0.0000E+00  0.4277E+16
   -1.031239    1.81323  0.1133E-10  0.1219E-13  0.7603E-17  0.1000E-09  0.0000E+00  0.4023E+16
   -1.099991    1.93064  0.1132E-10  0.1219E-13  0.7603E-17  0.1000E-09  0.0000E+00  0.3772E+16
   -1.168744    2.04741  0.1130E-10  0.1219E-13  0.7603E-17  0.1000E-09  0.0000E+00  0.3525E+16
   -1.237496    2.16348  0.1127E-10  0.1219E-13  0.7603E-17  0.1000E-09  0.0000E+00  0.3280E+16
   -1.306248    2.27881  0.1124E-10  0.1219E-13  0.7603E-17  0.1000E-09  0.0000E+00  0.3040E+16
   -1.375000    2.39336  0.1121E-10  0.1219E-13  0.7603E-17  0.1000E-09  0.0000E+00  0.2805E+16
   -1.443753    2.50712  0.1118E-10  0.1219E-13  0.7603E-17  0.1000E-09  0.0000E+00  0.2575E+16
   -1.512505    2.62006  0.1116E-10  0.1219E-13  0.7603E-17  0.1000E-09  0.0000E+00  0.2349E+16
   -1.581257    2.73214  0.1114E-10  0.1219E-13  0.7603E-17  0.1000E-09  0.0000E+00  0.2128E+16
   -1.650009    2.84331  0.1112E-10  0.3373E-13  0.7833E-17  0.1000E-09  0.0000E+00  0.1911E+16
   -1.718761    2.95354  0.1111E-10  0.1048E-12  0.1883E-16  0.1000E-09  0.0000E+00  0.1700E+16
   -1.787513    3.06279  0.1110E-10  0.3029E-12  0.5108E-16  0.1000E-09  0.0000E+00  0.1496E+16
   -1.856264    3.17117  0.1109E-10  0.8567E-12  0.1394E-15  0.1000E-09  0.0000E+00  0.1297E+16
   -1.925016    3.27859  0.1108E-10  0.2392E-11  0.3772E-15  0.1000E-09  0.0000E+00  0.1101E+16
   -1.993767    3.38490  0.1107E-10  0.6625E-11  0.1013E-14  0.1000E-09  0.0000E+00  0.9115E+15
   -2.062518    3.48999  0.1106E-10  0.1777E-10  0.2638E-14  0.1000E-09  0.0000E+00  0.7310E+15
   -2.131268    3.59431  0.1105E-10  0.4697E-10  0.6772E-14  0.1000E-09  0.0000E+00  0.5551E+15
   -2.200018    3.69790  0.1105E-10  0.1229E-09  0.1720E-13  0.2282E-09  0.0000E+00  0.3829E+15
   -2.268768    3.80063  0.1105E-10  0.3208E-09  0.4366E-13  0.1030E-08  0.0000E+00  0.2150E+15
   -2.337517    3.90210  0.1105E-10  0.8415E-09  0.1114E-12  0.1023E-07  0.0000E+00  0.5472E+14
   -2.406266    3.99680  0.1105E-10  0.1577E-08  0.2095E-12  0.4921E-05  0.0000E+00 -0.5255E+12
   -2.475014    3.99962  0.1105E-10  0.1892E-08  0.2755E-12  0.5147E-05  0.0000E+00 -0.6197E+12
   -2.543761    4.00232  0.1105E-10  0.2076E-08  0.3646E-12  0.4368E-05  0.0000E+00 -0.8745E+12
   -2.612508    4.00549  0.1105E-10  0.2079E-08  0.5420E-12  0.2598E-05  0.0000E+00 -0.1803E+13
   -2.681255    4.01077  0.1105E-10  0.1639E-08  0.1288E-11  0.5060E-06  0.0000E+00 -0.1316E+14
   -2.750001    4.03405  0.1105E-10  0.0000E+00  0.0000E+00  0.0000E+00  0.0000E+00  0.0000E+00
