 1 - depth, m
 2 - temperature, C
 3 - salinity, kg/kg
 4 - turbulent kinetic energy, m**2/s**2
 5 - dissipation rate, m**2/s**3
 6 - kinematic heat conductance, m**2/s
 7 - modulus of horizontal velocity, m/s
 8 - Richardson number, n/d
   -0.000000   -0.00000  0.9813E-15  0.1218E-13  0.7602E-17  0.1000E-09  0.0000E+00  0.7738E+16
   -0.068749    0.11879  0.1013E-16  0.1218E-13  0.7602E-17  0.1000E-09  0.0000E+00  0.3845E+16
   -0.137498    0.17940  0.5749E-13  0.1218E-13  0.7602E-17  0.1000E-09  0.0000E+00  0.2650E+16
   -0.206248    0.22136  0.0000E+00  0.1218E-13  0.7602E-17  0.1000E-09  0.0000E+00  0.2476E+16
   -0.274999    0.26081  0.2585E-11  0.1218E-13  0.7602E-17  0.1000E-09  0.0000E+00  0.2654E+16
   -0.343750    0.30361  0.1293E-10  0.1218E-13  0.7602E-17  0.1000E-09  0.0000E+00  0.2933E+16
   -0.412502    0.35160  0.2601E-10  0.1218E-13  0.7602E-17  0.1000E-09  0.0000E+00  0.3218E+16
   -0.481254    0.40511  0.3670E-10  0.1218E-13  0.7602E-17  0.1000E-09  0.0000E+00  0.3476E+16
   -0.550006    0.46394  0.4270E-10  0.1218E-13  0.7602E-17  0.1000E-09  0.0000E+00  0.3698E+16
   -0.618759    0.52772  0.4439E-10  0.1218E-13  0.7602E-17  0.1000E-09  0.0000E+00  0.3884E+16
   -0.687513    0.59613  0.4334E-10  0.1218E-13  0.7602E-17  0.1000E-09  0.0000E+00  0.4016E+16
   -0.756267    0.66845  0.4112E-10  0.1218E-13  0.7602E-17  0.1000E-09  0.0000E+00  0.4105E+16
   -0.825021    0.74415  0.3880E-10  0.1218E-13  0.7602E-17  0.1000E-09  0.0000E+00  0.4165E+16
   -0.893775    0.82291  0.3691E-10  0.1218E-13  0.7602E-17  0.1000E-09  0.0000E+00  0.4198E+16
   -0.962530    0.90447  0.3558E-10  0.1218E-13  0.7602E-17  0.1000E-09  0.0000E+00  0.4208E+16
   -1.031284    0.98858  0.3473E-10  0.1218E-13  0.7602E-17  0.1000E-09  0.0000E+00  0.4197E+16
   -1.100039    1.07502  0.3424E-10  0.1218E-13  0.7602E-17  0.1000E-09  0.0000E+00  0.4168E+16
   -1.168794    1.16361  0.3396E-10  0.1218E-13  0.7602E-17  0.1000E-09  0.0000E+00  0.4123E+16
   -1.237550    1.25420  0.3381E-10  0.1218E-13  0.7602E-17  0.1000E-09  0.0000E+00  0.4063E+16
   -1.306305    1.34667  0.3372E-10  0.1218E-13  0.7602E-17  0.1000E-09  0.0000E+00  0.3988E+16
   -1.375060    1.44084  0.3366E-10  0.1218E-13  0.7602E-17  0.1000E-09  0.0000E+00  0.3929E+16
   -1.443815    1.53731  0.3360E-10  0.1218E-13  0.7602E-17  0.1000E-09  0.0000E+00  0.3882E+16
   -1.512571    1.63668  0.3353E-10  0.1218E-13  0.7602E-17  0.1000E-09  0.0000E+00  0.3872E+16
   -1.581326    1.74034  0.3345E-10  0.1218E-13  0.7602E-17  0.1000E-09  0.0000E+00  0.3991E+16
   -1.650081    1.85269  0.3335E-10  0.1218E-13  0.7602E-17  0.1000E-09  0.0000E+00  0.4496E+16
   -1.718836    1.98725  0.3326E-10  0.1240E-13  0.7898E-17  0.1000E-09  0.0000E+00  0.5750E+16
   -1.787591    2.17595  0.3316E-10  0.1886E-13  0.1320E-16  0.1000E-09  0.0000E+00  0.4214E+16
   -1.856345    2.32885  0.3307E-10  0.7887E-13  0.5914E-16  0.1000E-09  0.0000E+00  0.3326E+16
   -1.925099    2.46016  0.3298E-10  0.5636E-12  0.4120E-15  0.1000E-09  0.0000E+00  0.2389E+16
   -1.993854    2.56049  0.3291E-10  0.4285E-11  0.3010E-14  0.1124E-09  0.0000E+00  0.1649E+16
   -2.062607    2.63246  0.3286E-10  0.3076E-10  0.2096E-13  0.1530E-09  0.0000E+00  0.2030E+16
   -2.131361    2.72920  0.3281E-10  0.2155E-09  0.1416E-12  0.3848E-09  0.0000E+00  0.2250E+16
   -2.200114    2.84803  0.3278E-10  0.1450E-08  0.9201E-12  0.1360E-08  0.0000E+00  0.2608E+16
   -2.268866    3.01136  0.3275E-10  0.8929E-08  0.5511E-11  0.1081E-07  0.0000E+00  0.2350E+16
   -2.337618    3.23846  0.3272E-10  0.1808E-07  0.1173E-10  0.6335E-05  0.0000E+00  0.1728E+16
   -2.406370    3.43577  0.3270E-10  0.2626E-07  0.1827E-10  0.1297E-04  0.0000E+00  0.1301E+16
   -2.475121    3.59890  0.3268E-10  0.3346E-07  0.2571E-10  0.1644E-04  0.0000E+00  0.9711E+15
   -2.543872    3.73765  0.3267E-10  0.3942E-07  0.3548E-10  0.1660E-04  0.0000E+00  0.7174E+15
   -2.612622    3.86475  0.3266E-10  0.4302E-07  0.5249E-10  0.1233E-04  0.0000E+00  0.4314E+15
   -2.681371    3.99240  0.3265E-10  0.3658E-07  0.1354E-09  0.2578E-05  0.0000E+00 -0.2971E+14
   -2.750120    4.11883  0.3265E-10  0.0000E+00  0.0000E+00  0.0000E+00  0.0000E+00  0.0000E+00
