 1 - depth, m
 2 - temperature, C
 3 - salinity, kg/kg
 4 - turbulent kinetic energy, m**2/s**2
 5 - dissipation rate, m**2/s**3
 6 - kinematic heat conductance, m**2/s
 7 - modulus of horizontal velocity, m/s
 8 - Richardson number, n/d
   -0.000000   16.29644  0.1134E-10  0.9326E-04  0.2352E-04  0.8801E-04  0.8869E-01 -0.6394E+00
   -0.068746   16.39036  0.1134E-10  0.5585E-04  0.5271E-05  0.1456E-03  0.3990E-01 -0.7672E+00
   -0.137492   16.40734  0.1134E-10  0.4528E-04  0.2157E-05  0.1982E-03  0.3219E-01 -0.7066E-01
   -0.206239   16.41772  0.1134E-10  0.3989E-04  0.1095E-05  0.2663E-03  0.2789E-01 -0.9717E-01
   -0.274987   16.42497  0.1134E-10  0.3685E-04  0.6495E-06  0.3710E-03  0.2481E-01  0.1654E+01
   -0.343735   16.43017  0.1134E-10  0.3513E-04  0.4365E-06  0.5334E-03  0.2250E-01  0.3887E+03
   -0.412483   16.43395  0.1134E-10  0.3419E-04  0.3227E-06  0.7132E-03  0.2071E-01  0.8502E+02
   -0.481233   16.43673  0.1134E-10  0.3372E-04  0.2562E-06  0.9933E-03  0.1929E-01  0.2414E+03
   -0.549982   16.43872  0.1134E-10  0.3354E-04  0.2142E-06  0.1319E-02  0.1812E-01  0.4741E+03
   -0.618732   16.44010  0.1134E-10  0.3356E-04  0.1856E-06  0.1555E-02  0.1712E-01  0.2333E+04
   -0.687482   16.44114  0.1134E-10  0.3369E-04  0.1648E-06  0.1735E-02  0.1620E-01  0.5073E+04
   -0.756233   16.44200  0.1134E-10  0.3387E-04  0.1487E-06  0.1872E-02  0.1533E-01  0.3072E+04
   -0.824984   16.44276  0.1134E-10  0.3407E-04  0.1358E-06  0.1985E-02  0.1451E-01  0.2175E+04
   -0.893735   16.44346  0.1134E-10  0.3426E-04  0.1253E-06  0.2091E-02  0.1372E-01  0.5747E+03
   -0.962487   16.44409  0.1134E-10  0.3441E-04  0.1164E-06  0.2196E-02  0.1296E-01  0.5376E+03
   -1.031239   16.44468  0.1134E-10  0.3452E-04  0.1089E-06  0.2301E-02  0.1222E-01  0.4328E+04
   -1.099991   16.44522  0.1134E-10  0.3457E-04  0.1024E-06  0.2403E-02  0.1151E-01  0.2674E+03
   -1.168743   16.44572  0.1134E-10  0.3455E-04  0.9682E-07  0.2501E-02  0.1081E-01  0.1180E+03
   -1.237495   16.44619  0.1134E-10  0.3446E-04  0.9190E-07  0.2593E-02  0.1013E-01  0.1857E+03
   -1.306247   16.44662  0.1134E-10  0.3428E-04  0.8755E-07  0.2674E-02  0.9459E-02  0.3591E+03
   -1.374999   16.44703  0.1134E-10  0.3402E-04  0.8367E-07  0.2743E-02  0.8801E-02  0.2394E+03
   -1.443752   16.44741  0.1134E-10  0.3367E-04  0.8018E-07  0.2794E-02  0.8153E-02  0.8948E+04
   -1.512504   16.44778  0.1134E-10  0.3321E-04  0.7702E-07  0.2825E-02  0.7513E-02  0.2113E+04
   -1.581256   16.44812  0.1134E-10  0.3266E-04  0.7413E-07  0.2832E-02  0.6880E-02  0.4883E+04
   -1.650008   16.44845  0.1134E-10  0.3200E-04  0.7146E-07  0.2817E-02  0.6252E-02  0.1448E+05
   -1.718760   16.44877  0.1134E-10  0.3122E-04  0.6897E-07  0.2773E-02  0.5629E-02  0.8497E+06
   -1.787512   16.44908  0.1134E-10  0.3028E-04  0.6651E-07  0.2706E-02  0.5005E-02  0.3206E+02
   -1.856263   16.44940  0.1134E-10  0.2920E-04  0.6419E-07  0.2620E-02  0.4449E-02  0.9016E+01
   -1.925014   16.44971  0.1134E-10  0.2799E-04  0.6216E-07  0.2523E-02  0.3950E-02  0.4326E+01
   -1.993765   16.45004  0.1134E-10  0.2669E-04  0.6059E-07  0.2423E-02  0.3507E-02  0.2722E+01
   -2.062516   16.45037  0.1134E-10  0.2537E-04  0.5971E-07  0.2324E-02  0.3111E-02  0.2079E+01
   -2.131266   16.45071  0.1134E-10  0.2405E-04  0.5969E-07  0.2224E-02  0.2746E-02  0.1605E+01
   -2.200016   16.45105  0.1134E-10  0.2276E-04  0.6071E-07  0.2118E-02  0.2407E-02  0.1244E+01
   -2.268766   16.45140  0.1134E-10  0.2150E-04  0.6313E-07  0.1996E-02  0.2095E-02  0.9877E+00
   -2.337515   16.45177  0.1134E-10  0.2023E-04  0.6837E-07  0.1794E-02  0.1819E-02  0.5589E+01
   -2.406264   16.45223  0.1134E-10  0.1885E-04  0.7961E-07  0.1593E-02  0.1569E-02  0.7331E+02
   -2.475012   16.45282  0.1134E-10  0.1711E-04  0.1037E-06  0.1235E-02  0.1341E-02  0.2905E+03
   -2.543759   16.45393  0.1134E-10  0.1495E-04  0.1467E-06  0.9655E-03  0.1095E-02  0.2482E+03
   -2.612506   16.45482  0.1134E-10  0.1219E-04  0.2821E-06  0.4153E-03  0.8711E-03  0.1318E+03
   -2.681253   16.45894  0.1134E-10  0.7578E-05  0.8012E-06  0.1666E-03  0.5641E-03 -0.1194E+04
   -2.749999   16.46543  0.1134E-10  0.0000E+00  0.0000E+00  0.0000E+00  0.7893E-03  0.0000E+00
