 1 - depth, m
 2 - temperature, C
 3 - salinity, kg/kg
 4 - turbulent kinetic energy, m**2/s**2
 5 - dissipation rate, m**2/s**3
 6 - kinematic heat conductance, m**2/s
 7 - modulus of horizontal velocity, m/s
 8 - Richardson number, n/d
   -0.000000   13.49583  0.3795E-11  0.7834E-05  0.2500E-06  0.3000E-04  0.1333E-01 -0.1582E+00
   -0.068746   13.55560  0.3795E-11  0.9041E-05  0.8337E-07  0.1944E-03  0.7526E-02 -0.5580E+00
   -0.137492   13.56461  0.3795E-11  0.9517E-05  0.5930E-07  0.5403E-03  0.6426E-02  0.2429E+01
   -0.206239   13.56770  0.3795E-11  0.9957E-05  0.4990E-07  0.6270E-03  0.6077E-02  0.1768E+01
   -0.274987   13.57027  0.3795E-11  0.1046E-04  0.4328E-07  0.7913E-03  0.5729E-02  0.2180E+01
   -0.343735   13.57224  0.3795E-11  0.1098E-04  0.3846E-07  0.9688E-03  0.5414E-02  0.2467E+01
   -0.412484   13.57380  0.3795E-11  0.1149E-04  0.3477E-07  0.1166E-02  0.5118E-02  0.2704E+01
   -0.481233   13.57505  0.3795E-11  0.1198E-04  0.3185E-07  0.1318E-02  0.4839E-02  0.2855E+01
   -0.549982   13.57613  0.3795E-11  0.1244E-04  0.2948E-07  0.1409E-02  0.4574E-02  0.2942E+01
   -0.618733   13.57711  0.3795E-11  0.1286E-04  0.2752E-07  0.1490E-02  0.4320E-02  0.3006E+01
   -0.687483   13.57802  0.3795E-11  0.1323E-04  0.2587E-07  0.1572E-02  0.4077E-02  0.3056E+01
   -0.756234   13.57885  0.3795E-11  0.1355E-04  0.2445E-07  0.1655E-02  0.3842E-02  0.3094E+01
   -0.824985   13.57962  0.3795E-11  0.1382E-04  0.2323E-07  0.1738E-02  0.3615E-02  0.3119E+01
   -0.893736   13.58033  0.3795E-11  0.1404E-04  0.2217E-07  0.1819E-02  0.3394E-02  0.3133E+01
   -0.962488   13.58099  0.3795E-11  0.1421E-04  0.2124E-07  0.1897E-02  0.3180E-02  0.3135E+01
   -1.031239   13.58161  0.3795E-11  0.1432E-04  0.2042E-07  0.1969E-02  0.2971E-02  0.3127E+01
   -1.099991   13.58219  0.3795E-11  0.1437E-04  0.1971E-07  0.2032E-02  0.2767E-02  0.3109E+01
   -1.168743   13.58274  0.3795E-11  0.1438E-04  0.1909E-07  0.2083E-02  0.2567E-02  0.3082E+01
   -1.237496   13.58326  0.3795E-11  0.1433E-04  0.1856E-07  0.2120E-02  0.2373E-02  0.3045E+01
   -1.306248   13.58375  0.3795E-11  0.1423E-04  0.1810E-07  0.2141E-02  0.2182E-02  0.2999E+01
   -1.375000   13.58423  0.3795E-11  0.1408E-04  0.1773E-07  0.2146E-02  0.1995E-02  0.2943E+01
   -1.443753   13.58470  0.3795E-11  0.1389E-04  0.1744E-07  0.2135E-02  0.1812E-02  0.2874E+01
   -1.512505   13.58515  0.3795E-11  0.1366E-04  0.1723E-07  0.2110E-02  0.1633E-02  0.2792E+01
   -1.581257   13.58560  0.3795E-11  0.1339E-04  0.1711E-07  0.2074E-02  0.1458E-02  0.2695E+01
   -1.650009   13.58604  0.3795E-11  0.1309E-04  0.1708E-07  0.2030E-02  0.1286E-02  0.2580E+01
   -1.718761   13.58648  0.3795E-11  0.1277E-04  0.1715E-07  0.1984E-02  0.1119E-02  0.2442E+01
   -1.787513   13.58691  0.3795E-11  0.1243E-04  0.1732E-07  0.2030E-02  0.9556E-03  0.1900E+01
   -1.856264   13.58733  0.3795E-11  0.1209E-04  0.1762E-07  0.2145E-02  0.8216E-03  0.1563E+01
   -1.925016   13.58772  0.3795E-11  0.1175E-04  0.1804E-07  0.2219E-02  0.7143E-03  0.1309E+01
   -1.993767   13.58810  0.3795E-11  0.1143E-04  0.1859E-07  0.2105E-02  0.6290E-03  0.1114E+01
   -2.062518   13.58849  0.3795E-11  0.1112E-04  0.1926E-07  0.1934E-02  0.5605E-03  0.9765E+00
   -2.131268   13.58890  0.3795E-11  0.1084E-04  0.2006E-07  0.1775E-02  0.5030E-03  0.8520E+00
   -2.200018   13.58935  0.3795E-11  0.1057E-04  0.2105E-07  0.1630E-02  0.4536E-03  0.7933E+00
   -2.268768   13.58982  0.3795E-11  0.1031E-04  0.2236E-07  0.1510E-02  0.4103E-03  0.8904E+00
   -2.337517   13.59032  0.3795E-11  0.1001E-04  0.2434E-07  0.1328E-02  0.3705E-03  0.1305E+01
   -2.406265   13.59089  0.3795E-11  0.9633E-05  0.2765E-07  0.1212E-02  0.3310E-03  0.4303E+01
   -2.475014   13.59151  0.3795E-11  0.9084E-05  0.3522E-07  0.8888E-03  0.2926E-03  0.2241E+02
   -2.543761   13.59277  0.3795E-11  0.8154E-05  0.5139E-07  0.7349E-03  0.2373E-03  0.9821E+03
   -2.612508   13.59392  0.3795E-11  0.6578E-05  0.9440E-07  0.3718E-03  0.1892E-03  0.1368E+04
   -2.681255   13.59924  0.3795E-11  0.4017E-05  0.2941E-06  0.1296E-03  0.1103E-03 -0.1455E+05
   -2.750000   13.60623  0.3795E-11  0.0000E+00  0.0000E+00  0.0000E+00  0.1613E-03  0.0000E+00
