 1 - depth, m
 2 - temperature, C
 3 - salinity, kg/kg
 4 - turbulent kinetic energy, m**2/s**2
 5 - dissipation rate, m**2/s**3
 6 - kinematic heat conductance, m**2/s
 7 - modulus of horizontal velocity, m/s
 8 - Richardson number, n/d
   -0.000000   -0.00000  0.2513E-11  0.1452E-13  0.7604E-17  0.1000E-09  0.1946E-47  0.4479E+16
   -0.068745    0.06781  0.1505E-11  0.1747E-13  0.7604E-17  0.1000E-09  0.1543E-47  0.3866E+16
   -0.137492    0.12736  0.1327E-11  0.2437E-13  0.7605E-17  0.1000E-09  0.1290E-47  0.3252E+16
   -0.206238    0.17823  0.1295E-11  0.3528E-13  0.7656E-17  0.1000E-09  0.1102E-47  0.2662E+16
   -0.274986    0.22040  0.1291E-11  0.4956E-13  0.7796E-17  0.1000E-09  0.9417E-48  0.2115E+16
   -0.343734    0.25428  0.1291E-11  0.6627E-13  0.8021E-17  0.1000E-09  0.7966E-48  0.1631E+16
   -0.412482    0.28064  0.1290E-11  0.8434E-13  0.8309E-17  0.1000E-09  0.6658E-48  0.1224E+16
   -0.481231    0.30053  0.1290E-11  0.1027E-12  0.8635E-17  0.1000E-09  0.5506E-48  0.9001E+15
   -0.549980    0.31524  0.1290E-11  0.1201E-12  0.8969E-17  0.1000E-09  0.4513E-48  0.6649E+15
   -0.618730    0.32615  0.1290E-11  0.1357E-12  0.9284E-17  0.1000E-09  0.3671E-48  0.5189E+15
   -0.687480    0.33469  0.1290E-11  0.1485E-12  0.9554E-17  0.1000E-09  0.2966E-48  0.4709E+15
   -0.756230    0.34245  0.1290E-11  0.1576E-12  0.9759E-17  0.1000E-09  0.2382E-48  0.5198E+15
   -0.824981    0.35105  0.1290E-11  0.1624E-12  0.9881E-17  0.1000E-09  0.1900E-48  0.6657E+15
   -0.893732    0.36209  0.1290E-11  0.1624E-12  0.9909E-17  0.1000E-09  0.1507E-48  0.9163E+15
   -0.962483    0.37734  0.1290E-11  0.1576E-12  0.9840E-17  0.1000E-09  0.1187E-48  0.1281E+16
   -1.031235    0.39877  0.1290E-11  0.1480E-12  0.9676E-17  0.1000E-09  0.9291E-49  0.1768E+16
   -1.099987    0.42858  0.1290E-11  0.1341E-12  0.9430E-17  0.1000E-09  0.7223E-49  0.2384E+16
   -1.168738    0.46920  0.1290E-11  0.1167E-12  0.9123E-17  0.1000E-09  0.5575E-49  0.3127E+16
   -1.237490    0.52324  0.1290E-11  0.9679E-13  0.8784E-17  0.1000E-09  0.4268E-49  0.3986E+16
   -1.306242    0.59346  0.1287E-11  0.7595E-13  0.8451E-17  0.1000E-09  0.3236E-49  0.4938E+16
   -1.374994    0.68262  0.1278E-11  0.5596E-13  0.8172E-17  0.1000E-09  0.2422E-49  0.6007E+16
   -1.443746    0.79463  0.1266E-11  0.4054E-13  0.8005E-17  0.1000E-09  0.1778E-49  0.7083E+16
   -1.512498    0.93228  0.1261E-11  0.4469E-13  0.1093E-16  0.1000E-09  0.1265E-49  0.8071E+16
   -1.581250    1.09753  0.1259E-11  0.1059E-12  0.2639E-16  0.1000E-09  0.8493E-50  0.8885E+16
   -1.650002    1.29174  0.1258E-11  0.3406E-12  0.8367E-16  0.1000E-09  0.5008E-50  0.9440E+16
   -1.718754    1.51552  0.1257E-11  0.1130E-11  0.2713E-15  0.1000E-09  0.1932E-50  0.9628E+16
   -1.787505    1.76793  0.1256E-11  0.3818E-11  0.8961E-15  0.1000E-09  0.1309E-51  0.8955E+16
   -1.856256    2.03293  0.1256E-11  0.1288E-10  0.2956E-14  0.1000E-09  0.8164E-53  0.8076E+16
   -1.925007    2.30873  0.1256E-11  0.4303E-10  0.9661E-14  0.1000E-09  0.4651E-54  0.7014E+16
   -1.993758    2.59325  0.1256E-11  0.1424E-09  0.3129E-13  0.1000E-09  0.2886E-55  0.5869E+16
   -2.062509    2.88812  0.1256E-11  0.4556E-09  0.9789E-13  0.1113E-09  0.2327E-56  0.4735E+16
   -2.131259    3.20511  0.1255E-11  0.1434E-08  0.3015E-12  0.4613E-09  0.1756E-57  0.3315E+16
   -2.200008    3.54991  0.1252E-11  0.4453E-08  0.9155E-12  0.3159E-08  0.1232E-58  0.1454E+16
   -2.268758    3.92741  0.1248E-11  0.1004E-07  0.2139E-11  0.5292E-05  0.5902E-60  0.4120E+14
   -2.337507    4.02260  0.1248E-11  0.1278E-07  0.2807E-11  0.2418E-04  0.1915E-61 -0.1295E+13
   -2.406255    4.02544  0.1248E-11  0.1397E-07  0.3220E-11  0.2412E-04  0.5475E-62 -0.1422E+13
   -2.475003    4.02818  0.1248E-11  0.1477E-07  0.3736E-11  0.2199E-04  0.1420E-62 -0.1700E+13
   -2.543750    4.03114  0.1248E-11  0.1514E-07  0.4542E-11  0.1757E-04  0.3159E-63 -0.2351E+13
   -2.612497    4.03484  0.1248E-11  0.1483E-07  0.6336E-11  0.1063E-04  0.5042E-64 -0.4559E+13
   -2.681243    4.04116  0.1248E-11  0.1188E-07  0.1635E-10  0.2049E-05  0.4038E-65 -0.3763E+14
   -2.749989    4.07547  0.1248E-11  0.0000E+00  0.0000E+00  0.0000E+00  0.4250E-65  0.0000E+00
