 1 - depth, m
 2 - temperature, C
 3 - salinity, kg/kg
 4 - turbulent kinetic energy, m**2/s**2
 5 - dissipation rate, m**2/s**3
 6 - kinematic heat conductance, m**2/s
 7 - modulus of horizontal velocity, m/s
 8 - Richardson number, n/d
   -0.000000   15.86890  0.1497E-10  0.4851E-04  0.9303E-05  0.6259E-04  0.5485E-01 -0.4179E+01
   -0.068746   15.93234  0.1497E-10  0.3183E-04  0.2117E-05  0.1199E-03  0.2767E-01 -0.1069E+00
   -0.137492   15.94584  0.1497E-10  0.2751E-04  0.8916E-06  0.2210E-03  0.2234E-01  0.1354E+02
   -0.206239   15.95350  0.1497E-10  0.2536E-04  0.4751E-06  0.3514E-03  0.1934E-01  0.6836E+01
   -0.274987   15.95854  0.1497E-10  0.2422E-04  0.2986E-06  0.5102E-03  0.1729E-01  0.9740E+01
   -0.343735   15.96201  0.1497E-10  0.2364E-04  0.2115E-06  0.7123E-03  0.1578E-01  0.7934E+01
   -0.412483   15.96449  0.1497E-10  0.2340E-04  0.1633E-06  0.9147E-03  0.1462E-01  0.3185E+02
   -0.481232   15.96626  0.1497E-10  0.2338E-04  0.1342E-06  0.1175E-02  0.1368E-01  0.2097E+03
   -0.549982   15.96752  0.1497E-10  0.2349E-04  0.1151E-06  0.1372E-02  0.1290E-01  0.9166E+03
   -0.618732   15.96848  0.1497E-10  0.2369E-04  0.1015E-06  0.1515E-02  0.1219E-01  0.3066E+03
   -0.687482   15.96928  0.1497E-10  0.2393E-04  0.9131E-07  0.1633E-02  0.1154E-01  0.5088E+03
   -0.756233   15.96998  0.1497E-10  0.2419E-04  0.8328E-07  0.1739E-02  0.1092E-01  0.6728E+03
   -0.824984   15.97062  0.1497E-10  0.2445E-04  0.7677E-07  0.1834E-02  0.1033E-01  0.1600E+04
   -0.893735   15.97122  0.1497E-10  0.2469E-04  0.7140E-07  0.1930E-02  0.9767E-02  0.1962E+03
   -0.962487   15.97177  0.1497E-10  0.2490E-04  0.6690E-07  0.2027E-02  0.9218E-02  0.9599E+02
   -1.031238   15.97229  0.1497E-10  0.2507E-04  0.6309E-07  0.2123E-02  0.8685E-02  0.7578E+02
   -1.099990   15.97278  0.1497E-10  0.2520E-04  0.5983E-07  0.2217E-02  0.8165E-02  0.5316E+02
   -1.168742   15.97325  0.1497E-10  0.2527E-04  0.5702E-07  0.2307E-02  0.7655E-02  0.3689E+02
   -1.237494   15.97369  0.1497E-10  0.2528E-04  0.5459E-07  0.2389E-02  0.7153E-02  0.3580E+02
   -1.306247   15.97411  0.1497E-10  0.2523E-04  0.5247E-07  0.2460E-02  0.6657E-02  0.4274E+02
   -1.374999   15.97451  0.1497E-10  0.2510E-04  0.5061E-07  0.2514E-02  0.6167E-02  0.7269E+02
   -1.443751   15.97491  0.1497E-10  0.2490E-04  0.4897E-07  0.2548E-02  0.5681E-02  0.1934E+03
   -1.512503   15.97529  0.1497E-10  0.2461E-04  0.4753E-07  0.2558E-02  0.5197E-02  0.2138E+03
   -1.581255   15.97567  0.1497E-10  0.2422E-04  0.4625E-07  0.2539E-02  0.4714E-02  0.1265E+04
   -1.650007   15.97605  0.1497E-10  0.2373E-04  0.4509E-07  0.2490E-02  0.4231E-02  0.3244E+04
   -1.718759   15.97644  0.1497E-10  0.2313E-04  0.4404E-07  0.2412E-02  0.3747E-02  0.9727E+04
   -1.787511   15.97683  0.1497E-10  0.2239E-04  0.4304E-07  0.2306E-02  0.3260E-02  0.1633E+02
   -1.856262   15.97725  0.1497E-10  0.2154E-04  0.4219E-07  0.2224E-02  0.2837E-02  0.5650E+01
   -1.925014   15.97767  0.1497E-10  0.2061E-04  0.4163E-07  0.2165E-02  0.2471E-02  0.3065E+01
   -1.993765   15.97811  0.1497E-10  0.1962E-04  0.4148E-07  0.2115E-02  0.2159E-02  0.2086E+01
   -2.062515   15.97856  0.1497E-10  0.1864E-04  0.4186E-07  0.2033E-02  0.1892E-02  0.1663E+01
   -2.131266   15.97902  0.1497E-10  0.1768E-04  0.4287E-07  0.1924E-02  0.1653E-02  0.1342E+01
   -2.200016   15.97951  0.1497E-10  0.1676E-04  0.4463E-07  0.1781E-02  0.1438E-02  0.1095E+01
   -2.268765   15.98004  0.1497E-10  0.1589E-04  0.4738E-07  0.1623E-02  0.1247E-02  0.9079E+00
   -2.337514   15.98062  0.1497E-10  0.1501E-04  0.5239E-07  0.1405E-02  0.1086E-02  0.1032E+03
   -2.406263   15.98136  0.1497E-10  0.1398E-04  0.6302E-07  0.1237E-02  0.9407E-03  0.1505E+02
   -2.475011   15.98233  0.1497E-10  0.1252E-04  0.8694E-07  0.9203E-03  0.8011E-03  0.1340E+03
   -2.543758   15.98448  0.1497E-10  0.1058E-04  0.1316E-06  0.7364E-03  0.6276E-03  0.1074E+04
   -2.612505   15.98549  0.1497E-10  0.8097E-05  0.2775E-06  0.3646E-03  0.4882E-03  0.1665E+03
   -2.681252   15.99428  0.1497E-10  0.5203E-05  0.7752E-06  0.1997E-03  0.2710E-03 -0.5042E+04
   -2.749998   16.00065  0.1497E-10  0.0000E+00  0.0000E+00  0.0000E+00  0.4628E-03  0.0000E+00
