 1 - depth, m
 2 - temperature, C
 3 - salinity, kg/kg
 4 - turbulent kinetic energy, m**2/s**2
 5 - dissipation rate, m**2/s**3
 6 - kinematic heat conductance, m**2/s
 7 - modulus of horizontal velocity, m/s
 8 - Richardson number, n/d
   -0.000000   11.05525  0.5718E-12  0.2529E-04  0.2059E-05  0.3240E-04  0.5614E-01  0.3296E-03
   -0.068746   11.05335  0.5718E-12  0.2033E-04  0.5711E-06  0.7572E-04  0.4012E-01  0.3185E-02
   -0.137492   11.05196  0.5718E-12  0.1820E-04  0.2913E-06  0.1109E-03  0.3510E-01  0.7684E-02
   -0.206239   11.05061  0.5719E-12  0.1665E-04  0.1864E-06  0.1397E-03  0.3194E-01  0.1434E-01
   -0.274987   11.04926  0.5719E-12  0.1531E-04  0.1331E-06  0.1611E-03  0.2965E-01  0.2333E-01
   -0.343735   11.04789  0.5719E-12  0.1408E-04  0.1010E-06  0.1752E-03  0.2784E-01  0.3477E-01
   -0.412484   11.04648  0.5719E-12  0.1293E-04  0.7956E-07  0.1825E-03  0.2635E-01  0.4884E-01
   -0.481233   11.04500  0.5719E-12  0.1184E-04  0.6428E-07  0.1835E-03  0.2506E-01  0.6588E-01
   -0.549983   11.04343  0.5719E-12  0.1079E-04  0.5285E-07  0.1789E-03  0.2391E-01  0.8641E-01
   -0.618733   11.04172  0.5719E-12  0.9783E-05  0.4397E-07  0.1694E-03  0.2288E-01  0.1112E+00
   -0.687484   11.03984  0.5719E-12  0.8811E-05  0.3689E-07  0.1558E-03  0.2192E-01  0.1411E+00
   -0.756234   11.03772  0.5719E-12  0.7868E-05  0.3113E-07  0.1387E-03  0.2102E-01  0.1777E+00
   -0.824986   11.03527  0.5719E-12  0.6952E-05  0.2637E-07  0.1189E-03  0.2015E-01  0.2230E+00
   -0.893737   11.03232  0.5719E-12  0.6058E-05  0.2240E-07  0.9732E-04  0.1931E-01  0.2797E+00
   -0.962489   11.02860  0.5719E-12  0.5182E-05  0.1908E-07  0.7504E-04  0.1847E-01  0.3505E+00
   -1.031240   11.02349  0.5719E-12  0.4313E-05  0.1633E-07  0.5344E-04  0.1760E-01  0.4347E+00
   -1.099992   11.01540  0.5719E-12  0.3432E-05  0.1417E-07  0.3428E-04  0.1665E-01  0.5219E+00
   -1.168745   10.99906  0.5720E-12  0.2492E-05  0.1247E-07  0.1905E-04  0.1546E-01  0.5876E+00
   -1.237497   10.93684  0.5721E-12  0.1543E-05  0.9418E-08  0.8498E-05  0.1355E-01  0.6603E+00
   -1.306249   10.75515  0.5726E-12  0.8408E-06  0.6269E-08  0.2621E-05  0.1040E-01  0.7957E+00
   -1.375002   10.53290  0.5732E-12  0.5441E-06  0.3003E-08  0.9725E-06  0.6745E-02  0.1294E+01
   -1.443754   10.25463  0.5740E-12  0.7906E-06  0.1215E-08  0.2022E-04  0.2766E-02  0.4102E+01
   -1.512506   10.05874  0.5748E-12  0.1232E-05  0.1058E-08  0.8024E-04  0.6582E-03  0.4940E+01
   -1.581258   10.03032  0.5749E-12  0.1309E-05  0.1078E-08  0.2907E-03  0.1131E-03  0.5570E+04
   -1.650011   10.03027  0.5749E-12  0.1358E-05  0.1112E-08  0.5320E-03  0.8849E-04  0.1949E+04
   -1.718763   10.03035  0.5749E-12  0.1400E-05  0.1152E-08  0.5672E-03  0.7568E-04  0.3582E+02
   -1.787514   10.03050  0.5749E-12  0.1443E-05  0.1202E-08  0.5692E-03  0.6432E-04  0.3600E+02
   -1.856266   10.03068  0.5749E-12  0.1489E-05  0.1264E-08  0.5725E-03  0.5458E-04  0.5507E+02
   -1.925018   10.03089  0.5749E-12  0.1537E-05  0.1339E-08  0.5730E-03  0.4635E-04  0.8588E+02
   -1.993769   10.03112  0.5749E-12  0.1588E-05  0.1430E-08  0.5699E-03  0.3949E-04  0.1378E+03
   -2.062519   10.03138  0.5749E-12  0.1638E-05  0.1536E-08  0.5626E-03  0.3366E-04  0.2268E+03
   -2.131270   10.03169  0.5749E-12  0.1685E-05  0.1656E-08  0.5508E-03  0.2844E-04  0.3463E+03
   -2.200020   10.03206  0.5749E-12  0.1728E-05  0.1792E-08  0.5344E-03  0.2373E-04  0.5494E+03
   -2.268770   10.03249  0.5749E-12  0.1764E-05  0.1949E-08  0.5124E-03  0.1942E-04  0.8833E+03
   -2.337519   10.03299  0.5749E-12  0.1792E-05  0.2142E-08  0.4828E-03  0.1562E-04  0.1590E+04
   -2.406268   10.03356  0.5749E-12  0.1809E-05  0.2393E-08  0.4441E-03  0.1232E-04  0.3295E+04
   -2.475016   10.03422  0.5749E-12  0.1813E-05  0.2746E-08  0.3939E-03  0.9458E-05  0.8404E+04
   -2.543764   10.03503  0.5749E-12  0.1795E-05  0.3307E-08  0.3276E-03  0.6992E-05  0.3624E+05
   -2.612511   10.03607  0.5749E-12  0.1735E-05  0.4422E-08  0.2510E-03  0.4844E-05  0.1829E+07
   -2.681257   10.03752  0.5749E-12  0.1228E-05  0.1445E-07  0.1917E-04  0.3103E-05 -0.3577E+07
   -2.750003   10.05803  0.5749E-12  0.0000E+00  0.0000E+00  0.0000E+00  0.3104E-05  0.0000E+00
