 1 - depth, m
 2 - temperature, C
 3 - salinity, kg/kg
 4 - turbulent kinetic energy, m**2/s**2
 5 - dissipation rate, m**2/s**3
 6 - kinematic heat conductance, m**2/s
 7 - modulus of horizontal velocity, m/s
 8 - Richardson number, n/d
   -0.000000   -0.00000  0.7330E-11  0.1219E-13  0.7603E-17  0.1000E-09  0.0000E+00  0.8839E+16
   -0.068746    0.13503  0.5559E-11  0.1219E-13  0.7603E-17  0.1000E-09  0.0000E+00  0.8485E+16
   -0.137492    0.26959  0.4215E-11  0.1219E-13  0.7603E-17  0.1000E-09  0.0000E+00  0.8137E+16
   -0.206239    0.40369  0.3453E-11  0.1219E-13  0.7603E-17  0.1000E-09  0.0000E+00  0.7796E+16
   -0.274987    0.53735  0.3101E-11  0.1219E-13  0.7603E-17  0.1000E-09  0.0000E+00  0.7460E+16
   -0.343735    0.67062  0.2963E-11  0.1219E-13  0.7603E-17  0.1000E-09  0.0000E+00  0.7131E+16
   -0.412484    0.80351  0.2915E-11  0.1219E-13  0.7603E-17  0.1000E-09  0.0000E+00  0.6807E+16
   -0.481233    0.93606  0.2900E-11  0.1219E-13  0.7603E-17  0.1000E-09  0.0000E+00  0.6488E+16
   -0.549982    1.06829  0.2895E-11  0.1219E-13  0.7603E-17  0.1000E-09  0.0000E+00  0.6173E+16
   -0.618732    1.20022  0.2894E-11  0.1219E-13  0.7603E-17  0.1000E-09  0.0000E+00  0.5862E+16
   -0.687483    1.33188  0.2894E-11  0.1219E-13  0.7603E-17  0.1000E-09  0.0000E+00  0.5561E+16
   -0.756233    1.46341  0.2893E-11  0.1219E-13  0.7603E-17  0.1000E-09  0.0000E+00  0.5265E+16
   -0.824984    1.59489  0.2893E-11  0.1219E-13  0.7603E-17  0.1000E-09  0.0000E+00  0.4971E+16
   -0.893736    1.72633  0.2891E-11  0.1219E-13  0.7603E-17  0.1000E-09  0.0000E+00  0.4678E+16
   -0.962487    1.85770  0.2889E-11  0.1219E-13  0.7603E-17  0.1000E-09  0.0000E+00  0.4386E+16
   -1.031239    1.98899  0.2884E-11  0.1219E-13  0.7603E-17  0.1000E-09  0.0000E+00  0.4094E+16
   -1.099991    2.12015  0.2878E-11  0.5247E-13  0.8608E-17  0.1000E-09  0.0000E+00  0.3803E+16
   -1.168743    2.25115  0.2869E-11  0.1473E-12  0.1801E-16  0.1000E-09  0.0000E+00  0.3514E+16
   -1.237495    2.38194  0.2859E-11  0.3562E-12  0.4042E-16  0.1000E-09  0.0000E+00  0.3225E+16
   -1.306247    2.51245  0.2847E-11  0.8211E-12  0.8993E-16  0.1000E-09  0.0000E+00  0.2938E+16
   -1.375000    2.64261  0.2837E-11  0.1855E-11  0.1976E-15  0.1000E-09  0.0000E+00  0.2653E+16
   -1.443752    2.77239  0.2828E-11  0.4140E-11  0.4296E-15  0.1000E-09  0.0000E+00  0.2371E+16
   -1.512504    2.90173  0.2821E-11  0.9145E-11  0.9248E-15  0.1000E-09  0.0000E+00  0.2092E+16
   -1.581256    3.03054  0.2817E-11  0.2000E-10  0.1972E-14  0.1000E-09  0.0000E+00  0.1816E+16
   -1.650008    3.15871  0.2813E-11  0.4335E-10  0.4169E-14  0.1000E-09  0.0000E+00  0.1544E+16
   -1.718760    3.28615  0.2811E-11  0.9307E-10  0.8733E-14  0.1000E-09  0.0000E+00  0.1276E+16
   -1.787512    3.41280  0.2809E-11  0.2027E-09  0.1855E-13  0.1000E-09  0.0000E+00  0.1020E+16
   -1.856264    3.53936  0.2806E-11  0.4453E-09  0.3977E-13  0.2648E-09  0.0000E+00  0.7640E+15
   -1.925015    3.66567  0.2805E-11  0.9773E-09  0.8521E-13  0.8505E-09  0.0000E+00  0.5096E+15
   -1.993766    3.79134  0.2803E-11  0.2137E-08  0.1820E-12  0.3591E-08  0.0000E+00  0.2577E+15
   -2.062517    3.91433  0.2803E-11  0.4449E-08  0.3715E-12  0.5018E-07  0.0000E+00  0.3740E+14
   -2.131267    4.00652  0.2803E-11  0.5202E-08  0.4374E-12  0.2641E-04  0.0000E+00 -0.2130E+12
   -2.200017    4.00718  0.2803E-11  0.5508E-08  0.4714E-12  0.2663E-04  0.0000E+00 -0.2181E+12
   -2.268767    4.00784  0.2803E-11  0.5738E-08  0.5074E-12  0.2606E-04  0.0000E+00 -0.2300E+12
   -2.337516    4.00851  0.2803E-11  0.5902E-08  0.5498E-12  0.2461E-04  0.0000E+00 -0.2516E+12
   -2.406264    4.00922  0.2803E-11  0.5997E-08  0.6049E-12  0.2215E-04  0.0000E+00 -0.2894E+12
   -2.475012    4.01001  0.2803E-11  0.6008E-08  0.6861E-12  0.1849E-04  0.0000E+00 -0.3606E+12
   -2.543760    4.01097  0.2803E-11  0.5891E-08  0.8285E-12  0.1346E-04  0.0000E+00 -0.5208E+12
   -2.612507    4.01228  0.2803E-11  0.5505E-08  0.1174E-11  0.7062E-05  0.0000E+00 -0.1075E+13
   -2.681253    4.01480  0.2803E-11  0.3878E-08  0.3200E-11  0.9036E-06  0.0000E+00 -0.1086E+14
   -2.749999    4.03320  0.2803E-11  0.0000E+00  0.0000E+00  0.0000E+00  0.0000E+00  0.0000E+00
