 1 - depth, m
 2 - temperature, C
 3 - salinity, kg/kg
 4 - turbulent kinetic energy, m**2/s**2
 5 - dissipation rate, m**2/s**3
 6 - kinematic heat conductance, m**2/s
 7 - modulus of horizontal velocity, m/s
 8 - Richardson number, n/d
   -0.000000    9.29833  0.4959E-11  0.1541E-04  0.7405E-06  0.3466E-04  0.2743E-01 -0.2314E-01
   -0.068746    9.33415  0.4959E-11  0.1442E-04  0.2557E-06  0.9097E-04  0.1790E-01 -0.6052E-01
   -0.137492    9.34703  0.4959E-11  0.1384E-04  0.1458E-06  0.1543E-03  0.1445E-01 -0.1018E+00
   -0.206239    9.35437  0.4959E-11  0.1343E-04  0.9954E-07  0.2255E-03  0.1244E-01 -0.1481E+00
   -0.274987    9.35922  0.4959E-11  0.1313E-04  0.7474E-07  0.3074E-03  0.1108E-01 -0.1862E+00
   -0.343735    9.36267  0.4959E-11  0.1291E-04  0.5967E-07  0.4563E-03  0.1008E-01  0.4049E+00
   -0.412484    9.36501  0.4959E-11  0.1277E-04  0.5018E-07  0.8573E-03  0.9325E-02  0.1046E+03
   -0.481233    9.36635  0.4959E-11  0.1272E-04  0.4381E-07  0.1081E-02  0.8768E-02  0.4563E+02
   -0.549983    9.36731  0.4959E-11  0.1271E-04  0.3902E-07  0.1219E-02  0.8266E-02  0.2165E+02
   -0.618733    9.36811  0.4959E-11  0.1273E-04  0.3527E-07  0.1310E-02  0.7804E-02  0.5869E+02
   -0.687483    9.36882  0.4959E-11  0.1277E-04  0.3223E-07  0.1366E-02  0.7370E-02  0.1065E+02
   -0.756234    9.36948  0.4959E-11  0.1282E-04  0.2970E-07  0.1424E-02  0.6956E-02  0.1139E+02
   -0.824985    9.37011  0.4959E-11  0.1287E-04  0.2758E-07  0.1478E-02  0.6561E-02  0.1204E+02
   -0.893736    9.37070  0.4959E-11  0.1291E-04  0.2579E-07  0.1531E-02  0.6181E-02  0.1273E+02
   -0.962488    9.37126  0.4959E-11  0.1294E-04  0.2425E-07  0.1581E-02  0.5815E-02  0.1344E+02
   -1.031240    9.37180  0.4959E-11  0.1296E-04  0.2292E-07  0.1629E-02  0.5459E-02  0.1420E+02
   -1.099992    9.37231  0.4959E-11  0.1296E-04  0.2176E-07  0.1673E-02  0.5113E-02  0.1507E+02
   -1.168744    9.37280  0.4959E-11  0.1294E-04  0.2074E-07  0.1714E-02  0.4775E-02  0.1606E+02
   -1.237496    9.37327  0.4959E-11  0.1290E-04  0.1985E-07  0.1749E-02  0.4443E-02  0.1725E+02
   -1.306248    9.37373  0.4959E-11  0.1284E-04  0.1906E-07  0.1778E-02  0.4116E-02  0.1875E+02
   -1.375001    9.37418  0.4959E-11  0.1275E-04  0.1837E-07  0.1799E-02  0.3794E-02  0.2073E+02
   -1.443753    9.37461  0.4959E-11  0.1263E-04  0.1775E-07  0.1812E-02  0.3475E-02  0.2352E+02
   -1.512505    9.37503  0.4959E-11  0.1248E-04  0.1720E-07  0.1815E-02  0.3159E-02  0.2791E+02
   -1.581258    9.37545  0.4959E-11  0.1230E-04  0.1671E-07  0.1806E-02  0.2844E-02  0.3584E+02
   -1.650010    9.37587  0.4959E-11  0.1207E-04  0.1628E-07  0.1789E-02  0.2530E-02  0.5515E+02
   -1.718762    9.37628  0.4959E-11  0.1181E-04  0.1589E-07  0.1749E-02  0.2216E-02  0.1123E+03
   -1.787514    9.37670  0.4959E-11  0.1150E-04  0.1553E-07  0.1747E-02  0.1901E-02  0.9566E+01
   -1.856265    9.37712  0.4959E-11  0.1115E-04  0.1524E-07  0.1744E-02  0.1631E-02  0.4317E+01
   -1.925017    9.37754  0.4959E-11  0.1078E-04  0.1505E-07  0.1757E-02  0.1401E-02  0.2536E+01
   -1.993768    9.37795  0.4959E-11  0.1040E-04  0.1499E-07  0.1789E-02  0.1208E-02  0.1789E+01
   -2.062518    9.37835  0.4959E-11  0.1003E-04  0.1510E-07  0.1817E-02  0.1045E-02  0.1455E+01
   -2.131269    9.37874  0.4959E-11  0.9681E-05  0.1538E-07  0.1762E-02  0.9024E-03  0.1190E+01
   -2.200019    9.37914  0.4959E-11  0.9353E-05  0.1586E-07  0.1659E-02  0.7763E-03  0.9777E+00
   -2.268769    9.37957  0.4959E-11  0.9052E-05  0.1656E-07  0.1521E-02  0.6656E-03  0.7637E+00
   -2.337518    9.38003  0.4959E-11  0.8775E-05  0.1756E-07  0.1363E-02  0.5730E-03  0.6138E+00
   -2.406266    9.38055  0.4959E-11  0.8509E-05  0.1899E-07  0.1231E-02  0.4973E-03  0.6555E+00
   -2.475015    9.38112  0.4959E-11  0.8221E-05  0.2143E-07  0.1035E-02  0.4339E-03  0.1886E+02
   -2.543762    9.38183  0.4959E-11  0.7841E-05  0.2630E-07  0.9157E-03  0.3727E-03  0.7353E+02
   -2.612509    9.38274  0.4959E-11  0.7116E-05  0.4146E-07  0.4699E-03  0.3144E-03  0.2497E+03
   -2.681256    9.38587  0.4959E-11  0.4300E-05  0.1518E-06  0.6720E-04  0.2161E-03 -0.8910E+04
   -2.750002    9.39736  0.4959E-11  0.0000E+00  0.0000E+00  0.0000E+00  0.2415E-03  0.0000E+00
