 1 - depth, m
 2 - temperature, C
 3 - salinity, kg/kg
 4 - turbulent kinetic energy, m**2/s**2
 5 - dissipation rate, m**2/s**3
 6 - kinematic heat conductance, m**2/s
 7 - modulus of horizontal velocity, m/s
 8 - Richardson number, n/d
   -0.000000   -0.00000  0.1205E-10  0.1219E-13  0.7603E-17  0.1000E-09  0.0000E+00  0.8875E+16
   -0.068746    0.13560  0.9694E-11  0.1219E-13  0.7603E-17  0.1000E-09  0.0000E+00  0.8531E+16
   -0.137492    0.27092  0.7507E-11  0.1219E-13  0.7603E-17  0.1000E-09  0.0000E+00  0.8188E+16
   -0.206239    0.40592  0.6153E-11  0.1219E-13  0.7603E-17  0.1000E-09  0.0000E+00  0.7847E+16
   -0.274987    0.54057  0.5480E-11  0.1219E-13  0.7603E-17  0.1000E-09  0.0000E+00  0.7510E+16
   -0.343735    0.67487  0.5195E-11  0.1219E-13  0.7603E-17  0.1000E-09  0.0000E+00  0.7176E+16
   -0.412484    0.80881  0.5088E-11  0.1219E-13  0.7603E-17  0.1000E-09  0.0000E+00  0.6846E+16
   -0.481233    0.94238  0.5053E-11  0.1219E-13  0.7603E-17  0.1000E-09  0.0000E+00  0.6519E+16
   -0.549982    1.07557  0.5042E-11  0.1219E-13  0.7603E-17  0.1000E-09  0.0000E+00  0.6196E+16
   -0.618732    1.20838  0.5039E-11  0.1219E-13  0.7603E-17  0.1000E-09  0.0000E+00  0.5877E+16
   -0.687483    1.34079  0.5038E-11  0.1219E-13  0.7603E-17  0.1000E-09  0.0000E+00  0.5566E+16
   -0.756234    1.47292  0.5037E-11  0.1219E-13  0.7603E-17  0.1000E-09  0.0000E+00  0.5261E+16
   -0.824985    1.60483  0.5036E-11  0.1219E-13  0.7603E-17  0.1000E-09  0.0000E+00  0.4957E+16
   -0.893736    1.73649  0.5033E-11  0.1219E-13  0.7603E-17  0.1000E-09  0.0000E+00  0.4656E+16
   -0.962488    1.86788  0.5029E-11  0.1219E-13  0.7603E-17  0.1000E-09  0.0000E+00  0.4357E+16
   -1.031239    1.99896  0.5022E-11  0.1219E-13  0.7603E-17  0.1000E-09  0.0000E+00  0.4059E+16
   -1.099991    2.12970  0.5011E-11  0.5628E-13  0.8757E-17  0.1000E-09  0.0000E+00  0.3764E+16
   -1.168743    2.26004  0.4997E-11  0.1559E-12  0.1802E-16  0.1000E-09  0.0000E+00  0.3471E+16
   -1.237496    2.38993  0.4979E-11  0.3697E-12  0.3958E-16  0.1000E-09  0.0000E+00  0.3181E+16
   -1.306248    2.51932  0.4961E-11  0.8343E-12  0.8617E-16  0.1000E-09  0.0000E+00  0.2894E+16
   -1.375000    2.64814  0.4943E-11  0.1845E-11  0.1853E-15  0.1000E-09  0.0000E+00  0.2612E+16
   -1.443752    2.77637  0.4928E-11  0.4028E-11  0.3944E-15  0.1000E-09  0.0000E+00  0.2333E+16
   -1.512505    2.90397  0.4916E-11  0.8708E-11  0.8313E-15  0.1000E-09  0.0000E+00  0.2058E+16
   -1.581257    3.03084  0.4908E-11  0.1865E-10  0.1737E-14  0.1000E-09  0.0000E+00  0.1788E+16
   -1.650009    3.15693  0.4901E-11  0.3958E-10  0.3596E-14  0.1000E-09  0.0000E+00  0.1523E+16
   -1.718761    3.28215  0.4896E-11  0.8325E-10  0.7382E-14  0.1000E-09  0.0000E+00  0.1263E+16
   -1.787513    3.40647  0.4892E-11  0.1776E-09  0.1536E-13  0.1000E-09  0.0000E+00  0.1015E+16
   -1.856264    3.53053  0.4888E-11  0.3823E-09  0.3229E-13  0.2139E-09  0.0000E+00  0.7681E+15
   -1.925015    3.65421  0.4885E-11  0.8226E-09  0.6785E-13  0.6591E-09  0.0000E+00  0.5237E+15
   -1.993767    3.77724  0.4883E-11  0.1765E-08  0.1423E-12  0.2563E-08  0.0000E+00  0.2823E+15
   -2.062517    3.89822  0.4883E-11  0.3654E-08  0.2884E-12  0.2484E-07  0.0000E+00  0.5887E+14
   -2.131268    4.00213  0.4883E-11  0.4325E-08  0.3436E-12  0.2289E-04  0.0000E+00 -0.1892E+12
   -2.200018    4.00288  0.4883E-11  0.4601E-08  0.3726E-12  0.2327E-04  0.0000E+00 -0.1944E+12
   -2.268767    4.00361  0.4883E-11  0.4810E-08  0.4033E-12  0.2290E-04  0.0000E+00 -0.2061E+12
   -2.337516    4.00436  0.4883E-11  0.4964E-08  0.4396E-12  0.2170E-04  0.0000E+00 -0.2270E+12
   -2.406265    4.00514  0.4883E-11  0.5057E-08  0.4867E-12  0.1956E-04  0.0000E+00 -0.2634E+12
   -2.475013    4.00602  0.4883E-11  0.5076E-08  0.5560E-12  0.1633E-04  0.0000E+00 -0.3321E+12
   -2.543761    4.00706  0.4883E-11  0.4983E-08  0.6773E-12  0.1185E-04  0.0000E+00 -0.4878E+12
   -2.612508    4.00851  0.4883E-11  0.4654E-08  0.9722E-12  0.6150E-05  0.0000E+00 -0.1038E+13
   -2.681254    4.01132  0.4883E-11  0.3289E-08  0.2650E-11  0.8071E-06  0.0000E+00 -0.1083E+14
   -2.750000    4.03112  0.4883E-11  0.0000E+00  0.0000E+00  0.0000E+00  0.0000E+00  0.0000E+00
