 1 - depth, m
 2 - temperature, C
 3 - salinity, kg/kg
 4 - turbulent kinetic energy, m**2/s**2
 5 - dissipation rate, m**2/s**3
 6 - kinematic heat conductance, m**2/s
 7 - modulus of horizontal velocity, m/s
 8 - Richardson number, n/d
   -0.000000   -0.00000  0.1330E-09  0.1219E-13  0.7603E-17  0.1000E-09  0.0000E+00  0.3874E+16
   -0.068746    0.05858  0.7448E-10  0.1219E-13  0.7603E-17  0.1000E-09  0.0000E+00  0.3708E+16
   -0.137492    0.11553  0.6000E-10  0.1219E-13  0.7603E-17  0.1000E-09  0.0000E+00  0.3575E+16
   -0.206239    0.17130  0.5693E-10  0.1219E-13  0.7603E-17  0.1000E-09  0.0000E+00  0.3473E+16
   -0.274986    0.22632  0.5635E-10  0.1219E-13  0.7603E-17  0.1000E-09  0.0000E+00  0.3402E+16
   -0.343734    0.28106  0.5626E-10  0.1219E-13  0.7603E-17  0.1000E-09  0.0000E+00  0.3361E+16
   -0.412483    0.33600  0.5624E-10  0.1219E-13  0.7603E-17  0.1000E-09  0.0000E+00  0.3349E+16
   -0.481232    0.39162  0.5624E-10  0.1219E-13  0.7603E-17  0.1000E-09  0.0000E+00  0.3366E+16
   -0.549982    0.44847  0.5624E-10  0.1219E-13  0.7603E-17  0.1000E-09  0.0000E+00  0.3410E+16
   -0.618732    0.50707  0.5624E-10  0.1219E-13  0.7603E-17  0.1000E-09  0.0000E+00  0.3480E+16
   -0.687482    0.56797  0.5624E-10  0.1219E-13  0.7603E-17  0.1000E-09  0.0000E+00  0.3590E+16
   -0.756232    0.63201  0.5624E-10  0.1219E-13  0.7603E-17  0.1000E-09  0.0000E+00  0.3728E+16
   -0.824983    0.69993  0.5624E-10  0.1219E-13  0.7603E-17  0.1000E-09  0.0000E+00  0.3882E+16
   -0.893735    0.77226  0.5624E-10  0.1219E-13  0.7603E-17  0.1000E-09  0.0000E+00  0.4047E+16
   -0.962486    0.84952  0.5624E-10  0.1219E-13  0.7603E-17  0.1000E-09  0.0000E+00  0.4216E+16
   -1.031238    0.93220  0.5624E-10  0.1219E-13  0.7603E-17  0.1000E-09  0.0000E+00  0.4384E+16
   -1.099990    1.02076  0.5624E-10  0.1219E-13  0.7603E-17  0.1000E-09  0.0000E+00  0.4544E+16
   -1.168742    1.11556  0.5623E-10  0.1219E-13  0.7603E-17  0.1000E-09  0.0000E+00  0.4688E+16
   -1.237494    1.21695  0.5620E-10  0.1219E-13  0.7603E-17  0.1000E-09  0.0000E+00  0.4809E+16
   -1.306246    1.32515  0.5612E-10  0.1219E-13  0.7603E-17  0.1000E-09  0.0000E+00  0.4899E+16
   -1.374998    1.44033  0.5594E-10  0.1219E-13  0.7603E-17  0.1000E-09  0.0000E+00  0.4970E+16
   -1.443750    1.56301  0.5568E-10  0.1219E-13  0.7603E-17  0.1000E-09  0.0000E+00  0.4999E+16
   -1.512502    1.69328  0.5539E-10  0.1219E-13  0.7603E-17  0.1000E-09  0.0000E+00  0.4973E+16
   -1.581254    1.83098  0.5521E-10  0.1219E-13  0.7603E-17  0.1000E-09  0.0000E+00  0.4887E+16
   -1.650006    1.97582  0.5513E-10  0.1219E-13  0.7603E-17  0.1000E-09  0.0000E+00  0.4738E+16
   -1.718758    2.12739  0.5509E-10  0.1219E-13  0.7603E-17  0.1000E-09  0.0000E+00  0.4523E+16
   -1.787510    2.28503  0.5506E-10  0.1219E-13  0.7603E-17  0.1000E-09  0.0000E+00  0.4189E+16
   -1.856261    2.44579  0.5505E-10  0.2257E-13  0.8343E-17  0.1000E-09  0.0000E+00  0.3819E+16
   -1.925013    2.60904  0.5504E-10  0.8945E-13  0.2832E-16  0.1000E-09  0.0000E+00  0.3416E+16
   -1.993764    2.77402  0.5503E-10  0.3529E-12  0.1064E-15  0.1000E-09  0.0000E+00  0.2997E+16
   -2.062514    2.94042  0.5501E-10  0.1329E-11  0.3854E-15  0.1000E-09  0.0000E+00  0.2594E+16
   -2.131265    3.11009  0.5497E-10  0.4892E-11  0.1366E-14  0.1000E-09  0.0000E+00  0.2164E+16
   -2.200014    3.28284  0.5489E-10  0.1769E-10  0.4759E-14  0.1000E-09  0.0000E+00  0.1708E+16
   -2.268764    3.45815  0.5477E-10  0.6347E-10  0.1646E-13  0.1000E-09  0.0000E+00  0.1233E+16
   -2.337513    3.63610  0.5460E-10  0.2284E-09  0.5714E-13  0.3928E-09  0.0000E+00  0.7375E+15
   -2.406262    3.81635  0.5446E-10  0.8168E-09  0.1973E-12  0.4391E-08  0.0000E+00  0.2261E+15
   -2.475010    3.99438  0.5444E-10  0.2194E-08  0.5268E-12  0.3091E-05  0.0000E+00 -0.1562E+13
   -2.543757    4.00258  0.5444E-10  0.2971E-08  0.8717E-12  0.3541E-05  0.0000E+00 -0.2375E+13
   -2.612504    4.01014  0.5444E-10  0.3530E-08  0.1553E-11  0.2619E-05  0.0000E+00 -0.5143E+13
   -2.681250    4.02131  0.5444E-10  0.3774E-08  0.4262E-11  0.9715E-06  0.0000E+00 -0.3152E+14
   -2.749996    4.05878  0.5444E-10  0.0000E+00  0.0000E+00  0.0000E+00  0.0000E+00  0.0000E+00
