 1 - depth, m
 2 - temperature, C
 3 - salinity, kg/kg
 4 - turbulent kinetic energy, m**2/s**2
 5 - dissipation rate, m**2/s**3
 6 - kinematic heat conductance, m**2/s
 7 - modulus of horizontal velocity, m/s
 8 - Richardson number, n/d
   -0.000000   15.10289  0.3812E-11  0.3928E-03  0.2753E-02  0.1269E-03  0.2096E+00  0.2756E-01
   -0.068746   15.19402  0.3812E-11  0.2288E-03  0.1179E-02  0.3810E-03  0.7632E-01  0.6324E-01
   -0.137492   15.20683  0.3812E-11  0.1754E-03  0.5388E-03  0.4251E-03  0.6044E-01 -0.3990E-01
   -0.206239   15.21452  0.3812E-11  0.1420E-03  0.2182E-03  0.4458E-03  0.5262E-01 -0.2201E-01
   -0.274987   15.21946  0.3812E-11  0.1197E-03  0.7668E-04  0.4878E-03  0.4706E-01 -0.2391E-01
   -0.343735   15.22301  0.3812E-11  0.1047E-03  0.2350E-04  0.5418E-03  0.4274E-01 -0.2575E-01
   -0.412484   15.22571  0.3812E-11  0.9464E-04  0.6860E-05  0.6051E-03  0.3916E-01 -0.2821E-01
   -0.481233   15.22788  0.3812E-11  0.8788E-04  0.2494E-05  0.6750E-03  0.3615E-01 -0.3080E-01
   -0.549982   15.22968  0.3812E-11  0.8331E-04  0.1392E-05  0.7502E-03  0.3354E-01 -0.3330E-01
   -0.618732   15.23123  0.3812E-11  0.7989E-04  0.1012E-05  0.8302E-03  0.3117E-01 -0.3852E-01
   -0.687483   15.23253  0.3812E-11  0.7738E-04  0.8117E-06  0.9117E-03  0.2917E-01 -0.3973E-01
   -0.756233   15.23366  0.3812E-11  0.7543E-04  0.6796E-06  0.9943E-03  0.2738E-01 -0.4242E-01
   -0.824984   15.23465  0.3812E-11  0.7384E-04  0.5849E-06  0.1077E-02  0.2577E-01 -0.4503E-01
   -0.893736   15.23553  0.3812E-11  0.7251E-04  0.5141E-06  0.1158E-02  0.2431E-01 -0.4747E-01
   -0.962487   15.23632  0.3812E-11  0.7135E-04  0.4594E-06  0.1237E-02  0.2296E-01 -0.4963E-01
   -1.031239   15.23703  0.3812E-11  0.7031E-04  0.4161E-06  0.1313E-02  0.2172E-01 -0.5093E-01
   -1.099991   15.23768  0.3812E-11  0.6936E-04  0.3811E-06  0.1388E-02  0.2055E-01 -0.4347E-01
   -1.168743   15.23827  0.3812E-11  0.6846E-04  0.3524E-06  0.1468E-02  0.1946E-01  0.1894E+02
   -1.237495   15.23881  0.3812E-11  0.6761E-04  0.3285E-06  0.1540E-02  0.1842E-01  0.3654E+02
   -1.306247   15.23931  0.3812E-11  0.6677E-04  0.3083E-06  0.1603E-02  0.1743E-01  0.2665E+02
   -1.375000   15.23978  0.3812E-11  0.6593E-04  0.2911E-06  0.1660E-02  0.1647E-01  0.2142E+02
   -1.443752   15.24021  0.3812E-11  0.6508E-04  0.2763E-06  0.1703E-02  0.1554E-01  0.3152E+03
   -1.512504   15.24062  0.3812E-11  0.6418E-04  0.2633E-06  0.1727E-02  0.1464E-01  0.2056E+02
   -1.581256   15.24101  0.3812E-11  0.6323E-04  0.2518E-06  0.1742E-02  0.1375E-01  0.8238E+02
   -1.650008   15.24137  0.3812E-11  0.6219E-04  0.2415E-06  0.1743E-02  0.1286E-01  0.1682E+03
   -1.718760   15.24172  0.3812E-11  0.6102E-04  0.2320E-06  0.1732E-02  0.1197E-01  0.6400E+02
   -1.787512   15.24206  0.3812E-11  0.5968E-04  0.2228E-06  0.1787E-02  0.1108E-01  0.1913E+03
   -1.856264   15.24238  0.3812E-11  0.5821E-04  0.2143E-06  0.1817E-02  0.1028E-01  0.1900E+01
   -1.925015   15.24270  0.3812E-11  0.5667E-04  0.2066E-06  0.1829E-02  0.9551E-02  0.3373E+00
   -1.993766   15.24300  0.3812E-11  0.5506E-04  0.2000E-06  0.1814E-02  0.8890E-02  0.1305E+00
   -2.062517   15.24330  0.3812E-11  0.5346E-04  0.1948E-06  0.1762E-02  0.8274E-02  0.4248E+00
   -2.131267   15.24359  0.3812E-11  0.5184E-04  0.1912E-06  0.1694E-02  0.7675E-02  0.4315E+00
   -2.200017   15.24389  0.3812E-11  0.5022E-04  0.1896E-06  0.1604E-02  0.7087E-02  0.6886E+00
   -2.268767   15.24419  0.3812E-11  0.4855E-04  0.1904E-06  0.1481E-02  0.6504E-02  0.1105E+01
   -2.337516   15.24451  0.3812E-11  0.4675E-04  0.1948E-06  0.1338E-02  0.5933E-02  0.2296E+01
   -2.406265   15.24484  0.3812E-11  0.4475E-04  0.2051E-06  0.1172E-02  0.5370E-02 -0.2692E-01
   -2.475013   15.24522  0.3812E-11  0.4239E-04  0.2271E-06  0.9707E-03  0.4803E-02 -0.1415E+00
   -2.543760   15.24565  0.3812E-11  0.3930E-04  0.2776E-06  0.7246E-03  0.4215E-02 -0.1602E+00
   -2.612507   15.24622  0.3812E-11  0.3449E-04  0.4240E-06  0.4435E-03  0.3562E-02 -0.2268E+00
   -2.681254   15.24717  0.3812E-11  0.2030E-04  0.1385E-05  0.9132E-04  0.2770E-02 -0.3609E+04
   -2.749999   15.25223  0.3812E-11  0.0000E+00  0.0000E+00  0.0000E+00  0.2878E-02  0.0000E+00
