 1 - depth, m
 2 - temperature, C
 3 - salinity, kg/kg
 4 - turbulent kinetic energy, m**2/s**2
 5 - dissipation rate, m**2/s**3
 6 - kinematic heat conductance, m**2/s
 7 - modulus of horizontal velocity, m/s
 8 - Richardson number, n/d
   -0.000000   -0.00000  0.1726E-10  0.1219E-13  0.7603E-17  0.1000E-09  0.0000E+00  0.8546E+16
   -0.068746    0.13048  0.1265E-10  0.1219E-13  0.7603E-17  0.1000E-09  0.0000E+00  0.8210E+16
   -0.137492    0.26043  0.9397E-11  0.1219E-13  0.7603E-17  0.1000E-09  0.0000E+00  0.7883E+16
   -0.206239    0.38991  0.7713E-11  0.1219E-13  0.7603E-17  0.1000E-09  0.0000E+00  0.7563E+16
   -0.274987    0.51895  0.7001E-11  0.1219E-13  0.7603E-17  0.1000E-09  0.0000E+00  0.7250E+16
   -0.343735    0.64763  0.6742E-11  0.1219E-13  0.7603E-17  0.1000E-09  0.0000E+00  0.6944E+16
   -0.412483    0.77598  0.6658E-11  0.1219E-13  0.7603E-17  0.1000E-09  0.0000E+00  0.6644E+16
   -0.481233    0.90407  0.6634E-11  0.1219E-13  0.7603E-17  0.1000E-09  0.0000E+00  0.6349E+16
   -0.549982    1.03194  0.6628E-11  0.1219E-13  0.7603E-17  0.1000E-09  0.0000E+00  0.6059E+16
   -0.618732    1.15963  0.6626E-11  0.1219E-13  0.7603E-17  0.1000E-09  0.0000E+00  0.5773E+16
   -0.687483    1.28718  0.6626E-11  0.1219E-13  0.7603E-17  0.1000E-09  0.0000E+00  0.5497E+16
   -0.756233    1.41478  0.6625E-11  0.1219E-13  0.7603E-17  0.1000E-09  0.0000E+00  0.5227E+16
   -0.824984    1.54256  0.6624E-11  0.1219E-13  0.7603E-17  0.1000E-09  0.0000E+00  0.4957E+16
   -0.893736    1.67053  0.6622E-11  0.1219E-13  0.7603E-17  0.1000E-09  0.0000E+00  0.4688E+16
   -0.962487    1.79870  0.6617E-11  0.1219E-13  0.7603E-17  0.1000E-09  0.0000E+00  0.4418E+16
   -1.031239    1.92707  0.6609E-11  0.1219E-13  0.7603E-17  0.1000E-09  0.0000E+00  0.4148E+16
   -1.099991    2.05563  0.6596E-11  0.4173E-13  0.7603E-17  0.1000E-09  0.0000E+00  0.3878E+16
   -1.168743    2.18436  0.6577E-11  0.1192E-12  0.1323E-16  0.1000E-09  0.0000E+00  0.3606E+16
   -1.237495    2.31322  0.6554E-11  0.2799E-12  0.2750E-16  0.1000E-09  0.0000E+00  0.3334E+16
   -1.306247    2.44219  0.6528E-11  0.6137E-12  0.5762E-16  0.1000E-09  0.0000E+00  0.3062E+16
   -1.374999    2.57119  0.6503E-11  0.1310E-11  0.1194E-15  0.1000E-09  0.0000E+00  0.2790E+16
   -1.443752    2.70025  0.6482E-11  0.2756E-11  0.2450E-15  0.1000E-09  0.0000E+00  0.2518E+16
   -1.512504    2.82932  0.6467E-11  0.5741E-11  0.4979E-15  0.1000E-09  0.0000E+00  0.2246E+16
   -1.581256    2.95831  0.6456E-11  0.1185E-10  0.1003E-14  0.1000E-09  0.0000E+00  0.1974E+16
   -1.650008    3.08712  0.6448E-11  0.2426E-10  0.2005E-14  0.1000E-09  0.0000E+00  0.1704E+16
   -1.718760    3.21565  0.6443E-11  0.4923E-10  0.3975E-14  0.1000E-09  0.0000E+00  0.1435E+16
   -1.787512    3.34384  0.6439E-11  0.1013E-09  0.7987E-14  0.1000E-09  0.0000E+00  0.1179E+16
   -1.856263    3.47290  0.6434E-11  0.2106E-09  0.1622E-13  0.1000E-09  0.0000E+00  0.9197E+15
   -1.925015    3.60290  0.6428E-11  0.4378E-09  0.3295E-13  0.2558E-09  0.0000E+00  0.6555E+15
   -1.993766    3.73384  0.6424E-11  0.9092E-09  0.6689E-13  0.8834E-09  0.0000E+00  0.3852E+15
   -2.062516    3.86505  0.6423E-11  0.1841E-08  0.1325E-12  0.5853E-08  0.0000E+00  0.1151E+15
   -2.131267    3.99107  0.6422E-11  0.2376E-08  0.1722E-12  0.1113E-04  0.0000E+00 -0.1425E+12
   -2.200017    3.99270  0.6422E-11  0.2635E-08  0.1970E-12  0.1284E-04  0.0000E+00 -0.1573E+12
   -2.268766    3.99412  0.6422E-11  0.2851E-08  0.2244E-12  0.1362E-04  0.0000E+00 -0.1769E+12
   -2.337515    3.99545  0.6422E-11  0.3032E-08  0.2571E-12  0.1354E-04  0.0000E+00 -0.2061E+12
   -2.406264    3.99679  0.6422E-11  0.3173E-08  0.2991E-12  0.1259E-04  0.0000E+00 -0.2533E+12
   -2.475012    3.99824  0.6422E-11  0.3262E-08  0.3592E-12  0.1071E-04  0.0000E+00 -0.3402E+12
   -2.543760    3.99994  0.6422E-11  0.3272E-08  0.4616E-12  0.7842E-05  0.0000E+00 -0.5394E+12
   -2.612507    4.00226  0.6422E-11  0.3112E-08  0.7021E-12  0.4088E-05  0.0000E+00 -0.1275E+13
   -2.681253    4.00674  0.6422E-11  0.2350E-08  0.1893E-11  0.6634E-06  0.0000E+00 -0.1295E+14
   -2.749999    4.03181  0.6422E-11  0.0000E+00  0.0000E+00  0.0000E+00  0.0000E+00  0.0000E+00
