 1 - depth, m
 2 - temperature, C
 3 - salinity, kg/kg
 4 - turbulent kinetic energy, m**2/s**2
 5 - dissipation rate, m**2/s**3
 6 - kinematic heat conductance, m**2/s
 7 - modulus of horizontal velocity, m/s
 8 - Richardson number, n/d
   -0.000000   -0.00000  0.2213E-10  0.1219E-13  0.7603E-17  0.1000E-09  0.0000E+00  0.8790E+16
   -0.068746    0.13428  0.1657E-10  0.1219E-13  0.7603E-17  0.1000E-09  0.0000E+00  0.8438E+16
   -0.137492    0.26805  0.1244E-10  0.1219E-13  0.7603E-17  0.1000E-09  0.0000E+00  0.8094E+16
   -0.206239    0.40135  0.1021E-10  0.1219E-13  0.7603E-17  0.1000E-09  0.0000E+00  0.7756E+16
   -0.274987    0.53422  0.9223E-11  0.1219E-13  0.7603E-17  0.1000E-09  0.0000E+00  0.7424E+16
   -0.343735    0.66668  0.8853E-11  0.1219E-13  0.7603E-17  0.1000E-09  0.0000E+00  0.7098E+16
   -0.412483    0.79877  0.8730E-11  0.1219E-13  0.7603E-17  0.1000E-09  0.0000E+00  0.6777E+16
   -0.481233    0.93051  0.8693E-11  0.1219E-13  0.7603E-17  0.1000E-09  0.0000E+00  0.6461E+16
   -0.549982    1.06193  0.8682E-11  0.1219E-13  0.7603E-17  0.1000E-09  0.0000E+00  0.6150E+16
   -0.618732    1.19306  0.8680E-11  0.1219E-13  0.7603E-17  0.1000E-09  0.0000E+00  0.5843E+16
   -0.687483    1.32390  0.8679E-11  0.1219E-13  0.7603E-17  0.1000E-09  0.0000E+00  0.5546E+16
   -0.756233    1.45462  0.8678E-11  0.1219E-13  0.7603E-17  0.1000E-09  0.0000E+00  0.5254E+16
   -0.824984    1.58531  0.8677E-11  0.1219E-13  0.7603E-17  0.1000E-09  0.0000E+00  0.4964E+16
   -0.893736    1.71597  0.8674E-11  0.1219E-13  0.7603E-17  0.1000E-09  0.0000E+00  0.4674E+16
   -0.962487    1.84658  0.8669E-11  0.1219E-13  0.7603E-17  0.1000E-09  0.0000E+00  0.4386E+16
   -1.031239    1.97713  0.8659E-11  0.1219E-13  0.7603E-17  0.1000E-09  0.0000E+00  0.4098E+16
   -1.099991    2.10757  0.8643E-11  0.5182E-13  0.8413E-17  0.1000E-09  0.0000E+00  0.3811E+16
   -1.168743    2.23788  0.8620E-11  0.1448E-12  0.1735E-16  0.1000E-09  0.0000E+00  0.3525E+16
   -1.237495    2.36798  0.8591E-11  0.3477E-12  0.3857E-16  0.1000E-09  0.0000E+00  0.3239E+16
   -1.306247    2.49784  0.8559E-11  0.7949E-12  0.8506E-16  0.1000E-09  0.0000E+00  0.2955E+16
   -1.374999    2.62736  0.8528E-11  0.1781E-11  0.1853E-15  0.1000E-09  0.0000E+00  0.2674E+16
   -1.443752    2.75654  0.8500E-11  0.3939E-11  0.3994E-15  0.1000E-09  0.0000E+00  0.2395E+16
   -1.512504    2.88532  0.8480E-11  0.8626E-11  0.8524E-15  0.1000E-09  0.0000E+00  0.2118E+16
   -1.581256    3.01361  0.8465E-11  0.1871E-10  0.1802E-14  0.1000E-09  0.0000E+00  0.1844E+16
   -1.650008    3.14130  0.8454E-11  0.4019E-10  0.3777E-14  0.1000E-09  0.0000E+00  0.1574E+16
   -1.718760    3.26829  0.8446E-11  0.8556E-10  0.7846E-14  0.1000E-09  0.0000E+00  0.1309E+16
   -1.787512    3.39453  0.8439E-11  0.1847E-09  0.1652E-13  0.1000E-09  0.0000E+00  0.1056E+16
   -1.856263    3.52095  0.8432E-11  0.4024E-09  0.3513E-13  0.2228E-09  0.0000E+00  0.8020E+15
   -1.925015    3.64747  0.8425E-11  0.8759E-09  0.7465E-13  0.6929E-09  0.0000E+00  0.5481E+15
   -1.993766    3.77384  0.8421E-11  0.1901E-08  0.1582E-12  0.2738E-08  0.0000E+00  0.2939E+15
   -2.062516    3.89847  0.8420E-11  0.3969E-08  0.3236E-12  0.2820E-07  0.0000E+00  0.5816E+14
   -2.131267    4.00352  0.8420E-11  0.4684E-08  0.3844E-12  0.2402E-04  0.0000E+00 -0.2019E+12
   -2.200017    4.00426  0.8420E-11  0.4977E-08  0.4162E-12  0.2435E-04  0.0000E+00 -0.2073E+12
   -2.268766    4.00498  0.8420E-11  0.5199E-08  0.4500E-12  0.2392E-04  0.0000E+00 -0.2196E+12
   -2.337516    4.00572  0.8420E-11  0.5361E-08  0.4901E-12  0.2265E-04  0.0000E+00 -0.2417E+12
   -2.406264    4.00650  0.8420E-11  0.5459E-08  0.5423E-12  0.2041E-04  0.0000E+00 -0.2802E+12
   -2.475012    4.00736  0.8420E-11  0.5480E-08  0.6192E-12  0.1704E-04  0.0000E+00 -0.3530E+12
   -2.543760    4.00841  0.8420E-11  0.5382E-08  0.7543E-12  0.1238E-04  0.0000E+00 -0.5180E+12
   -2.612507    4.00986  0.8420E-11  0.5036E-08  0.1083E-11  0.6471E-05  0.0000E+00 -0.1100E+13
   -2.681253    4.01267  0.8420E-11  0.3590E-08  0.2962E-11  0.8689E-06  0.0000E+00 -0.1151E+14
   -2.749999    4.03283  0.8420E-11  0.0000E+00  0.0000E+00  0.0000E+00  0.0000E+00  0.0000E+00
