 1 - depth, m
 2 - temperature, C
 3 - salinity, kg/kg
 4 - turbulent kinetic energy, m**2/s**2
 5 - dissipation rate, m**2/s**3
 6 - kinematic heat conductance, m**2/s
 7 - modulus of horizontal velocity, m/s
 8 - Richardson number, n/d
   -0.000000    3.90635  0.1249E-11  0.4107E-04  0.5903E-05  0.3673E-04  0.5990E-01  0.6636E-04
   -0.068746    3.95806  0.1249E-11  0.2804E-04  0.1284E-05  0.8009E-04  0.3328E-01  0.1124E-03
   -0.137492    3.97311  0.1249E-11  0.2501E-04  0.5565E-06  0.1254E-03  0.2690E-01  0.9580E-04
   -0.206239    3.98286  0.1249E-11  0.2347E-04  0.3249E-06  0.1733E-03  0.2291E-01  0.5756E-04
   -0.274987    3.98988  0.1249E-11  0.2246E-04  0.2229E-06  0.2223E-03  0.2010E-01 -0.6149E-05
   -0.343735    3.99523  0.1249E-11  0.2169E-04  0.1674E-06  0.2710E-03  0.1798E-01 -0.9384E-04
   -0.412484    3.99951  0.1249E-11  0.2103E-04  0.1329E-06  0.3187E-03  0.1629E-01 -0.2009E-03
   -0.481233    4.00306  0.1249E-11  0.2046E-04  0.1095E-06  0.3648E-03  0.1490E-01 -0.3230E-03
   -0.549983    4.00609  0.1249E-11  0.1994E-04  0.9264E-07  0.4093E-03  0.1372E-01 -0.4566E-03
   -0.618733    4.00873  0.1249E-11  0.1947E-04  0.7999E-07  0.4519E-03  0.1269E-01 -0.5990E-03
   -0.687483    4.01106  0.1249E-11  0.1904E-04  0.7019E-07  0.4927E-03  0.1178E-01 -0.7476E-03
   -0.756234    4.01315  0.1249E-11  0.1865E-04  0.6241E-07  0.5316E-03  0.1097E-01 -0.9002E-03
   -0.824985    4.01504  0.1249E-11  0.1828E-04  0.5611E-07  0.5685E-03  0.1023E-01 -0.1055E-02
   -0.893737    4.01677  0.1249E-11  0.1793E-04  0.5093E-07  0.6032E-03  0.9551E-02 -0.1209E-02
   -0.962488    4.01837  0.1249E-11  0.1761E-04  0.4662E-07  0.6355E-03  0.8925E-02 -0.1360E-02
   -1.031240    4.01985  0.1249E-11  0.1730E-04  0.4298E-07  0.6654E-03  0.8341E-02 -0.1505E-02
   -1.099992    4.02123  0.1249E-11  0.1701E-04  0.3989E-07  0.6925E-03  0.7792E-02 -0.1643E-02
   -1.168744    4.02253  0.1249E-11  0.1673E-04  0.3723E-07  0.7165E-03  0.7273E-02 -0.1771E-02
   -1.237497    4.02375  0.1249E-11  0.1645E-04  0.3493E-07  0.7373E-03  0.6779E-02 -0.1885E-02
   -1.306249    4.02491  0.1249E-11  0.1618E-04  0.3292E-07  0.7545E-03  0.6305E-02 -0.1983E-02
   -1.375001    4.02602  0.1249E-11  0.1590E-04  0.3114E-07  0.7676E-03  0.5846E-02 -0.2062E-02
   -1.443754    4.02709  0.1249E-11  0.1562E-04  0.2956E-07  0.7761E-03  0.5400E-02 -0.2120E-02
   -1.512506    4.02812  0.1249E-11  0.1533E-04  0.2812E-07  0.7795E-03  0.4963E-02 -0.2151E-02
   -1.581258    4.02911  0.1249E-11  0.1502E-04  0.2680E-07  0.7766E-03  0.4530E-02 -0.2152E-02
   -1.650010    4.03009  0.1249E-11  0.1469E-04  0.2554E-07  0.7661E-03  0.4097E-02 -0.2117E-02
   -1.718762    4.03105  0.1249E-11  0.1431E-04  0.2431E-07  0.7498E-03  0.3659E-02 -0.2078E-02
   -1.787514    4.03201  0.1249E-11  0.1388E-04  0.2309E-07  0.7984E-03  0.3212E-02 -0.2823E-02
   -1.856266    4.03290  0.1249E-11  0.1344E-04  0.2196E-07  0.8264E-03  0.2845E-02 -0.3726E-02
   -1.925017    4.03375  0.1249E-11  0.1300E-04  0.2094E-07  0.8426E-03  0.2531E-02 -0.4919E-02
   -1.993768    4.03458  0.1249E-11  0.1256E-04  0.2003E-07  0.8427E-03  0.2263E-02 -0.6174E-02
   -2.062519    4.03539  0.1249E-11  0.1213E-04  0.1928E-07  0.8274E-03  0.2024E-02 -0.7067E-02
   -2.131269    4.03621  0.1249E-11  0.1172E-04  0.1869E-07  0.8053E-03  0.1801E-02 -0.8008E-02
   -2.200019    4.03703  0.1249E-11  0.1133E-04  0.1829E-07  0.7756E-03  0.1590E-02 -0.8953E-02
   -2.268769    4.03787  0.1249E-11  0.1094E-04  0.1811E-07  0.7410E-03  0.1388E-02 -0.1064E-01
   -2.337518    4.03873  0.1249E-11  0.1055E-04  0.1821E-07  0.6945E-03  0.1199E-02 -0.1295E-01
   -2.406267    4.03964  0.1249E-11  0.1015E-04  0.1875E-07  0.6316E-03  0.1024E-02 -0.1596E-01
   -2.475015    4.04062  0.1249E-11  0.9708E-05  0.2002E-07  0.5470E-03  0.8601E-03 -0.2012E-01
   -2.543763    4.04173  0.1249E-11  0.9186E-05  0.2286E-07  0.4330E-03  0.7043E-03 -0.2594E-01
   -2.612510    4.04312  0.1249E-11  0.8447E-05  0.3037E-07  0.2783E-03  0.5511E-03 -0.3891E-01
   -2.681257    4.04523  0.1249E-11  0.5002E-05  0.1047E-06  0.2855E-04  0.3957E-03 -0.5545E+04
   -2.750002    4.06530  0.1249E-11  0.0000E+00  0.0000E+00  0.0000E+00  0.3952E-03  0.0000E+00
