 1 - depth, m
 2 - temperature, C
 3 - salinity, kg/kg
 4 - turbulent kinetic energy, m**2/s**2
 5 - dissipation rate, m**2/s**3
 6 - kinematic heat conductance, m**2/s
 7 - modulus of horizontal velocity, m/s
 8 - Richardson number, n/d
   -0.000000   -0.00000  0.2719E-11  0.1219E-13  0.7603E-17  0.1000E-09  0.0000E+00  0.8580E+16
   -0.068746    0.13101  0.1843E-11  0.1219E-13  0.7603E-17  0.1000E-09  0.0000E+00  0.8232E+16
   -0.137492    0.26133  0.1332E-11  0.1219E-13  0.7603E-17  0.1000E-09  0.0000E+00  0.7897E+16
   -0.206239    0.39107  0.1106E-11  0.1219E-13  0.7603E-17  0.1000E-09  0.0000E+00  0.7576E+16
   -0.274987    0.52039  0.1022E-11  0.1219E-13  0.7603E-17  0.1000E-09  0.0000E+00  0.7265E+16
   -0.343735    0.64940  0.9955E-12  0.1219E-13  0.7603E-17  0.1000E-09  0.0000E+00  0.6965E+16
   -0.412483    0.77822  0.9879E-12  0.1219E-13  0.7603E-17  0.1000E-09  0.0000E+00  0.6672E+16
   -0.481233    0.90697  0.9859E-12  0.1219E-13  0.7603E-17  0.1000E-09  0.0000E+00  0.6387E+16
   -0.549982    1.03575  0.9855E-12  0.1219E-13  0.7603E-17  0.1000E-09  0.0000E+00  0.6107E+16
   -0.618732    1.16466  0.9854E-12  0.1219E-13  0.7603E-17  0.1000E-09  0.0000E+00  0.5832E+16
   -0.687482    1.29380  0.9853E-12  0.1219E-13  0.7603E-17  0.1000E-09  0.0000E+00  0.5567E+16
   -0.756233    1.42342  0.9853E-12  0.1219E-13  0.7603E-17  0.1000E-09  0.0000E+00  0.5307E+16
   -0.824984    1.55371  0.9851E-12  0.1219E-13  0.7603E-17  0.1000E-09  0.0000E+00  0.5047E+16
   -0.893735    1.68472  0.9848E-12  0.1219E-13  0.7603E-17  0.1000E-09  0.0000E+00  0.4784E+16
   -0.962487    1.81649  0.9842E-12  0.3473E-13  0.7603E-17  0.1000E-09  0.0000E+00  0.4518E+16
   -1.031239    1.94905  0.9829E-12  0.1055E-12  0.1312E-16  0.1000E-09  0.0000E+00  0.4249E+16
   -1.099991    2.08241  0.9809E-12  0.2594E-12  0.2828E-16  0.1000E-09  0.0000E+00  0.3975E+16
   -1.168743    2.21656  0.9778E-12  0.5925E-12  0.6165E-16  0.1000E-09  0.0000E+00  0.3697E+16
   -1.237495    2.35149  0.9740E-12  0.1316E-11  0.1329E-15  0.1000E-09  0.0000E+00  0.3414E+16
   -1.306247    2.48713  0.9698E-12  0.2881E-11  0.2835E-15  0.1000E-09  0.0000E+00  0.3126E+16
   -1.374999    2.62345  0.9659E-12  0.6241E-11  0.5988E-15  0.1000E-09  0.0000E+00  0.2836E+16
   -1.443751    2.76044  0.9627E-12  0.1339E-10  0.1253E-14  0.1000E-09  0.0000E+00  0.2540E+16
   -1.512504    2.89804  0.9604E-12  0.2847E-10  0.2600E-14  0.1000E-09  0.0000E+00  0.2241E+16
   -1.581256    3.03614  0.9588E-12  0.6001E-10  0.5348E-14  0.1000E-09  0.0000E+00  0.1938E+16
   -1.650008    3.17460  0.9578E-12  0.1254E-09  0.1091E-13  0.1000E-09  0.0000E+00  0.1632E+16
   -1.718760    3.31329  0.9570E-12  0.2597E-09  0.2207E-13  0.1000E-09  0.0000E+00  0.1325E+16
   -1.787511    3.45210  0.9562E-12  0.5457E-09  0.4526E-13  0.2240E-09  0.0000E+00  0.1028E+16
   -1.856263    3.59251  0.9553E-12  0.1157E-08  0.9377E-13  0.6616E-09  0.0000E+00  0.7212E+15
   -1.925014    3.73436  0.9545E-12  0.2452E-08  0.1942E-12  0.2445E-08  0.0000E+00  0.4040E+15
   -1.993765    3.87654  0.9540E-12  0.5132E-08  0.3977E-12  0.2190E-07  0.0000E+00  0.9220E+14
   -2.062516    4.00333  0.9540E-12  0.5845E-08  0.4557E-12  0.3087E-04  0.0000E+00 -0.1806E+12
   -2.131266    4.00400  0.9540E-12  0.6144E-08  0.4862E-12  0.3135E-04  0.0000E+00 -0.1846E+12
   -2.200016    4.00465  0.9540E-12  0.6381E-08  0.5185E-12  0.3107E-04  0.0000E+00 -0.1929E+12
   -2.268766    4.00531  0.9540E-12  0.6558E-08  0.5546E-12  0.3001E-04  0.0000E+00 -0.2070E+12
   -2.337515    4.00599  0.9540E-12  0.6681E-08  0.5993E-12  0.2802E-04  0.0000E+00 -0.2300E+12
   -2.406264    4.00673  0.9540E-12  0.6741E-08  0.6594E-12  0.2496E-04  0.0000E+00 -0.2685E+12
   -2.475012    4.00755  0.9540E-12  0.6721E-08  0.7498E-12  0.2064E-04  0.0000E+00 -0.3396E+12
   -2.543759    4.00855  0.9540E-12  0.6574E-08  0.9105E-12  0.1489E-04  0.0000E+00 -0.4980E+12
   -2.612506    4.00993  0.9540E-12  0.6146E-08  0.1304E-11  0.7757E-05  0.0000E+00 -0.1045E+13
   -2.681253    4.01261  0.9540E-12  0.4353E-08  0.3654E-11  0.9884E-06  0.0000E+00 -0.1108E+14
   -2.749998    4.03221  0.9540E-12  0.0000E+00  0.0000E+00  0.0000E+00  0.0000E+00  0.0000E+00
