 1 - depth, m
 2 - temperature, C
 3 - salinity, kg/kg
 4 - turbulent kinetic energy, m**2/s**2
 5 - dissipation rate, m**2/s**3
 6 - kinematic heat conductance, m**2/s
 7 - modulus of horizontal velocity, m/s
 8 - Richardson number, n/d
   -0.000000   -0.00000  0.1436E-11  0.1219E-13  0.7603E-17  0.1000E-09  0.0000E+00  0.8378E+16
   -0.068746    0.12787  0.1606E-11  0.1219E-13  0.7603E-17  0.1000E-09  0.0000E+00  0.8091E+16
   -0.137492    0.25580  0.1569E-11  0.1219E-13  0.7603E-17  0.1000E-09  0.0000E+00  0.7802E+16
   -0.206239    0.38374  0.1392E-11  0.1219E-13  0.7603E-17  0.1000E-09  0.0000E+00  0.7511E+16
   -0.274987    0.51165  0.1217E-11  0.1219E-13  0.7603E-17  0.1000E-09  0.0000E+00  0.7220E+16
   -0.343735    0.63947  0.1101E-11  0.1219E-13  0.7603E-17  0.1000E-09  0.0000E+00  0.6928E+16
   -0.412484    0.76719  0.1037E-11  0.1219E-13  0.7603E-17  0.1000E-09  0.0000E+00  0.6637E+16
   -0.481233    0.89476  0.1006E-11  0.1219E-13  0.7603E-17  0.1000E-09  0.0000E+00  0.6346E+16
   -0.549983    1.02214  0.9933E-12  0.1219E-13  0.7603E-17  0.1000E-09  0.0000E+00  0.6056E+16
   -0.618733    1.14930  0.9881E-12  0.1219E-13  0.7603E-17  0.1000E-09  0.0000E+00  0.5767E+16
   -0.687483    1.27620  0.9861E-12  0.1219E-13  0.7603E-17  0.1000E-09  0.0000E+00  0.5481E+16
   -0.756234    1.40286  0.9852E-12  0.1219E-13  0.7603E-17  0.1000E-09  0.0000E+00  0.5198E+16
   -0.824985    1.52928  0.9846E-12  0.1219E-13  0.7603E-17  0.1000E-09  0.0000E+00  0.4916E+16
   -0.893736    1.65541  0.9839E-12  0.1219E-13  0.7603E-17  0.1000E-09  0.0000E+00  0.4635E+16
   -0.962488    1.78120  0.9828E-12  0.1219E-13  0.7603E-17  0.1000E-09  0.0000E+00  0.4355E+16
   -1.031239    1.90658  0.9813E-12  0.1219E-13  0.7603E-17  0.1000E-09  0.0000E+00  0.4078E+16
   -1.099991    2.03151  0.9791E-12  0.1219E-13  0.7603E-17  0.1000E-09  0.0000E+00  0.3802E+16
   -1.168744    2.15593  0.9765E-12  0.1219E-13  0.7603E-17  0.1000E-09  0.0000E+00  0.3529E+16
   -1.237496    2.27976  0.9734E-12  0.1219E-13  0.7603E-17  0.1000E-09  0.0000E+00  0.3259E+16
   -1.306248    2.40295  0.9702E-12  0.1720E-13  0.7603E-17  0.1000E-09  0.0000E+00  0.2992E+16
   -1.375000    2.52543  0.9670E-12  0.7031E-13  0.1110E-16  0.1000E-09  0.0000E+00  0.2730E+16
   -1.443753    2.64715  0.9642E-12  0.1937E-12  0.2496E-16  0.1000E-09  0.0000E+00  0.2472E+16
   -1.512505    2.76804  0.9618E-12  0.4750E-12  0.5780E-16  0.1000E-09  0.0000E+00  0.2218E+16
   -1.581257    2.88805  0.9599E-12  0.1122E-11  0.1321E-15  0.1000E-09  0.0000E+00  0.1970E+16
   -1.650009    3.00712  0.9585E-12  0.2605E-11  0.2983E-15  0.1000E-09  0.0000E+00  0.1727E+16
   -1.718761    3.12518  0.9573E-12  0.5974E-11  0.6658E-15  0.1000E-09  0.0000E+00  0.1490E+16
   -1.787513    3.24217  0.9564E-12  0.1388E-10  0.1506E-14  0.1000E-09  0.0000E+00  0.1255E+16
   -1.856264    3.35761  0.9557E-12  0.3250E-10  0.3433E-14  0.1000E-09  0.0000E+00  0.1027E+16
   -1.925016    3.47125  0.9550E-12  0.7586E-10  0.7809E-14  0.1000E-09  0.0000E+00  0.8084E+15
   -1.993767    3.58279  0.9546E-12  0.1765E-09  0.1771E-13  0.1500E-09  0.0000E+00  0.6005E+15
   -2.062518    3.69207  0.9543E-12  0.4000E-09  0.3914E-13  0.4879E-09  0.0000E+00  0.4080E+15
   -2.131268    3.80008  0.9542E-12  0.8951E-09  0.8545E-13  0.1958E-08  0.0000E+00  0.2217E+15
   -2.200018    3.90610  0.9541E-12  0.1968E-08  0.1836E-12  0.1896E-07  0.0000E+00  0.4894E+14
   -2.268768    4.00006  0.9541E-12  0.2666E-08  0.2507E-12  0.1238E-04  0.0000E+00 -0.2688E+12
   -2.337517    4.00125  0.9541E-12  0.2950E-08  0.2874E-12  0.1266E-04  0.0000E+00 -0.2838E+12
   -2.406266    4.00242  0.9541E-12  0.3150E-08  0.3285E-12  0.1209E-04  0.0000E+00 -0.3191E+12
   -2.475014    4.00364  0.9541E-12  0.3267E-08  0.3822E-12  0.1057E-04  0.0000E+00 -0.3921E+12
   -2.543761    4.00503  0.9541E-12  0.3276E-08  0.4688E-12  0.7966E-05  0.0000E+00 -0.5629E+12
   -2.612508    4.00686  0.9541E-12  0.3087E-08  0.6671E-12  0.4256E-05  0.0000E+00 -0.1173E+13
   -2.681255    4.01023  0.9541E-12  0.2199E-08  0.1679E-11  0.6027E-06  0.0000E+00 -0.1054E+14
   -2.750001    4.03010  0.9541E-12  0.0000E+00  0.0000E+00  0.0000E+00  0.0000E+00  0.0000E+00
