 1 - depth, m
 2 - temperature, C
 3 - salinity, kg/kg
 4 - turbulent kinetic energy, m**2/s**2
 5 - dissipation rate, m**2/s**3
 6 - kinematic heat conductance, m**2/s
 7 - modulus of horizontal velocity, m/s
 8 - Richardson number, n/d
   -0.000000   15.54749  0.1134E-10  0.6294E-04  0.1381E-04  0.6959E-04  0.6680E-01  0.1086E+01
   -0.068746   15.61651  0.1134E-10  0.3897E-04  0.3084E-05  0.1297E-03  0.3190E-01 -0.1145E+00
   -0.137492   15.63053  0.1134E-10  0.3276E-04  0.1262E-05  0.2241E-03  0.2585E-01  0.1641E+02
   -0.206239   15.63863  0.1134E-10  0.2970E-04  0.6533E-06  0.3374E-03  0.2242E-01  0.1664E+02
   -0.274987   15.64417  0.1134E-10  0.2806E-04  0.4000E-06  0.4651E-03  0.2002E-01  0.1855E+02
   -0.343735   15.64818  0.1134E-10  0.2719E-04  0.2771E-06  0.6133E-03  0.1823E-01  0.4221E+01
   -0.412484   15.65113  0.1134E-10  0.2678E-04  0.2101E-06  0.8154E-03  0.1685E-01  0.2962E+03
   -0.481233   15.65328  0.1134E-10  0.2664E-04  0.1703E-06  0.1083E-02  0.1574E-01  0.4113E+03
   -0.549983   15.65478  0.1134E-10  0.2669E-04  0.1447E-06  0.1347E-02  0.1484E-01  0.1993E+05
   -0.618733   15.65587  0.1134E-10  0.2686E-04  0.1270E-06  0.1541E-02  0.1405E-01  0.8216E+03
   -0.687483   15.65674  0.1134E-10  0.2710E-04  0.1138E-06  0.1683E-02  0.1332E-01  0.5347E+03
   -0.756234   15.65749  0.1134E-10  0.2737E-04  0.1035E-06  0.1803E-02  0.1262E-01  0.2871E+04
   -0.824985   15.65817  0.1134E-10  0.2765E-04  0.9522E-07  0.1906E-02  0.1196E-01  0.3952E+03
   -0.893736   15.65880  0.1134E-10  0.2791E-04  0.8843E-07  0.2006E-02  0.1133E-01  0.1505E+03
   -0.962488   15.65938  0.1134E-10  0.2814E-04  0.8276E-07  0.2106E-02  0.1071E-01  0.6229E+02
   -1.031240   15.65992  0.1134E-10  0.2833E-04  0.7797E-07  0.2205E-02  0.1011E-01  0.3281E+02
   -1.099992   15.66044  0.1134E-10  0.2848E-04  0.7388E-07  0.2301E-02  0.9526E-02  0.3031E+02
   -1.168744   15.66092  0.1134E-10  0.2856E-04  0.7036E-07  0.2392E-02  0.8952E-02  0.3110E+02
   -1.237496   15.66138  0.1134E-10  0.2858E-04  0.6729E-07  0.2475E-02  0.8386E-02  0.3379E+02
   -1.306248   15.66181  0.1134E-10  0.2852E-04  0.6461E-07  0.2547E-02  0.7828E-02  0.3868E+02
   -1.375001   15.66223  0.1134E-10  0.2838E-04  0.6224E-07  0.2603E-02  0.7275E-02  0.4777E+02
   -1.443753   15.66263  0.1134E-10  0.2816E-04  0.6014E-07  0.2640E-02  0.6726E-02  0.7511E+02
   -1.512505   15.66302  0.1134E-10  0.2784E-04  0.5825E-07  0.2653E-02  0.6179E-02  0.2998E+03
   -1.581257   15.66340  0.1134E-10  0.2741E-04  0.5653E-07  0.2641E-02  0.5632E-02  0.3183E+04
   -1.650010   15.66378  0.1134E-10  0.2687E-04  0.5494E-07  0.2600E-02  0.5085E-02  0.2384E+05
   -1.718762   15.66416  0.1134E-10  0.2620E-04  0.5345E-07  0.2532E-02  0.4536E-02  0.8031E+04
   -1.787513   15.66455  0.1134E-10  0.2537E-04  0.5195E-07  0.2434E-02  0.3980E-02  0.2377E+02
   -1.856265   15.66494  0.1134E-10  0.2439E-04  0.5059E-07  0.2341E-02  0.3492E-02  0.7292E+01
   -1.925016   15.66536  0.1134E-10  0.2331E-04  0.4952E-07  0.2255E-02  0.3062E-02  0.3666E+01
   -1.993767   15.66578  0.1134E-10  0.2214E-04  0.4890E-07  0.2170E-02  0.2690E-02  0.2385E+01
   -2.062518   15.66622  0.1134E-10  0.2095E-04  0.4892E-07  0.2072E-02  0.2364E-02  0.1862E+01
   -2.131269   15.66668  0.1134E-10  0.1977E-04  0.4972E-07  0.1960E-02  0.2069E-02  0.1471E+01
   -2.200019   15.66715  0.1134E-10  0.1863E-04  0.5147E-07  0.1828E-02  0.1800E-02  0.1172E+01
   -2.268768   15.66766  0.1134E-10  0.1753E-04  0.5445E-07  0.1678E-02  0.1557E-02  0.9300E+00
   -2.337517   15.66822  0.1134E-10  0.1643E-04  0.6019E-07  0.1463E-02  0.1349E-02  0.9655E+01
   -2.406266   15.66892  0.1134E-10  0.1516E-04  0.7301E-07  0.1266E-02  0.1164E-02  0.5382E+03
   -2.475014   15.66991  0.1134E-10  0.1336E-04  0.1032E-06  0.9357E-03  0.9865E-03  0.3944E+02
   -2.543762   15.67199  0.1134E-10  0.1100E-04  0.1624E-06  0.7326E-03  0.7680E-03  0.6606E+03
   -2.612509   15.67314  0.1134E-10  0.8104E-05  0.3707E-06  0.3576E-03  0.5856E-03  0.3197E+04
   -2.681255   15.68196  0.1134E-10  0.5296E-05  0.9737E-06  0.2273E-03  0.3159E-03 -0.2488E+04
   -2.750001   15.68736  0.1134E-10  0.0000E+00  0.0000E+00  0.0000E+00  0.5694E-03  0.0000E+00
