 1 - depth, m
 2 - temperature, C
 3 - salinity, kg/kg
 4 - turbulent kinetic energy, m**2/s**2
 5 - dissipation rate, m**2/s**3
 6 - kinematic heat conductance, m**2/s
 7 - modulus of horizontal velocity, m/s
 8 - Richardson number, n/d
   -0.000000   -0.00000  0.5386E-10  0.1219E-13  0.7603E-17  0.1000E-09  0.0000E+00  0.7683E+16
   -0.068746    0.11709  0.4985E-10  0.1219E-13  0.7603E-17  0.1000E-09  0.0000E+00  0.7437E+16
   -0.137492    0.23414  0.4032E-10  0.1219E-13  0.7603E-17  0.1000E-09  0.0000E+00  0.7188E+16
   -0.206239    0.35110  0.3310E-10  0.1219E-13  0.7603E-17  0.1000E-09  0.0000E+00  0.6938E+16
   -0.274987    0.46791  0.2910E-10  0.1219E-13  0.7603E-17  0.1000E-09  0.0000E+00  0.6687E+16
   -0.343735    0.58452  0.2724E-10  0.1219E-13  0.7603E-17  0.1000E-09  0.0000E+00  0.6435E+16
   -0.412484    0.70088  0.2648E-10  0.1219E-13  0.7603E-17  0.1000E-09  0.0000E+00  0.6183E+16
   -0.481233    0.81694  0.2620E-10  0.1219E-13  0.7603E-17  0.1000E-09  0.0000E+00  0.5932E+16
   -0.549983    0.93264  0.2611E-10  0.1219E-13  0.7603E-17  0.1000E-09  0.0000E+00  0.5681E+16
   -0.618733    1.04795  0.2608E-10  0.1219E-13  0.7603E-17  0.1000E-09  0.0000E+00  0.5431E+16
   -0.687483    1.16281  0.2607E-10  0.1219E-13  0.7603E-17  0.1000E-09  0.0000E+00  0.5188E+16
   -0.756234    1.27729  0.2607E-10  0.1219E-13  0.7603E-17  0.1000E-09  0.0000E+00  0.4948E+16
   -0.824985    1.39139  0.2606E-10  0.1219E-13  0.7603E-17  0.1000E-09  0.0000E+00  0.4709E+16
   -0.893736    1.50508  0.2605E-10  0.1219E-13  0.7603E-17  0.1000E-09  0.0000E+00  0.4472E+16
   -0.962488    1.61832  0.2603E-10  0.1219E-13  0.7603E-17  0.1000E-09  0.0000E+00  0.4237E+16
   -1.031239    1.73107  0.2600E-10  0.1219E-13  0.7603E-17  0.1000E-09  0.0000E+00  0.4005E+16
   -1.099991    1.84328  0.2595E-10  0.1219E-13  0.7603E-17  0.1000E-09  0.0000E+00  0.3774E+16
   -1.168744    1.95491  0.2589E-10  0.1219E-13  0.7603E-17  0.1000E-09  0.0000E+00  0.3547E+16
   -1.237496    2.06591  0.2581E-10  0.1219E-13  0.7603E-17  0.1000E-09  0.0000E+00  0.3322E+16
   -1.306248    2.17625  0.2572E-10  0.1219E-13  0.7603E-17  0.1000E-09  0.0000E+00  0.3100E+16
   -1.375000    2.28587  0.2563E-10  0.1219E-13  0.7603E-17  0.1000E-09  0.0000E+00  0.2883E+16
   -1.443753    2.39478  0.2555E-10  0.1219E-13  0.7603E-17  0.1000E-09  0.0000E+00  0.2670E+16
   -1.512505    2.50295  0.2549E-10  0.1219E-13  0.7603E-17  0.1000E-09  0.0000E+00  0.2460E+16
   -1.581257    2.61033  0.2544E-10  0.1219E-13  0.7603E-17  0.1000E-09  0.0000E+00  0.2254E+16
   -1.650009    2.71686  0.2541E-10  0.1219E-13  0.7603E-17  0.1000E-09  0.0000E+00  0.2052E+16
   -1.718761    2.82248  0.2539E-10  0.1219E-13  0.7603E-17  0.1000E-09  0.0000E+00  0.1855E+16
   -1.787513    2.92716  0.2537E-10  0.1219E-13  0.7603E-17  0.1000E-09  0.0000E+00  0.1669E+16
   -1.856264    3.03128  0.2535E-10  0.1219E-13  0.7603E-17  0.1000E-09  0.0000E+00  0.1486E+16
   -1.925016    3.13477  0.2533E-10  0.1219E-13  0.7603E-17  0.1000E-09  0.0000E+00  0.1305E+16
   -1.993767    3.23756  0.2531E-10  0.5022E-13  0.1740E-16  0.1000E-09  0.0000E+00  0.1126E+16
   -2.062518    3.33945  0.2529E-10  0.2045E-12  0.6474E-16  0.1000E-09  0.0000E+00  0.9539E+15
   -2.131268    3.44061  0.2527E-10  0.7933E-12  0.2410E-15  0.1000E-09  0.0000E+00  0.7855E+15
   -2.200018    3.54101  0.2526E-10  0.3009E-11  0.8807E-15  0.1000E-09  0.0000E+00  0.6208E+15
   -2.268768    3.64058  0.2525E-10  0.1132E-10  0.3195E-14  0.1000E-09  0.0000E+00  0.4613E+15
   -2.337517    3.73951  0.2524E-10  0.4270E-10  0.1164E-13  0.1918E-09  0.0000E+00  0.3053E+15
   -2.406266    3.83783  0.2524E-10  0.1603E-09  0.4222E-13  0.1383E-08  0.0000E+00  0.1522E+15
   -2.475014    3.93486  0.2524E-10  0.5913E-09  0.1514E-12  0.4065E-07  0.0000E+00  0.1609E+14
   -2.543761    4.01068  0.2524E-10  0.1670E-08  0.4407E-12  0.2670E-05  0.0000E+00 -0.2090E+13
   -2.612508    4.01565  0.2524E-10  0.1996E-08  0.6979E-12  0.2032E-05  0.0000E+00 -0.3402E+13
   -2.681255    4.02230  0.2524E-10  0.1775E-08  0.1559E-11  0.5400E-06  0.0000E+00 -0.1791E+14
   -2.750001    4.04617  0.2524E-10  0.0000E+00  0.0000E+00  0.0000E+00  0.0000E+00  0.0000E+00
