 1 - depth, m
 2 - temperature, C
 3 - salinity, kg/kg
 4 - turbulent kinetic energy, m**2/s**2
 5 - dissipation rate, m**2/s**3
 6 - kinematic heat conductance, m**2/s
 7 - modulus of horizontal velocity, m/s
 8 - Richardson number, n/d
   -0.000000    0.10659  0.9544E-12  0.1377E-04  0.6302E-06  0.2939E-04  0.3963E-01  0.3368E-01
   -0.068746    0.15890  0.9544E-12  0.1222E-04  0.2324E-06  0.5931E-04  0.3054E-01  0.3337E-01
   -0.137492    0.17575  0.9545E-12  0.1111E-04  0.1362E-06  0.7880E-04  0.2668E-01  0.5813E-01
   -0.206239    0.18703  0.9545E-12  0.1012E-04  0.9370E-07  0.9036E-04  0.2407E-01  0.7909E-01
   -0.274987    0.19635  0.9545E-12  0.9214E-05  0.6978E-07  0.9601E-04  0.2206E-01  0.1006E+00
   -0.343735    0.20465  0.9545E-12  0.8362E-05  0.5437E-07  0.9712E-04  0.2039E-01  0.1228E+00
   -0.412484    0.21242  0.9545E-12  0.7558E-05  0.4357E-07  0.9477E-04  0.1894E-01  0.1461E+00
   -0.481233    0.21994  0.9545E-12  0.6795E-05  0.3556E-07  0.8982E-04  0.1763E-01  0.1708E+00
   -0.549983    0.22743  0.9545E-12  0.6071E-05  0.2937E-07  0.8296E-04  0.1643E-01  0.1973E+00
   -0.618733    0.23506  0.9545E-12  0.5383E-05  0.2443E-07  0.7479E-04  0.1530E-01  0.2260E+00
   -0.687484    0.24300  0.9545E-12  0.4729E-05  0.2039E-07  0.6581E-04  0.1422E-01  0.2576E+00
   -0.756234    0.25147  0.9545E-12  0.4109E-05  0.1703E-07  0.5647E-04  0.1318E-01  0.2928E+00
   -0.824985    0.26073  0.9545E-12  0.3522E-05  0.1417E-07  0.4717E-04  0.1215E-01  0.3327E+00
   -0.893737    0.27119  0.9545E-12  0.2969E-05  0.1172E-07  0.3832E-04  0.1111E-01  0.3785E+00
   -0.962489    0.28358  0.9546E-12  0.2453E-05  0.9586E-08  0.3033E-04  0.1005E-01  0.4316E+00
   -1.031240    0.29948  0.9546E-12  0.1974E-05  0.7694E-08  0.2363E-04  0.8911E-02  0.4915E+00
   -1.099992    0.32419  0.9546E-12  0.1529E-05  0.5882E-08  0.1883E-04  0.7585E-02  0.6490E+00
   -1.168745    0.39685  0.9547E-12  0.1225E-05  0.4477E-08  0.1605E-04  0.5805E-02  0.1434E+01
   -1.237497    0.50149  0.9548E-12  0.1045E-05  0.3684E-08  0.1405E-04  0.4301E-02  0.4046E+01
   -1.306249    0.56997  0.9548E-12  0.9082E-06  0.3110E-08  0.1245E-04  0.3334E-02  0.1493E+02
   -1.375001    0.61998  0.9548E-12  0.7985E-06  0.2666E-08  0.1120E-04  0.2648E-02  0.6660E+02
   -1.443754    0.66383  0.9549E-12  0.7121E-06  0.2329E-08  0.1025E-04  0.2109E-02  0.3293E+03
   -1.512506    0.70526  0.9549E-12  0.6456E-06  0.2082E-08  0.9552E-05  0.1662E-02  0.1901E+04
   -1.581258    0.74764  0.9549E-12  0.5945E-06  0.1909E-08  0.9001E-05  0.1279E-02  0.1415E+05
   -1.650011    0.80052  0.9549E-12  0.5528E-06  0.1790E-08  0.8349E-05  0.9415E-03  0.1098E+06
   -1.718763    0.88778  0.9549E-12  0.4997E-06  0.1654E-08  0.5400E-05  0.6202E-03  0.1033E+07
   -1.787514    1.05026  0.9549E-12  0.3559E-06  0.1083E-08  0.6049E-05  0.2783E-03  0.1426E+09
   -1.856266    1.15148  0.9549E-12  0.2493E-06  0.7018E-09  0.4530E-05  0.1576E-03  0.1903E+11
   -1.925017    1.21108  0.9549E-12  0.1680E-06  0.4373E-09  0.3206E-05  0.9014E-04  0.2225E+12
   -1.993769    1.21917  0.9549E-12  0.1096E-06  0.2643E-09  0.2191E-05  0.5287E-04 -0.1058E+16
   -2.062519    1.17215  0.9550E-12  0.6747E-07  0.1532E-09  0.1106E-05  0.3267E-04  0.5258E+15
   -2.131270    1.19390  0.9550E-12  0.3681E-07  0.7998E-10  0.4317E-06  0.1792E-04  0.3414E+16
   -2.200020    1.28495  0.9550E-12  0.1519E-07  0.3269E-10  0.7667E-07  0.8071E-05  0.7051E+16
   -2.268770    1.47714  0.9550E-12  0.3188E-08  0.7622E-11  0.4244E-08  0.1651E-05  0.9068E+16
   -2.337519    1.75739  0.9550E-12  0.3224E-09  0.1647E-11  0.4107E-09  0.9459E-07  0.1036E+17
   -2.406268    2.12930  0.9550E-12  0.2736E-10  0.1029E-11  0.1170E-09  0.3508E-08  0.1073E+17
   -2.475016    2.61872  0.9551E-12  0.4419E-11  0.1000E-11  0.1000E-09  0.1038E-09  0.8904E+16
   -2.543764    3.22239  0.9551E-12  0.4419E-11  0.1000E-11  0.1000E-09  0.2521E-11  0.3852E+16
   -2.612511    3.98220  0.9551E-12  0.4419E-11  0.1000E-11  0.1000E-09  0.4464E-13 -0.7191E+16
   -2.681257    4.89110  0.9551E-12  0.4419E-11  0.1000E-11  0.1000E-09  0.5048E-15 -0.4487E+16
   -2.750003    5.17160  0.9551E-12  0.0000E+00  0.0000E+00  0.0000E+00  0.8674E-15  0.0000E+00
