 1 - depth, m
 2 - temperature, C
 3 - salinity, kg/kg
 4 - turbulent kinetic energy, m**2/s**2
 5 - dissipation rate, m**2/s**3
 6 - kinematic heat conductance, m**2/s
 7 - modulus of horizontal velocity, m/s
 8 - Richardson number, n/d
   -0.000000    8.96805  0.2161E-11  0.8538E-04  0.1998E-04  0.9297E-04  0.8735E-01 -0.5330E-01
   -0.068746    9.00694  0.2161E-11  0.5056E-04  0.4510E-05  0.1202E-03  0.4100E-01 -0.4071E-01
   -0.137492    9.01452  0.2161E-11  0.4140E-04  0.1837E-05  0.1570E-03  0.3308E-01 -0.1282E-01
   -0.206239    9.01960  0.2161E-11  0.3673E-04  0.9389E-06  0.2031E-03  0.2837E-01 -0.1754E-01
   -0.274987    9.02341  0.2161E-11  0.3402E-04  0.5680E-06  0.2563E-03  0.2491E-01 -0.2270E-01
   -0.343735    9.02639  0.2161E-11  0.3230E-04  0.3885E-06  0.3143E-03  0.2224E-01 -0.2828E-01
   -0.412484    9.02877  0.2161E-11  0.3109E-04  0.2892E-06  0.3755E-03  0.2009E-01 -0.3423E-01
   -0.481233    9.03071  0.2161E-11  0.3017E-04  0.2282E-06  0.4389E-03  0.1834E-01 -0.4048E-01
   -0.549983    9.03233  0.2161E-11  0.2942E-04  0.1876E-06  0.5036E-03  0.1686E-01 -0.4692E-01
   -0.618733    9.03371  0.2161E-11  0.2879E-04  0.1589E-06  0.5688E-03  0.1559E-01 -0.5349E-01
   -0.687483    9.03490  0.2161E-11  0.2824E-04  0.1376E-06  0.6338E-03  0.1449E-01 -0.5995E-01
   -0.756234    9.03596  0.2161E-11  0.2775E-04  0.1212E-06  0.6989E-03  0.1352E-01 -0.6456E-01
   -0.824985    9.03689  0.2161E-11  0.2731E-04  0.1084E-06  0.7700E-03  0.1264E-01 -0.4387E-01
   -0.893737    9.03773  0.2161E-11  0.2690E-04  0.9809E-07  0.8836E-03  0.1185E-01  0.8372E+02
   -0.962488    9.03846  0.2161E-11  0.2653E-04  0.8968E-07  0.1017E-02  0.1113E-01  0.2563E+01
   -1.031240    9.03912  0.2161E-11  0.2619E-04  0.8273E-07  0.1134E-02  0.1046E-01  0.7175E+01
   -1.099992    9.03970  0.2161E-11  0.2586E-04  0.7689E-07  0.1239E-02  0.9836E-02  0.9286E+01
   -1.168744    9.04024  0.2161E-11  0.2555E-04  0.7195E-07  0.1365E-02  0.9248E-02  0.8916E+02
   -1.237496    9.04072  0.2161E-11  0.2525E-04  0.6773E-07  0.1512E-02  0.8689E-02  0.1803E+02
   -1.306249    9.04115  0.2161E-11  0.2495E-04  0.6411E-07  0.1809E-02  0.8153E-02  0.3089E+04
   -1.375001    9.04150  0.2161E-11  0.2466E-04  0.6098E-07  0.2163E-02  0.7640E-02  0.4159E+04
   -1.443753    9.04178  0.2161E-11  0.2437E-04  0.5823E-07  0.2440E-02  0.7141E-02  0.6060E+04
   -1.512506    9.04202  0.2161E-11  0.2405E-04  0.5579E-07  0.2568E-02  0.6648E-02  0.3319E+05
   -1.581258    9.04223  0.2161E-11  0.2372E-04  0.5357E-07  0.2570E-02  0.6159E-02  0.2830E+05
   -1.650010    9.04245  0.2161E-11  0.2335E-04  0.5153E-07  0.2574E-02  0.5668E-02  0.4240E+04
   -1.718762    9.04266  0.2161E-11  0.2294E-04  0.4963E-07  0.2541E-02  0.5179E-02  0.7167E+03
   -1.787514    9.04287  0.2161E-11  0.2245E-04  0.4775E-07  0.2560E-02  0.4685E-02  0.2745E+03
   -1.856266    9.04308  0.2161E-11  0.2191E-04  0.4593E-07  0.2543E-02  0.4238E-02  0.1159E+02
   -1.925017    9.04329  0.2161E-11  0.2132E-04  0.4421E-07  0.2519E-02  0.3829E-02  0.4262E+01
   -1.993768    9.04350  0.2161E-11  0.2068E-04  0.4265E-07  0.2485E-02  0.3458E-02  0.2475E+01
   -2.062519    9.04372  0.2161E-11  0.2005E-04  0.4137E-07  0.2439E-02  0.3116E-02  0.1902E+01
   -2.131269    9.04393  0.2161E-11  0.1941E-04  0.4045E-07  0.2382E-02  0.2791E-02  0.1498E+01
   -2.200019    9.04415  0.2161E-11  0.1879E-04  0.3993E-07  0.2319E-02  0.2482E-02  0.1193E+01
   -2.268769    9.04437  0.2161E-11  0.1817E-04  0.3992E-07  0.2258E-02  0.2188E-02  0.8584E+00
   -2.337518    9.04460  0.2161E-11  0.1755E-04  0.4056E-07  0.2215E-02  0.1914E-02  0.6042E+00
   -2.406267    9.04483  0.2161E-11  0.1694E-04  0.4210E-07  0.1986E-02  0.1667E-02  0.9594E+00
   -2.475015    9.04509  0.2161E-11  0.1629E-04  0.4517E-07  0.1279E-02  0.1453E-02  0.4700E+03
   -2.543763    9.04552  0.2161E-11  0.1551E-04  0.5170E-07  0.7136E-03  0.1248E-02  0.7862E+02
   -2.612510    9.04623  0.2161E-11  0.1434E-04  0.6880E-07  0.3971E-03  0.1033E-02 -0.6583E+00
   -2.681256    9.04748  0.2161E-11  0.8583E-05  0.2380E-06  0.3825E-04  0.8002E-03 -0.1790E+05
   -2.750002    9.06033  0.2161E-11  0.0000E+00  0.0000E+00  0.0000E+00  0.7984E-03  0.0000E+00
