 1 - depth, m
 2 - temperature, C
 3 - salinity, kg/kg
 4 - turbulent kinetic energy, m**2/s**2
 5 - dissipation rate, m**2/s**3
 6 - kinematic heat conductance, m**2/s
 7 - modulus of horizontal velocity, m/s
 8 - Richardson number, n/d
   -0.000000   -0.00000  0.6386E-11  0.1219E-13  0.7603E-17  0.1000E-09  0.0000E+00  0.8326E+16
   -0.068746    0.12706  0.7922E-11  0.1219E-13  0.7603E-17  0.1000E-09  0.0000E+00  0.8036E+16
   -0.137492    0.25408  0.7895E-11  0.1219E-13  0.7603E-17  0.1000E-09  0.0000E+00  0.7750E+16
   -0.206239    0.38110  0.7040E-11  0.1219E-13  0.7603E-17  0.1000E-09  0.0000E+00  0.7467E+16
   -0.274987    0.50813  0.6184E-11  0.1219E-13  0.7603E-17  0.1000E-09  0.0000E+00  0.7185E+16
   -0.343735    0.63519  0.5606E-11  0.1219E-13  0.7603E-17  0.1000E-09  0.0000E+00  0.6904E+16
   -0.412484    0.76227  0.5290E-11  0.1219E-13  0.7603E-17  0.1000E-09  0.0000E+00  0.6623E+16
   -0.481233    0.88934  0.5139E-11  0.1219E-13  0.7603E-17  0.1000E-09  0.0000E+00  0.6341E+16
   -0.549982    1.01638  0.5075E-11  0.1219E-13  0.7603E-17  0.1000E-09  0.0000E+00  0.6059E+16
   -0.618732    1.14333  0.5050E-11  0.1219E-13  0.7603E-17  0.1000E-09  0.0000E+00  0.5775E+16
   -0.687483    1.27013  0.5041E-11  0.1219E-13  0.7603E-17  0.1000E-09  0.0000E+00  0.5495E+16
   -0.756234    1.39681  0.5038E-11  0.1219E-13  0.7603E-17  0.1000E-09  0.0000E+00  0.5215E+16
   -0.824985    1.52332  0.5035E-11  0.1219E-13  0.7603E-17  0.1000E-09  0.0000E+00  0.4935E+16
   -0.893736    1.64960  0.5032E-11  0.1219E-13  0.7603E-17  0.1000E-09  0.0000E+00  0.4655E+16
   -0.962488    1.77559  0.5028E-11  0.1219E-13  0.7603E-17  0.1000E-09  0.0000E+00  0.4375E+16
   -1.031239    1.90121  0.5021E-11  0.1219E-13  0.7603E-17  0.1000E-09  0.0000E+00  0.4097E+16
   -1.099991    2.02639  0.5012E-11  0.1219E-13  0.7603E-17  0.1000E-09  0.0000E+00  0.3821E+16
   -1.168743    2.15107  0.4999E-11  0.1219E-13  0.7603E-17  0.1000E-09  0.0000E+00  0.3547E+16
   -1.237495    2.27518  0.4984E-11  0.1219E-13  0.7603E-17  0.1000E-09  0.0000E+00  0.3275E+16
   -1.306248    2.39865  0.4968E-11  0.1545E-13  0.7603E-17  0.1000E-09  0.0000E+00  0.3007E+16
   -1.375000    2.52141  0.4951E-11  0.6679E-13  0.1082E-16  0.1000E-09  0.0000E+00  0.2744E+16
   -1.443752    2.64341  0.4937E-11  0.1867E-12  0.2444E-16  0.1000E-09  0.0000E+00  0.2485E+16
   -1.512505    2.76461  0.4924E-11  0.4612E-12  0.5695E-16  0.1000E-09  0.0000E+00  0.2230E+16
   -1.581257    2.88493  0.4914E-11  0.1096E-11  0.1309E-15  0.1000E-09  0.0000E+00  0.1980E+16
   -1.650009    3.00429  0.4906E-11  0.2559E-11  0.2972E-15  0.1000E-09  0.0000E+00  0.1736E+16
   -1.718761    3.12263  0.4900E-11  0.5901E-11  0.6669E-15  0.1000E-09  0.0000E+00  0.1498E+16
   -1.787513    3.23987  0.4895E-11  0.1379E-10  0.1517E-14  0.1000E-09  0.0000E+00  0.1262E+16
   -1.856264    3.35565  0.4891E-11  0.3245E-10  0.3475E-14  0.1000E-09  0.0000E+00  0.1034E+16
   -1.925015    3.46971  0.4888E-11  0.7614E-10  0.7945E-14  0.1000E-09  0.0000E+00  0.8144E+15
   -1.993767    3.58177  0.4885E-11  0.1781E-09  0.1811E-13  0.1522E-09  0.0000E+00  0.6051E+15
   -2.062517    3.69166  0.4884E-11  0.4056E-09  0.4022E-13  0.4983E-09  0.0000E+00  0.4104E+15
   -2.131268    3.80024  0.4883E-11  0.9118E-09  0.8820E-13  0.2018E-08  0.0000E+00  0.2221E+15
   -2.200018    3.90674  0.4883E-11  0.2013E-08  0.1903E-12  0.2001E-07  0.0000E+00  0.4805E+14
   -2.268767    4.00050  0.4883E-11  0.2728E-08  0.2600E-12  0.1249E-04  0.0000E+00 -0.2759E+12
   -2.337516    4.00169  0.4883E-11  0.3019E-08  0.2981E-12  0.1276E-04  0.0000E+00 -0.2913E+12
   -2.406265    4.00285  0.4883E-11  0.3225E-08  0.3410E-12  0.1217E-04  0.0000E+00 -0.3278E+12
   -2.475013    4.00407  0.4883E-11  0.3346E-08  0.3973E-12  0.1063E-04  0.0000E+00 -0.4034E+12
   -2.543761    4.00547  0.4883E-11  0.3357E-08  0.4883E-12  0.8009E-05  0.0000E+00 -0.5810E+12
   -2.612508    4.00732  0.4883E-11  0.3168E-08  0.6977E-12  0.4287E-05  0.0000E+00 -0.1218E+13
   -2.681254    4.01074  0.4883E-11  0.2278E-08  0.1766E-11  0.6237E-06  0.0000E+00 -0.1106E+14
   -2.750000    4.03113  0.4883E-11  0.0000E+00  0.0000E+00  0.0000E+00  0.0000E+00  0.0000E+00
