 1 - depth, m
 2 - temperature, C
 3 - salinity, kg/kg
 4 - turbulent kinetic energy, m**2/s**2
 5 - dissipation rate, m**2/s**3
 6 - kinematic heat conductance, m**2/s
 7 - modulus of horizontal velocity, m/s
 8 - Richardson number, n/d
   -0.000000   15.88976  0.7457E-12  0.6668E-04  0.1389E-04  0.7171E-04  0.7470E-01 -0.4341E+00
   -0.068746   15.96128  0.7457E-12  0.4039E-04  0.3004E-05  0.1102E-03  0.3605E-01 -0.3586E-01
   -0.137492   15.97615  0.7457E-12  0.3414E-04  0.1206E-05  0.1640E-03  0.2892E-01 -0.6221E-01
   -0.206239   15.98554  0.7457E-12  0.3111E-04  0.6283E-06  0.2322E-03  0.2476E-01 -0.8938E-01
   -0.274987   15.99213  0.7457E-12  0.2949E-04  0.3914E-06  0.3155E-03  0.2187E-01 -0.1203E+00
   -0.343735   15.99691  0.7457E-12  0.2859E-04  0.2758E-06  0.4260E-03  0.1977E-01 -0.9274E-01
   -0.412484   16.00039  0.7457E-12  0.2812E-04  0.2123E-06  0.6843E-03  0.1819E-01  0.3811E+02
   -0.481233   16.00275  0.7457E-12  0.2794E-04  0.1745E-06  0.1102E-02  0.1698E-01  0.1553E+03
   -0.549982   16.00423  0.7457E-12  0.2795E-04  0.1500E-06  0.1431E-02  0.1602E-01  0.6270E+04
   -0.618732   16.00521  0.7457E-12  0.2808E-04  0.1326E-06  0.1581E-02  0.1516E-01  0.1478E+04
   -0.687483   16.00603  0.7457E-12  0.2829E-04  0.1191E-06  0.1684E-02  0.1436E-01  0.3083E+04
   -0.756233   16.00677  0.7457E-12  0.2853E-04  0.1084E-06  0.1785E-02  0.1360E-01  0.7490E+04
   -0.824984   16.00745  0.7457E-12  0.2876E-04  0.9970E-07  0.1882E-02  0.1287E-01  0.7271E+02
   -0.893736   16.00808  0.7457E-12  0.2898E-04  0.9248E-07  0.1979E-02  0.1217E-01  0.3341E+02
   -0.962487   16.00866  0.7457E-12  0.2917E-04  0.8642E-07  0.2074E-02  0.1150E-01  0.2857E+02
   -1.031239   16.00920  0.7457E-12  0.2931E-04  0.8125E-07  0.2168E-02  0.1085E-01  0.2849E+02
   -1.099991   16.00971  0.7457E-12  0.2941E-04  0.7680E-07  0.2260E-02  0.1021E-01  0.2983E+02
   -1.168743   16.01019  0.7457E-12  0.2944E-04  0.7293E-07  0.2348E-02  0.9589E-02  0.3212E+02
   -1.237495   16.01063  0.7457E-12  0.2941E-04  0.6954E-07  0.2430E-02  0.8977E-02  0.3537E+02
   -1.306247   16.01105  0.7457E-12  0.2931E-04  0.6653E-07  0.2503E-02  0.8375E-02  0.3990E+02
   -1.375000   16.01145  0.7457E-12  0.2912E-04  0.6386E-07  0.2564E-02  0.7780E-02  0.4653E+02
   -1.443752   16.01183  0.7457E-12  0.2886E-04  0.6145E-07  0.2609E-02  0.7191E-02  0.5711E+02
   -1.512504   16.01219  0.7457E-12  0.2849E-04  0.5928E-07  0.2635E-02  0.6607E-02  0.7945E+02
   -1.581256   16.01254  0.7457E-12  0.2803E-04  0.5728E-07  0.2638E-02  0.6025E-02  0.2744E+03
   -1.650008   16.01289  0.7457E-12  0.2746E-04  0.5544E-07  0.2615E-02  0.5444E-02  0.4176E+03
   -1.718760   16.01322  0.7457E-12  0.2677E-04  0.5369E-07  0.2565E-02  0.4864E-02  0.2993E+04
   -1.787512   16.01356  0.7457E-12  0.2592E-04  0.5196E-07  0.2484E-02  0.4279E-02  0.2212E+02
   -1.856264   16.01390  0.7457E-12  0.2494E-04  0.5036E-07  0.2389E-02  0.3762E-02  0.7740E+01
   -1.925015   16.01426  0.7457E-12  0.2384E-04  0.4903E-07  0.2286E-02  0.3304E-02  0.3917E+01
   -1.993766   16.01462  0.7457E-12  0.2265E-04  0.4813E-07  0.2188E-02  0.2904E-02  0.2515E+01
   -2.062517   16.01500  0.7457E-12  0.2145E-04  0.4786E-07  0.2094E-02  0.2551E-02  0.1936E+01
   -2.131267   16.01539  0.7457E-12  0.2025E-04  0.4834E-07  0.2006E-02  0.2230E-02  0.1508E+01
   -2.200017   16.01579  0.7457E-12  0.1909E-04  0.4975E-07  0.1912E-02  0.1937E-02  0.1181E+01
   -2.268767   16.01620  0.7457E-12  0.1798E-04  0.5231E-07  0.1789E-02  0.1671E-02  0.9024E+00
   -2.337516   16.01664  0.7457E-12  0.1689E-04  0.5720E-07  0.1582E-02  0.1443E-02  0.2948E+02
   -2.406265   16.01718  0.7457E-12  0.1569E-04  0.6760E-07  0.1361E-02  0.1245E-02  0.9222E+02
   -2.475013   16.01794  0.7457E-12  0.1405E-04  0.9200E-07  0.1017E-02  0.1060E-02  0.1233E+03
   -2.543760   16.01951  0.7457E-12  0.1187E-04  0.1379E-06  0.7928E-03  0.8423E-03  0.2099E+04
   -2.612507   16.02053  0.7457E-12  0.9089E-05  0.2910E-06  0.3818E-03  0.6526E-03  0.2279E+02
   -2.681254   16.02684  0.7457E-12  0.5803E-05  0.8068E-06  0.1987E-03  0.3805E-03 -0.9350E+03
   -2.749999   16.03222  0.7457E-12  0.0000E+00  0.0000E+00  0.0000E+00  0.6150E-03  0.0000E+00
