 1 - depth, m
 2 - temperature, C
 3 - salinity, kg/kg
 4 - turbulent kinetic energy, m**2/s**2
 5 - dissipation rate, m**2/s**3
 6 - kinematic heat conductance, m**2/s
 7 - modulus of horizontal velocity, m/s
 8 - Richardson number, n/d
   -0.000000   -0.00000  0.1314E-11  0.1219E-13  0.7603E-17  0.1000E-09  0.0000E+00  0.7135E+16
   -0.068746    0.10861  0.4766E-11  0.1219E-13  0.7603E-17  0.1000E-09  0.0000E+00  0.7038E+16
   -0.137493    0.21903  0.6599E-11  0.1219E-13  0.7603E-17  0.1000E-09  0.0000E+00  0.6923E+16
   -0.206240    0.33111  0.7038E-11  0.1219E-13  0.7603E-17  0.1000E-09  0.0000E+00  0.6789E+16
   -0.274988    0.44468  0.6769E-11  0.1219E-13  0.7603E-17  0.1000E-09  0.0000E+00  0.6637E+16
   -0.343736    0.55957  0.6268E-11  0.1219E-13  0.7603E-17  0.1000E-09  0.0000E+00  0.6469E+16
   -0.412485    0.67561  0.5797E-11  0.1219E-13  0.7603E-17  0.1000E-09  0.0000E+00  0.6285E+16
   -0.481234    0.79262  0.5456E-11  0.1219E-13  0.7603E-17  0.1000E-09  0.0000E+00  0.6088E+16
   -0.549984    0.91044  0.5247E-11  0.1219E-13  0.7603E-17  0.1000E-09  0.0000E+00  0.5879E+16
   -0.618734    1.02890  0.5134E-11  0.1219E-13  0.7603E-17  0.1000E-09  0.0000E+00  0.5659E+16
   -0.687485    1.14785  0.5078E-11  0.1219E-13  0.7603E-17  0.1000E-09  0.0000E+00  0.5432E+16
   -0.756236    1.26716  0.5053E-11  0.1219E-13  0.7603E-17  0.1000E-09  0.0000E+00  0.5199E+16
   -0.824987    1.38671  0.5042E-11  0.1219E-13  0.7603E-17  0.1000E-09  0.0000E+00  0.4960E+16
   -0.893739    1.50638  0.5036E-11  0.1219E-13  0.7603E-17  0.1000E-09  0.0000E+00  0.4718E+16
   -0.962490    1.62607  0.5031E-11  0.1219E-13  0.7603E-17  0.1000E-09  0.0000E+00  0.4473E+16
   -1.031242    1.74568  0.5025E-11  0.1219E-13  0.7603E-17  0.1000E-09  0.0000E+00  0.4226E+16
   -1.099994    1.86512  0.5018E-11  0.1219E-13  0.7603E-17  0.1000E-09  0.0000E+00  0.3979E+16
   -1.168747    1.98432  0.5008E-11  0.1219E-13  0.7603E-17  0.1000E-09  0.0000E+00  0.3733E+16
   -1.237499    2.10322  0.4995E-11  0.1219E-13  0.7603E-17  0.1000E-09  0.0000E+00  0.3487E+16
   -1.306252    2.22177  0.4981E-11  0.1219E-13  0.7603E-17  0.1000E-09  0.0000E+00  0.3244E+16
   -1.375004    2.33993  0.4966E-11  0.1219E-13  0.7603E-17  0.1000E-09  0.0000E+00  0.3004E+16
   -1.443756    2.45769  0.4951E-11  0.1219E-13  0.7603E-17  0.1000E-09  0.0000E+00  0.2767E+16
   -1.512509    2.57505  0.4938E-11  0.1219E-13  0.7603E-17  0.1000E-09  0.0000E+00  0.2532E+16
   -1.581261    2.69200  0.4925E-11  0.1219E-13  0.7603E-17  0.1000E-09  0.0000E+00  0.2301E+16
   -1.650014    2.80853  0.4915E-11  0.3991E-13  0.8882E-17  0.1000E-09  0.0000E+00  0.2074E+16
   -1.718766    2.92465  0.4907E-11  0.1239E-12  0.2188E-16  0.1000E-09  0.0000E+00  0.1848E+16
   -1.787518    3.04033  0.4901E-11  0.3559E-12  0.5921E-16  0.1000E-09  0.0000E+00  0.1607E+16
   -1.856269    3.15407  0.4896E-11  0.1001E-11  0.1608E-15  0.1000E-09  0.0000E+00  0.1372E+16
   -1.925021    3.26549  0.4892E-11  0.2782E-11  0.4331E-15  0.1000E-09  0.0000E+00  0.1146E+16
   -1.993772    3.37411  0.4889E-11  0.7667E-11  0.1158E-14  0.1000E-09  0.0000E+00  0.9352E+15
   -2.062523    3.47991  0.4886E-11  0.2047E-10  0.3001E-14  0.1000E-09  0.0000E+00  0.7542E+15
   -2.131274    3.58525  0.4885E-11  0.5385E-10  0.7666E-14  0.1000E-09  0.0000E+00  0.5775E+15
   -2.200024    3.69046  0.4884E-11  0.1402E-09  0.1939E-13  0.2450E-09  0.0000E+00  0.4020E+15
   -2.268774    3.79553  0.4883E-11  0.3644E-09  0.4896E-13  0.1093E-08  0.0000E+00  0.2273E+15
   -2.337523    3.90002  0.4883E-11  0.9509E-09  0.1243E-12  0.1092E-07  0.0000E+00  0.5731E+14
   -2.406272    3.99790  0.4883E-11  0.1724E-08  0.2264E-12  0.5618E-05  0.0000E+00 -0.5200E+12
   -2.475020    4.00048  0.4883E-11  0.2037E-08  0.2908E-12  0.5774E-05  0.0000E+00 -0.6010E+12
   -2.543768    4.00297  0.4883E-11  0.2207E-08  0.3750E-12  0.4874E-05  0.0000E+00 -0.8243E+12
   -2.612515    4.00588  0.4883E-11  0.2179E-08  0.5392E-12  0.2880E-05  0.0000E+00 -0.1629E+13
   -2.681262    4.01062  0.4883E-11  0.1637E-08  0.1246E-11  0.4952E-06  0.0000E+00 -0.1170E+14
   -2.750008    4.03198  0.4883E-11  0.0000E+00  0.0000E+00  0.0000E+00  0.0000E+00  0.0000E+00
