 1 - depth, m
 2 - temperature, C
 3 - salinity, kg/kg
 4 - turbulent kinetic energy, m**2/s**2
 5 - dissipation rate, m**2/s**3
 6 - kinematic heat conductance, m**2/s
 7 - modulus of horizontal velocity, m/s
 8 - Richardson number, n/d
   -0.000000   -0.00000  0.1647E-10  0.1219E-13  0.7603E-17  0.1000E-09  0.0000E+00  0.4369E+16
   -0.068746    0.06612  0.8967E-11  0.1219E-13  0.7603E-17  0.1000E-09  0.0000E+00  0.4178E+16
   -0.137492    0.13049  0.7121E-11  0.1219E-13  0.7603E-17  0.1000E-09  0.0000E+00  0.4028E+16
   -0.206239    0.19366  0.6718E-11  0.1219E-13  0.7603E-17  0.1000E-09  0.0000E+00  0.3918E+16
   -0.274986    0.25620  0.6641E-11  0.1219E-13  0.7603E-17  0.1000E-09  0.0000E+00  0.3846E+16
   -0.343734    0.31868  0.6628E-11  0.1219E-13  0.7603E-17  0.1000E-09  0.0000E+00  0.3809E+16
   -0.412483    0.38169  0.6626E-11  0.1219E-13  0.7603E-17  0.1000E-09  0.0000E+00  0.3806E+16
   -0.481232    0.44585  0.6626E-11  0.1219E-13  0.7603E-17  0.1000E-09  0.0000E+00  0.3836E+16
   -0.549982    0.51178  0.6626E-11  0.1219E-13  0.7603E-17  0.1000E-09  0.0000E+00  0.3896E+16
   -0.618732    0.58012  0.6626E-11  0.1219E-13  0.7603E-17  0.1000E-09  0.0000E+00  0.3983E+16
   -0.687482    0.65154  0.6626E-11  0.1219E-13  0.7603E-17  0.1000E-09  0.0000E+00  0.4111E+16
   -0.756232    0.72699  0.6626E-11  0.1219E-13  0.7603E-17  0.1000E-09  0.0000E+00  0.4267E+16
   -0.824983    0.80730  0.6626E-11  0.1219E-13  0.7603E-17  0.1000E-09  0.0000E+00  0.4437E+16
   -0.893735    0.89314  0.6626E-11  0.1219E-13  0.7603E-17  0.1000E-09  0.0000E+00  0.4614E+16
   -0.962486    0.98514  0.6626E-11  0.1219E-13  0.7603E-17  0.1000E-09  0.0000E+00  0.4791E+16
   -1.031238    1.08391  0.6625E-11  0.1219E-13  0.7603E-17  0.1000E-09  0.0000E+00  0.4960E+16
   -1.099990    1.19003  0.6623E-11  0.1219E-13  0.7603E-17  0.1000E-09  0.0000E+00  0.5112E+16
   -1.168742    1.30401  0.6617E-11  0.1219E-13  0.7603E-17  0.1000E-09  0.0000E+00  0.5238E+16
   -1.237494    1.42630  0.6600E-11  0.1219E-13  0.7603E-17  0.1000E-09  0.0000E+00  0.5328E+16
   -1.306246    1.55728  0.6569E-11  0.5610E-13  0.1238E-16  0.1000E-09  0.0000E+00  0.5373E+16
   -1.374998    1.69725  0.6526E-11  0.1783E-12  0.3334E-16  0.1000E-09  0.0000E+00  0.5379E+16
   -1.443750    1.84689  0.6489E-11  0.5109E-12  0.9106E-16  0.1000E-09  0.0000E+00  0.5321E+16
   -1.512502    2.00645  0.6468E-11  0.1419E-11  0.2445E-15  0.1000E-09  0.0000E+00  0.5184E+16
   -1.581255    2.17585  0.6457E-11  0.3871E-11  0.6466E-15  0.1000E-09  0.0000E+00  0.4961E+16
   -1.650006    2.35486  0.6449E-11  0.1041E-10  0.1686E-14  0.1000E-09  0.0000E+00  0.4646E+16
   -1.718758    2.54311  0.6445E-11  0.2761E-10  0.4339E-14  0.1000E-09  0.0000E+00  0.4238E+16
   -1.787510    2.74003  0.6442E-11  0.7420E-10  0.1131E-13  0.1000E-09  0.0000E+00  0.3736E+16
   -1.856261    2.94476  0.6441E-11  0.2000E-09  0.2960E-13  0.1000E-09  0.0000E+00  0.3160E+16
   -1.925013    3.15723  0.6440E-11  0.5360E-09  0.7704E-13  0.1563E-09  0.0000E+00  0.2509E+16
   -1.993764    3.37740  0.6438E-11  0.1427E-08  0.1993E-12  0.5713E-09  0.0000E+00  0.1776E+16
   -2.062514    3.60436  0.6431E-11  0.3682E-08  0.5000E-12  0.2647E-08  0.0000E+00  0.9617E+15
   -2.131265    3.83248  0.6418E-11  0.9183E-08  0.1216E-11  0.3517E-07  0.0000E+00  0.1761E+15
   -2.200015    4.02140  0.6415E-11  0.1087E-07  0.1450E-11  0.3451E-04  0.0000E+00 -0.5344E+12
   -2.268764    4.02236  0.6415E-11  0.1152E-07  0.1570E-11  0.3460E-04  0.0000E+00 -0.5508E+12
   -2.337513    4.02333  0.6415E-11  0.1200E-07  0.1706E-11  0.3338E-04  0.0000E+00 -0.5905E+12
   -2.406262    4.02433  0.6415E-11  0.1232E-07  0.1877E-11  0.3071E-04  0.0000E+00 -0.6659E+12
   -2.475010    4.02543  0.6415E-11  0.1246E-07  0.2123E-11  0.2632E-04  0.0000E+00 -0.8112E+12
   -2.543757    4.02674  0.6415E-11  0.1236E-07  0.2542E-11  0.1991E-04  0.0000E+00 -0.1134E+13
   -2.612504    4.02849  0.6415E-11  0.1176E-07  0.3527E-11  0.1125E-04  0.0000E+00 -0.2202E+13
   -2.681250    4.03170  0.6415E-11  0.8848E-08  0.9375E-11  0.1717E-05  0.0000E+00 -0.1980E+14
   -2.749996    4.05407  0.6415E-11  0.0000E+00  0.0000E+00  0.0000E+00  0.0000E+00  0.0000E+00
