 1 - depth, m
 2 - temperature, C
 3 - salinity, kg/kg
 4 - turbulent kinetic energy, m**2/s**2
 5 - dissipation rate, m**2/s**3
 6 - kinematic heat conductance, m**2/s
 7 - modulus of horizontal velocity, m/s
 8 - Richardson number, n/d
   -0.000000   -0.00000  0.3862E-11  0.1219E-13  0.7603E-17  0.1000E-09  0.0000E+00  0.8229E+16
   -0.068746    0.12556  0.4303E-11  0.1219E-13  0.7603E-17  0.1000E-09  0.0000E+00  0.7953E+16
   -0.137492    0.25119  0.4353E-11  0.1219E-13  0.7603E-17  0.1000E-09  0.0000E+00  0.7675E+16
   -0.206239    0.37684  0.4039E-11  0.1219E-13  0.7603E-17  0.1000E-09  0.0000E+00  0.7396E+16
   -0.274987    0.50248  0.3627E-11  0.1219E-13  0.7603E-17  0.1000E-09  0.0000E+00  0.7116E+16
   -0.343735    0.62807  0.3297E-11  0.1219E-13  0.7603E-17  0.1000E-09  0.0000E+00  0.6835E+16
   -0.412484    0.75355  0.3090E-11  0.1219E-13  0.7603E-17  0.1000E-09  0.0000E+00  0.6553E+16
   -0.481233    0.87889  0.2981E-11  0.1219E-13  0.7603E-17  0.1000E-09  0.0000E+00  0.6272E+16
   -0.549983    1.00405  0.2929E-11  0.1219E-13  0.7603E-17  0.1000E-09  0.0000E+00  0.5991E+16
   -0.618733    1.12899  0.2907E-11  0.1219E-13  0.7603E-17  0.1000E-09  0.0000E+00  0.5711E+16
   -0.687483    1.25365  0.2898E-11  0.1219E-13  0.7603E-17  0.1000E-09  0.0000E+00  0.5434E+16
   -0.756234    1.37807  0.2894E-11  0.1219E-13  0.7603E-17  0.1000E-09  0.0000E+00  0.5160E+16
   -0.824985    1.50223  0.2892E-11  0.1219E-13  0.7603E-17  0.1000E-09  0.0000E+00  0.4886E+16
   -0.893736    1.62608  0.2890E-11  0.1219E-13  0.7603E-17  0.1000E-09  0.0000E+00  0.4614E+16
   -0.962488    1.74958  0.2887E-11  0.1219E-13  0.7603E-17  0.1000E-09  0.0000E+00  0.4344E+16
   -1.031239    1.87268  0.2883E-11  0.1219E-13  0.7603E-17  0.1000E-09  0.0000E+00  0.4075E+16
   -1.099991    1.99533  0.2877E-11  0.1219E-13  0.7603E-17  0.1000E-09  0.0000E+00  0.3809E+16
   -1.168744    2.11747  0.2870E-11  0.1219E-13  0.7603E-17  0.1000E-09  0.0000E+00  0.3545E+16
   -1.237496    2.23906  0.2861E-11  0.1219E-13  0.7603E-17  0.1000E-09  0.0000E+00  0.3284E+16
   -1.306248    2.36002  0.2852E-11  0.1219E-13  0.7603E-17  0.1000E-09  0.0000E+00  0.3026E+16
   -1.375000    2.48030  0.2843E-11  0.1219E-13  0.7603E-17  0.1000E-09  0.0000E+00  0.2772E+16
   -1.443753    2.59985  0.2834E-11  0.1401E-13  0.7603E-17  0.1000E-09  0.0000E+00  0.2521E+16
   -1.512505    2.71859  0.2827E-11  0.6386E-13  0.1184E-16  0.1000E-09  0.0000E+00  0.2275E+16
   -1.581257    2.83647  0.2821E-11  0.1887E-12  0.2908E-16  0.1000E-09  0.0000E+00  0.2034E+16
   -1.650009    2.95340  0.2817E-11  0.4975E-12  0.7280E-16  0.1000E-09  0.0000E+00  0.1798E+16
   -1.718761    3.06931  0.2813E-11  0.1267E-11  0.1794E-15  0.1000E-09  0.0000E+00  0.1567E+16
   -1.787513    3.18412  0.2810E-11  0.3255E-11  0.4475E-15  0.1000E-09  0.0000E+00  0.1337E+16
   -1.856264    3.29727  0.2808E-11  0.8392E-11  0.1121E-14  0.1000E-09  0.0000E+00  0.1115E+16
   -1.925016    3.40849  0.2806E-11  0.2152E-10  0.2794E-14  0.1000E-09  0.0000E+00  0.9004E+15
   -1.993767    3.51740  0.2805E-11  0.5491E-10  0.6933E-14  0.1000E-09  0.0000E+00  0.6977E+15
   -2.062518    3.62384  0.2804E-11  0.1361E-09  0.1673E-13  0.1657E-09  0.0000E+00  0.5131E+15
   -2.131268    3.72902  0.2803E-11  0.3329E-09  0.3982E-13  0.6040E-09  0.0000E+00  0.3349E+15
   -2.200018    3.83277  0.2803E-11  0.8060E-09  0.9390E-13  0.2917E-08  0.0000E+00  0.1632E+15
   -2.268768    3.93370  0.2803E-11  0.1896E-08  0.2159E-12  0.5728E-07  0.0000E+00  0.1864E+14
   -2.337517    4.00606  0.2803E-11  0.2777E-08  0.3198E-12  0.1102E-04  0.0000E+00 -0.4099E+12
   -2.406266    4.00734  0.2803E-11  0.3113E-08  0.3756E-12  0.1096E-04  0.0000E+00 -0.4380E+12
   -2.475014    4.00863  0.2803E-11  0.3319E-08  0.4403E-12  0.9903E-05  0.0000E+00 -0.5142E+12
   -2.543761    4.01006  0.2803E-11  0.3383E-08  0.5361E-12  0.7711E-05  0.0000E+00 -0.7036E+12
   -2.612508    4.01188  0.2803E-11  0.3218E-08  0.7454E-12  0.4279E-05  0.0000E+00 -0.1377E+13
   -2.681255    4.01511  0.2803E-11  0.2301E-08  0.1797E-11  0.6231E-06  0.0000E+00 -0.1115E+14
   -2.750001    4.03379  0.2803E-11  0.0000E+00  0.0000E+00  0.0000E+00  0.0000E+00  0.0000E+00
