 1 - depth, m
 2 - temperature, C
 3 - salinity, kg/kg
 4 - turbulent kinetic energy, m**2/s**2
 5 - dissipation rate, m**2/s**3
 6 - kinematic heat conductance, m**2/s
 7 - modulus of horizontal velocity, m/s
 8 - Richardson number, n/d
   -0.000000   -0.00000  0.2688E-10  0.1219E-13  0.7603E-17  0.1000E-09  0.0000E+00  0.8246E+16
   -0.068746    0.12582  0.2227E-10  0.1219E-13  0.7603E-17  0.1000E-09  0.0000E+00  0.7949E+16
   -0.137492    0.25139  0.1739E-10  0.1219E-13  0.7603E-17  0.1000E-09  0.0000E+00  0.7653E+16
   -0.206239    0.37669  0.1424E-10  0.1219E-13  0.7603E-17  0.1000E-09  0.0000E+00  0.7359E+16
   -0.274987    0.50168  0.1259E-10  0.1219E-13  0.7603E-17  0.1000E-09  0.0000E+00  0.7065E+16
   -0.343735    0.62632  0.1183E-10  0.1219E-13  0.7603E-17  0.1000E-09  0.0000E+00  0.6773E+16
   -0.412484    0.75059  0.1152E-10  0.1219E-13  0.7603E-17  0.1000E-09  0.0000E+00  0.6484E+16
   -0.481233    0.87444  0.1141E-10  0.1219E-13  0.7603E-17  0.1000E-09  0.0000E+00  0.6196E+16
   -0.549982    0.99785  0.1137E-10  0.1219E-13  0.7603E-17  0.1000E-09  0.0000E+00  0.5911E+16
   -0.618732    1.12079  0.1136E-10  0.1219E-13  0.7603E-17  0.1000E-09  0.0000E+00  0.5628E+16
   -0.687483    1.24322  0.1136E-10  0.1219E-13  0.7603E-17  0.1000E-09  0.0000E+00  0.5353E+16
   -0.756233    1.36522  0.1135E-10  0.1219E-13  0.7603E-17  0.1000E-09  0.0000E+00  0.5082E+16
   -0.824985    1.48681  0.1135E-10  0.1219E-13  0.7603E-17  0.1000E-09  0.0000E+00  0.4815E+16
   -0.893736    1.60797  0.1135E-10  0.1219E-13  0.7603E-17  0.1000E-09  0.0000E+00  0.4549E+16
   -0.962487    1.72867  0.1134E-10  0.1219E-13  0.7603E-17  0.1000E-09  0.0000E+00  0.4286E+16
   -1.031239    1.84887  0.1133E-10  0.1219E-13  0.7603E-17  0.1000E-09  0.0000E+00  0.4027E+16
   -1.099991    1.96853  0.1132E-10  0.1219E-13  0.7603E-17  0.1000E-09  0.0000E+00  0.3770E+16
   -1.168743    2.08761  0.1130E-10  0.1219E-13  0.7603E-17  0.1000E-09  0.0000E+00  0.3516E+16
   -1.237495    2.20609  0.1127E-10  0.1219E-13  0.7603E-17  0.1000E-09  0.0000E+00  0.3266E+16
   -1.306248    2.32390  0.1124E-10  0.1219E-13  0.7603E-17  0.1000E-09  0.0000E+00  0.3019E+16
   -1.375000    2.44101  0.1121E-10  0.1219E-13  0.7603E-17  0.1000E-09  0.0000E+00  0.2777E+16
   -1.443752    2.55742  0.1118E-10  0.1219E-13  0.7603E-17  0.1000E-09  0.0000E+00  0.2539E+16
   -1.512504    2.67310  0.1115E-10  0.4178E-13  0.8225E-17  0.1000E-09  0.0000E+00  0.2306E+16
   -1.581257    2.78799  0.1113E-10  0.1233E-12  0.1844E-16  0.1000E-09  0.0000E+00  0.2076E+16
   -1.650009    2.90204  0.1112E-10  0.3211E-12  0.4487E-16  0.1000E-09  0.0000E+00  0.1852E+16
   -1.718761    3.01521  0.1111E-10  0.8016E-12  0.1081E-15  0.1000E-09  0.0000E+00  0.1632E+16
   -1.787512    3.12746  0.1110E-10  0.2014E-11  0.2635E-15  0.1000E-09  0.0000E+00  0.1423E+16
   -1.856264    3.23918  0.1109E-10  0.5075E-11  0.6453E-15  0.1000E-09  0.0000E+00  0.1217E+16
   -1.925015    3.35031  0.1108E-10  0.1272E-10  0.1573E-14  0.1000E-09  0.0000E+00  0.1014E+16
   -1.993766    3.46079  0.1107E-10  0.3175E-10  0.3818E-14  0.1000E-09  0.0000E+00  0.8148E+15
   -2.062517    3.57047  0.1106E-10  0.7698E-10  0.9011E-14  0.1000E-09  0.0000E+00  0.6202E+15
   -2.131267    3.67940  0.1105E-10  0.1843E-09  0.2099E-13  0.2484E-09  0.0000E+00  0.4297E+15
   -2.200017    3.78741  0.1105E-10  0.4370E-09  0.4850E-13  0.1011E-08  0.0000E+00  0.2437E+15
   -2.268767    3.89399  0.1105E-10  0.1032E-08  0.1116E-12  0.8515E-08  0.0000E+00  0.6629E+14
   -2.337516    3.99448  0.1105E-10  0.1695E-08  0.1842E-12  0.6198E-05  0.0000E+00 -0.3458E+12
   -2.406265    3.99684  0.1105E-10  0.1997E-08  0.2318E-12  0.6785E-05  0.0000E+00 -0.3931E+12
   -2.475013    3.99901  0.1105E-10  0.2212E-08  0.2904E-12  0.6427E-05  0.0000E+00 -0.4953E+12
   -2.543761    4.00129  0.1105E-10  0.2329E-08  0.3791E-12  0.5118E-05  0.0000E+00 -0.7390E+12
   -2.612508    4.00416  0.1105E-10  0.2284E-08  0.5700E-12  0.2888E-05  0.0000E+00 -0.1623E+13
   -2.681254    4.00924  0.1105E-10  0.1788E-08  0.1415E-11  0.5421E-06  0.0000E+00 -0.1323E+14
   -2.750000    4.03338  0.1105E-10  0.0000E+00  0.0000E+00  0.0000E+00  0.0000E+00  0.0000E+00
