 1 - depth, m
 2 - temperature, C
 3 - salinity, kg/kg
 4 - turbulent kinetic energy, m**2/s**2
 5 - dissipation rate, m**2/s**3
 6 - kinematic heat conductance, m**2/s
 7 - modulus of horizontal velocity, m/s
 8 - Richardson number, n/d
   -0.000000   10.41827  0.4967E-11  0.1267E-04  0.8672E-06  0.2874E-04  0.2188E-01 -0.1071E+00
   -0.068746   10.45791  0.4967E-11  0.1147E-04  0.2433E-06  0.1182E-03  0.1315E-01 -0.9594E-01
   -0.137492   10.46763  0.4967E-11  0.1108E-04  0.1273E-06  0.2402E-03  0.1058E-01  0.2529E+02
   -0.206239   10.47263  0.4967E-11  0.1086E-04  0.8426E-07  0.3541E-03  0.9128E-02  0.2692E+02
   -0.274987   10.47582  0.4967E-11  0.1073E-04  0.6283E-07  0.4745E-03  0.8168E-02  0.2074E+02
   -0.343735   10.47806  0.4967E-11  0.1065E-04  0.5022E-07  0.6121E-03  0.7465E-02  0.2782E+02
   -0.412484   10.47972  0.4967E-11  0.1062E-04  0.4202E-07  0.7664E-03  0.6914E-02  0.2499E+02
   -0.481233   10.48098  0.4967E-11  0.1063E-04  0.3632E-07  0.9268E-03  0.6458E-02  0.2903E+02
   -0.549983   10.48197  0.4967E-11  0.1066E-04  0.3215E-07  0.1072E-02  0.6064E-02  0.4174E+02
   -0.618733   10.48278  0.4967E-11  0.1071E-04  0.2898E-07  0.1209E-02  0.5712E-02  0.2999E+02
   -0.687483   10.48345  0.4967E-11  0.1077E-04  0.2649E-07  0.1327E-02  0.5390E-02  0.2121E+02
   -0.756234   10.48404  0.4967E-11  0.1082E-04  0.2445E-07  0.1400E-02  0.5087E-02  0.8035E+01
   -0.824985   10.48458  0.4967E-11  0.1088E-04  0.2273E-07  0.1463E-02  0.4796E-02  0.8809E+01
   -0.893736   10.48508  0.4967E-11  0.1092E-04  0.2127E-07  0.1521E-02  0.4516E-02  0.9405E+01
   -0.962488   10.48555  0.4967E-11  0.1095E-04  0.2001E-07  0.1576E-02  0.4246E-02  0.1010E+02
   -1.031240   10.48600  0.4967E-11  0.1097E-04  0.1892E-07  0.1626E-02  0.3985E-02  0.1089E+02
   -1.099992   10.48642  0.4967E-11  0.1097E-04  0.1797E-07  0.1672E-02  0.3732E-02  0.1182E+02
   -1.168744   10.48682  0.4967E-11  0.1095E-04  0.1714E-07  0.1712E-02  0.3484E-02  0.1297E+02
   -1.237496   10.48720  0.4967E-11  0.1091E-04  0.1641E-07  0.1747E-02  0.3242E-02  0.1447E+02
   -1.306249   10.48756  0.4967E-11  0.1086E-04  0.1577E-07  0.1776E-02  0.3005E-02  0.1654E+02
   -1.375001   10.48791  0.4967E-11  0.1078E-04  0.1519E-07  0.1797E-02  0.2772E-02  0.1963E+02
   -1.443753   10.48825  0.4967E-11  0.1068E-04  0.1469E-07  0.1811E-02  0.2542E-02  0.2484E+02
   -1.512506   10.48858  0.4967E-11  0.1056E-04  0.1424E-07  0.1817E-02  0.2315E-02  0.3545E+02
   -1.581258   10.48889  0.4967E-11  0.1042E-04  0.1384E-07  0.1814E-02  0.2091E-02  0.6753E+02
   -1.650010   10.48920  0.4967E-11  0.1025E-04  0.1350E-07  0.1805E-02  0.1867E-02  0.6649E+03
   -1.718762   10.48951  0.4967E-11  0.1006E-04  0.1319E-07  0.1780E-02  0.1646E-02  0.5514E+04
   -1.787514   10.48981  0.4967E-11  0.9838E-05  0.1291E-07  0.1799E-02  0.1424E-02  0.8631E+01
   -1.856265   10.49010  0.4967E-11  0.9594E-05  0.1268E-07  0.1813E-02  0.1235E-02  0.3485E+01
   -1.925017   10.49039  0.4967E-11  0.9337E-05  0.1252E-07  0.1819E-02  0.1072E-02  0.2110E+01
   -1.993768   10.49067  0.4967E-11  0.9071E-05  0.1244E-07  0.1808E-02  0.9348E-03  0.1582E+01
   -2.062519   10.49096  0.4967E-11  0.8812E-05  0.1248E-07  0.1771E-02  0.8176E-03  0.1369E+01
   -2.131269   10.49124  0.4967E-11  0.8564E-05  0.1263E-07  0.1705E-02  0.7133E-03  0.1222E+01
   -2.200019   10.49153  0.4967E-11  0.8328E-05  0.1293E-07  0.1625E-02  0.6198E-03  0.1146E+01
   -2.268769   10.49183  0.4967E-11  0.8106E-05  0.1341E-07  0.1532E-02  0.5359E-03  0.1132E+01
   -2.337518   10.49214  0.4967E-11  0.7893E-05  0.1412E-07  0.1417E-02  0.4633E-03  0.1270E+01
   -2.406267   10.49247  0.4967E-11  0.7685E-05  0.1516E-07  0.1272E-02  0.4014E-03  0.1707E+01
   -2.475015   10.49283  0.4967E-11  0.7471E-05  0.1679E-07  0.1092E-02  0.3485E-03  0.2759E+01
   -2.543762   10.49326  0.4967E-11  0.7226E-05  0.1958E-07  0.9865E-03  0.3017E-03  0.1739E+03
   -2.612510   10.49373  0.4967E-11  0.6811E-05  0.2742E-07  0.5474E-03  0.2613E-03  0.2476E+04
   -2.681256   10.49497  0.4967E-11  0.4260E-05  0.1110E-06  0.4565E-04  0.1953E-03 -0.7926E+04
   -2.750002   10.50534  0.4967E-11  0.0000E+00  0.0000E+00  0.0000E+00  0.2024E-03  0.0000E+00
