 1 - depth, m
 2 - temperature, C
 3 - salinity, kg/kg
 4 - turbulent kinetic energy, m**2/s**2
 5 - dissipation rate, m**2/s**3
 6 - kinematic heat conductance, m**2/s
 7 - modulus of horizontal velocity, m/s
 8 - Richardson number, n/d
   -0.000000   -0.00000  0.7494E-10  0.1219E-13  0.7603E-17  0.1000E-09  0.0000E+00  0.7330E+16
   -0.068746    0.11163  0.4543E-10  0.1219E-13  0.7603E-17  0.1000E-09  0.0000E+00  0.7057E+16
   -0.137492    0.22244  0.3257E-10  0.1219E-13  0.7603E-17  0.1000E-09  0.0000E+00  0.6800E+16
   -0.206239    0.33261  0.2797E-10  0.1219E-13  0.7603E-17  0.1000E-09  0.0000E+00  0.6558E+16
   -0.274987    0.44231  0.2657E-10  0.1219E-13  0.7603E-17  0.1000E-09  0.0000E+00  0.6330E+16
   -0.343735    0.55172  0.2619E-10  0.1219E-13  0.7603E-17  0.1000E-09  0.0000E+00  0.6114E+16
   -0.412483    0.66102  0.2610E-10  0.1219E-13  0.7603E-17  0.1000E-09  0.0000E+00  0.5909E+16
   -0.481232    0.77037  0.2608E-10  0.1219E-13  0.7603E-17  0.1000E-09  0.0000E+00  0.5712E+16
   -0.549982    0.87995  0.2607E-10  0.1219E-13  0.7603E-17  0.1000E-09  0.0000E+00  0.5523E+16
   -0.618732    0.98991  0.2607E-10  0.1219E-13  0.7603E-17  0.1000E-09  0.0000E+00  0.5338E+16
   -0.687482    1.10038  0.2607E-10  0.1219E-13  0.7603E-17  0.1000E-09  0.0000E+00  0.5166E+16
   -0.756233    1.21170  0.2607E-10  0.1219E-13  0.7603E-17  0.1000E-09  0.0000E+00  0.5001E+16
   -0.824984    1.32408  0.2607E-10  0.1219E-13  0.7603E-17  0.1000E-09  0.0000E+00  0.4833E+16
   -0.893735    1.43761  0.2607E-10  0.1219E-13  0.7603E-17  0.1000E-09  0.0000E+00  0.4662E+16
   -0.962487    1.55236  0.2606E-10  0.1219E-13  0.7603E-17  0.1000E-09  0.0000E+00  0.4486E+16
   -1.031239    1.66837  0.2605E-10  0.1219E-13  0.7603E-17  0.1000E-09  0.0000E+00  0.4304E+16
   -1.099990    1.78565  0.2601E-10  0.1219E-13  0.7603E-17  0.1000E-09  0.0000E+00  0.4116E+16
   -1.168742    1.90420  0.2596E-10  0.1219E-13  0.7603E-17  0.1000E-09  0.0000E+00  0.3919E+16
   -1.237495    2.02396  0.2587E-10  0.1219E-13  0.7603E-17  0.1000E-09  0.0000E+00  0.3714E+16
   -1.306247    2.14488  0.2576E-10  0.1219E-13  0.7603E-17  0.1000E-09  0.0000E+00  0.3501E+16
   -1.374999    2.26687  0.2565E-10  0.1219E-13  0.7603E-17  0.1000E-09  0.0000E+00  0.3282E+16
   -1.443751    2.38992  0.2555E-10  0.1219E-13  0.7603E-17  0.1000E-09  0.0000E+00  0.3055E+16
   -1.512503    2.51394  0.2548E-10  0.3954E-13  0.9067E-17  0.1000E-09  0.0000E+00  0.2820E+16
   -1.581256    2.63876  0.2543E-10  0.1243E-12  0.2286E-16  0.1000E-09  0.0000E+00  0.2577E+16
   -1.650008    2.76418  0.2540E-10  0.3536E-12  0.6146E-16  0.1000E-09  0.0000E+00  0.2327E+16
   -1.718760    2.89001  0.2539E-10  0.9714E-12  0.1631E-15  0.1000E-09  0.0000E+00  0.2074E+16
   -1.787511    3.01606  0.2537E-10  0.2692E-11  0.4378E-15  0.1000E-09  0.0000E+00  0.1832E+16
   -1.856263    3.14322  0.2536E-10  0.7468E-11  0.1178E-14  0.1000E-09  0.0000E+00  0.1584E+16
   -1.925014    3.27144  0.2534E-10  0.2057E-10  0.3146E-14  0.1000E-09  0.0000E+00  0.1331E+16
   -1.993765    3.40074  0.2532E-10  0.5625E-10  0.8350E-14  0.1000E-09  0.0000E+00  0.1069E+16
   -2.062516    3.53078  0.2529E-10  0.1491E-09  0.2150E-13  0.1370E-09  0.0000E+00  0.7980E+15
   -2.131266    3.66033  0.2526E-10  0.3895E-09  0.5455E-13  0.5242E-09  0.0000E+00  0.5288E+15
   -2.200016    3.78875  0.2524E-10  0.1006E-08  0.1369E-12  0.2615E-08  0.0000E+00  0.2656E+15
   -2.268766    3.91428  0.2524E-10  0.2530E-08  0.3359E-12  0.4612E-07  0.0000E+00  0.3632E+14
   -2.337515    4.00987  0.2524E-10  0.3737E-08  0.5015E-12  0.1228E-04  0.0000E+00 -0.5496E+12
   -2.406263    4.01132  0.2524E-10  0.4195E-08  0.5917E-12  0.1224E-04  0.0000E+00 -0.5910E+12
   -2.475011    4.01278  0.2524E-10  0.4492E-08  0.7009E-12  0.1108E-04  0.0000E+00 -0.7032E+12
   -2.543759    4.01443  0.2524E-10  0.4617E-08  0.8694E-12  0.8679E-05  0.0000E+00 -0.9839E+12
   -2.612506    4.01658  0.2524E-10  0.4472E-08  0.1246E-11  0.4951E-05  0.0000E+00 -0.1995E+13
   -2.681252    4.02053  0.2524E-10  0.3471E-08  0.3145E-11  0.8946E-06  0.0000E+00 -0.1686E+14
   -2.749998    4.04397  0.2524E-10  0.0000E+00  0.0000E+00  0.0000E+00  0.0000E+00  0.0000E+00
