 1 - depth, m
 2 - temperature, C
 3 - salinity, kg/kg
 4 - turbulent kinetic energy, m**2/s**2
 5 - dissipation rate, m**2/s**3
 6 - kinematic heat conductance, m**2/s
 7 - modulus of horizontal velocity, m/s
 8 - Richardson number, n/d
   -0.000000   -0.00000  0.9767E-11  0.1219E-13  0.7603E-17  0.1000E-09  0.0000E+00  0.7173E+16
   -0.068746    0.10919  0.1621E-10  0.1219E-13  0.7603E-17  0.1000E-09  0.0000E+00  0.7065E+16
   -0.137493    0.22005  0.1768E-10  0.1219E-13  0.7603E-17  0.1000E-09  0.0000E+00  0.6925E+16
   -0.206240    0.33220  0.1662E-10  0.1219E-13  0.7603E-17  0.1000E-09  0.0000E+00  0.6760E+16
   -0.274988    0.44531  0.1485E-10  0.1219E-13  0.7603E-17  0.1000E-09  0.0000E+00  0.6574E+16
   -0.343736    0.55910  0.1336E-10  0.1219E-13  0.7603E-17  0.1000E-09  0.0000E+00  0.6371E+16
   -0.412485    0.67335  0.1238E-10  0.1219E-13  0.7603E-17  0.1000E-09  0.0000E+00  0.6157E+16
   -0.481234    0.78785  0.1183E-10  0.1219E-13  0.7603E-17  0.1000E-09  0.0000E+00  0.5935E+16
   -0.549984    0.90247  0.1156E-10  0.1219E-13  0.7603E-17  0.1000E-09  0.0000E+00  0.5708E+16
   -0.618734    1.01711  0.1144E-10  0.1219E-13  0.7603E-17  0.1000E-09  0.0000E+00  0.5478E+16
   -0.687485    1.13166  0.1139E-10  0.1219E-13  0.7603E-17  0.1000E-09  0.0000E+00  0.5247E+16
   -0.756236    1.24610  0.1137E-10  0.1219E-13  0.7603E-17  0.1000E-09  0.0000E+00  0.5017E+16
   -0.824987    1.36040  0.1136E-10  0.1219E-13  0.7603E-17  0.1000E-09  0.0000E+00  0.4786E+16
   -0.893739    1.47450  0.1135E-10  0.1219E-13  0.7603E-17  0.1000E-09  0.0000E+00  0.4555E+16
   -0.962491    1.58836  0.1134E-10  0.1219E-13  0.7603E-17  0.1000E-09  0.0000E+00  0.4325E+16
   -1.031243    1.70191  0.1133E-10  0.1219E-13  0.7603E-17  0.1000E-09  0.0000E+00  0.4095E+16
   -1.099995    1.81512  0.1132E-10  0.1219E-13  0.7603E-17  0.1000E-09  0.0000E+00  0.3866E+16
   -1.168747    1.92792  0.1130E-10  0.1219E-13  0.7603E-17  0.1000E-09  0.0000E+00  0.3639E+16
   -1.237499    2.04028  0.1128E-10  0.1219E-13  0.7603E-17  0.1000E-09  0.0000E+00  0.3414E+16
   -1.306252    2.15214  0.1126E-10  0.1219E-13  0.7603E-17  0.1000E-09  0.0000E+00  0.3191E+16
   -1.375004    2.26347  0.1123E-10  0.1219E-13  0.7603E-17  0.1000E-09  0.0000E+00  0.2972E+16
   -1.443757    2.37425  0.1120E-10  0.1219E-13  0.7603E-17  0.1000E-09  0.0000E+00  0.2756E+16
   -1.512509    2.48447  0.1117E-10  0.1219E-13  0.7603E-17  0.1000E-09  0.0000E+00  0.2543E+16
   -1.581262    2.59411  0.1115E-10  0.1219E-13  0.7603E-17  0.1000E-09  0.0000E+00  0.2334E+16
   -1.650014    2.70316  0.1113E-10  0.1219E-13  0.7603E-17  0.1000E-09  0.0000E+00  0.2130E+16
   -1.718766    2.81163  0.1112E-10  0.1219E-13  0.7603E-17  0.1000E-09  0.0000E+00  0.1928E+16
   -1.787518    2.91953  0.1111E-10  0.1219E-13  0.7603E-17  0.1000E-09  0.0000E+00  0.1721E+16
   -1.856270    3.02619  0.1110E-10  0.1219E-13  0.7603E-17  0.1000E-09  0.0000E+00  0.1518E+16
   -1.925022    3.13141  0.1108E-10  0.1276E-13  0.7603E-17  0.1000E-09  0.0000E+00  0.1319E+16
   -1.993773    3.23491  0.1107E-10  0.6395E-13  0.2071E-16  0.1000E-09  0.0000E+00  0.1129E+16
   -2.062524    3.33662  0.1107E-10  0.2542E-12  0.7580E-16  0.1000E-09  0.0000E+00  0.9580E+15
   -2.131275    3.43773  0.1106E-10  0.9549E-12  0.2735E-15  0.1000E-09  0.0000E+00  0.7916E+15
   -2.200025    3.53835  0.1105E-10  0.3509E-11  0.9691E-15  0.1000E-09  0.0000E+00  0.6280E+15
   -2.268775    3.63847  0.1105E-10  0.1280E-10  0.3410E-14  0.1000E-09  0.0000E+00  0.4673E+15
   -2.337524    3.73810  0.1105E-10  0.4684E-10  0.1205E-13  0.1964E-09  0.0000E+00  0.3093E+15
   -2.406273    3.83718  0.1105E-10  0.1707E-09  0.4248E-13  0.1381E-08  0.0000E+00  0.1538E+15
   -2.475021    3.93497  0.1105E-10  0.6118E-09  0.1480E-12  0.4088E-07  0.0000E+00  0.1589E+14
   -2.543769    4.01099  0.1105E-10  0.1661E-08  0.4128E-12  0.2944E-05  0.0000E+00 -0.1884E+13
   -2.612516    4.01546  0.1105E-10  0.1927E-08  0.6196E-12  0.2198E-05  0.0000E+00 -0.2918E+13
   -2.681263    4.02127  0.1105E-10  0.1569E-08  0.1282E-11  0.4830E-06  0.0000E+00 -0.1471E+14
   -2.750009    4.04200  0.1105E-10  0.0000E+00  0.0000E+00  0.0000E+00  0.0000E+00  0.0000E+00
