 1 - depth, m
 2 - temperature, C
 3 - salinity, kg/kg
 4 - turbulent kinetic energy, m**2/s**2
 5 - dissipation rate, m**2/s**3
 6 - kinematic heat conductance, m**2/s
 7 - modulus of horizontal velocity, m/s
 8 - Richardson number, n/d
   -0.000000   -0.00000  0.2301E-10  0.1219E-13  0.7603E-17  0.1000E-09  0.0000E+00  0.8686E+16
   -0.068746    0.13265  0.1637E-10  0.1219E-13  0.7603E-17  0.1000E-09  0.0000E+00  0.8338E+16
   -0.137492    0.26475  0.1200E-10  0.1219E-13  0.7603E-17  0.1000E-09  0.0000E+00  0.8001E+16
   -0.206239    0.39636  0.9909E-11  0.1219E-13  0.7603E-17  0.1000E-09  0.0000E+00  0.7671E+16
   -0.274987    0.52755  0.9080E-11  0.1219E-13  0.7603E-17  0.1000E-09  0.0000E+00  0.7350E+16
   -0.343735    0.65839  0.8797E-11  0.1219E-13  0.7603E-17  0.1000E-09  0.0000E+00  0.7036E+16
   -0.412483    0.78894  0.8710E-11  0.1219E-13  0.7603E-17  0.1000E-09  0.0000E+00  0.6728E+16
   -0.481233    0.91927  0.8687E-11  0.1219E-13  0.7603E-17  0.1000E-09  0.0000E+00  0.6426E+16
   -0.549982    1.04943  0.8681E-11  0.1219E-13  0.7603E-17  0.1000E-09  0.0000E+00  0.6130E+16
   -0.618732    1.17950  0.8679E-11  0.1219E-13  0.7603E-17  0.1000E-09  0.0000E+00  0.5837E+16
   -0.687483    1.30951  0.8679E-11  0.1219E-13  0.7603E-17  0.1000E-09  0.0000E+00  0.5555E+16
   -0.756233    1.43969  0.8679E-11  0.1219E-13  0.7603E-17  0.1000E-09  0.0000E+00  0.5279E+16
   -0.824984    1.57018  0.8678E-11  0.1219E-13  0.7603E-17  0.1000E-09  0.0000E+00  0.5003E+16
   -0.893736    1.70099  0.8675E-11  0.1219E-13  0.7603E-17  0.1000E-09  0.0000E+00  0.4726E+16
   -0.962487    1.83215  0.8671E-11  0.1219E-13  0.7603E-17  0.1000E-09  0.0000E+00  0.4448E+16
   -1.031239    1.96363  0.8662E-11  0.1219E-13  0.7603E-17  0.1000E-09  0.0000E+00  0.4169E+16
   -1.099991    2.09543  0.8647E-11  0.4905E-13  0.8321E-17  0.1000E-09  0.0000E+00  0.3887E+16
   -1.168743    2.22750  0.8624E-11  0.1386E-12  0.1743E-16  0.1000E-09  0.0000E+00  0.3604E+16
   -1.237495    2.35977  0.8595E-11  0.3385E-12  0.3949E-16  0.1000E-09  0.0000E+00  0.3318E+16
   -1.306247    2.49217  0.8561E-11  0.7883E-12  0.8875E-16  0.1000E-09  0.0000E+00  0.3031E+16
   -1.374999    2.62460  0.8528E-11  0.1800E-11  0.1970E-15  0.1000E-09  0.0000E+00  0.2743E+16
   -1.443752    2.75702  0.8500E-11  0.4058E-11  0.4327E-15  0.1000E-09  0.0000E+00  0.2455E+16
   -1.512504    2.88929  0.8479E-11  0.9054E-11  0.9410E-15  0.1000E-09  0.0000E+00  0.2167E+16
   -1.581256    3.02129  0.8464E-11  0.2001E-10  0.2027E-14  0.1000E-09  0.0000E+00  0.1880E+16
   -1.650008    3.15286  0.8454E-11  0.4379E-10  0.4327E-14  0.1000E-09  0.0000E+00  0.1595E+16
   -1.718760    3.28382  0.8447E-11  0.9498E-10  0.9155E-14  0.1000E-09  0.0000E+00  0.1314E+16
   -1.787512    3.41409  0.8440E-11  0.2089E-09  0.1964E-13  0.1000E-09  0.0000E+00  0.1045E+16
   -1.856263    3.54461  0.8432E-11  0.4636E-09  0.4253E-13  0.2793E-09  0.0000E+00  0.7747E+15
   -1.925015    3.67520  0.8425E-11  0.1028E-08  0.9202E-13  0.9289E-09  0.0000E+00  0.5039E+15
   -1.993766    3.80546  0.8421E-11  0.2268E-08  0.1984E-12  0.4308E-08  0.0000E+00  0.2341E+15
   -2.062516    3.93268  0.8420E-11  0.4648E-08  0.3998E-12  0.1047E-06  0.0000E+00  0.1913E+14
   -2.131267    4.00716  0.8420E-11  0.5442E-08  0.4714E-12  0.2674E-04  0.0000E+00 -0.2259E+12
   -2.200017    4.00784  0.8420E-11  0.5769E-08  0.5089E-12  0.2699E-04  0.0000E+00 -0.2314E+12
   -2.268766    4.00851  0.8420E-11  0.6016E-08  0.5487E-12  0.2643E-04  0.0000E+00 -0.2445E+12
   -2.337515    4.00921  0.8420E-11  0.6195E-08  0.5958E-12  0.2497E-04  0.0000E+00 -0.2680E+12
   -2.406264    4.00994  0.8420E-11  0.6302E-08  0.6571E-12  0.2249E-04  0.0000E+00 -0.3092E+12
   -2.475012    4.01076  0.8420E-11  0.6321E-08  0.7475E-12  0.1880E-04  0.0000E+00 -0.3868E+12
   -2.543760    4.01175  0.8420E-11  0.6209E-08  0.9060E-12  0.1372E-04  0.0000E+00 -0.5617E+12
   -2.612507    4.01312  0.8420E-11  0.5820E-08  0.1290E-11  0.7243E-05  0.0000E+00 -0.1169E+13
   -2.681253    4.01578  0.8420E-11  0.4163E-08  0.3528E-11  0.9701E-06  0.0000E+00 -0.1195E+14
   -2.749999    4.03524  0.8420E-11  0.0000E+00  0.0000E+00  0.0000E+00  0.0000E+00  0.0000E+00
