 1 - depth, m
 2 - temperature, C
 3 - salinity, kg/kg
 4 - turbulent kinetic energy, m**2/s**2
 5 - dissipation rate, m**2/s**3
 6 - kinematic heat conductance, m**2/s
 7 - modulus of horizontal velocity, m/s
 8 - Richardson number, n/d
   -0.000000   -0.00000  0.2184E-10  0.1219E-13  0.7603E-17  0.1000E-09  0.0000E+00  0.7216E+16
   -0.068746    0.10986  0.2859E-10  0.1219E-13  0.7603E-17  0.1000E-09  0.0000E+00  0.7082E+16
   -0.137493    0.22102  0.2933E-10  0.1219E-13  0.7603E-17  0.1000E-09  0.0000E+00  0.6919E+16
   -0.206240    0.33310  0.2770E-10  0.1219E-13  0.7603E-17  0.1000E-09  0.0000E+00  0.6732E+16
   -0.274987    0.44576  0.2519E-10  0.1219E-13  0.7603E-17  0.1000E-09  0.0000E+00  0.6527E+16
   -0.343736    0.55876  0.2296E-10  0.1219E-13  0.7603E-17  0.1000E-09  0.0000E+00  0.6311E+16
   -0.412485    0.67189  0.2144E-10  0.1219E-13  0.7603E-17  0.1000E-09  0.0000E+00  0.6087E+16
   -0.481234    0.78501  0.2057E-10  0.1219E-13  0.7603E-17  0.1000E-09  0.0000E+00  0.5858E+16
   -0.549984    0.89800  0.2013E-10  0.1219E-13  0.7603E-17  0.1000E-09  0.0000E+00  0.5627E+16
   -0.618734    1.01079  0.1993E-10  0.1219E-13  0.7603E-17  0.1000E-09  0.0000E+00  0.5394E+16
   -0.687485    1.12331  0.1985E-10  0.1219E-13  0.7603E-17  0.1000E-09  0.0000E+00  0.5164E+16
   -0.756235    1.23555  0.1982E-10  0.1219E-13  0.7603E-17  0.1000E-09  0.0000E+00  0.4936E+16
   -0.824987    1.34749  0.1980E-10  0.1219E-13  0.7603E-17  0.1000E-09  0.0000E+00  0.4708E+16
   -0.893738    1.45908  0.1979E-10  0.1219E-13  0.7603E-17  0.1000E-09  0.0000E+00  0.4481E+16
   -0.962490    1.57029  0.1977E-10  0.1219E-13  0.7603E-17  0.1000E-09  0.0000E+00  0.4255E+16
   -1.031242    1.68105  0.1975E-10  0.1219E-13  0.7603E-17  0.1000E-09  0.0000E+00  0.4031E+16
   -1.099994    1.79134  0.1972E-10  0.1219E-13  0.7603E-17  0.1000E-09  0.0000E+00  0.3808E+16
   -1.168746    1.90109  0.1968E-10  0.1219E-13  0.7603E-17  0.1000E-09  0.0000E+00  0.3588E+16
   -1.237499    2.01027  0.1963E-10  0.1219E-13  0.7603E-17  0.1000E-09  0.0000E+00  0.3370E+16
   -1.306251    2.11883  0.1957E-10  0.1219E-13  0.7603E-17  0.1000E-09  0.0000E+00  0.3155E+16
   -1.375003    2.22673  0.1951E-10  0.1219E-13  0.7603E-17  0.1000E-09  0.0000E+00  0.2945E+16
   -1.443756    2.33395  0.1946E-10  0.1219E-13  0.7603E-17  0.1000E-09  0.0000E+00  0.2738E+16
   -1.512508    2.44048  0.1941E-10  0.1219E-13  0.7603E-17  0.1000E-09  0.0000E+00  0.2534E+16
   -1.581261    2.54628  0.1937E-10  0.1219E-13  0.7603E-17  0.1000E-09  0.0000E+00  0.2335E+16
   -1.650013    2.65135  0.1933E-10  0.1219E-13  0.7603E-17  0.1000E-09  0.0000E+00  0.2140E+16
   -1.718765    2.75568  0.1931E-10  0.1219E-13  0.7603E-17  0.1000E-09  0.0000E+00  0.1949E+16
   -1.787517    2.85928  0.1929E-10  0.1219E-13  0.7603E-17  0.1000E-09  0.0000E+00  0.1759E+16
   -1.856269    2.96188  0.1927E-10  0.1219E-13  0.7603E-17  0.1000E-09  0.0000E+00  0.1572E+16
   -1.925020    3.06336  0.1925E-10  0.1219E-13  0.7603E-17  0.1000E-09  0.0000E+00  0.1389E+16
   -1.993772    3.16354  0.1923E-10  0.1219E-13  0.7603E-17  0.1000E-09  0.0000E+00  0.1211E+16
   -2.062522    3.26231  0.1921E-10  0.1219E-13  0.7603E-17  0.1000E-09  0.0000E+00  0.1049E+16
   -2.131273    3.36046  0.1920E-10  0.2415E-13  0.1183E-16  0.1000E-09  0.0000E+00  0.8901E+15
   -2.200023    3.45803  0.1919E-10  0.1145E-12  0.5210E-16  0.1000E-09  0.0000E+00  0.7344E+15
   -2.268773    3.55500  0.1918E-10  0.5605E-12  0.2447E-15  0.1000E-09  0.0000E+00  0.5821E+15
   -2.337522    3.65141  0.1918E-10  0.2739E-11  0.1151E-14  0.1000E-09  0.0000E+00  0.4330E+15
   -2.406271    3.74730  0.1918E-10  0.1326E-10  0.5377E-14  0.1000E-09  0.0000E+00  0.2868E+15
   -2.475019    3.84272  0.1918E-10  0.6404E-10  0.2513E-13  0.8536E-09  0.0000E+00  0.1428E+15
   -2.543767    3.93721  0.1918E-10  0.3058E-09  0.1172E-12  0.3137E-07  0.0000E+00  0.1264E+14
   -2.612514    4.01456  0.1918E-10  0.1223E-08  0.5133E-12  0.1189E-05  0.0000E+00 -0.5218E+13
   -2.681261    4.02458  0.1918E-10  0.1263E-08  0.1104E-11  0.4150E-06  0.0000E+00 -0.1869E+14
   -2.750007    4.04838  0.1918E-10  0.0000E+00  0.0000E+00  0.0000E+00  0.0000E+00  0.0000E+00
