 1 - depth, m
 2 - temperature, C
 3 - salinity, kg/kg
 4 - turbulent kinetic energy, m**2/s**2
 5 - dissipation rate, m**2/s**3
 6 - kinematic heat conductance, m**2/s
 7 - modulus of horizontal velocity, m/s
 8 - Richardson number, n/d
   -0.000000   12.58081  0.4995E-11  0.3205E-05  0.7816E-07  0.2336E-04  0.2753E-02 -0.2752E+01
   -0.068746   12.64166  0.4995E-11  0.5650E-05  0.3346E-07  0.3513E-03  0.1107E-02  0.2240E+03
   -0.137492   12.64556  0.4995E-11  0.6320E-05  0.2673E-07  0.4898E-03  0.9807E-03  0.2509E+02
   -0.206239   12.64824  0.4995E-11  0.6829E-05  0.2310E-07  0.6497E-03  0.8960E-03  0.1415E+02
   -0.274987   12.65019  0.4995E-11  0.7235E-05  0.2077E-07  0.7971E-03  0.8328E-03  0.9585E+01
   -0.343735   12.65173  0.4995E-11  0.7570E-05  0.1913E-07  0.9375E-03  0.7819E-03  0.7239E+01
   -0.412484   12.65299  0.4995E-11  0.7852E-05  0.1790E-07  0.1070E-02  0.7388E-03  0.5851E+01
   -0.481233   12.65407  0.4995E-11  0.8094E-05  0.1694E-07  0.1196E-02  0.7007E-03  0.4955E+01
   -0.549983   12.65500  0.4995E-11  0.8303E-05  0.1616E-07  0.1315E-02  0.6662E-03  0.4344E+01
   -0.618733   12.65584  0.4995E-11  0.8485E-05  0.1552E-07  0.1426E-02  0.6344E-03  0.3908E+01
   -0.687483   12.65658  0.4995E-11  0.8643E-05  0.1498E-07  0.1530E-02  0.6045E-03  0.3590E+01
   -0.756234   12.65727  0.4995E-11  0.8781E-05  0.1452E-07  0.1627E-02  0.5763E-03  0.3352E+01
   -0.824985   12.65789  0.4995E-11  0.8901E-05  0.1413E-07  0.1716E-02  0.5492E-03  0.3174E+01
   -0.893736   12.65848  0.4995E-11  0.9003E-05  0.1379E-07  0.1797E-02  0.5232E-03  0.3036E+01
   -0.962488   12.65903  0.4995E-11  0.9090E-05  0.1350E-07  0.1868E-02  0.4980E-03  0.2931E+01
   -1.031240   12.65954  0.4995E-11  0.9161E-05  0.1325E-07  0.1931E-02  0.4735E-03  0.2849E+01
   -1.099992   12.66004  0.4995E-11  0.9219E-05  0.1304E-07  0.1984E-02  0.4496E-03  0.2788E+01
   -1.168744   12.66051  0.4995E-11  0.9264E-05  0.1287E-07  0.2028E-02  0.4262E-03  0.2742E+01
   -1.237496   12.66097  0.4995E-11  0.9296E-05  0.1273E-07  0.2064E-02  0.4032E-03  0.2710E+01
   -1.306248   12.66141  0.4995E-11  0.9317E-05  0.1262E-07  0.2091E-02  0.3806E-03  0.2689E+01
   -1.375001   12.66184  0.4995E-11  0.9326E-05  0.1253E-07  0.2109E-02  0.3583E-03  0.2679E+01
   -1.443753   12.66226  0.4995E-11  0.9324E-05  0.1248E-07  0.2118E-02  0.3364E-03  0.2678E+01
   -1.512505   12.66268  0.4995E-11  0.9312E-05  0.1247E-07  0.2118E-02  0.3147E-03  0.2687E+01
   -1.581258   12.66309  0.4995E-11  0.9291E-05  0.1248E-07  0.2109E-02  0.2932E-03  0.2705E+01
   -1.650010   12.66349  0.4995E-11  0.9261E-05  0.1252E-07  0.2091E-02  0.2720E-03  0.2743E+01
   -1.718762   12.66390  0.4995E-11  0.9223E-05  0.1260E-07  0.2064E-02  0.2509E-03  0.2870E+01
   -1.787513   12.66431  0.4995E-11  0.9177E-05  0.1272E-07  0.2027E-02  0.2301E-03  0.3041E+01
   -1.856265   12.66472  0.4995E-11  0.9121E-05  0.1289E-07  0.1977E-02  0.2115E-03  0.3569E+01
   -1.925016   12.66514  0.4995E-11  0.9055E-05  0.1313E-07  0.1917E-02  0.1950E-03  0.4266E+01
   -1.993768   12.66557  0.4995E-11  0.8976E-05  0.1344E-07  0.1844E-02  0.1802E-03  0.5254E+01
   -2.062518   12.66601  0.4995E-11  0.8886E-05  0.1384E-07  0.1761E-02  0.1666E-03  0.6610E+01
   -2.131269   12.66647  0.4995E-11  0.8783E-05  0.1435E-07  0.1665E-02  0.1534E-03  0.8112E+01
   -2.200019   12.66696  0.4995E-11  0.8664E-05  0.1502E-07  0.1556E-02  0.1405E-03  0.1035E+02
   -2.268768   12.66747  0.4995E-11  0.8527E-05  0.1592E-07  0.1434E-02  0.1275E-03  0.1371E+02
   -2.337518   12.66803  0.4995E-11  0.8361E-05  0.1721E-07  0.1281E-02  0.1147E-03  0.1998E+02
   -2.406266   12.66865  0.4995E-11  0.8152E-05  0.1920E-07  0.1138E-02  0.1020E-03  0.3234E+02
   -2.475015   12.66935  0.4995E-11  0.7879E-05  0.2258E-07  0.9226E-03  0.8942E-04  0.6577E+02
   -2.543762   12.67023  0.4995E-11  0.7457E-05  0.2948E-07  0.7533E-03  0.7627E-04  0.1151E+05
   -2.612509   12.67142  0.4995E-11  0.6544E-05  0.5192E-07  0.4024E-03  0.6222E-04 -0.4712E+03
   -2.681256   12.67592  0.4995E-11  0.4001E-05  0.1781E-06  0.8762E-04  0.3898E-04 -0.7629E+05
   -2.750001   12.68607  0.4995E-11  0.0000E+00  0.0000E+00  0.0000E+00  0.4757E-04  0.0000E+00
