 1 - depth, m
 2 - temperature, C
 3 - salinity, kg/kg
 4 - turbulent kinetic energy, m**2/s**2
 5 - dissipation rate, m**2/s**3
 6 - kinematic heat conductance, m**2/s
 7 - modulus of horizontal velocity, m/s
 8 - Richardson number, n/d
   -0.000000   -0.00000  0.5793E-11  0.1219E-13  0.7603E-17  0.1000E-09  0.2716E-80  0.3640E+16
   -0.068746    0.05501  0.3535E-11  0.1219E-13  0.7603E-17  0.1000E-09  0.2281E-80  0.3332E+16
   -0.137492    0.10609  0.3001E-11  0.1219E-13  0.7603E-17  0.1000E-09  0.1882E-80  0.3015E+16
   -0.206239    0.15294  0.2909E-11  0.1219E-13  0.7603E-17  0.1000E-09  0.1553E-80  0.2701E+16
   -0.274987    0.19545  0.2896E-11  0.1219E-13  0.7603E-17  0.1000E-09  0.1289E-80  0.2403E+16
   -0.343735    0.23369  0.2894E-11  0.1219E-13  0.7603E-17  0.1000E-09  0.1074E-80  0.2133E+16
   -0.412483    0.26797  0.2894E-11  0.1219E-13  0.7603E-17  0.1000E-09  0.8932E-81  0.1902E+16
   -0.481233    0.29884  0.2894E-11  0.1219E-13  0.7603E-17  0.1000E-09  0.7389E-81  0.1723E+16
   -0.549982    0.32705  0.2894E-11  0.1219E-13  0.7603E-17  0.1000E-09  0.6068E-81  0.1607E+16
   -0.618732    0.35356  0.2894E-11  0.1219E-13  0.7603E-17  0.1000E-09  0.4946E-81  0.1561E+16
   -0.687482    0.37950  0.2894E-11  0.1219E-13  0.7603E-17  0.1000E-09  0.4001E-81  0.1607E+16
   -0.756233    0.40644  0.2894E-11  0.1219E-13  0.7603E-17  0.1000E-09  0.3213E-81  0.1747E+16
   -0.824984    0.43596  0.2894E-11  0.1219E-13  0.7603E-17  0.1000E-09  0.2563E-81  0.1977E+16
   -0.893736    0.46968  0.2894E-11  0.1219E-13  0.7603E-17  0.1000E-09  0.2031E-81  0.2297E+16
   -0.962487    0.50929  0.2894E-11  0.1219E-13  0.7603E-17  0.1000E-09  0.1599E-81  0.2706E+16
   -1.031239    0.55659  0.2894E-11  0.1219E-13  0.7603E-17  0.1000E-09  0.1251E-81  0.3199E+16
   -1.099991    0.61340  0.2894E-11  0.1219E-13  0.7603E-17  0.1000E-09  0.9715E-82  0.3764E+16
   -1.168743    0.68156  0.2893E-11  0.1219E-13  0.7603E-17  0.1000E-09  0.7492E-82  0.4384E+16
   -1.237495    0.76286  0.2889E-11  0.1219E-13  0.7603E-17  0.1000E-09  0.5730E-82  0.5036E+16
   -1.306247    0.85902  0.2877E-11  0.1219E-13  0.7603E-17  0.1000E-09  0.4339E-82  0.5692E+16
   -1.374999    0.97159  0.2852E-11  0.1219E-13  0.7603E-17  0.1000E-09  0.3243E-82  0.6363E+16
   -1.443752    1.10290  0.2831E-11  0.4388E-13  0.1111E-16  0.1000E-09  0.2378E-82  0.6973E+16
   -1.512504    1.25440  0.2823E-11  0.1461E-12  0.3131E-16  0.1000E-09  0.1691E-82  0.7460E+16
   -1.581256    1.42688  0.2818E-11  0.4470E-12  0.9136E-16  0.1000E-09  0.1134E-82  0.7783E+16
   -1.650008    1.62078  0.2815E-11  0.1328E-11  0.2623E-15  0.1000E-09  0.6680E-83  0.7900E+16
   -1.718760    1.83617  0.2812E-11  0.3876E-11  0.7414E-15  0.1000E-09  0.2577E-83  0.7767E+16
   -1.787512    2.07232  0.2811E-11  0.1146E-10  0.2122E-14  0.1000E-09  0.1746E-84  0.7141E+16
   -1.856263    2.31972  0.2810E-11  0.3389E-10  0.6083E-14  0.1000E-09  0.1090E-85  0.6366E+16
   -1.925015    2.57758  0.2810E-11  0.9945E-10  0.1731E-13  0.1000E-09  0.6211E-87  0.5449E+16
   -1.993766    2.84488  0.2810E-11  0.2896E-09  0.4890E-13  0.1000E-09  0.3855E-88  0.4423E+16
   -2.062516    3.12191  0.2809E-11  0.8167E-09  0.1338E-12  0.2064E-09  0.3110E-89  0.3309E+16
   -2.131267    3.41217  0.2807E-11  0.2269E-08  0.3610E-12  0.9171E-09  0.2348E-90  0.2011E+16
   -2.200017    3.71294  0.2801E-11  0.6205E-08  0.9598E-12  0.8438E-08  0.1648E-91  0.5839E+15
   -2.268766    4.00743  0.2797E-11  0.8218E-08  0.1283E-11  0.2127E-04  0.6349E-93 -0.7175E+12
   -2.337515    4.00952  0.2797E-11  0.9032E-08  0.1465E-11  0.2205E-04  0.1474E-93 -0.7679E+12
   -2.406264    4.01156  0.2797E-11  0.9658E-08  0.1683E-11  0.2135E-04  0.3234E-94 -0.8767E+12
   -2.475012    4.01370  0.2797E-11  0.1010E-07  0.1983E-11  0.1903E-04  0.6278E-95 -0.1093E+13
   -2.543760    4.01615  0.2797E-11  0.1030E-07  0.2476E-11  0.1487E-04  0.1011E-95 -0.1586E+13
   -2.612507    4.01938  0.2797E-11  0.1010E-07  0.3599E-11  0.8737E-05  0.1103E-96 -0.3263E+13
   -2.681253    4.02519  0.2797E-11  0.8364E-08  0.9509E-11  0.1787E-05  0.5671E-98 -0.2757E+14
   -2.749999    4.05727  0.2797E-11  0.0000E+00  0.0000E+00  0.0000E+00  0.6011E-98  0.0000E+00
