 1 - depth, m
 2 - temperature, C
 3 - salinity, kg/kg
 4 - turbulent kinetic energy, m**2/s**2
 5 - dissipation rate, m**2/s**3
 6 - kinematic heat conductance, m**2/s
 7 - modulus of horizontal velocity, m/s
 8 - Richardson number, n/d
   -0.000000   -0.00000  0.3722E-11  0.9638E-05  0.3281E-06  0.2778E-04  0.2666E-01  0.8902E-02
   -0.068745    0.00798  0.3720E-11  0.8935E-05  0.1350E-06  0.5662E-04  0.2011E-01  0.1964E-01
   -0.137490    0.01163  0.3719E-11  0.8278E-05  0.8141E-07  0.7882E-04  0.1718E-01  0.3050E-01
   -0.206236    0.01408  0.3719E-11  0.7678E-05  0.5661E-07  0.9561E-04  0.1527E-01  0.4149E-01
   -0.274983    0.01598  0.3718E-11  0.7127E-05  0.4237E-07  0.1080E-03  0.1383E-01  0.5279E-01
   -0.343730    0.01755  0.3718E-11  0.6618E-05  0.3317E-07  0.1168E-03  0.1268E-01  0.6460E-01
   -0.412478    0.01893  0.3717E-11  0.6146E-05  0.2675E-07  0.1226E-03  0.1171E-01  0.7713E-01
   -0.481226    0.02016  0.3717E-11  0.5705E-05  0.2204E-07  0.1259E-03  0.1087E-01  0.9059E-01
   -0.549974    0.02130  0.3716E-11  0.5292E-05  0.1844E-07  0.1269E-03  0.1013E-01  0.1052E+00
   -0.618723    0.02238  0.3716E-11  0.4905E-05  0.1562E-07  0.1260E-03  0.9458E-02  0.1213E+00
   -0.687473    0.02340  0.3716E-11  0.4541E-05  0.1336E-07  0.1235E-03  0.8850E-02  0.1391E+00
   -0.756222    0.02440  0.3715E-11  0.4198E-05  0.1151E-07  0.1195E-03  0.8290E-02  0.1590E+00
   -0.824972    0.02538  0.3715E-11  0.3876E-05  0.9988E-08  0.1144E-03  0.7771E-02  0.1815E+00
   -0.893723    0.02637  0.3715E-11  0.3572E-05  0.8712E-08  0.1082E-03  0.7284E-02  0.2071E+00
   -0.962473    0.02736  0.3714E-11  0.3286E-05  0.7636E-08  0.1013E-03  0.6824E-02  0.2365E+00
   -1.031224    0.02837  0.3714E-11  0.3018E-05  0.6724E-08  0.9375E-04  0.6388E-02  0.2707E+00
   -1.099975    0.02943  0.3714E-11  0.2768E-05  0.5949E-08  0.8582E-04  0.5970E-02  0.3110E+00
   -1.168726    0.03054  0.3713E-11  0.2534E-05  0.5291E-08  0.7777E-04  0.5567E-02  0.3592E+00
   -1.237477    0.03174  0.3713E-11  0.2319E-05  0.4739E-08  0.6989E-04  0.5175E-02  0.4184E+00
   -1.306229    0.03305  0.3713E-11  0.2124E-05  0.4285E-08  0.6257E-04  0.4791E-02  0.4946E+00
   -1.374980    0.03451  0.3712E-11  0.1953E-05  0.3932E-08  0.5623E-04  0.4413E-02  0.6186E+00
   -1.443731    0.03624  0.3712E-11  0.1810E-05  0.3688E-08  0.5143E-04  0.4035E-02  0.9724E+00
   -1.512482    0.03854  0.3711E-11  0.1704E-05  0.3571E-08  0.4861E-04  0.3653E-02  0.3261E+01
   -1.581233    0.04249  0.3710E-11  0.1644E-05  0.3611E-08  0.4792E-04  0.3261E-02  0.2142E+02
   -1.649985    0.05158  0.3708E-11  0.1651E-05  0.3890E-08  0.4881E-04  0.2850E-02  0.1267E+03
   -1.718736    0.07450  0.3706E-11  0.1680E-05  0.4353E-08  0.2832E-04  0.2191E-02  0.1005E+04
   -1.787486    0.12943  0.3705E-11  0.1248E-05  0.2931E-08  0.3815E-04  0.4597E-03  0.1184E+06
   -1.856237    0.16079  0.3704E-11  0.1029E-05  0.2209E-08  0.3102E-04  0.2954E-03  0.8739E+07
   -1.924987    0.17430  0.3703E-11  0.8250E-06  0.1647E-08  0.1426E-03  0.1978E-03 -0.2877E+09
   -1.993737    0.17608  0.3703E-11  0.6550E-06  0.1213E-08  0.1878E-03  0.1368E-03 -0.3924E+11
   -2.062487    0.17680  0.3703E-11  0.5078E-06  0.8794E-09  0.2738E-04  0.9782E-04  0.5829E+10
   -2.131236    0.17959  0.3703E-11  0.3689E-06  0.6165E-09  0.7653E-05  0.6632E-04  0.7721E+13
   -2.199985    0.22936  0.3701E-11  0.2352E-06  0.3978E-09  0.2990E-05  0.4134E-04  0.1629E+16
   -2.268734    0.37209  0.3700E-11  0.1189E-06  0.2032E-09  0.4353E-06  0.1878E-04  0.7350E+16
   -2.337482    0.67285  0.3697E-11  0.2812E-07  0.4821E-10  0.1216E-07  0.3870E-05  0.1873E+17
   -2.406230    1.28349  0.3692E-11  0.3794E-08  0.5659E-11  0.6491E-09  0.1627E-06  0.2088E+17
   -2.474977    2.34005  0.3682E-11  0.9233E-08  0.8338E-11  0.3444E-08  0.4498E-08  0.1041E+17
   -2.543723    3.81991  0.3668E-11  0.3221E-07  0.3379E-10  0.1159E-04  0.1030E-09  0.1216E+15
   -2.612469    4.21881  0.3667E-11  0.5934E-07  0.8757E-10  0.1648E-04  0.1631E-11 -0.5231E+14
   -2.681215    4.23573  0.3667E-11  0.5159E-07  0.1759E-09  0.4182E-05  0.1815E-12 -0.2368E+15
   -2.749960    4.29905  0.3667E-11  0.0000E+00  0.0000E+00  0.0000E+00  0.1835E-12  0.0000E+00
