 1 - depth, m
 2 - temperature, C
 3 - salinity, kg/kg
 4 - turbulent kinetic energy, m**2/s**2
 5 - dissipation rate, m**2/s**3
 6 - kinematic heat conductance, m**2/s
 7 - modulus of horizontal velocity, m/s
 8 - Richardson number, n/d
   -0.000000   -0.00000  0.3931E-10  0.1219E-13  0.7603E-17  0.1000E-09  0.5342E-75  0.3675E+16
   -0.068746    0.05554  0.2390E-10  0.1219E-13  0.7603E-17  0.1000E-09  0.5026E-75  0.3345E+16
   -0.137492    0.10684  0.2053E-10  0.1219E-13  0.7603E-17  0.1000E-09  0.4516E-75  0.3003E+16
   -0.206239    0.15352  0.1991E-10  0.1219E-13  0.7603E-17  0.1000E-09  0.3909E-75  0.2661E+16
   -0.274987    0.19539  0.1982E-10  0.1219E-13  0.7603E-17  0.1000E-09  0.3304E-75  0.2333E+16
   -0.343735    0.23250  0.1981E-10  0.1219E-13  0.7603E-17  0.1000E-09  0.2754E-75  0.2033E+16
   -0.412483    0.26517  0.1980E-10  0.1219E-13  0.7603E-17  0.1000E-09  0.2278E-75  0.1774E+16
   -0.481233    0.29393  0.1980E-10  0.1219E-13  0.7603E-17  0.1000E-09  0.1873E-75  0.1568E+16
   -0.549982    0.31955  0.1980E-10  0.1219E-13  0.7603E-17  0.1000E-09  0.1533E-75  0.1426E+16
   -0.618732    0.34301  0.1980E-10  0.1219E-13  0.7603E-17  0.1000E-09  0.1247E-75  0.1358E+16
   -0.687483    0.36550  0.1980E-10  0.1219E-13  0.7603E-17  0.1000E-09  0.1008E-75  0.1385E+16
   -0.756233    0.38860  0.1980E-10  0.1219E-13  0.7603E-17  0.1000E-09  0.8102E-76  0.1510E+16
   -0.824984    0.41396  0.1980E-10  0.1219E-13  0.7603E-17  0.1000E-09  0.6466E-76  0.1728E+16
   -0.893736    0.44322  0.1980E-10  0.1219E-13  0.7603E-17  0.1000E-09  0.5125E-76  0.2043E+16
   -0.962487    0.47814  0.1980E-10  0.1219E-13  0.7603E-17  0.1000E-09  0.4036E-76  0.2454E+16
   -1.031239    0.52059  0.1980E-10  0.1219E-13  0.7603E-17  0.1000E-09  0.3157E-76  0.2957E+16
   -1.099991    0.57248  0.1980E-10  0.1219E-13  0.7603E-17  0.1000E-09  0.2452E-76  0.3542E+16
   -1.168743    0.63576  0.1980E-10  0.1219E-13  0.7603E-17  0.1000E-09  0.1891E-76  0.4193E+16
   -1.237495    0.71235  0.1979E-10  0.1219E-13  0.7603E-17  0.1000E-09  0.1446E-76  0.4887E+16
   -1.306247    0.80406  0.1975E-10  0.1219E-13  0.7603E-17  0.1000E-09  0.1095E-76  0.5594E+16
   -1.374999    0.91257  0.1963E-10  0.1219E-13  0.7603E-17  0.1000E-09  0.8184E-77  0.6324E+16
   -1.443752    1.04031  0.1946E-10  0.1333E-13  0.7603E-17  0.1000E-09  0.6001E-77  0.6995E+16
   -1.512504    1.18873  0.1937E-10  0.3324E-13  0.1033E-16  0.1000E-09  0.4265E-77  0.7540E+16
   -1.581256    1.35855  0.1933E-10  0.1133E-12  0.2640E-16  0.1000E-09  0.2860E-77  0.7912E+16
   -1.650008    1.55004  0.1931E-10  0.3609E-12  0.8009E-16  0.1000E-09  0.1685E-77  0.8069E+16
   -1.718760    1.76298  0.1929E-10  0.1115E-11  0.2413E-15  0.1000E-09  0.6502E-78  0.7964E+16
   -1.787512    1.99626  0.1929E-10  0.3492E-11  0.7378E-15  0.1000E-09  0.4406E-79  0.7367E+16
   -1.856263    2.24060  0.1928E-10  0.1095E-10  0.2261E-14  0.1000E-09  0.2749E-80  0.6616E+16
   -1.925015    2.49483  0.1928E-10  0.3413E-10  0.6880E-14  0.1000E-09  0.1567E-81  0.5727E+16
   -1.993766    2.75784  0.1928E-10  0.1057E-09  0.2080E-13  0.1000E-09  0.9725E-83  0.4749E+16
   -2.062516    3.03063  0.1927E-10  0.3171E-09  0.6094E-13  0.1052E-09  0.7845E-84  0.3713E+16
   -2.131267    3.31897  0.1924E-10  0.9382E-09  0.1760E-12  0.3570E-09  0.5922E-85  0.2486E+16
   -2.200017    3.62504  0.1918E-10  0.2743E-08  0.5023E-12  0.2457E-08  0.4157E-86  0.1006E+16
   -2.268766    3.94367  0.1914E-10  0.6110E-08  0.1137E-11  0.2620E-05  0.1986E-87  0.1643E+14
   -2.337515    4.01168  0.1914E-10  0.8211E-08  0.1576E-11  0.1733E-04  0.7110E-89 -0.1001E+13
   -2.406264    4.01455  0.1914E-10  0.9187E-08  0.1868E-11  0.1776E-04  0.1789E-89 -0.1131E+13
   -2.475012    4.01733  0.1914E-10  0.9896E-08  0.2238E-11  0.1642E-04  0.4070E-90 -0.1399E+13
   -2.543760    4.02036  0.1914E-10  0.1031E-07  0.2817E-11  0.1323E-04  0.7873E-91 -0.2017E+13
   -2.612507    4.02424  0.1914E-10  0.1027E-07  0.4094E-11  0.8040E-05  0.1072E-91 -0.4123E+13
   -2.681253    4.03101  0.1914E-10  0.8679E-08  0.1065E-10  0.1765E-05  0.7156E-93 -0.3243E+14
   -2.749999    4.06502  0.1914E-10  0.0000E+00  0.0000E+00  0.0000E+00  0.7576E-93  0.0000E+00
