 1 - depth, m
 2 - temperature, C
 3 - salinity, kg/kg
 4 - turbulent kinetic energy, m**2/s**2
 5 - dissipation rate, m**2/s**3
 6 - kinematic heat conductance, m**2/s
 7 - modulus of horizontal velocity, m/s
 8 - Richardson number, n/d
   -0.000000   -0.00000  0.2563E-10  0.1219E-13  0.7603E-17  0.1000E-09  0.0000E+00  0.7969E+16
   -0.068746    0.12153  0.2753E-10  0.1219E-13  0.7603E-17  0.1000E-09  0.0000E+00  0.7724E+16
   -0.137492    0.24334  0.2381E-10  0.1219E-13  0.7603E-17  0.1000E-09  0.0000E+00  0.7473E+16
   -0.206239    0.36534  0.1990E-10  0.1219E-13  0.7603E-17  0.1000E-09  0.0000E+00  0.7216E+16
   -0.274987    0.48744  0.1735E-10  0.1219E-13  0.7603E-17  0.1000E-09  0.0000E+00  0.6955E+16
   -0.343735    0.60955  0.1601E-10  0.1219E-13  0.7603E-17  0.1000E-09  0.0000E+00  0.6690E+16
   -0.412484    0.73160  0.1541E-10  0.1219E-13  0.7603E-17  0.1000E-09  0.0000E+00  0.6424E+16
   -0.481233    0.85350  0.1517E-10  0.1219E-13  0.7603E-17  0.1000E-09  0.0000E+00  0.6155E+16
   -0.549983    0.97519  0.1508E-10  0.1219E-13  0.7603E-17  0.1000E-09  0.0000E+00  0.5886E+16
   -0.618733    1.09660  0.1506E-10  0.1219E-13  0.7603E-17  0.1000E-09  0.0000E+00  0.5617E+16
   -0.687483    1.21767  0.1505E-10  0.1219E-13  0.7603E-17  0.1000E-09  0.0000E+00  0.5353E+16
   -0.756234    1.33844  0.1504E-10  0.1219E-13  0.7603E-17  0.1000E-09  0.0000E+00  0.5091E+16
   -0.824985    1.45890  0.1504E-10  0.1219E-13  0.7603E-17  0.1000E-09  0.0000E+00  0.4831E+16
   -0.893736    1.57901  0.1503E-10  0.1219E-13  0.7603E-17  0.1000E-09  0.0000E+00  0.4571E+16
   -0.962488    1.69871  0.1502E-10  0.1219E-13  0.7603E-17  0.1000E-09  0.0000E+00  0.4314E+16
   -1.031240    1.81796  0.1500E-10  0.1219E-13  0.7603E-17  0.1000E-09  0.0000E+00  0.4058E+16
   -1.099992    1.93671  0.1498E-10  0.1219E-13  0.7603E-17  0.1000E-09  0.0000E+00  0.3805E+16
   -1.168744    2.05490  0.1494E-10  0.1219E-13  0.7603E-17  0.1000E-09  0.0000E+00  0.3555E+16
   -1.237496    2.17250  0.1490E-10  0.1219E-13  0.7603E-17  0.1000E-09  0.0000E+00  0.3307E+16
   -1.306249    2.28944  0.1485E-10  0.1219E-13  0.7603E-17  0.1000E-09  0.0000E+00  0.3063E+16
   -1.375001    2.40568  0.1480E-10  0.1219E-13  0.7603E-17  0.1000E-09  0.0000E+00  0.2824E+16
   -1.443753    2.52121  0.1476E-10  0.1219E-13  0.7603E-17  0.1000E-09  0.0000E+00  0.2589E+16
   -1.512506    2.63600  0.1472E-10  0.1219E-13  0.7603E-17  0.1000E-09  0.0000E+00  0.2357E+16
   -1.581258    2.74998  0.1469E-10  0.1219E-13  0.7603E-17  0.1000E-09  0.0000E+00  0.2130E+16
   -1.650010    2.86310  0.1467E-10  0.4269E-13  0.9919E-17  0.1000E-09  0.0000E+00  0.1908E+16
   -1.718762    2.97531  0.1466E-10  0.1360E-12  0.2589E-16  0.1000E-09  0.0000E+00  0.1690E+16
   -1.787514    3.08653  0.1465E-10  0.4043E-12  0.7295E-16  0.1000E-09  0.0000E+00  0.1478E+16
   -1.856265    3.19676  0.1463E-10  0.1180E-11  0.2058E-15  0.1000E-09  0.0000E+00  0.1270E+16
   -1.925017    3.30582  0.1462E-10  0.3406E-11  0.5752E-15  0.1000E-09  0.0000E+00  0.1068E+16
   -1.993768    3.41351  0.1461E-10  0.9743E-11  0.1595E-14  0.1000E-09  0.0000E+00  0.8713E+15
   -2.062519    3.51964  0.1460E-10  0.2698E-10  0.4286E-14  0.1000E-09  0.0000E+00  0.6868E+15
   -2.131269    3.62484  0.1459E-10  0.7359E-10  0.1135E-13  0.1135E-09  0.0000E+00  0.5077E+15
   -2.200019    3.72910  0.1459E-10  0.1985E-09  0.2972E-13  0.4528E-09  0.0000E+00  0.3331E+15
   -2.268769    3.83212  0.1459E-10  0.5341E-09  0.7767E-13  0.2395E-08  0.0000E+00  0.1641E+15
   -2.337518    3.93285  0.1459E-10  0.1413E-08  0.2004E-12  0.5144E-07  0.0000E+00  0.1897E+14
   -2.406267    4.00721  0.1459E-10  0.2421E-08  0.3477E-12  0.7598E-05  0.0000E+00 -0.6343E+12
   -2.475015    4.00907  0.1459E-10  0.2792E-08  0.4325E-12  0.7394E-05  0.0000E+00 -0.7119E+12
   -2.543762    4.01099  0.1459E-10  0.2978E-08  0.5439E-12  0.6076E-05  0.0000E+00 -0.9495E+12
   -2.612510    4.01333  0.1459E-10  0.2919E-08  0.7696E-12  0.3559E-05  0.0000E+00 -0.1831E+13
   -2.681256    4.01736  0.1459E-10  0.2213E-08  0.1813E-11  0.6252E-06  0.0000E+00 -0.1365E+14
   -2.750002    4.03834  0.1459E-10  0.0000E+00  0.0000E+00  0.0000E+00  0.0000E+00  0.0000E+00
