 1 - depth, m
 2 - temperature, C
 3 - salinity, kg/kg
 4 - turbulent kinetic energy, m**2/s**2
 5 - dissipation rate, m**2/s**3
 6 - kinematic heat conductance, m**2/s
 7 - modulus of horizontal velocity, m/s
 8 - Richardson number, n/d
   -0.000000   12.43400  0.2868E-11  0.1131E-04  0.4144E-06  0.2921E-04  0.4992E-01  0.9540E-02
   -0.068746   12.42746  0.2868E-11  0.9449E-05  0.1631E-06  0.4807E-04  0.4245E-01  0.4021E-01
   -0.137492   12.41999  0.2868E-11  0.7755E-05  0.9456E-07  0.5029E-04  0.3881E-01  0.1001E+00
   -0.206239   12.40887  0.2868E-11  0.6142E-05  0.6433E-07  0.4060E-04  0.3610E-01  0.1954E+00
   -0.274987   12.38496  0.2868E-11  0.4421E-05  0.4812E-07  0.2625E-04  0.3345E-01  0.3087E+00
   -0.343735   12.14110  0.2871E-11  0.2744E-05  0.3239E-07  0.1357E-04  0.2884E-01  0.5955E+00
   -0.412484   11.28597  0.2881E-11  0.1514E-05  0.2049E-07  0.5271E-05  0.2181E-01  0.1041E+01
   -0.481233   10.23951  0.2889E-11  0.1015E-05  0.1175E-07  0.1351E-05  0.1434E-01  0.1500E+01
   -0.549983    9.32819  0.2896E-11  0.1230E-05  0.5303E-08  0.1810E-05  0.7626E-02  0.6253E+01
   -0.618733    8.73106  0.2901E-11  0.1637E-05  0.1530E-08  0.3689E-04  0.2898E-02  0.3955E+02
   -0.687484    8.49783  0.2902E-11  0.1967E-05  0.1440E-08  0.1012E-03  0.8454E-03  0.4892E+02
   -0.756234    8.45810  0.2902E-11  0.2143E-05  0.1376E-08  0.1897E-03  0.2750E-03  0.4330E+02
   -0.824985    8.45138  0.2902E-11  0.2240E-05  0.1418E-08  0.2964E-03  0.1265E-03  0.3051E+02
   -0.893737    8.45113  0.2902E-11  0.2332E-05  0.1478E-08  0.4642E-03  0.1092E-03  0.6455E+03
   -0.962489    8.45108  0.2902E-11  0.2408E-05  0.1534E-08  0.9836E-03  0.9750E-04  0.5046E+03
   -1.031240    8.45109  0.2902E-11  0.2470E-05  0.1585E-08  0.1174E-02  0.8975E-04  0.1785E+03
   -1.099992    8.45112  0.2902E-11  0.2529E-05  0.1638E-08  0.1244E-02  0.8407E-04  0.4331E+03
   -1.168745    8.45119  0.2902E-11  0.2589E-05  0.1697E-08  0.1269E-02  0.7925E-04  0.1154E+02
   -1.237497    8.45128  0.2902E-11  0.2651E-05  0.1763E-08  0.1268E-02  0.7483E-04  0.1391E+02
   -1.306249    8.45140  0.2902E-11  0.2715E-05  0.1834E-08  0.1269E-02  0.7044E-04  0.1650E+02
   -1.375001    8.45154  0.2902E-11  0.2780E-05  0.1912E-08  0.1270E-02  0.6608E-04  0.1924E+02
   -1.443754    8.45172  0.2902E-11  0.2845E-05  0.1994E-08  0.1269E-02  0.6175E-04  0.2204E+02
   -1.512506    8.45192  0.2902E-11  0.2908E-05  0.2081E-08  0.1267E-02  0.5745E-04  0.2509E+02
   -1.581258    8.45215  0.2902E-11  0.2968E-05  0.2171E-08  0.1261E-02  0.5317E-04  0.2825E+02
   -1.650011    8.45242  0.2902E-11  0.3023E-05  0.2264E-08  0.1253E-02  0.4890E-04  0.3190E+02
   -1.718763    8.45272  0.2902E-11  0.3074E-05  0.2359E-08  0.1240E-02  0.4462E-04  0.3685E+02
   -1.787514    8.45305  0.2902E-11  0.3119E-05  0.2461E-08  0.1225E-02  0.4034E-04  0.4325E+02
   -1.856266    8.45340  0.2902E-11  0.3161E-05  0.2574E-08  0.1204E-02  0.3641E-04  0.5636E+02
   -1.925017    8.45376  0.2902E-11  0.3201E-05  0.2702E-08  0.1176E-02  0.3282E-04  0.7470E+02
   -1.993769    8.45415  0.2902E-11  0.3237E-05  0.2851E-08  0.1141E-02  0.2957E-04  0.1011E+03
   -2.062519    8.45457  0.2902E-11  0.3268E-05  0.3018E-08  0.1100E-02  0.2657E-04  0.1395E+03
   -2.131270    8.45502  0.2902E-11  0.3294E-05  0.3208E-08  0.1052E-02  0.2371E-04  0.1843E+03
   -2.200020    8.45552  0.2902E-11  0.3312E-05  0.3426E-08  0.9978E-03  0.2096E-04  0.2521E+03
   -2.268770    8.45607  0.2902E-11  0.3321E-05  0.3685E-08  0.9354E-03  0.1830E-04  0.3529E+03
   -2.337519    8.45668  0.2902E-11  0.3320E-05  0.4017E-08  0.8617E-03  0.1578E-04  0.5371E+03
   -2.406268    8.45737  0.2902E-11  0.3306E-05  0.4465E-08  0.7743E-03  0.1341E-04  0.9015E+03
   -2.475016    8.45816  0.2902E-11  0.3273E-05  0.5123E-08  0.6709E-03  0.1117E-04  0.1729E+04
   -2.543763    8.45911  0.2902E-11  0.3211E-05  0.6207E-08  0.5402E-03  0.9057E-05  0.4160E+04
   -2.612511    8.46033  0.2902E-11  0.3091E-05  0.8416E-08  0.4179E-03  0.7019E-05  0.1274E+05
   -2.681257    8.46196  0.2902E-11  0.2139E-05  0.3146E-07  0.2411E-04  0.5230E-05 -0.9021E+06
   -2.750003    8.49144  0.2902E-11  0.0000E+00  0.0000E+00  0.0000E+00  0.5230E-05  0.0000E+00
