 1 - depth, m
 2 - temperature, C
 3 - salinity, kg/kg
 4 - turbulent kinetic energy, m**2/s**2
 5 - dissipation rate, m**2/s**3
 6 - kinematic heat conductance, m**2/s
 7 - modulus of horizontal velocity, m/s
 8 - Richardson number, n/d
   -0.000000   -0.00000  0.2090E-10  0.1219E-13  0.7603E-17  0.1000E-09  0.0000E+00  0.7937E+16
   -0.068746    0.12103  0.2090E-10  0.1219E-13  0.7603E-17  0.1000E-09  0.0000E+00  0.7678E+16
   -0.137492    0.24208  0.1826E-10  0.1219E-13  0.7603E-17  0.1000E-09  0.0000E+00  0.7416E+16
   -0.206239    0.36310  0.1546E-10  0.1219E-13  0.7603E-17  0.1000E-09  0.0000E+00  0.7153E+16
   -0.274987    0.48402  0.1348E-10  0.1219E-13  0.7603E-17  0.1000E-09  0.0000E+00  0.6887E+16
   -0.343735    0.60480  0.1234E-10  0.1219E-13  0.7603E-17  0.1000E-09  0.0000E+00  0.6621E+16
   -0.412484    0.72536  0.1177E-10  0.1219E-13  0.7603E-17  0.1000E-09  0.0000E+00  0.6354E+16
   -0.481233    0.84567  0.1152E-10  0.1219E-13  0.7603E-17  0.1000E-09  0.0000E+00  0.6087E+16
   -0.549983    0.96566  0.1141E-10  0.1219E-13  0.7603E-17  0.1000E-09  0.0000E+00  0.5821E+16
   -0.618733    1.08528  0.1138E-10  0.1219E-13  0.7603E-17  0.1000E-09  0.0000E+00  0.5556E+16
   -0.687483    1.20449  0.1136E-10  0.1219E-13  0.7603E-17  0.1000E-09  0.0000E+00  0.5295E+16
   -0.756234    1.32331  0.1136E-10  0.1219E-13  0.7603E-17  0.1000E-09  0.0000E+00  0.5037E+16
   -0.824985    1.44172  0.1135E-10  0.1219E-13  0.7603E-17  0.1000E-09  0.0000E+00  0.4781E+16
   -0.893736    1.55969  0.1135E-10  0.1219E-13  0.7603E-17  0.1000E-09  0.0000E+00  0.4527E+16
   -0.962488    1.67717  0.1134E-10  0.1219E-13  0.7603E-17  0.1000E-09  0.0000E+00  0.4275E+16
   -1.031239    1.79411  0.1133E-10  0.1219E-13  0.7603E-17  0.1000E-09  0.0000E+00  0.4025E+16
   -1.099991    1.91046  0.1132E-10  0.1219E-13  0.7603E-17  0.1000E-09  0.0000E+00  0.3779E+16
   -1.168744    2.02619  0.1130E-10  0.1219E-13  0.7603E-17  0.1000E-09  0.0000E+00  0.3535E+16
   -1.237496    2.14124  0.1127E-10  0.1219E-13  0.7603E-17  0.1000E-09  0.0000E+00  0.3295E+16
   -1.306248    2.25558  0.1124E-10  0.1219E-13  0.7603E-17  0.1000E-09  0.0000E+00  0.3059E+16
   -1.375000    2.36916  0.1121E-10  0.1219E-13  0.7603E-17  0.1000E-09  0.0000E+00  0.2828E+16
   -1.443753    2.48197  0.1118E-10  0.1219E-13  0.7603E-17  0.1000E-09  0.0000E+00  0.2601E+16
   -1.512505    2.59398  0.1116E-10  0.1219E-13  0.7603E-17  0.1000E-09  0.0000E+00  0.2378E+16
   -1.581257    2.70514  0.1114E-10  0.1219E-13  0.7603E-17  0.1000E-09  0.0000E+00  0.2160E+16
   -1.650009    2.81541  0.1112E-10  0.1219E-13  0.7603E-17  0.1000E-09  0.0000E+00  0.1946E+16
   -1.718761    2.92475  0.1111E-10  0.1219E-13  0.7603E-17  0.1000E-09  0.0000E+00  0.1738E+16
   -1.787513    3.03311  0.1110E-10  0.3673E-13  0.9739E-17  0.1000E-09  0.0000E+00  0.1535E+16
   -1.856264    3.14053  0.1109E-10  0.1280E-12  0.2808E-16  0.1000E-09  0.0000E+00  0.1337E+16
   -1.925016    3.24686  0.1108E-10  0.4152E-12  0.8656E-16  0.1000E-09  0.0000E+00  0.1143E+16
   -1.993767    3.35191  0.1107E-10  0.1315E-11  0.2647E-15  0.1000E-09  0.0000E+00  0.9539E+15
   -2.062518    3.45547  0.1106E-10  0.4008E-11  0.7813E-15  0.1000E-09  0.0000E+00  0.7765E+15
   -2.131268    3.55804  0.1105E-10  0.1202E-10  0.2269E-14  0.1000E-09  0.0000E+00  0.6041E+15
   -2.200018    3.65959  0.1105E-10  0.3559E-10  0.6512E-14  0.1000E-09  0.0000E+00  0.4368E+15
   -2.268768    3.75997  0.1105E-10  0.1051E-09  0.1864E-13  0.3432E-09  0.0000E+00  0.2750E+15
   -2.337517    3.85898  0.1105E-10  0.3125E-09  0.5380E-13  0.2264E-08  0.0000E+00  0.1196E+15
   -2.406266    3.95532  0.1105E-10  0.8876E-09  0.1493E-12  0.1296E-06  0.0000E+00  0.4646E+13
   -2.475014    4.00549  0.1105E-10  0.1784E-08  0.3124E-12  0.4542E-05  0.0000E+00 -0.9393E+12
   -2.543761    4.00839  0.1105E-10  0.2119E-08  0.4259E-12  0.4163E-05  0.0000E+00 -0.1180E+13
   -2.612508    4.01158  0.1105E-10  0.2188E-08  0.6164E-12  0.2642E-05  0.0000E+00 -0.2157E+13
   -2.681255    4.01654  0.1105E-10  0.1720E-08  0.1380E-11  0.5199E-06  0.0000E+00 -0.1373E+14
   -2.750001    4.03795  0.1105E-10  0.0000E+00  0.0000E+00  0.0000E+00  0.0000E+00  0.0000E+00
