 1 - depth, m
 2 - temperature, C
 3 - salinity, kg/kg
 4 - turbulent kinetic energy, m**2/s**2
 5 - dissipation rate, m**2/s**3
 6 - kinematic heat conductance, m**2/s
 7 - modulus of horizontal velocity, m/s
 8 - Richardson number, n/d
   -0.000000   -0.00000  0.4664E-10  0.9876E-09  0.1333E-11  0.3416E-09  0.4478E-03  0.2923E+03
   -0.068747    0.48879  0.6630E-10  0.9083E-08  0.1914E-11  0.1911E-08  0.1863E-03  0.5213E+03
   -0.137494    0.67608  0.6780E-10  0.1945E-07  0.3210E-11  0.4529E-05  0.7066E-04  0.5719E+03
   -0.206242    0.71856  0.6787E-10  0.2153E-07  0.3494E-11  0.7111E-04  0.2771E-04 -0.8062E+03
   -0.274991    0.72122  0.6787E-10  0.2165E-07  0.3487E-11  0.7991E-04  0.1985E-04 -0.1437E+04
   -0.343740    0.72120  0.6787E-10  0.2015E-07  0.3225E-11  0.8869E-08  0.1932E-04  0.1360E+05
   -0.412490    0.75260  0.6812E-10  0.7907E-08  0.1280E-11  0.9952E-09  0.1048E-04  0.2697E+06
   -0.481240    0.86366  0.6844E-10  0.3316E-08  0.5344E-12  0.2312E-09  0.6484E-05  0.2215E+07
   -0.549990    1.07587  0.6764E-10  0.1995E-08  0.2935E-12  0.1221E-09  0.4422E-05  0.1205E+08
   -0.618741    1.36124  0.9954E-10  0.2391E-08  0.2901E-12  0.1459E-09  0.3133E-05  0.5322E+08
   -0.687493    1.62973  0.1090E-09  0.4325E-08  0.4655E-12  0.3449E-09  0.2191E-05  0.1924E+09
   -0.756244    1.81760  0.1101E-09  0.8528E-08  0.8807E-12  0.1546E-08  0.1444E-05  0.5748E+09
   -0.824996    1.91865  0.1102E-09  0.1638E-07  0.1701E-11  0.1828E-07  0.8464E-06  0.1354E+10
   -0.893749    1.95759  0.1102E-09  0.1937E-07  0.2293E-11  0.3512E-04  0.4607E-06  0.2295E+10
   -0.962501    1.96655  0.1102E-09  0.2244E-07  0.3388E-11  0.6848E-04  0.4473E-06  0.7434E+10
   -1.031254    1.96977  0.1102E-09  0.3119E-07  0.6975E-11  0.7087E-04  0.4431E-06  0.1522E+12
   -1.100007    1.98458  0.1102E-09  0.6529E-07  0.2076E-10  0.6349E-04  0.4401E-06  0.2691E+13
   -1.168760    2.07417  0.1102E-09  0.1965E-06  0.7230E-10  0.4830E-04  0.4375E-06  0.1345E+14
   -1.237513    2.36391  0.1102E-09  0.3428E-06  0.1306E-09  0.1097E-03  0.4345E-06  0.3820E+14
   -1.306267    2.70422  0.1102E-09  0.4853E-06  0.1892E-09  0.2303E-03  0.4083E-06  0.1990E+14
   -1.375020    3.08602  0.1101E-09  0.6256E-06  0.2470E-09  0.3519E-03  0.2877E-06 -0.3629E+12
   -1.443773    3.51057  0.1101E-09  0.7619E-06  0.3019E-09  0.4719E-03  0.1838E-06 -0.2327E+13
   -1.512526    3.94517  0.1101E-09  0.8736E-06  0.3468E-09  0.5908E-03  0.9573E-07 -0.2173E+13
   -1.581279    4.26175  0.1100E-09  0.8913E-06  0.3559E-09  0.7081E-03  0.1681E-07 -0.1989E+13
   -1.650033    4.28336  0.1100E-09  0.8961E-06  0.3605E-09  0.7167E-03  0.2289E-08 -0.2030E+13
   -1.718785    4.28439  0.1100E-09  0.8997E-06  0.3657E-09  0.7116E-03  0.2003E-08 -0.2112E+13
   -1.787538    4.28542  0.1100E-09  0.9024E-06  0.3716E-09  0.7049E-03  0.1717E-08 -0.2234E+13
   -1.856291    4.28646  0.1100E-09  0.9045E-06  0.3788E-09  0.6946E-03  0.1472E-08 -0.2430E+13
   -1.925043    4.28751  0.1100E-09  0.9058E-06  0.3876E-09  0.6770E-03  0.1261E-08 -0.2686E+13
   -1.993795    4.28860  0.1100E-09  0.9061E-06  0.3985E-09  0.6561E-03  0.1084E-08 -0.2914E+13
   -2.062547    4.28972  0.1100E-09  0.9055E-06  0.4114E-09  0.6336E-03  0.9294E-09 -0.3112E+13
   -2.131298    4.29088  0.1100E-09  0.9039E-06  0.4268E-09  0.6083E-03  0.7897E-09 -0.3367E+13
   -2.200049    4.29208  0.1100E-09  0.9010E-06  0.4455E-09  0.5799E-03  0.6610E-09 -0.3649E+13
   -2.268800    4.29335  0.1100E-09  0.8969E-06  0.4688E-09  0.5522E-03  0.5424E-09 -0.3972E+13
   -2.337550    4.29469  0.1100E-09  0.8910E-06  0.4997E-09  0.5094E-03  0.4363E-09 -0.4485E+13
   -2.406300    4.29613  0.1100E-09  0.8827E-06  0.5430E-09  0.4640E-03  0.3435E-09 -0.5079E+13
   -2.475049    4.29772  0.1100E-09  0.8711E-06  0.6081E-09  0.4088E-03  0.2622E-09 -0.5835E+13
   -2.543797    4.29953  0.1100E-09  0.8541E-06  0.7160E-09  0.3485E-03  0.1922E-09 -0.7230E+13
   -2.612545    4.30170  0.1100E-09  0.8207E-06  0.9750E-09  0.2152E-03  0.1311E-09 -0.1344E+14
   -2.681293    4.30532  0.1100E-09  0.5465E-06  0.4002E-08  0.1120E-04  0.6846E-10 -0.3795E+15
   -2.750040    4.37722  0.1100E-09  0.0000E+00  0.0000E+00  0.0000E+00  0.6965E-10  0.0000E+00
