 1 - depth, m
 2 - temperature, C
 3 - salinity, kg/kg
 4 - turbulent kinetic energy, m**2/s**2
 5 - dissipation rate, m**2/s**3
 6 - kinematic heat conductance, m**2/s
 7 - modulus of horizontal velocity, m/s
 8 - Richardson number, n/d
   -0.000000   14.52411  0.3796E-11  0.1031E-04  0.3880E-06  0.3414E-04  0.1657E-01 -0.3881E+00
   -0.068746   14.57626  0.3796E-11  0.1116E-04  0.1366E-06  0.1869E-03  0.1010E-01  0.4670E+02
   -0.137492   14.58699  0.3796E-11  0.1159E-04  0.8550E-07  0.3944E-03  0.8417E-02  0.2161E+02
   -0.206239   14.59145  0.3796E-11  0.1196E-04  0.6701E-07  0.7228E-03  0.7621E-02  0.1313E+03
   -0.274987   14.59364  0.3796E-11  0.1239E-04  0.5734E-07  0.8627E-03  0.7197E-02  0.3549E+01
   -0.343735   14.59540  0.3796E-11  0.1286E-04  0.5017E-07  0.1047E-02  0.6775E-02  0.3903E+01
   -0.412484   14.59680  0.3796E-11  0.1333E-04  0.4486E-07  0.1164E-02  0.6393E-02  0.4029E+01
   -0.481233   14.59803  0.3796E-11  0.1377E-04  0.4074E-07  0.1277E-02  0.6037E-02  0.4132E+01
   -0.549982   14.59911  0.3796E-11  0.1419E-04  0.3744E-07  0.1383E-02  0.5703E-02  0.4232E+01
   -0.618732   14.60007  0.3796E-11  0.1457E-04  0.3474E-07  0.1487E-02  0.5387E-02  0.4309E+01
   -0.687483   14.60095  0.3796E-11  0.1491E-04  0.3248E-07  0.1590E-02  0.5085E-02  0.4383E+01
   -0.756234   14.60174  0.3796E-11  0.1520E-04  0.3055E-07  0.1692E-02  0.4795E-02  0.4427E+01
   -0.824985   14.60247  0.3796E-11  0.1545E-04  0.2889E-07  0.1794E-02  0.4515E-02  0.4465E+01
   -0.893736   14.60313  0.3796E-11  0.1565E-04  0.2745E-07  0.1896E-02  0.4244E-02  0.4470E+01
   -0.962488   14.60374  0.3796E-11  0.1579E-04  0.2618E-07  0.1995E-02  0.3979E-02  0.4470E+01
   -1.031239   14.60431  0.3796E-11  0.1589E-04  0.2507E-07  0.2090E-02  0.3722E-02  0.4442E+01
   -1.099991   14.60483  0.3796E-11  0.1593E-04  0.2409E-07  0.2178E-02  0.3471E-02  0.4413E+01
   -1.168743   14.60533  0.3796E-11  0.1592E-04  0.2322E-07  0.2254E-02  0.3225E-02  0.4364E+01
   -1.237496   14.60579  0.3796E-11  0.1585E-04  0.2246E-07  0.2314E-02  0.2985E-02  0.4323E+01
   -1.306248   14.60622  0.3796E-11  0.1574E-04  0.2180E-07  0.2355E-02  0.2749E-02  0.4270E+01
   -1.375000   14.60664  0.3796E-11  0.1557E-04  0.2123E-07  0.2373E-02  0.2518E-02  0.4232E+01
   -1.443752   14.60704  0.3796E-11  0.1536E-04  0.2075E-07  0.2367E-02  0.2291E-02  0.4184E+01
   -1.512505   14.60744  0.3796E-11  0.1510E-04  0.2036E-07  0.2337E-02  0.2068E-02  0.4147E+01
   -1.581257   14.60782  0.3796E-11  0.1480E-04  0.2006E-07  0.2287E-02  0.1849E-02  0.4091E+01
   -1.650009   14.60820  0.3796E-11  0.1446E-04  0.1986E-07  0.2221E-02  0.1633E-02  0.4032E+01
   -1.718761   14.60858  0.3796E-11  0.1409E-04  0.1975E-07  0.2141E-02  0.1421E-02  0.3882E+01
   -1.787513   14.60897  0.3796E-11  0.1368E-04  0.1976E-07  0.2091E-02  0.1213E-02  0.2605E+01
   -1.856264   14.60935  0.3796E-11  0.1326E-04  0.1989E-07  0.2069E-02  0.1039E-02  0.1958E+01
   -1.925015   14.60974  0.3796E-11  0.1283E-04  0.2018E-07  0.2060E-02  0.8962E-03  0.1592E+01
   -1.993767   14.61012  0.3796E-11  0.1240E-04  0.2066E-07  0.2055E-02  0.7812E-03  0.1391E+01
   -2.062517   14.61050  0.3796E-11  0.1200E-04  0.2131E-07  0.2003E-02  0.6876E-03  0.1336E+01
   -2.131268   14.61088  0.3796E-11  0.1162E-04  0.2217E-07  0.1862E-02  0.6082E-03  0.1283E+01
   -2.200018   14.61128  0.3796E-11  0.1127E-04  0.2328E-07  0.1683E-02  0.5397E-03  0.1350E+01
   -2.268767   14.61171  0.3796E-11  0.1093E-04  0.2479E-07  0.1530E-02  0.4801E-03  0.1518E+01
   -2.337516   14.61218  0.3796E-11  0.1057E-04  0.2719E-07  0.1342E-02  0.4286E-03  0.1164E+03
   -2.406265   14.61274  0.3796E-11  0.1012E-04  0.3138E-07  0.1214E-02  0.3796E-03  0.4786E+01
   -2.475013   14.61340  0.3796E-11  0.9500E-05  0.3980E-07  0.9221E-03  0.3324E-03  0.1301E+04
   -2.543761   14.61456  0.3796E-11  0.8569E-05  0.5659E-07  0.7760E-03  0.2703E-03  0.2808E+04
   -2.612508   14.61541  0.3796E-11  0.7097E-05  0.1069E-06  0.3737E-03  0.2177E-03  0.1773E+04
   -2.681254   14.62031  0.3796E-11  0.4391E-05  0.3267E-06  0.1346E-03  0.1289E-03  0.2144E+03
   -2.750000   14.62630  0.3796E-11  0.0000E+00  0.0000E+00  0.0000E+00  0.1886E-03  0.0000E+00
