 1 - depth, m
 2 - temperature, C
 3 - salinity, kg/kg
 4 - turbulent kinetic energy, m**2/s**2
 5 - dissipation rate, m**2/s**3
 6 - kinematic heat conductance, m**2/s
 7 - modulus of horizontal velocity, m/s
 8 - Richardson number, n/d
   -0.000000   14.46453  0.1972E-10  0.1779E-05  0.3175E-07  0.1673E-04  0.1919E-02 -0.2634E+01
   -0.068746   14.49139  0.1973E-10  0.3223E-05  0.1293E-07  0.2789E-03  0.6832E-03  0.1945E+04
   -0.137492   14.49281  0.1973E-10  0.3597E-05  0.1022E-07  0.4517E-03  0.5780E-03  0.3885E+02
   -0.206239   14.49360  0.1973E-10  0.3862E-05  0.8910E-08  0.5689E-03  0.5239E-03  0.1656E+02
   -0.274987   14.49416  0.1973E-10  0.4095E-05  0.8085E-08  0.6961E-03  0.4824E-03  0.1063E+02
   -0.343735   14.49457  0.1973E-10  0.4306E-05  0.7537E-08  0.8164E-03  0.4490E-03  0.7680E+01
   -0.412484   14.49490  0.1973E-10  0.4503E-05  0.7163E-08  0.9306E-03  0.4209E-03  0.6124E+01
   -0.481233   14.49517  0.1973E-10  0.4689E-05  0.6909E-08  0.1038E-02  0.3966E-03  0.5288E+01
   -0.549983   14.49541  0.1973E-10  0.4869E-05  0.6742E-08  0.1137E-02  0.3752E-03  0.4863E+01
   -0.618733   14.49562  0.1973E-10  0.5043E-05  0.6640E-08  0.1229E-02  0.3558E-03  0.4696E+01
   -0.687483   14.49582  0.1973E-10  0.5214E-05  0.6590E-08  0.1313E-02  0.3380E-03  0.4691E+01
   -0.756234   14.49602  0.1973E-10  0.5381E-05  0.6581E-08  0.1392E-02  0.3214E-03  0.4800E+01
   -0.824985   14.49621  0.1973E-10  0.5546E-05  0.6608E-08  0.1463E-02  0.3058E-03  0.4989E+01
   -0.893737   14.49640  0.1973E-10  0.5707E-05  0.6664E-08  0.1529E-02  0.2910E-03  0.5244E+01
   -0.962488   14.49659  0.1973E-10  0.5865E-05  0.6747E-08  0.1588E-02  0.2768E-03  0.5552E+01
   -1.031240   14.49680  0.1973E-10  0.6019E-05  0.6852E-08  0.1641E-02  0.2632E-03  0.5911E+01
   -1.099992   14.49700  0.1973E-10  0.6169E-05  0.6978E-08  0.1688E-02  0.2501E-03  0.6315E+01
   -1.168744   14.49722  0.1973E-10  0.6314E-05  0.7123E-08  0.1727E-02  0.2373E-03  0.6765E+01
   -1.237496   14.49745  0.1973E-10  0.6453E-05  0.7285E-08  0.1761E-02  0.2249E-03  0.7258E+01
   -1.306249   14.49769  0.1973E-10  0.6585E-05  0.7462E-08  0.1787E-02  0.2128E-03  0.7801E+01
   -1.375001   14.49794  0.1973E-10  0.6710E-05  0.7653E-08  0.1806E-02  0.2009E-03  0.8389E+01
   -1.443753   14.49821  0.1973E-10  0.6827E-05  0.7858E-08  0.1818E-02  0.1892E-03  0.9034E+01
   -1.512506   14.49849  0.1973E-10  0.6934E-05  0.8075E-08  0.1823E-02  0.1777E-03  0.9735E+01
   -1.581258   14.49880  0.1973E-10  0.7031E-05  0.8304E-08  0.1821E-02  0.1663E-03  0.1051E+02
   -1.650010   14.49912  0.1973E-10  0.7116E-05  0.8545E-08  0.1811E-02  0.1550E-03  0.1140E+02
   -1.718762   14.49946  0.1973E-10  0.7187E-05  0.8796E-08  0.1793E-02  0.1437E-03  0.1264E+02
   -1.787514   14.49982  0.1973E-10  0.7247E-05  0.9069E-08  0.1769E-02  0.1325E-03  0.1420E+02
   -1.856265   14.50020  0.1973E-10  0.7296E-05  0.9381E-08  0.1735E-02  0.1222E-03  0.1752E+02
   -1.925017   14.50058  0.1973E-10  0.7336E-05  0.9744E-08  0.1690E-02  0.1127E-03  0.2186E+02
   -1.993768   14.50099  0.1973E-10  0.7365E-05  0.1018E-07  0.1633E-02  0.1038E-03  0.2806E+02
   -2.062519   14.50142  0.1973E-10  0.7381E-05  0.1068E-07  0.1565E-02  0.9546E-04  0.3666E+02
   -2.131269   14.50188  0.1973E-10  0.7383E-05  0.1127E-07  0.1486E-02  0.8727E-04  0.4658E+02
   -2.200019   14.50238  0.1973E-10  0.7367E-05  0.1197E-07  0.1396E-02  0.7923E-04  0.6117E+02
   -2.268769   14.50293  0.1973E-10  0.7330E-05  0.1285E-07  0.1292E-02  0.7122E-04  0.8288E+02
   -2.337518   14.50354  0.1973E-10  0.7265E-05  0.1402E-07  0.1170E-02  0.6340E-04  0.1220E+03
   -2.406267   14.50423  0.1973E-10  0.7163E-05  0.1569E-07  0.1030E-02  0.5574E-04  0.2008E+03
   -2.475015   14.50503  0.1973E-10  0.7005E-05  0.1830E-07  0.8378E-03  0.4823E-04  0.3884E+03
   -2.543763   14.50604  0.1973E-10  0.6756E-05  0.2293E-07  0.7457E-03  0.4058E-04  0.8606E+03
   -2.612510   14.50720  0.1973E-10  0.6219E-05  0.3723E-07  0.3426E-03  0.3375E-04 -0.2669E+04
   -2.681256   14.51139  0.1973E-10  0.3968E-05  0.1293E-06  0.7735E-04  0.2184E-04 -0.8797E+05
   -2.750002   14.52384  0.1973E-10  0.0000E+00  0.0000E+00  0.0000E+00  0.2403E-04  0.0000E+00
