 1 - depth, m
 2 - temperature, C
 3 - salinity, kg/kg
 4 - turbulent kinetic energy, m**2/s**2
 5 - dissipation rate, m**2/s**3
 6 - kinematic heat conductance, m**2/s
 7 - modulus of horizontal velocity, m/s
 8 - Richardson number, n/d
   -0.000000   -0.00000  0.1630E-11  0.1219E-13  0.7603E-17  0.1000E-09  0.0000E+00  0.8488E+16
   -0.068746    0.12957  0.1851E-11  0.1219E-13  0.7603E-17  0.1000E-09  0.0000E+00  0.8222E+16
   -0.137492    0.25968  0.1604E-11  0.1219E-13  0.7603E-17  0.1000E-09  0.0000E+00  0.7946E+16
   -0.206239    0.39018  0.1330E-11  0.1219E-13  0.7603E-17  0.1000E-09  0.0000E+00  0.7662E+16
   -0.274987    0.52096  0.1151E-11  0.1219E-13  0.7603E-17  0.1000E-09  0.0000E+00  0.7370E+16
   -0.343735    0.65188  0.1056E-11  0.1219E-13  0.7603E-17  0.1000E-09  0.0000E+00  0.7073E+16
   -0.412484    0.78286  0.1013E-11  0.1219E-13  0.7603E-17  0.1000E-09  0.0000E+00  0.6772E+16
   -0.481233    0.91379  0.9953E-12  0.1219E-13  0.7603E-17  0.1000E-09  0.0000E+00  0.6469E+16
   -0.549983    1.04459  0.9886E-12  0.1219E-13  0.7603E-17  0.1000E-09  0.0000E+00  0.6164E+16
   -0.618733    1.17517  0.9863E-12  0.1219E-13  0.7603E-17  0.1000E-09  0.0000E+00  0.5859E+16
   -0.687483    1.30546  0.9855E-12  0.1219E-13  0.7603E-17  0.1000E-09  0.0000E+00  0.5557E+16
   -0.756234    1.43548  0.9851E-12  0.1219E-13  0.7603E-17  0.1000E-09  0.0000E+00  0.5258E+16
   -0.824985    1.56520  0.9846E-12  0.1219E-13  0.7603E-17  0.1000E-09  0.0000E+00  0.4960E+16
   -0.893737    1.69456  0.9840E-12  0.1219E-13  0.7603E-17  0.1000E-09  0.0000E+00  0.4663E+16
   -0.962488    1.82350  0.9829E-12  0.1219E-13  0.7603E-17  0.1000E-09  0.0000E+00  0.4368E+16
   -1.031240    1.95196  0.9813E-12  0.1219E-13  0.7603E-17  0.1000E-09  0.0000E+00  0.4075E+16
   -1.099992    2.07989  0.9791E-12  0.1219E-13  0.7603E-17  0.1000E-09  0.0000E+00  0.3786E+16
   -1.168744    2.20722  0.9762E-12  0.1735E-13  0.7603E-17  0.1000E-09  0.0000E+00  0.3500E+16
   -1.237497    2.33390  0.9730E-12  0.7063E-13  0.1028E-16  0.1000E-09  0.0000E+00  0.3217E+16
   -1.306249    2.45988  0.9696E-12  0.1891E-12  0.2182E-16  0.1000E-09  0.0000E+00  0.2939E+16
   -1.375001    2.58510  0.9663E-12  0.4458E-12  0.4824E-16  0.1000E-09  0.0000E+00  0.2667E+16
   -1.443754    2.70955  0.9635E-12  0.1008E-11  0.1055E-15  0.1000E-09  0.0000E+00  0.2399E+16
   -1.512506    2.83320  0.9612E-12  0.2238E-11  0.2278E-15  0.1000E-09  0.0000E+00  0.2137E+16
   -1.581258    2.95600  0.9594E-12  0.4909E-11  0.4870E-15  0.1000E-09  0.0000E+00  0.1880E+16
   -1.650010    3.07793  0.9581E-12  0.1066E-10  0.1031E-14  0.1000E-09  0.0000E+00  0.1629E+16
   -1.718762    3.19895  0.9570E-12  0.2293E-10  0.2162E-14  0.1000E-09  0.0000E+00  0.1384E+16
   -1.787514    3.31904  0.9562E-12  0.5000E-10  0.4597E-14  0.1000E-09  0.0000E+00  0.1143E+16
   -1.856266    3.43789  0.9554E-12  0.1100E-09  0.9862E-14  0.1000E-09  0.0000E+00  0.9080E+15
   -1.925017    3.55534  0.9548E-12  0.2417E-09  0.2115E-13  0.1581E-09  0.0000E+00  0.6807E+15
   -1.993768    3.67113  0.9544E-12  0.5299E-09  0.4526E-13  0.4979E-09  0.0000E+00  0.4625E+15
   -2.062519    3.78497  0.9542E-12  0.1133E-08  0.9454E-13  0.1881E-08  0.0000E+00  0.2556E+15
   -2.131269    3.89700  0.9541E-12  0.2376E-08  0.1939E-12  0.1603E-07  0.0000E+00  0.6138E+14
   -2.200020    3.99842  0.9541E-12  0.3003E-08  0.2469E-12  0.1536E-04  0.0000E+00 -0.2026E+12
   -2.268769    3.99945  0.9541E-12  0.3260E-08  0.2754E-12  0.1584E-04  0.0000E+00 -0.2116E+12
   -2.337518    4.00044  0.9541E-12  0.3457E-08  0.3069E-12  0.1554E-04  0.0000E+00 -0.2311E+12
   -2.406267    4.00145  0.9541E-12  0.3592E-08  0.3454E-12  0.1438E-04  0.0000E+00 -0.2670E+12
   -2.475015    4.00253  0.9541E-12  0.3659E-08  0.3995E-12  0.1224E-04  0.0000E+00 -0.3361E+12
   -2.543763    4.00381  0.9541E-12  0.3626E-08  0.4908E-12  0.9013E-05  0.0000E+00 -0.4949E+12
   -2.612510    4.00553  0.9541E-12  0.3396E-08  0.7071E-12  0.4701E-05  0.0000E+00 -0.1064E+13
   -2.681257    4.00879  0.9541E-12  0.2409E-08  0.1852E-11  0.6441E-06  0.0000E+00 -0.1043E+14
   -2.750002    4.02917  0.9541E-12  0.0000E+00  0.0000E+00  0.0000E+00  0.0000E+00  0.0000E+00
