 1 - depth, m
 2 - temperature, C
 3 - salinity, kg/kg
 4 - turbulent kinetic energy, m**2/s**2
 5 - dissipation rate, m**2/s**3
 6 - kinematic heat conductance, m**2/s
 7 - modulus of horizontal velocity, m/s
 8 - Richardson number, n/d
   -0.000000   -0.00000  0.8573E-11  0.1219E-13  0.7603E-17  0.1000E-09  0.0000E+00  0.8108E+16
   -0.068746    0.12368  0.1042E-10  0.1219E-13  0.7603E-17  0.1000E-09  0.0000E+00  0.7832E+16
   -0.137492    0.24730  0.1038E-10  0.1219E-13  0.7603E-17  0.1000E-09  0.0000E+00  0.7559E+16
   -0.206239    0.37088  0.9263E-11  0.1219E-13  0.7603E-17  0.1000E-09  0.0000E+00  0.7289E+16
   -0.274987    0.49444  0.8140E-11  0.1219E-13  0.7603E-17  0.1000E-09  0.0000E+00  0.7020E+16
   -0.343735    0.61799  0.7379E-11  0.1219E-13  0.7603E-17  0.1000E-09  0.0000E+00  0.6753E+16
   -0.412484    0.74153  0.6960E-11  0.1219E-13  0.7603E-17  0.1000E-09  0.0000E+00  0.6485E+16
   -0.481233    0.86504  0.6761E-11  0.1219E-13  0.7603E-17  0.1000E-09  0.0000E+00  0.6218E+16
   -0.549982    0.98850  0.6676E-11  0.1219E-13  0.7603E-17  0.1000E-09  0.0000E+00  0.5951E+16
   -0.618732    1.11187  0.6643E-11  0.1219E-13  0.7603E-17  0.1000E-09  0.0000E+00  0.5683E+16
   -0.687483    1.23511  0.6631E-11  0.1219E-13  0.7603E-17  0.1000E-09  0.0000E+00  0.5418E+16
   -0.756234    1.35823  0.6626E-11  0.1219E-13  0.7603E-17  0.1000E-09  0.0000E+00  0.5154E+16
   -0.824985    1.48122  0.6623E-11  0.1219E-13  0.7603E-17  0.1000E-09  0.0000E+00  0.4890E+16
   -0.893736    1.60403  0.6619E-11  0.1219E-13  0.7603E-17  0.1000E-09  0.0000E+00  0.4626E+16
   -0.962487    1.72660  0.6613E-11  0.1219E-13  0.7603E-17  0.1000E-09  0.0000E+00  0.4362E+16
   -1.031239    1.84885  0.6604E-11  0.1219E-13  0.7603E-17  0.1000E-09  0.0000E+00  0.4099E+16
   -1.099991    1.97074  0.6592E-11  0.1219E-13  0.7603E-17  0.1000E-09  0.0000E+00  0.3838E+16
   -1.168743    2.09221  0.6576E-11  0.1219E-13  0.7603E-17  0.1000E-09  0.0000E+00  0.3578E+16
   -1.237495    2.21318  0.6556E-11  0.1219E-13  0.7603E-17  0.1000E-09  0.0000E+00  0.3321E+16
   -1.306248    2.33360  0.6535E-11  0.1219E-13  0.7603E-17  0.1000E-09  0.0000E+00  0.3066E+16
   -1.375000    2.45340  0.6514E-11  0.1219E-13  0.7603E-17  0.1000E-09  0.0000E+00  0.2815E+16
   -1.443752    2.57255  0.6494E-11  0.1219E-13  0.7603E-17  0.1000E-09  0.0000E+00  0.2568E+16
   -1.512505    2.69098  0.6478E-11  0.5761E-13  0.1098E-16  0.1000E-09  0.0000E+00  0.2324E+16
   -1.581257    2.80863  0.6465E-11  0.1725E-12  0.2676E-16  0.1000E-09  0.0000E+00  0.2085E+16
   -1.650009    2.92543  0.6455E-11  0.4568E-12  0.6705E-16  0.1000E-09  0.0000E+00  0.1850E+16
   -1.718761    3.04130  0.6447E-11  0.1165E-11  0.1654E-15  0.1000E-09  0.0000E+00  0.1620E+16
   -1.787513    3.15617  0.6441E-11  0.2996E-11  0.4128E-15  0.1000E-09  0.0000E+00  0.1393E+16
   -1.856264    3.26973  0.6436E-11  0.7730E-11  0.1034E-14  0.1000E-09  0.0000E+00  0.1171E+16
   -1.925015    3.38176  0.6432E-11  0.1984E-10  0.2580E-14  0.1000E-09  0.0000E+00  0.9570E+15
   -1.993766    3.49199  0.6428E-11  0.5062E-10  0.6402E-14  0.1000E-09  0.0000E+00  0.7519E+15
   -2.062517    3.60027  0.6425E-11  0.1255E-09  0.1544E-13  0.1398E-09  0.0000E+00  0.5615E+15
   -2.131268    3.70753  0.6424E-11  0.3070E-09  0.3676E-13  0.4962E-09  0.0000E+00  0.3764E+15
   -2.200018    3.81360  0.6423E-11  0.7435E-09  0.8668E-13  0.2235E-08  0.0000E+00  0.1969E+15
   -2.268767    3.91742  0.6423E-11  0.1773E-08  0.2017E-12  0.2911E-07  0.0000E+00  0.3473E+14
   -2.337516    4.00405  0.6423E-11  0.2640E-08  0.3031E-12  0.1033E-04  0.0000E+00 -0.4052E+12
   -2.406265    4.00545  0.6423E-11  0.2972E-08  0.3582E-12  0.1035E-04  0.0000E+00 -0.4350E+12
   -2.475013    4.00685  0.6423E-11  0.3180E-08  0.4227E-12  0.9389E-05  0.0000E+00 -0.5148E+12
   -2.543761    4.00839  0.6423E-11  0.3251E-08  0.5191E-12  0.7321E-05  0.0000E+00 -0.7130E+12
   -2.612508    4.01037  0.6423E-11  0.3103E-08  0.7303E-12  0.4067E-05  0.0000E+00 -0.1423E+13
   -2.681254    4.01388  0.6423E-11  0.2253E-08  0.1774E-11  0.6210E-06  0.0000E+00 -0.1172E+14
   -2.750000    4.03381  0.6423E-11  0.0000E+00  0.0000E+00  0.0000E+00  0.0000E+00  0.0000E+00
