 1 - depth, m
 2 - temperature, C
 3 - salinity, kg/kg
 4 - turbulent kinetic energy, m**2/s**2
 5 - dissipation rate, m**2/s**3
 6 - kinematic heat conductance, m**2/s
 7 - modulus of horizontal velocity, m/s
 8 - Richardson number, n/d
   -0.000000    4.13192  0.5040E-11  0.1827E-03  0.2789E-02  0.1119E-03  0.1523E+00 -0.1048E-02
   -0.068746    4.02737  0.5040E-11  0.1086E-03  0.1553E-02  0.2026E-03  0.7701E-01  0.3057E-01
   -0.137492    4.01296  0.5041E-11  0.8332E-04  0.9143E-03  0.2138E-03  0.6735E-01  0.3380E-04
   -0.206240    4.00320  0.5041E-11  0.6741E-04  0.4700E-03  0.2303E-03  0.6203E-01 -0.6492E-04
   -0.274987    3.99553  0.5041E-11  0.5601E-04  0.1995E-03  0.2556E-03  0.5804E-01 -0.1367E-03
   -0.343736    3.98909  0.5041E-11  0.4775E-04  0.6453E-04  0.2842E-03  0.5478E-01 -0.2034E-03
   -0.412484    3.98354  0.5041E-11  0.4190E-04  0.1463E-04  0.3131E-03  0.5204E-01 -0.2736E-03
   -0.481234    3.97866  0.5041E-11  0.3779E-04  0.2452E-05  0.3403E-03  0.4969E-01 -0.3607E-03
   -0.549983    3.97439  0.5041E-11  0.3463E-04  0.5425E-06  0.3664E-03  0.4762E-01 -0.4168E-03
   -0.618734    3.97065  0.5041E-11  0.3199E-04  0.2870E-06  0.3891E-03  0.4586E-01 -0.4609E-03
   -0.687484    3.96733  0.5041E-11  0.2964E-04  0.2183E-06  0.4084E-03  0.4432E-01 -0.5298E-03
   -0.756235    3.96435  0.5041E-11  0.2747E-04  0.1770E-06  0.4245E-03  0.4297E-01 -0.6040E-03
   -0.824986    3.96168  0.5041E-11  0.2543E-04  0.1461E-06  0.4376E-03  0.4176E-01 -0.6862E-03
   -0.893738    3.95928  0.5041E-11  0.2349E-04  0.1215E-06  0.4479E-03  0.4068E-01 -0.7756E-03
   -0.962489    3.95711  0.5041E-11  0.2166E-04  0.1016E-06  0.4560E-03  0.3971E-01 -0.8731E-03
   -1.031241    3.95516  0.5041E-11  0.1992E-04  0.8516E-07  0.4629E-03  0.3884E-01 -0.9800E-03
   -1.099993    3.95342  0.5041E-11  0.1829E-04  0.7152E-07  0.4695E-03  0.3806E-01 -0.1096E-02
   -1.168746    3.95189  0.5041E-11  0.1680E-04  0.6019E-07  0.4770E-03  0.3737E-01 -0.1219E-02
   -1.237498    3.95058  0.5041E-11  0.1545E-04  0.5089E-07  0.4865E-03  0.3676E-01 -0.1337E-02
   -1.306250    3.94947  0.5041E-11  0.1428E-04  0.4339E-07  0.4987E-03  0.3624E-01 -0.1416E-02
   -1.375003    3.94856  0.5041E-11  0.1330E-04  0.3752E-07  0.5135E-03  0.3580E-01 -0.1383E-02
   -1.443755    3.94787  0.5041E-11  0.1252E-04  0.3312E-07  0.5300E-03  0.3544E-01 -0.1022E-02
   -1.512508    3.94736  0.5041E-11  0.1196E-04  0.3003E-07  0.5461E-03  0.3516E-01  0.3183E-03
   -1.581260    3.94705  0.5041E-11  0.1160E-04  0.2813E-07  0.5597E-03  0.3494E-01  0.5056E-02
   -1.650012    3.94691  0.5041E-11  0.1129E-04  0.2652E-07  0.1000E-09  0.3478E-01  0.4585E-03
   -1.718764    4.02259  0.5108E-11  0.9700E-05  0.2060E-07  0.5398E-03  0.7721E-03  0.1716E-01
   -1.787516    4.02277  0.5108E-11  0.8999E-05  0.1813E-07  0.5282E-03  0.6706E-03  0.2191E-01
   -1.856268    4.02301  0.5108E-11  0.8365E-05  0.1603E-07  0.5167E-03  0.5802E-03  0.2901E-01
   -1.925019    4.02332  0.5108E-11  0.7785E-05  0.1423E-07  0.5047E-03  0.5008E-03  0.4089E-01
   -1.993770    4.02370  0.5108E-11  0.7247E-05  0.1266E-07  0.4918E-03  0.4324E-03  0.5634E-01
   -2.062521    4.02418  0.5108E-11  0.6767E-05  0.1136E-07  0.4779E-03  0.3725E-03  0.6680E-01
   -2.131272    4.02477  0.5108E-11  0.6341E-05  0.1030E-07  0.4628E-03  0.3177E-03  0.8032E-01
   -2.200022    4.02550  0.5108E-11  0.5964E-05  0.9464E-08  0.4458E-03  0.2673E-03  0.9828E-01
   -2.268772    4.02637  0.5108E-11  0.5628E-05  0.8828E-08  0.4257E-03  0.2207E-03  0.1458E+00
   -2.337521    4.02739  0.5108E-11  0.5315E-05  0.8379E-08  0.4002E-03  0.1792E-03  0.2436E+00
   -2.406270    4.02859  0.5108E-11  0.5016E-05  0.8145E-08  0.3667E-03  0.1427E-03  0.4401E+00
   -2.475018    4.03001  0.5108E-11  0.4716E-05  0.8215E-08  0.3215E-03  0.1107E-03  0.8568E+00
   -2.543766    4.03176  0.5108E-11  0.4392E-05  0.8845E-08  0.2590E-03  0.8278E-04  0.1745E+01
   -2.612513    4.03411  0.5108E-11  0.3974E-05  0.1104E-07  0.1700E-03  0.5782E-04  0.4248E+01
   -2.681259    4.03797  0.5108E-11  0.2324E-05  0.3365E-07  0.1916E-04  0.3531E-04 -0.2239E+05
   -2.750005    4.07528  0.5108E-11  0.0000E+00  0.0000E+00  0.0000E+00  0.3530E-04  0.0000E+00
