 1 - depth, m
 2 - temperature, C
 3 - salinity, kg/kg
 4 - turbulent kinetic energy, m**2/s**2
 5 - dissipation rate, m**2/s**3
 6 - kinematic heat conductance, m**2/s
 7 - modulus of horizontal velocity, m/s
 8 - Richardson number, n/d
   -0.000000   11.95082  0.4334E-10  0.1760E-04  0.1002E-05  0.3272E-04  0.3546E-01 -0.3768E-02
   -0.068746   11.95508  0.4334E-10  0.1580E-04  0.3259E-06  0.7904E-04  0.2429E-01 -0.7145E-02
   -0.137492   11.95625  0.4334E-10  0.1485E-04  0.1818E-06  0.1213E-03  0.2024E-01 -0.8165E-02
   -0.206239   11.95673  0.4334E-10  0.1412E-04  0.1228E-06  0.1601E-03  0.1774E-01 -0.7317E-02
   -0.274987   11.95691  0.4334E-10  0.1349E-04  0.9110E-07  0.1952E-03  0.1593E-01 -0.4989E-02
   -0.343735   11.95694  0.4334E-10  0.1293E-04  0.7147E-07  0.2268E-03  0.1451E-01 -0.1581E-02
   -0.412484   11.95688  0.4334E-10  0.1241E-04  0.5816E-07  0.2554E-03  0.1335E-01  0.2534E-02
   -0.481233   11.95677  0.4334E-10  0.1195E-04  0.4859E-07  0.2816E-03  0.1237E-01  0.7026E-02
   -0.549983   11.95662  0.4334E-10  0.1151E-04  0.4140E-07  0.3059E-03  0.1151E-01  0.1160E-01
   -0.618733   11.95645  0.4334E-10  0.1111E-04  0.3584E-07  0.3290E-03  0.1075E-01  0.1602E-01
   -0.687484   11.95626  0.4334E-10  0.1074E-04  0.3142E-07  0.3516E-03  0.1007E-01  0.2005E-01
   -0.756234   11.95605  0.4334E-10  0.1039E-04  0.2787E-07  0.3741E-03  0.9454E-02  0.2354E-01
   -0.824985   11.95582  0.4334E-10  0.1007E-04  0.2496E-07  0.3971E-03  0.8888E-02  0.2662E-01
   -0.893737   11.95557  0.4334E-10  0.9769E-05  0.2257E-07  0.4215E-03  0.8364E-02  0.3192E-01
   -0.962488   11.95529  0.4334E-10  0.9488E-05  0.2059E-07  0.4543E-03  0.7874E-02  0.1078E+00
   -1.031240   11.95495  0.4334E-10  0.9226E-05  0.1894E-07  0.5296E-03  0.7411E-02  0.1516E+02
   -1.099992   11.95453  0.4334E-10  0.8981E-05  0.1757E-07  0.5781E-03  0.6971E-02  0.3210E+01
   -1.168745   11.95396  0.4334E-10  0.8749E-05  0.1644E-07  0.6350E-03  0.6540E-02  0.1653E+02
   -1.237497   11.95311  0.4334E-10  0.8529E-05  0.1551E-07  0.7715E-03  0.6108E-02  0.1844E+02
   -1.306249   11.95164  0.4334E-10  0.8312E-05  0.1476E-07  0.8807E-03  0.5654E-02  0.1566E+02
   -1.375001   11.94858  0.4335E-10  0.8091E-05  0.1413E-07  0.9932E-03  0.5130E-02  0.1251E+02
   -1.443754   11.94111  0.4335E-10  0.7890E-05  0.1344E-07  0.1226E-02  0.4459E-02  0.2600E+02
   -1.512506   11.93019  0.4336E-10  0.7753E-05  0.1273E-07  0.1179E-02  0.3684E-02  0.5146E+02
   -1.581258   11.92196  0.4337E-10  0.7644E-05  0.1205E-07  0.1171E-02  0.2960E-02  0.2407E+04
   -1.650011   11.91800  0.4338E-10  0.7540E-05  0.1143E-07  0.1154E-02  0.2402E-02  0.1604E+05
   -1.718763   11.91695  0.4338E-10  0.7408E-05  0.1091E-07  0.1141E-02  0.1992E-02  0.3695E+04
   -1.787514   11.91690  0.4338E-10  0.7233E-05  0.1043E-07  0.1171E-02  0.1656E-02  0.4138E+03
   -1.856266   11.91697  0.4338E-10  0.7051E-05  0.1007E-07  0.1191E-02  0.1410E-02  0.7939E+02
   -1.925017   11.91710  0.4338E-10  0.6861E-05  0.9790E-08  0.1214E-02  0.1210E-02  0.2558E+05
   -1.993769   11.91725  0.4338E-10  0.6665E-05  0.9604E-08  0.1237E-02  0.1045E-02  0.2605E+03
   -2.062519   11.91742  0.4338E-10  0.6473E-05  0.9525E-08  0.1237E-02  0.9050E-03  0.2593E+03
   -2.131270   11.91762  0.4338E-10  0.6287E-05  0.9564E-08  0.1215E-02  0.7789E-03  0.1959E+03
   -2.200020   11.91784  0.4338E-10  0.6107E-05  0.9734E-08  0.1165E-02  0.6653E-03  0.2625E+03
   -2.268770   11.91810  0.4338E-10  0.5936E-05  0.1006E-07  0.1111E-02  0.5624E-03  0.4383E+03
   -2.337519   11.91840  0.4338E-10  0.5771E-05  0.1057E-07  0.1016E-02  0.4738E-03  0.8497E+03
   -2.406268   11.91874  0.4338E-10  0.5615E-05  0.1133E-07  0.9068E-03  0.4003E-03  0.2018E+04
   -2.475016   11.91915  0.4338E-10  0.5460E-05  0.1249E-07  0.7871E-03  0.3399E-03  0.6534E+04
   -2.543763   11.91964  0.4338E-10  0.5282E-05  0.1450E-07  0.6945E-03  0.2892E-03  0.8132E+05
   -2.612511   11.92025  0.4338E-10  0.4974E-05  0.2004E-07  0.4407E-03  0.2447E-03 -0.1808E+05
   -2.681257   11.92149  0.4338E-10  0.3174E-05  0.7496E-07  0.3452E-04  0.1810E-03 -0.1770E+07
   -2.750003   11.93475  0.4338E-10  0.0000E+00  0.0000E+00  0.0000E+00  0.1874E-03  0.0000E+00
