 1 - depth, m
 2 - temperature, C
 3 - salinity, kg/kg
 4 - turbulent kinetic energy, m**2/s**2
 5 - dissipation rate, m**2/s**3
 6 - kinematic heat conductance, m**2/s
 7 - modulus of horizontal velocity, m/s
 8 - Richardson number, n/d
   -0.000000    2.39856  0.3733E-11  0.2032E-04  0.1286E-05  0.3361E-04  0.4693E-01  0.6004E-02
   -0.068746    2.43785  0.3733E-11  0.1745E-04  0.4099E-06  0.7347E-04  0.3464E-01  0.1536E-01
   -0.137492    2.45514  0.3733E-11  0.1587E-04  0.2246E-06  0.1044E-03  0.3010E-01  0.2539E-01
   -0.206239    2.46756  0.3733E-11  0.1460E-04  0.1494E-06  0.1280E-03  0.2718E-01  0.3689E-01
   -0.274987    2.47788  0.3733E-11  0.1347E-04  0.1091E-06  0.1448E-03  0.2502E-01  0.5017E-01
   -0.343735    2.48721  0.3733E-11  0.1243E-04  0.8415E-07  0.1554E-03  0.2328E-01  0.6560E-01
   -0.412484    2.49613  0.3733E-11  0.1146E-04  0.6720E-07  0.1605E-03  0.2181E-01  0.8369E-01
   -0.481233    2.50505  0.3733E-11  0.1054E-04  0.5498E-07  0.1607E-03  0.2052E-01  0.1051E+00
   -0.549983    2.51432  0.3733E-11  0.9661E-05  0.4578E-07  0.1567E-03  0.1936E-01  0.1306E+00
   -0.618733    2.52433  0.3733E-11  0.8825E-05  0.3865E-07  0.1492E-03  0.1829E-01  0.1613E+00
   -0.687483    2.53562  0.3733E-11  0.8026E-05  0.3299E-07  0.1389E-03  0.1728E-01  0.1982E+00
   -0.756234    2.54904  0.3733E-11  0.7257E-05  0.2844E-07  0.1267E-03  0.1630E-01  0.2421E+00
   -0.824985    2.56619  0.3733E-11  0.6515E-05  0.2474E-07  0.1136E-03  0.1532E-01  0.2914E+00
   -0.893737    2.59064  0.3733E-11  0.5793E-05  0.2172E-07  0.1008E-03  0.1429E-01  0.3381E+00
   -0.962488    2.63209  0.3733E-11  0.5081E-05  0.1918E-07  0.8925E-04  0.1312E-01  0.3673E+00
   -1.031240    2.72556  0.3734E-11  0.4411E-05  0.1656E-07  0.7941E-04  0.1163E-01  0.3959E+00
   -1.099992    2.99089  0.3734E-11  0.3916E-05  0.1412E-07  0.7125E-04  0.9687E-02  0.4187E+00
   -1.168744    3.21615  0.3735E-11  0.3499E-05  0.1206E-07  0.6985E-04  0.8109E-02  0.3487E+00
   -1.237497    3.33038  0.3735E-11  0.3128E-05  0.1042E-07  0.8859E-04  0.6988E-02  0.2048E+02
   -1.306249    3.40750  0.3735E-11  0.2809E-05  0.9069E-08  0.9104E-04  0.6064E-02  0.1409E+02
   -1.375001    3.47188  0.3735E-11  0.2540E-05  0.7979E-08  0.9667E-04  0.5257E-02  0.1442E+03
   -1.443754    3.52867  0.3735E-11  0.2323E-05  0.7116E-08  0.1058E-03  0.4534E-02  0.8691E+01
   -1.512506    3.58016  0.3736E-11  0.2162E-05  0.6472E-08  0.1180E-03  0.3882E-02  0.1220E+02
   -1.581258    3.62627  0.3736E-11  0.2061E-05  0.6065E-08  0.1307E-03  0.3301E-02  0.3401E+03
   -1.650010    3.66524  0.3736E-11  0.2040E-05  0.6041E-08  0.1264E-03  0.2795E-02  0.2496E+04
   -1.718762    3.69846  0.3736E-11  0.1895E-05  0.5712E-08  0.1396E-03  0.1619E-02  0.5185E+03
   -1.787514    3.72595  0.3736E-11  0.1452E-05  0.3874E-08  0.1471E-03  0.6087E-03  0.1888E+05
   -1.856266    3.75710  0.3736E-11  0.1157E-05  0.2776E-08  0.1453E-03  0.3808E-03  0.1989E+05
   -1.925017    3.80051  0.3736E-11  0.9195E-06  0.1982E-08  0.1443E-03  0.2405E-03  0.3450E+05
   -1.993768    3.83421  0.3736E-11  0.7190E-06  0.1385E-08  0.1441E-03  0.1577E-03  0.9505E+05
   -2.062519    3.86382  0.3736E-11  0.5471E-06  0.9269E-09  0.1443E-03  0.1040E-03  0.1100E+06
   -2.131269    3.89821  0.3736E-11  0.3961E-06  0.5621E-09  0.1455E-03  0.6164E-04  0.1734E+06
   -2.200019    3.95033  0.3736E-11  0.2722E-06  0.2822E-09  0.1477E-03  0.2901E-04  0.2351E+06
   -2.268769    4.01175  0.3736E-11  0.2145E-06  0.1557E-09  0.1492E-03  0.7926E-05  0.3929E+06
   -2.337518    4.03743  0.3736E-11  0.1940E-06  0.1121E-09  0.1465E-03  0.3364E-05  0.2851E+06
   -2.406267    4.05747  0.3736E-11  0.1866E-06  0.9819E-10  0.1410E-03  0.1724E-05 -0.8294E+05
   -2.475015    4.07123  0.3736E-11  0.1833E-06  0.9760E-10  0.1313E-03  0.9666E-06 -0.1619E+08
   -2.543763    4.07827  0.3736E-11  0.1790E-06  0.1069E-09  0.9942E-04  0.5474E-06 -0.5853E+09
   -2.612510    4.08524  0.3736E-11  0.1696E-06  0.1389E-09  0.5279E-04  0.2531E-06 -0.3920E+11
   -2.681257    4.09578  0.3736E-11  0.1151E-06  0.4300E-09  0.5551E-05  0.7717E-07 -0.2255E+14
   -2.750002    4.17449  0.3736E-11  0.0000E+00  0.0000E+00  0.0000E+00  0.7738E-07  0.0000E+00
