 1 - depth, m
 2 - temperature, C
 3 - salinity, kg/kg
 4 - turbulent kinetic energy, m**2/s**2
 5 - dissipation rate, m**2/s**3
 6 - kinematic heat conductance, m**2/s
 7 - modulus of horizontal velocity, m/s
 8 - Richardson number, n/d
   -0.000000   -0.00000  0.3591E-10  0.1219E-13  0.7603E-17  0.1000E-09  0.0000E+00  0.7226E+16
   -0.068746    0.11002  0.3946E-10  0.1219E-13  0.7603E-17  0.1000E-09  0.0000E+00  0.7012E+16
   -0.137492    0.22006  0.3950E-10  0.1219E-13  0.7603E-17  0.1000E-09  0.0000E+00  0.6797E+16
   -0.206239    0.33010  0.3637E-10  0.1219E-13  0.7603E-17  0.1000E-09  0.0000E+00  0.6580E+16
   -0.274987    0.44008  0.3254E-10  0.1219E-13  0.7603E-17  0.1000E-09  0.0000E+00  0.6362E+16
   -0.343735    0.54997  0.2957E-10  0.1219E-13  0.7603E-17  0.1000E-09  0.0000E+00  0.6143E+16
   -0.412484    0.65973  0.2775E-10  0.1219E-13  0.7603E-17  0.1000E-09  0.0000E+00  0.5923E+16
   -0.481233    0.76931  0.2680E-10  0.1219E-13  0.7603E-17  0.1000E-09  0.0000E+00  0.5704E+16
   -0.549983    0.87869  0.2636E-10  0.1219E-13  0.7603E-17  0.1000E-09  0.0000E+00  0.5484E+16
   -0.618733    0.98780  0.2618E-10  0.1219E-13  0.7603E-17  0.1000E-09  0.0000E+00  0.5264E+16
   -0.687483    1.09663  0.2611E-10  0.1219E-13  0.7603E-17  0.1000E-09  0.0000E+00  0.5048E+16
   -0.756234    1.20518  0.2608E-10  0.1219E-13  0.7603E-17  0.1000E-09  0.0000E+00  0.4834E+16
   -0.824985    1.31345  0.2606E-10  0.1219E-13  0.7603E-17  0.1000E-09  0.0000E+00  0.4620E+16
   -0.893736    1.42140  0.2605E-10  0.1219E-13  0.7603E-17  0.1000E-09  0.0000E+00  0.4407E+16
   -0.962488    1.52899  0.2603E-10  0.1219E-13  0.7603E-17  0.1000E-09  0.0000E+00  0.4195E+16
   -1.031239    1.63617  0.2600E-10  0.1219E-13  0.7603E-17  0.1000E-09  0.0000E+00  0.3985E+16
   -1.099991    1.74290  0.2595E-10  0.1219E-13  0.7603E-17  0.1000E-09  0.0000E+00  0.3776E+16
   -1.168744    1.84914  0.2590E-10  0.1219E-13  0.7603E-17  0.1000E-09  0.0000E+00  0.3568E+16
   -1.237496    1.95483  0.2583E-10  0.1219E-13  0.7603E-17  0.1000E-09  0.0000E+00  0.3363E+16
   -1.306248    2.05992  0.2575E-10  0.1219E-13  0.7603E-17  0.1000E-09  0.0000E+00  0.3160E+16
   -1.375000    2.16438  0.2567E-10  0.1219E-13  0.7603E-17  0.1000E-09  0.0000E+00  0.2961E+16
   -1.443753    2.26819  0.2560E-10  0.1219E-13  0.7603E-17  0.1000E-09  0.0000E+00  0.2765E+16
   -1.512505    2.37131  0.2553E-10  0.1219E-13  0.7603E-17  0.1000E-09  0.0000E+00  0.2572E+16
   -1.581257    2.47370  0.2548E-10  0.1219E-13  0.7603E-17  0.1000E-09  0.0000E+00  0.2381E+16
   -1.650009    2.57530  0.2544E-10  0.1219E-13  0.7603E-17  0.1000E-09  0.0000E+00  0.2195E+16
   -1.718761    2.67606  0.2540E-10  0.1219E-13  0.7603E-17  0.1000E-09  0.0000E+00  0.2012E+16
   -1.787513    2.77596  0.2538E-10  0.1219E-13  0.7603E-17  0.1000E-09  0.0000E+00  0.1840E+16
   -1.856264    2.87531  0.2536E-10  0.1219E-13  0.7603E-17  0.1000E-09  0.0000E+00  0.1670E+16
   -1.925016    2.97408  0.2534E-10  0.1219E-13  0.7603E-17  0.1000E-09  0.0000E+00  0.1503E+16
   -1.993767    3.07219  0.2532E-10  0.1219E-13  0.7603E-17  0.1000E-09  0.0000E+00  0.1338E+16
   -2.062518    3.16950  0.2530E-10  0.1219E-13  0.7603E-17  0.1000E-09  0.0000E+00  0.1178E+16
   -2.131268    3.26617  0.2528E-10  0.1219E-13  0.7603E-17  0.1000E-09  0.0000E+00  0.1022E+16
   -2.200018    3.36221  0.2527E-10  0.1219E-13  0.7603E-17  0.1000E-09  0.0000E+00  0.8689E+15
   -2.268768    3.45756  0.2526E-10  0.1219E-13  0.7603E-17  0.1000E-09  0.0000E+00  0.7205E+15
   -2.337517    3.55239  0.2525E-10  0.3301E-13  0.2612E-16  0.1000E-09  0.0000E+00  0.5753E+15
   -2.406266    3.64678  0.2525E-10  0.2352E-12  0.1830E-15  0.1000E-09  0.0000E+00  0.4328E+15
   -2.475014    3.74078  0.2524E-10  0.1749E-11  0.1330E-14  0.1000E-09  0.0000E+00  0.2927E+15
   -2.543761    3.83452  0.2524E-10  0.1304E-10  0.9779E-14  0.2774E-09  0.0000E+00  0.1542E+15
   -2.612508    3.92808  0.2524E-10  0.9961E-10  0.7564E-13  0.8718E-08  0.0000E+00  0.1925E+14
   -2.681255    4.01689  0.2524E-10  0.7253E-09  0.6833E-12  0.2743E-06  0.0000E+00 -0.2471E+14
   -2.750001    4.05027  0.2524E-10  0.0000E+00  0.0000E+00  0.0000E+00  0.0000E+00  0.0000E+00
