 1 - depth, m
 2 - temperature, C
 3 - salinity, kg/kg
 4 - turbulent kinetic energy, m**2/s**2
 5 - dissipation rate, m**2/s**3
 6 - kinematic heat conductance, m**2/s
 7 - modulus of horizontal velocity, m/s
 8 - Richardson number, n/d
   -0.000000   -0.00000  0.1873E-10  0.1219E-13  0.7603E-17  0.1000E-09  0.0000E+00  0.8113E+16
   -0.068746    0.12376  0.1200E-10  0.1219E-13  0.7603E-17  0.1000E-09  0.0000E+00  0.7793E+16
   -0.137492    0.24676  0.8601E-11  0.1219E-13  0.7603E-17  0.1000E-09  0.0000E+00  0.7490E+16
   -0.206239    0.36916  0.7254E-11  0.1219E-13  0.7603E-17  0.1000E-09  0.0000E+00  0.7200E+16
   -0.274987    0.49113  0.6803E-11  0.1219E-13  0.7603E-17  0.1000E-09  0.0000E+00  0.6924E+16
   -0.343735    0.61284  0.6671E-11  0.1219E-13  0.7603E-17  0.1000E-09  0.0000E+00  0.6660E+16
   -0.412483    0.73444  0.6636E-11  0.1219E-13  0.7603E-17  0.1000E-09  0.0000E+00  0.6405E+16
   -0.481232    0.85610  0.6628E-11  0.1219E-13  0.7603E-17  0.1000E-09  0.0000E+00  0.6159E+16
   -0.549982    0.97796  0.6626E-11  0.1219E-13  0.7603E-17  0.1000E-09  0.0000E+00  0.5919E+16
   -0.618732    1.10019  0.6626E-11  0.1219E-13  0.7603E-17  0.1000E-09  0.0000E+00  0.5684E+16
   -0.687482    1.22289  0.6626E-11  0.1219E-13  0.7603E-17  0.1000E-09  0.0000E+00  0.5460E+16
   -0.756233    1.34640  0.6625E-11  0.1219E-13  0.7603E-17  0.1000E-09  0.0000E+00  0.5242E+16
   -0.824984    1.47093  0.6625E-11  0.1219E-13  0.7603E-17  0.1000E-09  0.0000E+00  0.5022E+16
   -0.893735    1.59658  0.6624E-11  0.1219E-13  0.7603E-17  0.1000E-09  0.0000E+00  0.4798E+16
   -0.962487    1.72341  0.6621E-11  0.1219E-13  0.7603E-17  0.1000E-09  0.0000E+00  0.4570E+16
   -1.031239    1.85147  0.6615E-11  0.1219E-13  0.7603E-17  0.1000E-09  0.0000E+00  0.4335E+16
   -1.099991    1.98078  0.6603E-11  0.3901E-13  0.7603E-17  0.1000E-09  0.0000E+00  0.4094E+16
   -1.168743    2.11135  0.6586E-11  0.1140E-12  0.1573E-16  0.1000E-09  0.0000E+00  0.3845E+16
   -1.237495    2.24317  0.6561E-11  0.2887E-12  0.3667E-16  0.1000E-09  0.0000E+00  0.3588E+16
   -1.306247    2.37617  0.6533E-11  0.6955E-12  0.8513E-16  0.1000E-09  0.0000E+00  0.3323E+16
   -1.374999    2.51031  0.6505E-11  0.1641E-11  0.1951E-15  0.1000E-09  0.0000E+00  0.3053E+16
   -1.443751    2.64560  0.6482E-11  0.3821E-11  0.4421E-15  0.1000E-09  0.0000E+00  0.2774E+16
   -1.512504    2.78198  0.6466E-11  0.8799E-11  0.9912E-15  0.1000E-09  0.0000E+00  0.2487E+16
   -1.581256    2.91929  0.6455E-11  0.2005E-10  0.2199E-14  0.1000E-09  0.0000E+00  0.2193E+16
   -1.650008    3.05738  0.6448E-11  0.4521E-10  0.4832E-14  0.1000E-09  0.0000E+00  0.1893E+16
   -1.718760    3.19608  0.6444E-11  0.1010E-09  0.1051E-13  0.1000E-09  0.0000E+00  0.1589E+16
   -1.787511    3.33525  0.6440E-11  0.2286E-09  0.2319E-13  0.1000E-09  0.0000E+00  0.1296E+16
   -1.856263    3.47645  0.6435E-11  0.5216E-09  0.5159E-13  0.2652E-09  0.0000E+00  0.9900E+15
   -1.925014    3.61965  0.6429E-11  0.1188E-08  0.1146E-12  0.8684E-09  0.0000E+00  0.6712E+15
   -1.993765    3.76462  0.6424E-11  0.2692E-08  0.2534E-12  0.3806E-08  0.0000E+00  0.3385E+15
   -2.062516    3.90864  0.6422E-11  0.5763E-08  0.5317E-12  0.6284E-07  0.0000E+00  0.4270E+14
   -2.131266    4.01050  0.6422E-11  0.6678E-08  0.6203E-12  0.3053E-04  0.0000E+00 -0.2595E+12
   -2.200016    4.01117  0.6422E-11  0.7047E-08  0.6660E-12  0.3070E-04  0.0000E+00 -0.2653E+12
   -2.268766    4.01185  0.6422E-11  0.7325E-08  0.7147E-12  0.3000E-04  0.0000E+00 -0.2794E+12
   -2.337515    4.01253  0.6422E-11  0.7523E-08  0.7724E-12  0.2831E-04  0.0000E+00 -0.3049E+12
   -2.406264    4.01327  0.6422E-11  0.7637E-08  0.8479E-12  0.2550E-04  0.0000E+00 -0.3497E+12
   -2.475012    4.01408  0.6422E-11  0.7650E-08  0.9593E-12  0.2135E-04  0.0000E+00 -0.4338E+12
   -2.543759    4.01506  0.6422E-11  0.7511E-08  0.1155E-11  0.1566E-04  0.0000E+00 -0.6214E+12
   -2.612506    4.01641  0.6422E-11  0.7052E-08  0.1627E-11  0.8377E-05  0.0000E+00 -0.1259E+13
   -2.681253    4.01897  0.6422E-11  0.5066E-08  0.4440E-11  0.1120E-05  0.0000E+00 -0.1240E+14
   -2.749998    4.03779  0.6422E-11  0.0000E+00  0.0000E+00  0.0000E+00  0.0000E+00  0.0000E+00
