 1 - depth, m
 2 - temperature, C
 3 - salinity, kg/kg
 4 - turbulent kinetic energy, m**2/s**2
 5 - dissipation rate, m**2/s**3
 6 - kinematic heat conductance, m**2/s
 7 - modulus of horizontal velocity, m/s
 8 - Richardson number, n/d
   -0.000000   15.43910  0.5566E-10  0.3966E-05  0.8995E-07  0.2085E-04  0.8454E-02 -0.1504E+00
   -0.068746   15.46056  0.5566E-10  0.4471E-05  0.3118E-07  0.1162E-03  0.4312E-02 -0.5638E+00
   -0.137492   15.46420  0.5566E-10  0.4711E-05  0.1969E-07  0.2772E-03  0.3340E-02  0.6200E+02
   -0.206239   15.46564  0.5566E-10  0.4890E-05  0.1522E-07  0.4650E-03  0.2887E-02  0.9509E+02
   -0.274987   15.46637  0.5566E-10  0.5052E-05  0.1304E-07  0.6483E-03  0.2630E-02  0.9707E+02
   -0.343735   15.46684  0.5566E-10  0.5219E-05  0.1171E-07  0.7678E-03  0.2462E-02  0.1464E+01
   -0.412484   15.46721  0.5566E-10  0.5402E-05  0.1073E-07  0.8844E-03  0.2315E-02  0.1533E+01
   -0.481233   15.46753  0.5566E-10  0.5599E-05  0.9998E-08  0.1010E-02  0.2178E-02  0.1611E+01
   -0.549983   15.46780  0.5566E-10  0.5806E-05  0.9446E-08  0.1139E-02  0.2050E-02  0.1686E+01
   -0.618733   15.46804  0.5566E-10  0.6021E-05  0.9034E-08  0.1262E-02  0.1930E-02  0.1755E+01
   -0.687483   15.46827  0.5566E-10  0.6240E-05  0.8736E-08  0.1373E-02  0.1817E-02  0.1816E+01
   -0.756234   15.46848  0.5566E-10  0.6463E-05  0.8532E-08  0.1471E-02  0.1708E-02  0.1872E+01
   -0.824985   15.46868  0.5566E-10  0.6687E-05  0.8406E-08  0.1560E-02  0.1604E-02  0.1921E+01
   -0.893737   15.46888  0.5566E-10  0.6910E-05  0.8347E-08  0.1641E-02  0.1504E-02  0.1962E+01
   -0.962488   15.46908  0.5566E-10  0.7128E-05  0.8348E-08  0.1715E-02  0.1407E-02  0.1993E+01
   -1.031240   15.46928  0.5566E-10  0.7341E-05  0.8401E-08  0.1783E-02  0.1314E-02  0.2014E+01
   -1.099992   15.46949  0.5566E-10  0.7544E-05  0.8500E-08  0.1844E-02  0.1223E-02  0.2026E+01
   -1.168744   15.46970  0.5566E-10  0.7736E-05  0.8642E-08  0.1898E-02  0.1135E-02  0.2029E+01
   -1.237497   15.46992  0.5566E-10  0.7915E-05  0.8822E-08  0.1945E-02  0.1050E-02  0.2026E+01
   -1.306249   15.47014  0.5566E-10  0.8077E-05  0.9035E-08  0.1983E-02  0.9681E-03  0.2016E+01
   -1.375001   15.47037  0.5566E-10  0.8222E-05  0.9281E-08  0.2012E-02  0.8885E-03  0.2003E+01
   -1.443754   15.47062  0.5566E-10  0.8348E-05  0.9555E-08  0.2030E-02  0.8114E-03  0.1987E+01
   -1.512506   15.47087  0.5566E-10  0.8453E-05  0.9856E-08  0.2037E-02  0.7367E-03  0.1969E+01
   -1.581258   15.47114  0.5566E-10  0.8536E-05  0.1018E-07  0.2032E-02  0.6643E-03  0.1949E+01
   -1.650010   15.47142  0.5566E-10  0.8597E-05  0.1053E-07  0.2016E-02  0.5940E-03  0.1926E+01
   -1.718762   15.47172  0.5566E-10  0.8634E-05  0.1091E-07  0.1990E-02  0.5257E-03  0.1878E+01
   -1.787514   15.47204  0.5566E-10  0.8648E-05  0.1130E-07  0.1974E-02  0.4604E-03  0.1617E+01
   -1.856266   15.47236  0.5566E-10  0.8643E-05  0.1171E-07  0.1933E-02  0.4070E-03  0.1427E+01
   -1.925017   15.47270  0.5566E-10  0.8625E-05  0.1214E-07  0.1857E-02  0.3645E-03  0.1270E+01
   -1.993768   15.47305  0.5566E-10  0.8596E-05  0.1261E-07  0.1784E-02  0.3308E-03  0.1268E+01
   -2.062519   15.47343  0.5566E-10  0.8559E-05  0.1314E-07  0.1707E-02  0.3026E-03  0.1465E+01
   -2.131270   15.47383  0.5566E-10  0.8510E-05  0.1376E-07  0.1618E-02  0.2770E-03  0.1757E+01
   -2.200020   15.47427  0.5566E-10  0.8446E-05  0.1452E-07  0.1518E-02  0.2525E-03  0.2257E+01
   -2.268769   15.47475  0.5566E-10  0.8363E-05  0.1550E-07  0.1401E-02  0.2285E-03  0.3028E+01
   -2.337519   15.47529  0.5566E-10  0.8251E-05  0.1684E-07  0.1261E-02  0.2048E-03  0.4433E+01
   -2.406267   15.47589  0.5566E-10  0.8098E-05  0.1881E-07  0.1108E-02  0.1814E-03  0.7250E+01
   -2.475016   15.47660  0.5566E-10  0.7882E-05  0.2197E-07  0.8847E-03  0.1582E-03  0.1406E+02
   -2.543763   15.47750  0.5566E-10  0.7563E-05  0.2772E-07  0.8040E-03  0.1341E-03  0.2921E+02
   -2.612510   15.47851  0.5566E-10  0.6889E-05  0.4623E-07  0.3490E-03  0.1129E-03 -0.1104E+03
   -2.681257   15.48278  0.5566E-10  0.4357E-05  0.1588E-06  0.8853E-04  0.7261E-04 -0.2276E+04
   -2.750003   15.49296  0.5566E-10  0.0000E+00  0.0000E+00  0.0000E+00  0.8111E-04  0.0000E+00
