 1 - depth, m
 2 - temperature, C
 3 - salinity, kg/kg
 4 - turbulent kinetic energy, m**2/s**2
 5 - dissipation rate, m**2/s**3
 6 - kinematic heat conductance, m**2/s
 7 - modulus of horizontal velocity, m/s
 8 - Richardson number, n/d
   -0.000000   15.28514  0.2880E-11  0.2892E-05  0.5826E-07  0.1978E-04  0.5459E-02 -0.3712E+00
   -0.068746   15.31204  0.2880E-11  0.3860E-05  0.2097E-07  0.1828E-03  0.2408E-02  0.2341E+03
   -0.137492   15.31480  0.2880E-11  0.4189E-05  0.1486E-07  0.3738E-03  0.1912E-02  0.1301E+03
   -0.206239   15.31594  0.2880E-11  0.4412E-05  0.1240E-07  0.5336E-03  0.1695E-02  0.1367E+03
   -0.274987   15.31666  0.2880E-11  0.4605E-05  0.1099E-07  0.6356E-03  0.1569E-02  0.1928E+01
   -0.343735   15.31722  0.2880E-11  0.4789E-05  0.1002E-07  0.7432E-03  0.1468E-02  0.1539E+01
   -0.412484   15.31765  0.2880E-11  0.4970E-05  0.9312E-08  0.8533E-03  0.1378E-02  0.1367E+01
   -0.481233   15.31802  0.2880E-11  0.5151E-05  0.8787E-08  0.9641E-03  0.1297E-02  0.1287E+01
   -0.549983   15.31833  0.2880E-11  0.5332E-05  0.8396E-08  0.1075E-02  0.1222E-02  0.1263E+01
   -0.618733   15.31861  0.2880E-11  0.5515E-05  0.8108E-08  0.1185E-02  0.1151E-02  0.1272E+01
   -0.687483   15.31886  0.2880E-11  0.5700E-05  0.7901E-08  0.1293E-02  0.1085E-02  0.1300E+01
   -0.756234   15.31909  0.2880E-11  0.5885E-05  0.7764E-08  0.1398E-02  0.1021E-02  0.1334E+01
   -0.824985   15.31931  0.2880E-11  0.6071E-05  0.7686E-08  0.1497E-02  0.9604E-03  0.1373E+01
   -0.893736   15.31953  0.2880E-11  0.6255E-05  0.7659E-08  0.1590E-02  0.9018E-03  0.1409E+01
   -0.962488   15.31973  0.2880E-11  0.6436E-05  0.7678E-08  0.1672E-02  0.8452E-03  0.1444E+01
   -1.031240   15.31994  0.2880E-11  0.6613E-05  0.7738E-08  0.1744E-02  0.7905E-03  0.1473E+01
   -1.099992   15.32015  0.2880E-11  0.6783E-05  0.7834E-08  0.1807E-02  0.7376E-03  0.1500E+01
   -1.168744   15.32035  0.2880E-11  0.6945E-05  0.7963E-08  0.1860E-02  0.6864E-03  0.1520E+01
   -1.237496   15.32057  0.2880E-11  0.7099E-05  0.8122E-08  0.1903E-02  0.6369E-03  0.1539E+01
   -1.306248   15.32079  0.2880E-11  0.7241E-05  0.8308E-08  0.1936E-02  0.5890E-03  0.1551E+01
   -1.375001   15.32102  0.2880E-11  0.7371E-05  0.8519E-08  0.1958E-02  0.5426E-03  0.1563E+01
   -1.443753   15.32125  0.2880E-11  0.7488E-05  0.8752E-08  0.1965E-02  0.4977E-03  0.1568E+01
   -1.512505   15.32150  0.2880E-11  0.7590E-05  0.9006E-08  0.1957E-02  0.4542E-03  0.1541E+01
   -1.581258   15.32176  0.2880E-11  0.7653E-05  0.9203E-08  0.2016E-02  0.4122E-03  0.3179E+01
   -1.650010   15.32203  0.2880E-11  0.7697E-05  0.9380E-08  0.1946E-02  0.3884E-03  0.3874E+01
   -1.718762   15.32232  0.2880E-11  0.7739E-05  0.9615E-08  0.1900E-02  0.3638E-03  0.1636E+01
   -1.787514   15.32263  0.2880E-11  0.7769E-05  0.9880E-08  0.1977E-02  0.3244E-03  0.2721E+01
   -1.856265   15.32294  0.2880E-11  0.7785E-05  0.1015E-07  0.1773E-02  0.3020E-03  0.1043E+02
   -1.925017   15.32328  0.2880E-11  0.7792E-05  0.1046E-07  0.1949E-02  0.2792E-03  0.4032E+01
   -1.993768   15.32360  0.2880E-11  0.7789E-05  0.1086E-07  0.1616E-02  0.2600E-03  0.1667E+02
   -2.062518   15.32398  0.2880E-11  0.7775E-05  0.1132E-07  0.1624E-02  0.2391E-03  0.2542E+01
   -2.131269   15.32438  0.2880E-11  0.7747E-05  0.1187E-07  0.1780E-02  0.2190E-03  0.6600E+01
   -2.200019   15.32475  0.2880E-11  0.7704E-05  0.1256E-07  0.1324E-02  0.2020E-03  0.4359E+02
   -2.268769   15.32527  0.2880E-11  0.7643E-05  0.1342E-07  0.1330E-02  0.1812E-03  0.5625E+01
   -2.337518   15.32579  0.2880E-11  0.7553E-05  0.1460E-07  0.1216E-02  0.1616E-03  0.7092E+01
   -2.406266   15.32637  0.2880E-11  0.7426E-05  0.1631E-07  0.1070E-02  0.1427E-03  0.1149E+02
   -2.475015   15.32705  0.2880E-11  0.7242E-05  0.1903E-07  0.8630E-03  0.1240E-03  0.2210E+02
   -2.543762   15.32791  0.2880E-11  0.6965E-05  0.2392E-07  0.7763E-03  0.1048E-03  0.4676E+02
   -2.612509   15.32888  0.2880E-11  0.6378E-05  0.3938E-07  0.3452E-03  0.8774E-04 -0.1602E+03
   -2.681256   15.33270  0.2880E-11  0.4043E-05  0.1369E-06  0.8152E-04  0.5657E-04 -0.4069E+04
   -2.750002   15.34278  0.2880E-11  0.0000E+00  0.0000E+00  0.0000E+00  0.6274E-04  0.0000E+00
