 1 - depth, m
 2 - temperature, C
 3 - salinity, kg/kg
 4 - turbulent kinetic energy, m**2/s**2
 5 - dissipation rate, m**2/s**3
 6 - kinematic heat conductance, m**2/s
 7 - modulus of horizontal velocity, m/s
 8 - Richardson number, n/d
   -0.000000   -0.00000  0.1294E-09  0.1219E-13  0.7603E-17  0.1000E-09  0.0000E+00  0.3570E+16
   -0.068746    0.05395  0.7176E-10  0.1219E-13  0.7603E-17  0.1000E-09  0.0000E+00  0.3395E+16
   -0.137492    0.10599  0.5930E-10  0.1219E-13  0.7603E-17  0.1000E-09  0.0000E+00  0.3246E+16
   -0.206239    0.15646  0.5677E-10  0.1219E-13  0.7603E-17  0.1000E-09  0.0000E+00  0.3126E+16
   -0.274987    0.20574  0.5632E-10  0.1219E-13  0.7603E-17  0.1000E-09  0.0000E+00  0.3036E+16
   -0.343735    0.25426  0.5625E-10  0.1219E-13  0.7603E-17  0.1000E-09  0.0000E+00  0.2978E+16
   -0.412483    0.30252  0.5624E-10  0.1219E-13  0.7603E-17  0.1000E-09  0.0000E+00  0.2952E+16
   -0.481232    0.35102  0.5624E-10  0.1219E-13  0.7603E-17  0.1000E-09  0.0000E+00  0.2960E+16
   -0.549982    0.40036  0.5624E-10  0.1219E-13  0.7603E-17  0.1000E-09  0.0000E+00  0.3001E+16
   -0.618732    0.45112  0.5624E-10  0.1219E-13  0.7603E-17  0.1000E-09  0.0000E+00  0.3075E+16
   -0.687482    0.50396  0.5624E-10  0.1219E-13  0.7603E-17  0.1000E-09  0.0000E+00  0.3198E+16
   -0.756233    0.55983  0.5624E-10  0.1219E-13  0.7603E-17  0.1000E-09  0.0000E+00  0.3361E+16
   -0.824984    0.61960  0.5624E-10  0.1219E-13  0.7603E-17  0.1000E-09  0.0000E+00  0.3549E+16
   -0.893735    0.68395  0.5624E-10  0.1219E-13  0.7603E-17  0.1000E-09  0.0000E+00  0.3759E+16
   -0.962487    0.75358  0.5624E-10  0.1219E-13  0.7603E-17  0.1000E-09  0.0000E+00  0.3984E+16
   -1.031238    0.82916  0.5624E-10  0.1219E-13  0.7603E-17  0.1000E-09  0.0000E+00  0.4218E+16
   -1.099990    0.91131  0.5624E-10  0.1219E-13  0.7603E-17  0.1000E-09  0.0000E+00  0.4452E+16
   -1.168742    1.00060  0.5623E-10  0.1219E-13  0.7603E-17  0.1000E-09  0.0000E+00  0.4678E+16
   -1.237494    1.09754  0.5621E-10  0.1219E-13  0.7603E-17  0.1000E-09  0.0000E+00  0.4884E+16
   -1.306246    1.20254  0.5614E-10  0.1219E-13  0.7603E-17  0.1000E-09  0.0000E+00  0.5061E+16
   -1.374999    1.31589  0.5598E-10  0.1219E-13  0.7603E-17  0.1000E-09  0.0000E+00  0.5220E+16
   -1.443751    1.43834  0.5570E-10  0.1219E-13  0.7603E-17  0.1000E-09  0.0000E+00  0.5332E+16
   -1.512503    1.57010  0.5540E-10  0.1219E-13  0.7603E-17  0.1000E-09  0.0000E+00  0.5379E+16
   -1.581255    1.71106  0.5521E-10  0.1219E-13  0.7603E-17  0.1000E-09  0.0000E+00  0.5353E+16
   -1.650007    1.86096  0.5513E-10  0.1219E-13  0.7603E-17  0.1000E-09  0.0000E+00  0.5247E+16
   -1.718759    2.01938  0.5509E-10  0.1219E-13  0.7603E-17  0.1000E-09  0.0000E+00  0.5054E+16
   -1.787511    2.18555  0.5506E-10  0.1219E-13  0.7603E-17  0.1000E-09  0.0000E+00  0.4689E+16
   -1.856262    2.35527  0.5505E-10  0.3022E-13  0.1108E-16  0.1000E-09  0.0000E+00  0.4277E+16
   -1.925013    2.52769  0.5504E-10  0.1238E-12  0.4014E-16  0.1000E-09  0.0000E+00  0.3825E+16
   -1.993764    2.70184  0.5503E-10  0.4964E-12  0.1538E-15  0.1000E-09  0.0000E+00  0.3355E+16
   -2.062515    2.87743  0.5502E-10  0.1900E-11  0.5661E-15  0.1000E-09  0.0000E+00  0.2918E+16
   -2.131265    3.05730  0.5498E-10  0.7111E-11  0.2039E-14  0.1000E-09  0.0000E+00  0.2444E+16
   -2.200015    3.24124  0.5491E-10  0.2613E-10  0.7216E-14  0.1000E-09  0.0000E+00  0.1932E+16
   -2.268765    3.42866  0.5479E-10  0.9525E-10  0.2535E-13  0.1000E-09  0.0000E+00  0.1392E+16
   -2.337514    3.61953  0.5461E-10  0.3480E-09  0.8929E-13  0.5505E-09  0.0000E+00  0.8227E+15
   -2.406263    3.81323  0.5446E-10  0.1261E-08  0.3124E-12  0.6743E-08  0.0000E+00  0.2330E+15
   -2.475011    4.00230  0.5444E-10  0.3107E-08  0.7699E-12  0.4711E-05  0.0000E+00 -0.1753E+13
   -2.543758    4.00821  0.5444E-10  0.3897E-08  0.1147E-11  0.4739E-05  0.0000E+00 -0.2417E+13
   -2.612505    4.01438  0.5444E-10  0.4389E-08  0.1898E-11  0.3314E-05  0.0000E+00 -0.4970E+13
   -2.681252    4.02403  0.5444E-10  0.4418E-08  0.5044E-11  0.1100E-05  0.0000E+00 -0.3168E+14
   -2.749997    4.06027  0.5444E-10  0.0000E+00  0.0000E+00  0.0000E+00  0.0000E+00  0.0000E+00
