 1 - depth, m
 2 - temperature, C
 3 - salinity, kg/kg
 4 - turbulent kinetic energy, m**2/s**2
 5 - dissipation rate, m**2/s**3
 6 - kinematic heat conductance, m**2/s
 7 - modulus of horizontal velocity, m/s
 8 - Richardson number, n/d
   -0.000000   10.54021  0.1658E-11  0.7217E-05  0.2539E-06  0.2600E-04  0.1301E-01 -0.7427E+00
   -0.068746   10.58274  0.1658E-11  0.7654E-05  0.9245E-07  0.1632E-03  0.7807E-02  0.1611E+04
   -0.137492   10.59064  0.1658E-11  0.7693E-05  0.5581E-07  0.2947E-03  0.6237E-02  0.4102E+02
   -0.206239   10.59468  0.1658E-11  0.7723E-05  0.4023E-07  0.4216E-03  0.5389E-02  0.2394E+02
   -0.274987   10.59726  0.1658E-11  0.7769E-05  0.3183E-07  0.5547E-03  0.4842E-02  0.2373E+02
   -0.343735   10.59908  0.1658E-11  0.7836E-05  0.2667E-07  0.7047E-03  0.4445E-02  0.2151E+02
   -0.412484   10.60041  0.1658E-11  0.7921E-05  0.2321E-07  0.8647E-03  0.4136E-02  0.1753E+02
   -0.481233   10.60144  0.1658E-11  0.8020E-05  0.2073E-07  0.1017E-02  0.3876E-02  0.1099E+02
   -0.549983   10.60226  0.1658E-11  0.8124E-05  0.1884E-07  0.1146E-02  0.3644E-02  0.5730E+01
   -0.618733   10.60297  0.1658E-11  0.8228E-05  0.1733E-07  0.1223E-02  0.3431E-02  0.5792E+01
   -0.687483   10.60362  0.1658E-11  0.8325E-05  0.1607E-07  0.1302E-02  0.3227E-02  0.5928E+01
   -0.756234   10.60421  0.1658E-11  0.8414E-05  0.1502E-07  0.1373E-02  0.3035E-02  0.5959E+01
   -0.824985   10.60476  0.1658E-11  0.8492E-05  0.1413E-07  0.1440E-02  0.2852E-02  0.6057E+01
   -0.893737   10.60528  0.1658E-11  0.8559E-05  0.1337E-07  0.1502E-02  0.2676E-02  0.6115E+01
   -0.962488   10.60576  0.1658E-11  0.8612E-05  0.1272E-07  0.1559E-02  0.2508E-02  0.6225E+01
   -1.031240   10.60622  0.1658E-11  0.8651E-05  0.1215E-07  0.1611E-02  0.2345E-02  0.6311E+01
   -1.099992   10.60665  0.1658E-11  0.8676E-05  0.1166E-07  0.1658E-02  0.2187E-02  0.6453E+01
   -1.168744   10.60706  0.1658E-11  0.8685E-05  0.1123E-07  0.1700E-02  0.2034E-02  0.6585E+01
   -1.237496   10.60745  0.1658E-11  0.8680E-05  0.1086E-07  0.1735E-02  0.1885E-02  0.6785E+01
   -1.306249   10.60783  0.1658E-11  0.8659E-05  0.1053E-07  0.1764E-02  0.1739E-02  0.7003E+01
   -1.375001   10.60820  0.1658E-11  0.8622E-05  0.1026E-07  0.1786E-02  0.1597E-02  0.7321E+01
   -1.443753   10.60855  0.1658E-11  0.8570E-05  0.1002E-07  0.1800E-02  0.1457E-02  0.7722E+01
   -1.512506   10.60890  0.1658E-11  0.8502E-05  0.9826E-08  0.1807E-02  0.1320E-02  0.8323E+01
   -1.581258   10.60924  0.1658E-11  0.8419E-05  0.9667E-08  0.1805E-02  0.1185E-02  0.9229E+01
   -1.650010   10.60957  0.1658E-11  0.8322E-05  0.9544E-08  0.1796E-02  0.1051E-02  0.1075E+02
   -1.718762   10.60990  0.1658E-11  0.8210E-05  0.9456E-08  0.1777E-02  0.9192E-03  0.1260E+02
   -1.787514   10.61022  0.1658E-11  0.8081E-05  0.9401E-08  0.1794E-02  0.7886E-03  0.4163E+01
   -1.856265   10.61054  0.1658E-11  0.7942E-05  0.9388E-08  0.1808E-02  0.6787E-03  0.3025E+01
   -1.925017   10.61085  0.1658E-11  0.7797E-05  0.9426E-08  0.1809E-02  0.5868E-03  0.2759E+01
   -1.993768   10.61116  0.1658E-11  0.7648E-05  0.9524E-08  0.1789E-02  0.5111E-03  0.2790E+01
   -2.062519   10.61148  0.1658E-11  0.7505E-05  0.9687E-08  0.1737E-02  0.4479E-03  0.3137E+01
   -2.131269   10.61179  0.1658E-11  0.7366E-05  0.9925E-08  0.1667E-02  0.3929E-03  0.3427E+01
   -2.200019   10.61212  0.1658E-11  0.7233E-05  0.1025E-07  0.1580E-02  0.3442E-03  0.4050E+01
   -2.268769   10.61247  0.1658E-11  0.7105E-05  0.1069E-07  0.1476E-02  0.3011E-03  0.4830E+01
   -2.337518   10.61283  0.1658E-11  0.6976E-05  0.1131E-07  0.1357E-02  0.2639E-03  0.6473E+01
   -2.406267   10.61322  0.1658E-11  0.6840E-05  0.1220E-07  0.1225E-02  0.2316E-03  0.9298E+01
   -2.475015   10.61364  0.1658E-11  0.6685E-05  0.1359E-07  0.1069E-02  0.2026E-03  0.1540E+02
   -2.543763   10.61413  0.1658E-11  0.6488E-05  0.1603E-07  0.8895E-03  0.1756E-03  0.3008E+03
   -2.612510   10.61472  0.1658E-11  0.6175E-05  0.2187E-07  0.6381E-03  0.1492E-03  0.8128E+03
   -2.681256   10.61567  0.1658E-11  0.4078E-05  0.8601E-07  0.3464E-04  0.1164E-03 -0.1213E+05
   -2.750002   10.63087  0.1658E-11  0.0000E+00  0.0000E+00  0.0000E+00  0.1187E-03  0.0000E+00
