 1 - depth, m
 2 - temperature, C
 3 - salinity, kg/kg
 4 - turbulent kinetic energy, m**2/s**2
 5 - dissipation rate, m**2/s**3
 6 - kinematic heat conductance, m**2/s
 7 - modulus of horizontal velocity, m/s
 8 - Richardson number, n/d
   -0.000000   -0.00000  0.2241E-11  0.1219E-13  0.7603E-17  0.1000E-09  0.0000E+00  0.8350E+16
   -0.068746    0.12744  0.2510E-11  0.1219E-13  0.7603E-17  0.1000E-09  0.0000E+00  0.8066E+16
   -0.137492    0.25495  0.2536E-11  0.1219E-13  0.7603E-17  0.1000E-09  0.0000E+00  0.7779E+16
   -0.206239    0.38248  0.2338E-11  0.1219E-13  0.7603E-17  0.1000E-09  0.0000E+00  0.7492E+16
   -0.274987    0.51000  0.2091E-11  0.1219E-13  0.7603E-17  0.1000E-09  0.0000E+00  0.7203E+16
   -0.343735    0.63746  0.1900E-11  0.1219E-13  0.7603E-17  0.1000E-09  0.0000E+00  0.6914E+16
   -0.412484    0.76481  0.1785E-11  0.1219E-13  0.7603E-17  0.1000E-09  0.0000E+00  0.6624E+16
   -0.481233    0.89202  0.1724E-11  0.1219E-13  0.7603E-17  0.1000E-09  0.0000E+00  0.6335E+16
   -0.549983    1.01905  0.1697E-11  0.1219E-13  0.7603E-17  0.1000E-09  0.0000E+00  0.6046E+16
   -0.618733    1.14585  0.1685E-11  0.1219E-13  0.7603E-17  0.1000E-09  0.0000E+00  0.5757E+16
   -0.687483    1.27237  0.1681E-11  0.1219E-13  0.7603E-17  0.1000E-09  0.0000E+00  0.5473E+16
   -0.756234    1.39864  0.1679E-11  0.1219E-13  0.7603E-17  0.1000E-09  0.0000E+00  0.5191E+16
   -0.824985    1.52465  0.1678E-11  0.1219E-13  0.7603E-17  0.1000E-09  0.0000E+00  0.4909E+16
   -0.893736    1.65034  0.1677E-11  0.1219E-13  0.7603E-17  0.1000E-09  0.0000E+00  0.4630E+16
   -0.962488    1.77568  0.1676E-11  0.1219E-13  0.7603E-17  0.1000E-09  0.0000E+00  0.4351E+16
   -1.031239    1.90059  0.1674E-11  0.1219E-13  0.7603E-17  0.1000E-09  0.0000E+00  0.4075E+16
   -1.099991    2.02504  0.1671E-11  0.1219E-13  0.7603E-17  0.1000E-09  0.0000E+00  0.3801E+16
   -1.168744    2.14896  0.1667E-11  0.1219E-13  0.7603E-17  0.1000E-09  0.0000E+00  0.3529E+16
   -1.237496    2.27229  0.1663E-11  0.1219E-13  0.7603E-17  0.1000E-09  0.0000E+00  0.3261E+16
   -1.306248    2.39497  0.1658E-11  0.1255E-13  0.7603E-17  0.1000E-09  0.0000E+00  0.2996E+16
   -1.375000    2.51694  0.1653E-11  0.6042E-13  0.9660E-17  0.1000E-09  0.0000E+00  0.2736E+16
   -1.443753    2.63816  0.1648E-11  0.1693E-12  0.2087E-16  0.1000E-09  0.0000E+00  0.2480E+16
   -1.512505    2.75856  0.1644E-11  0.4100E-12  0.4722E-16  0.1000E-09  0.0000E+00  0.2228E+16
   -1.581257    2.87809  0.1640E-11  0.9484E-12  0.1055E-15  0.1000E-09  0.0000E+00  0.1982E+16
   -1.650009    2.99669  0.1638E-11  0.2152E-11  0.2329E-15  0.1000E-09  0.0000E+00  0.1741E+16
   -1.718761    3.11432  0.1635E-11  0.4823E-11  0.5082E-15  0.1000E-09  0.0000E+00  0.1505E+16
   -1.787513    3.23090  0.1633E-11  0.1095E-10  0.1124E-14  0.1000E-09  0.0000E+00  0.1272E+16
   -1.856264    3.34599  0.1632E-11  0.2506E-10  0.2505E-14  0.1000E-09  0.0000E+00  0.1046E+16
   -1.925016    3.45936  0.1631E-11  0.5722E-10  0.5575E-14  0.1000E-09  0.0000E+00  0.8282E+15
   -1.993767    3.57071  0.1630E-11  0.1302E-09  0.1237E-13  0.1025E-09  0.0000E+00  0.6211E+15
   -2.062518    3.67991  0.1629E-11  0.2890E-09  0.2679E-13  0.3177E-09  0.0000E+00  0.4290E+15
   -2.131268    3.78798  0.1629E-11  0.6335E-09  0.5731E-13  0.1201E-08  0.0000E+00  0.2427E+15
   -2.200018    3.89453  0.1629E-11  0.1372E-08  0.1212E-12  0.9382E-08  0.0000E+00  0.6552E+14
   -2.268768    3.99446  0.1629E-11  0.1955E-08  0.1739E-12  0.8875E-05  0.0000E+00 -0.2331E+12
   -2.337517    3.99612  0.1629E-11  0.2217E-08  0.2059E-12  0.9583E-05  0.0000E+00 -0.2536E+12
   -2.406266    3.99765  0.1629E-11  0.2412E-08  0.2424E-12  0.9434E-05  0.0000E+00 -0.2942E+12
   -2.475014    3.99920  0.1629E-11  0.2541E-08  0.2904E-12  0.8391E-05  0.0000E+00 -0.3737E+12
   -2.543761    4.00093  0.1629E-11  0.2581E-08  0.3668E-12  0.6381E-05  0.0000E+00 -0.5581E+12
   -2.612508    4.00320  0.1629E-11  0.2456E-08  0.5380E-12  0.3422E-05  0.0000E+00 -0.1224E+13
   -2.681255    4.00732  0.1629E-11  0.1800E-08  0.1350E-11  0.5300E-06  0.0000E+00 -0.1086E+14
   -2.750001    4.02906  0.1629E-11  0.0000E+00  0.0000E+00  0.0000E+00  0.0000E+00  0.0000E+00
