 1 - depth, m
 2 - temperature, C
 3 - salinity, kg/kg
 4 - turbulent kinetic energy, m**2/s**2
 5 - dissipation rate, m**2/s**3
 6 - kinematic heat conductance, m**2/s
 7 - modulus of horizontal velocity, m/s
 8 - Richardson number, n/d
   -0.000000   -0.00000  0.9639E-11  0.1219E-13  0.7603E-17  0.1000E-09  0.0000E+00  0.8680E+16
   -0.068746    0.13257  0.7303E-11  0.1219E-13  0.7603E-17  0.1000E-09  0.0000E+00  0.8338E+16
   -0.137492    0.26466  0.5537E-11  0.1219E-13  0.7603E-17  0.1000E-09  0.0000E+00  0.8002E+16
   -0.206239    0.39629  0.4538E-11  0.1219E-13  0.7603E-17  0.1000E-09  0.0000E+00  0.7672E+16
   -0.274987    0.52749  0.4079E-11  0.1219E-13  0.7603E-17  0.1000E-09  0.0000E+00  0.7348E+16
   -0.343735    0.65829  0.3898E-11  0.1219E-13  0.7603E-17  0.1000E-09  0.0000E+00  0.7030E+16
   -0.412484    0.78872  0.3835E-11  0.1219E-13  0.7603E-17  0.1000E-09  0.0000E+00  0.6717E+16
   -0.481233    0.91882  0.3815E-11  0.1219E-13  0.7603E-17  0.1000E-09  0.0000E+00  0.6410E+16
   -0.549982    1.04861  0.3810E-11  0.1219E-13  0.7603E-17  0.1000E-09  0.0000E+00  0.6106E+16
   -0.618732    1.17813  0.3808E-11  0.1219E-13  0.7603E-17  0.1000E-09  0.0000E+00  0.5807E+16
   -0.687483    1.30740  0.3808E-11  0.1219E-13  0.7603E-17  0.1000E-09  0.0000E+00  0.5518E+16
   -0.756233    1.43656  0.3807E-11  0.1219E-13  0.7603E-17  0.1000E-09  0.0000E+00  0.5234E+16
   -0.824984    1.56572  0.3807E-11  0.1219E-13  0.7603E-17  0.1000E-09  0.0000E+00  0.4951E+16
   -0.893736    1.69487  0.3805E-11  0.1219E-13  0.7603E-17  0.1000E-09  0.0000E+00  0.4670E+16
   -0.962487    1.82403  0.3803E-11  0.1219E-13  0.7603E-17  0.1000E-09  0.0000E+00  0.4389E+16
   -1.031239    1.95317  0.3798E-11  0.1219E-13  0.7603E-17  0.1000E-09  0.0000E+00  0.4109E+16
   -1.099991    2.08228  0.3791E-11  0.5324E-13  0.8016E-17  0.1000E-09  0.0000E+00  0.3830E+16
   -1.168743    2.21133  0.3781E-11  0.1450E-12  0.1561E-16  0.1000E-09  0.0000E+00  0.3551E+16
   -1.237495    2.34029  0.3769E-11  0.3356E-12  0.3310E-16  0.1000E-09  0.0000E+00  0.3274E+16
   -1.306247    2.46912  0.3755E-11  0.7352E-12  0.6980E-16  0.1000E-09  0.0000E+00  0.2997E+16
   -1.375000    2.59777  0.3741E-11  0.1576E-11  0.1455E-15  0.1000E-09  0.0000E+00  0.2722E+16
   -1.443752    2.72623  0.3730E-11  0.3334E-11  0.3002E-15  0.1000E-09  0.0000E+00  0.2449E+16
   -1.512504    2.85447  0.3720E-11  0.6986E-11  0.6139E-15  0.1000E-09  0.0000E+00  0.2177E+16
   -1.581256    2.98241  0.3714E-11  0.1451E-10  0.1244E-14  0.1000E-09  0.0000E+00  0.1907E+16
   -1.650008    3.10997  0.3709E-11  0.2987E-10  0.2501E-14  0.1000E-09  0.0000E+00  0.1639E+16
   -1.718760    3.23706  0.3706E-11  0.6098E-10  0.4987E-14  0.1000E-09  0.0000E+00  0.1375E+16
   -1.787512    3.36363  0.3703E-11  0.1262E-09  0.1008E-13  0.1000E-09  0.0000E+00  0.1123E+16
   -1.856264    3.49067  0.3700E-11  0.2639E-09  0.2058E-13  0.1205E-09  0.0000E+00  0.8688E+15
   -1.925015    3.61820  0.3697E-11  0.5519E-09  0.4205E-13  0.3493E-09  0.0000E+00  0.6125E+15
   -1.993766    3.74614  0.3695E-11  0.1152E-08  0.8584E-13  0.1235E-08  0.0000E+00  0.3535E+15
   -2.062517    3.87371  0.3693E-11  0.2342E-08  0.1707E-12  0.8770E-08  0.0000E+00  0.9894E+14
   -2.131267    3.99411  0.3693E-11  0.2903E-08  0.2131E-12  0.1509E-04  0.0000E+00 -0.1549E+12
   -2.200017    3.99529  0.3693E-11  0.3154E-08  0.2373E-12  0.1618E-04  0.0000E+00 -0.1637E+12
   -2.268767    3.99639  0.3693E-11  0.3355E-08  0.2637E-12  0.1650E-04  0.0000E+00 -0.1787E+12
   -2.337516    3.99746  0.3693E-11  0.3515E-08  0.2950E-12  0.1602E-04  0.0000E+00 -0.2028E+12
   -2.406264    3.99857  0.3693E-11  0.3630E-08  0.3355E-12  0.1468E-04  0.0000E+00 -0.2433E+12
   -2.475012    3.99978  0.3693E-11  0.3689E-08  0.3941E-12  0.1237E-04  0.0000E+00 -0.3186E+12
   -2.543760    4.00121  0.3693E-11  0.3659E-08  0.4950E-12  0.8993E-05  0.0000E+00 -0.4913E+12
   -2.612507    4.00318  0.3693E-11  0.3443E-08  0.7362E-12  0.4644E-05  0.0000E+00 -0.1123E+13
   -2.681253    4.00700  0.3693E-11  0.2515E-08  0.1993E-11  0.6838E-06  0.0000E+00 -0.1176E+14
   -2.749999    4.03024  0.3693E-11  0.0000E+00  0.0000E+00  0.0000E+00  0.0000E+00  0.0000E+00
