 1 - depth, m
 2 - temperature, C
 3 - salinity, kg/kg
 4 - turbulent kinetic energy, m**2/s**2
 5 - dissipation rate, m**2/s**3
 6 - kinematic heat conductance, m**2/s
 7 - modulus of horizontal velocity, m/s
 8 - Richardson number, n/d
   -0.000000   -0.00000  0.6795E-10  0.1219E-13  0.7603E-17  0.1000E-09  0.0000E+00  0.7860E+16
   -0.068746    0.11983  0.4987E-10  0.1219E-13  0.7603E-17  0.1000E-09  0.0000E+00  0.7573E+16
   -0.137492    0.23917  0.3710E-10  0.1219E-13  0.7603E-17  0.1000E-09  0.0000E+00  0.7292E+16
   -0.206239    0.35802  0.3044E-10  0.1219E-13  0.7603E-17  0.1000E-09  0.0000E+00  0.7016E+16
   -0.274987    0.47640  0.2759E-10  0.1219E-13  0.7603E-17  0.1000E-09  0.0000E+00  0.6744E+16
   -0.343735    0.59434  0.2655E-10  0.1219E-13  0.7603E-17  0.1000E-09  0.0000E+00  0.6478E+16
   -0.412483    0.71185  0.2621E-10  0.1219E-13  0.7603E-17  0.1000E-09  0.0000E+00  0.6216E+16
   -0.481233    0.82896  0.2611E-10  0.1219E-13  0.7603E-17  0.1000E-09  0.0000E+00  0.5958E+16
   -0.549982    0.94567  0.2608E-10  0.1219E-13  0.7603E-17  0.1000E-09  0.0000E+00  0.5704E+16
   -0.618732    1.06200  0.2607E-10  0.1219E-13  0.7603E-17  0.1000E-09  0.0000E+00  0.5454E+16
   -0.687483    1.17796  0.2607E-10  0.1219E-13  0.7603E-17  0.1000E-09  0.0000E+00  0.5214E+16
   -0.756233    1.29370  0.2607E-10  0.1219E-13  0.7603E-17  0.1000E-09  0.0000E+00  0.4979E+16
   -0.824984    1.40930  0.2607E-10  0.1219E-13  0.7603E-17  0.1000E-09  0.0000E+00  0.4745E+16
   -0.893736    1.52475  0.2606E-10  0.1219E-13  0.7603E-17  0.1000E-09  0.0000E+00  0.4513E+16
   -0.962487    1.64005  0.2604E-10  0.1219E-13  0.7603E-17  0.1000E-09  0.0000E+00  0.4282E+16
   -1.031239    1.75516  0.2602E-10  0.1219E-13  0.7603E-17  0.1000E-09  0.0000E+00  0.4052E+16
   -1.099991    1.87008  0.2597E-10  0.1219E-13  0.7603E-17  0.1000E-09  0.0000E+00  0.3823E+16
   -1.168743    1.98476  0.2591E-10  0.1219E-13  0.7603E-17  0.1000E-09  0.0000E+00  0.3595E+16
   -1.237495    2.09916  0.2582E-10  0.1219E-13  0.7603E-17  0.1000E-09  0.0000E+00  0.3368E+16
   -1.306247    2.21323  0.2572E-10  0.1219E-13  0.7603E-17  0.1000E-09  0.0000E+00  0.3142E+16
   -1.374999    2.32692  0.2563E-10  0.1219E-13  0.7603E-17  0.1000E-09  0.0000E+00  0.2919E+16
   -1.443752    2.44023  0.2554E-10  0.1219E-13  0.7603E-17  0.1000E-09  0.0000E+00  0.2698E+16
   -1.512504    2.55312  0.2548E-10  0.1219E-13  0.7603E-17  0.1000E-09  0.0000E+00  0.2478E+16
   -1.581256    2.66550  0.2543E-10  0.1219E-13  0.7603E-17  0.1000E-09  0.0000E+00  0.2260E+16
   -1.650008    2.77730  0.2540E-10  0.1219E-13  0.7603E-17  0.1000E-09  0.0000E+00  0.2045E+16
   -1.718760    2.88843  0.2538E-10  0.1224E-13  0.7603E-17  0.1000E-09  0.0000E+00  0.1833E+16
   -1.787512    2.99882  0.2537E-10  0.5131E-13  0.1195E-16  0.1000E-09  0.0000E+00  0.1636E+16
   -1.856263    3.10920  0.2535E-10  0.1722E-12  0.3385E-16  0.1000E-09  0.0000E+00  0.1439E+16
   -1.925015    3.21955  0.2533E-10  0.5278E-12  0.9899E-16  0.1000E-09  0.0000E+00  0.1243E+16
   -1.993766    3.32984  0.2531E-10  0.1580E-11  0.2870E-15  0.1000E-09  0.0000E+00  0.1046E+16
   -2.062516    3.43982  0.2528E-10  0.4565E-11  0.8054E-15  0.1000E-09  0.0000E+00  0.8484E+15
   -2.131267    3.54907  0.2526E-10  0.1300E-10  0.2229E-14  0.1000E-09  0.0000E+00  0.6539E+15
   -2.200017    3.65739  0.2525E-10  0.3667E-10  0.6111E-14  0.1000E-09  0.0000E+00  0.4639E+15
   -2.268766    3.76446  0.2524E-10  0.1034E-09  0.1676E-13  0.3029E-09  0.0000E+00  0.2804E+15
   -2.337516    3.87003  0.2524E-10  0.2943E-09  0.4643E-13  0.2237E-08  0.0000E+00  0.1045E+15
   -2.406264    3.97244  0.2524E-10  0.7734E-09  0.1201E-12  0.4261E-06  0.0000E+00  0.4498E+12
   -2.475012    3.99805  0.2524E-10  0.1449E-08  0.2555E-12  0.3322E-05  0.0000E+00 -0.9160E+12
   -2.543760    4.00228  0.2524E-10  0.1809E-08  0.3872E-12  0.3164E-05  0.0000E+00 -0.1307E+13
   -2.612507    4.00685  0.2524E-10  0.1977E-08  0.6281E-12  0.2080E-05  0.0000E+00 -0.2720E+13
   -2.681253    4.01405  0.2524E-10  0.1779E-08  0.1548E-11  0.5497E-06  0.0000E+00 -0.1766E+14
   -2.749999    4.04131  0.2524E-10  0.0000E+00  0.0000E+00  0.0000E+00  0.0000E+00  0.0000E+00
