 1 - depth, m
 2 - temperature, C
 3 - salinity, kg/kg
 4 - turbulent kinetic energy, m**2/s**2
 5 - dissipation rate, m**2/s**3
 6 - kinematic heat conductance, m**2/s
 7 - modulus of horizontal velocity, m/s
 8 - Richardson number, n/d
   -0.000000   16.72447  0.1966E-10  0.2789E-04  0.3193E-05  0.3929E-04  0.4199E-01 -0.2097E-01
   -0.068746   16.74449  0.1966E-10  0.2138E-04  0.7607E-06  0.9311E-04  0.2443E-01 -0.6069E-01
   -0.137492   16.75028  0.1966E-10  0.1970E-04  0.3530E-06  0.1594E-03  0.1975E-01 -0.9017E-01
   -0.206239   16.75344  0.1966E-10  0.1879E-04  0.2144E-06  0.2604E-03  0.1694E-01  0.1577E+02
   -0.274987   16.75537  0.1966E-10  0.1819E-04  0.1507E-06  0.3605E-03  0.1501E-01  0.3311E+01
   -0.343735   16.75670  0.1966E-10  0.1777E-04  0.1152E-06  0.4618E-03  0.1358E-01  0.5987E+01
   -0.412484   16.75770  0.1966E-10  0.1745E-04  0.9277E-07  0.5737E-03  0.1244E-01  0.1033E+02
   -0.481233   16.75847  0.1966E-10  0.1721E-04  0.7752E-07  0.6751E-03  0.1151E-01  0.2110E+01
   -0.549983   16.75910  0.1966E-10  0.1703E-04  0.6660E-07  0.7875E-03  0.1073E-01  0.1046E+02
   -0.618733   16.75962  0.1966E-10  0.1690E-04  0.5854E-07  0.9838E-03  0.1006E-01  0.2772E+02
   -0.687483   16.76004  0.1966E-10  0.1682E-04  0.5242E-07  0.1121E-02  0.9471E-02  0.2446E+02
   -0.756234   16.76040  0.1966E-10  0.1677E-04  0.4764E-07  0.1244E-02  0.8942E-02  0.5921E+01
   -0.824985   16.76071  0.1966E-10  0.1675E-04  0.4386E-07  0.1416E-02  0.8457E-02  0.1574E+02
   -0.893736   16.76099  0.1966E-10  0.1675E-04  0.4083E-07  0.1625E-02  0.8008E-02  0.7943E+02
   -0.962488   16.76123  0.1966E-10  0.1677E-04  0.3837E-07  0.1825E-02  0.7585E-02  0.8576E+02
   -1.031240   16.76145  0.1966E-10  0.1680E-04  0.3631E-07  0.1867E-02  0.7177E-02  0.1298E+02
   -1.099992   16.76166  0.1966E-10  0.1682E-04  0.3455E-07  0.1911E-02  0.6773E-02  0.1554E+02
   -1.168744   16.76187  0.1966E-10  0.1684E-04  0.3305E-07  0.1943E-02  0.6376E-02  0.1861E+02
   -1.237496   16.76207  0.1966E-10  0.1685E-04  0.3177E-07  0.1973E-02  0.5983E-02  0.2326E+02
   -1.306248   16.76228  0.1966E-10  0.1683E-04  0.3068E-07  0.1994E-02  0.5592E-02  0.3062E+02
   -1.375001   16.76249  0.1966E-10  0.1679E-04  0.2973E-07  0.2008E-02  0.5201E-02  0.4430E+02
   -1.443753   16.76271  0.1966E-10  0.1671E-04  0.2891E-07  0.2012E-02  0.4809E-02  0.7841E+02
   -1.512505   16.76293  0.1966E-10  0.1659E-04  0.2818E-07  0.2007E-02  0.4414E-02  0.2082E+04
   -1.581258   16.76315  0.1966E-10  0.1642E-04  0.2753E-07  0.1987E-02  0.4014E-02  0.6367E+05
   -1.650010   16.76339  0.1966E-10  0.1618E-04  0.2694E-07  0.1959E-02  0.3606E-02  0.5243E+05
   -1.718762   16.76363  0.1966E-10  0.1587E-04  0.2636E-07  0.1907E-02  0.3191E-02  0.7396E+04
   -1.787514   16.76389  0.1966E-10  0.1545E-04  0.2575E-07  0.1884E-02  0.2764E-02  0.4373E+02
   -1.856265   16.76415  0.1966E-10  0.1495E-04  0.2522E-07  0.1856E-02  0.2394E-02  0.8115E+01
   -1.925017   16.76442  0.1966E-10  0.1439E-04  0.2482E-07  0.1839E-02  0.2073E-02  0.3681E+01
   -1.993768   16.76469  0.1966E-10  0.1380E-04  0.2464E-07  0.1829E-02  0.1799E-02  0.2347E+01
   -2.062518   16.76497  0.1966E-10  0.1320E-04  0.2476E-07  0.1791E-02  0.1563E-02  0.1851E+01
   -2.131269   16.76525  0.1966E-10  0.1260E-04  0.2523E-07  0.1725E-02  0.1351E-02  0.1489E+01
   -2.200019   16.76555  0.1966E-10  0.1203E-04  0.2612E-07  0.1633E-02  0.1160E-02  0.1207E+01
   -2.268769   16.76588  0.1966E-10  0.1149E-04  0.2751E-07  0.1477E-02  0.9895E-03  0.9225E+00
   -2.337518   16.76625  0.1966E-10  0.1098E-04  0.2959E-07  0.1284E-02  0.8469E-03  0.7641E+00
   -2.406266   16.76668  0.1966E-10  0.1045E-04  0.3313E-07  0.1148E-02  0.7317E-03  0.1446E+02
   -2.475015   16.76719  0.1966E-10  0.9757E-05  0.4169E-07  0.8678E-03  0.6319E-03  0.2320E+03
   -2.543762   16.76820  0.1966E-10  0.8690E-05  0.5941E-07  0.6938E-03  0.5097E-03  0.1163E+04
   -2.612509   16.76920  0.1966E-10  0.6943E-05  0.1139E-06  0.3421E-03  0.3965E-03  0.2758E+03
   -2.681256   16.77379  0.1966E-10  0.4247E-05  0.3325E-06  0.1322E-03  0.2278E-03 -0.3090E+04
   -2.750002   16.77973  0.1966E-10  0.0000E+00  0.0000E+00  0.0000E+00  0.3382E-03  0.0000E+00
