 1 - depth, m
 2 - temperature, C
 3 - salinity, kg/kg
 4 - turbulent kinetic energy, m**2/s**2
 5 - dissipation rate, m**2/s**3
 6 - kinematic heat conductance, m**2/s
 7 - modulus of horizontal velocity, m/s
 8 - Richardson number, n/d
   -0.000000    0.00000  0.0000E+00  0.4096E-13  0.8590E-16  0.1000E-09  0.0000E+00  0.9882E+16
   -0.037493    0.15131  0.0000E+00  0.4096E-13  0.8590E-16  0.1000E-09  0.0000E+00  0.9427E+16
   -0.074986    0.30183  0.0000E+00  0.4096E-13  0.8590E-16  0.1000E-09  0.0000E+00  0.8975E+16
   -0.112479    0.45147  0.0000E+00  0.4096E-13  0.8590E-16  0.1000E-09  0.0000E+00  0.8527E+16
   -0.149973    0.60014  0.0000E+00  0.4096E-13  0.8590E-16  0.1000E-09  0.0000E+00  0.8083E+16
   -0.187467    0.74775  0.0000E+00  0.4096E-13  0.8590E-16  0.1000E-09  0.0000E+00  0.7645E+16
   -0.224962    0.89420  0.0000E+00  0.4096E-13  0.8590E-16  0.1000E-09  0.0000E+00  0.7213E+16
   -0.262456    1.03941  0.0000E+00  0.4096E-13  0.8590E-16  0.1000E-09  0.0000E+00  0.6784E+16
   -0.299951    1.18319  0.0000E+00  0.4096E-13  0.8590E-16  0.1000E-09  0.0000E+00  0.6363E+16
   -0.337446    1.32544  0.0000E+00  0.4096E-13  0.8590E-16  0.1000E-09  0.0000E+00  0.5950E+16
   -0.374941    1.46605  0.0000E+00  0.4096E-13  0.8590E-16  0.1000E-09  0.0000E+00  0.5561E+16
   -0.412437    1.60530  0.0000E+00  0.4096E-13  0.8590E-16  0.1000E-09  0.0000E+00  0.5188E+16
   -0.449932    1.74331  0.0000E+00  0.4096E-13  0.8590E-16  0.1000E-09  0.0000E+00  0.4822E+16
   -0.487428    1.88001  0.0000E+00  0.4096E-13  0.8590E-16  0.1000E-09  0.0000E+00  0.4464E+16
   -0.524924    2.01531  0.0000E+00  0.4096E-13  0.8590E-16  0.1000E-09  0.0000E+00  0.4113E+16
   -0.562420    2.14904  0.0000E+00  0.6654E-13  0.8590E-16  0.1000E-09  0.0000E+00  0.3770E+16
   -0.599916    2.28112  0.0000E+00  0.2561E-12  0.9375E-16  0.1000E-09  0.0000E+00  0.3437E+16
   -0.637413    2.41142  0.0000E+00  0.6283E-12  0.1643E-15  0.1000E-09  0.0000E+00  0.3114E+16
   -0.674909    2.53986  0.0000E+00  0.1322E-11  0.3127E-15  0.1000E-09  0.0000E+00  0.2801E+16
   -0.712405    2.66630  0.0000E+00  0.2629E-11  0.5962E-15  0.1000E-09  0.0000E+00  0.2499E+16
   -0.749901    2.79063  0.0000E+00  0.5104E-11  0.1127E-14  0.1000E-09  0.0000E+00  0.2219E+16
   -0.787398    2.91329  0.0000E+00  0.9793E-11  0.2116E-14  0.1000E-09  0.0000E+00  0.1952E+16
   -0.824894    3.03440  0.0000E+00  0.1864E-10  0.3944E-14  0.1000E-09  0.0000E+00  0.1693E+16
   -0.862390    3.15384  0.0000E+00  0.3526E-10  0.7309E-14  0.1000E-09  0.0000E+00  0.1444E+16
   -0.899887    3.27153  0.0000E+00  0.6632E-10  0.1347E-13  0.1000E-09  0.0000E+00  0.1205E+16
   -0.937383    3.38738  0.0000E+00  0.1240E-09  0.2470E-13  0.1000E-09  0.0000E+00  0.9754E+15
   -0.974879    3.50129  0.0000E+00  0.2307E-09  0.4505E-13  0.1651E-09  0.0000E+00  0.7568E+15
   -1.012375    3.61311  0.0000E+00  0.4277E-09  0.8189E-13  0.4142E-09  0.0000E+00  0.5481E+15
   -1.049870    3.72239  0.0000E+00  0.7910E-09  0.1486E-12  0.1170E-08  0.0000E+00  0.3518E+15
   -1.087366    3.82856  0.0000E+00  0.1455E-08  0.2682E-12  0.4359E-08  0.0000E+00  0.1702E+15
   -1.124862    3.92977  0.0000E+00  0.2605E-08  0.4728E-12  0.5637E-07  0.0000E+00  0.2274E+14
   -1.162357    4.00365  0.0000E+00  0.3432E-08  0.6274E-12  0.7628E-05  0.0000E+00 -0.5366E+12
   -1.199852    4.00552  0.0000E+00  0.3821E-08  0.7205E-12  0.8009E-05  0.0000E+00 -0.5665E+12
   -1.237347    4.00732  0.0000E+00  0.4112E-08  0.8177E-12  0.7975E-05  0.0000E+00 -0.6234E+12
   -1.274841    4.00914  0.0000E+00  0.4314E-08  0.9291E-12  0.7530E-05  0.0000E+00 -0.7227E+12
   -1.312336    4.01107  0.0000E+00  0.4420E-08  0.1070E-11  0.6648E-05  0.0000E+00 -0.8983E+12
   -1.349830    4.01329  0.0000E+00  0.4403E-08  0.1267E-11  0.5321E-05  0.0000E+00 -0.1243E+13
   -1.387324    4.01609  0.0000E+00  0.4196E-08  0.1595E-11  0.3586E-05  0.0000E+00 -0.2087E+13
   -1.424817    4.02027  0.0000E+00  0.3641E-08  0.2299E-11  0.1664E-05  0.0000E+00 -0.5339E+13
   -1.462310    4.02915  0.0000E+00  0.2468E-08  0.4632E-11  0.2929E-06  0.0000E+00 -0.3740E+14
   -1.499803    4.06763  0.0000E+00  0.0000E+00  0.0000E+00  0.0000E+00  0.0000E+00  0.0000E+00
