 1 - depth, m
 2 - temperature, C
 3 - salinity, kg/kg
 4 - turbulent kinetic energy, m**2/s**2
 5 - dissipation rate, m**2/s**3
 6 - kinematic heat conductance, m**2/s
 7 - modulus of horizontal velocity, m/s
 8 - Richardson number, n/d
   -0.000000    0.00000  0.0000E+00  0.4096E-13  0.8590E-16  0.1000E-09  0.0000E+00  0.1019E+17
   -0.037493    0.15610  0.0000E+00  0.4096E-13  0.8590E-16  0.1000E-09  0.0000E+00  0.9676E+16
   -0.074986    0.31091  0.0000E+00  0.4096E-13  0.8590E-16  0.1000E-09  0.0000E+00  0.9172E+16
   -0.112480    0.46433  0.0000E+00  0.4096E-13  0.8590E-16  0.1000E-09  0.0000E+00  0.8676E+16
   -0.149974    0.61628  0.0000E+00  0.4096E-13  0.8590E-16  0.1000E-09  0.0000E+00  0.8190E+16
   -0.187468    0.76668  0.0000E+00  0.4096E-13  0.8590E-16  0.1000E-09  0.0000E+00  0.7714E+16
   -0.224963    0.91544  0.0000E+00  0.4096E-13  0.8590E-16  0.1000E-09  0.0000E+00  0.7248E+16
   -0.262458    1.06249  0.0000E+00  0.4096E-13  0.8590E-16  0.1000E-09  0.0000E+00  0.6784E+16
   -0.299953    1.20752  0.0000E+00  0.4096E-13  0.8590E-16  0.1000E-09  0.0000E+00  0.6331E+16
   -0.337448    1.35039  0.0000E+00  0.4096E-13  0.8590E-16  0.1000E-09  0.0000E+00  0.5892E+16
   -0.374944    1.49104  0.0000E+00  0.4096E-13  0.8590E-16  0.1000E-09  0.0000E+00  0.5499E+16
   -0.412440    1.63021  0.0000E+00  0.4096E-13  0.8590E-16  0.1000E-09  0.0000E+00  0.5136E+16
   -0.449936    1.76839  0.0000E+00  0.1259E-12  0.8590E-16  0.1000E-09  0.0000E+00  0.4781E+16
   -0.487432    1.90557  0.0000E+00  0.3758E-12  0.1122E-15  0.1000E-09  0.0000E+00  0.4433E+16
   -0.524928    2.04169  0.0000E+00  0.8446E-12  0.1992E-15  0.1000E-09  0.0000E+00  0.4088E+16
   -0.562424    2.17660  0.0000E+00  0.1703E-11  0.3717E-15  0.1000E-09  0.0000E+00  0.3753E+16
   -0.599920    2.31027  0.0000E+00  0.3291E-11  0.6925E-15  0.1000E-09  0.0000E+00  0.3426E+16
   -0.637417    2.44269  0.0000E+00  0.6236E-11  0.1280E-14  0.1000E-09  0.0000E+00  0.3109E+16
   -0.674913    2.57383  0.0000E+00  0.1170E-10  0.2351E-14  0.1000E-09  0.0000E+00  0.2801E+16
   -0.712410    2.70370  0.0000E+00  0.2178E-10  0.4291E-14  0.1000E-09  0.0000E+00  0.2502E+16
   -0.749907    2.83226  0.0000E+00  0.4033E-10  0.7789E-14  0.1000E-09  0.0000E+00  0.2238E+16
   -0.787403    2.96110  0.0000E+00  0.7425E-10  0.1407E-13  0.1000E-09  0.0000E+00  0.1982E+16
   -0.824900    3.09083  0.0000E+00  0.1360E-09  0.2528E-13  0.1000E-09  0.0000E+00  0.1723E+16
   -0.862396    3.22156  0.0000E+00  0.2479E-09  0.4521E-13  0.1000E-09  0.0000E+00  0.1459E+16
   -0.899893    3.35339  0.0000E+00  0.4497E-09  0.8046E-13  0.1875E-09  0.0000E+00  0.1190E+16
   -0.937389    3.48634  0.0000E+00  0.8116E-09  0.1425E-12  0.4321E-09  0.0000E+00  0.9153E+15
   -0.974885    3.62037  0.0000E+00  0.1457E-08  0.2513E-12  0.1100E-08  0.0000E+00  0.6334E+15
   -1.012382    3.75516  0.0000E+00  0.2606E-08  0.4414E-12  0.3539E-08  0.0000E+00  0.3457E+15
   -1.049878    3.88930  0.0000E+00  0.4596E-08  0.7657E-12  0.2963E-07  0.0000E+00  0.7124E+14
   -1.087374    4.00435  0.0000E+00  0.5542E-08  0.9292E-12  0.1297E-04  0.0000E+00 -0.4420E+12
   -1.124869    4.00585  0.0000E+00  0.5980E-08  0.1023E-11  0.1353E-04  0.0000E+00 -0.4615E+12
   -1.162365    4.00731  0.0000E+00  0.6337E-08  0.1122E-11  0.1369E-04  0.0000E+00 -0.4920E+12
   -1.199860    4.00875  0.0000E+00  0.6618E-08  0.1230E-11  0.1342E-04  0.0000E+00 -0.5389E+12
   -1.237355    4.01024  0.0000E+00  0.6820E-08  0.1354E-11  0.1272E-04  0.0000E+00 -0.6100E+12
   -1.274850    4.01181  0.0000E+00  0.6937E-08  0.1506E-11  0.1158E-04  0.0000E+00 -0.7223E+12
   -1.312345    4.01356  0.0000E+00  0.6950E-08  0.1709E-11  0.9936E-05  0.0000E+00 -0.9127E+12
   -1.349839    4.01562  0.0000E+00  0.6816E-08  0.2008E-11  0.7783E-05  0.0000E+00 -0.1279E+13
   -1.387333    4.01829  0.0000E+00  0.6442E-08  0.2519E-11  0.5169E-05  0.0000E+00 -0.2164E+13
   -1.424827    4.02235  0.0000E+00  0.5590E-08  0.3659E-11  0.2376E-05  0.0000E+00 -0.5594E+13
   -1.462320    4.03118  0.0000E+00  0.3754E-08  0.7730E-11  0.4012E-06  0.0000E+00 -0.4443E+14
   -1.499813    4.07401  0.0000E+00  0.0000E+00  0.0000E+00  0.0000E+00  0.0000E+00  0.0000E+00
