 1 - depth, m
 2 - temperature, C
 3 - salinity, kg/kg
 4 - turbulent kinetic energy, m**2/s**2
 5 - dissipation rate, m**2/s**3
 6 - kinematic heat conductance, m**2/s
 7 - modulus of horizontal velocity, m/s
 8 - Richardson number, n/d
   -0.000000   -0.00000  0.8656E-12  0.4096E-13  0.8590E-16  0.1000E-09  0.0000E+00  0.1183E+17
   -0.037498    0.18191  0.4326E-12  0.4096E-13  0.8590E-16  0.1000E-09  0.0000E+00  0.1117E+17
   -0.074996    0.36265  0.2590E-12  0.4096E-13  0.8590E-16  0.1000E-09  0.0000E+00  0.1052E+17
   -0.112494    0.54200  0.1718E-12  0.4096E-13  0.8590E-16  0.1000E-09  0.0000E+00  0.9867E+16
   -0.149993    0.71973  0.1278E-12  0.4096E-13  0.8590E-16  0.1000E-09  0.0000E+00  0.9225E+16
   -0.187491    0.89567  0.1075E-12  0.4096E-13  0.8590E-16  0.1000E-09  0.0000E+00  0.8595E+16
   -0.224991    1.06967  0.9853E-13  0.4096E-13  0.8590E-16  0.1000E-09  0.0000E+00  0.7980E+16
   -0.262490    1.24157  0.9426E-13  0.1375E-12  0.8590E-16  0.1000E-09  0.0000E+00  0.7382E+16
   -0.299990    1.41130  0.9194E-13  0.3992E-12  0.1046E-15  0.1000E-09  0.0000E+00  0.6802E+16
   -0.337490    1.57874  0.9044E-13  0.8646E-12  0.1730E-15  0.1000E-09  0.0000E+00  0.6240E+16
   -0.374990    1.74377  0.8933E-13  0.1668E-11  0.3039E-15  0.1000E-09  0.0000E+00  0.5704E+16
   -0.412490    1.90651  0.8844E-13  0.3065E-11  0.5358E-15  0.1000E-09  0.0000E+00  0.5191E+16
   -0.449991    2.06700  0.8770E-13  0.5510E-11  0.9386E-15  0.1000E-09  0.0000E+00  0.4694E+16
   -0.487491    2.22512  0.8712E-13  0.9793E-11  0.1634E-14  0.1000E-09  0.0000E+00  0.4217E+16
   -0.524992    2.38077  0.8667E-13  0.1722E-10  0.2820E-14  0.1000E-09  0.0000E+00  0.3760E+16
   -0.562493    2.53396  0.8635E-13  0.3005E-10  0.4831E-14  0.1000E-09  0.0000E+00  0.3322E+16
   -0.599994    2.68462  0.8614E-13  0.5214E-10  0.8233E-14  0.1000E-09  0.0000E+00  0.2903E+16
   -0.637495    2.83267  0.8602E-13  0.9002E-10  0.1396E-13  0.1000E-09  0.0000E+00  0.2504E+16
   -0.674996    2.97802  0.8594E-13  0.1547E-09  0.2357E-13  0.1000E-09  0.0000E+00  0.2125E+16
   -0.712497    3.12063  0.8591E-13  0.2646E-09  0.3962E-13  0.1000E-09  0.0000E+00  0.1765E+16
   -0.749999    3.26045  0.8589E-13  0.4505E-09  0.6630E-13  0.1287E-09  0.0000E+00  0.1430E+16
   -0.787500    3.39793  0.8589E-13  0.7638E-09  0.1105E-12  0.2757E-09  0.0000E+00  0.1112E+16
   -0.825001    3.53315  0.8588E-13  0.1289E-08  0.1833E-12  0.6286E-09  0.0000E+00  0.8094E+15
   -0.862502    3.66591  0.8588E-13  0.2165E-08  0.3028E-12  0.1611E-08  0.0000E+00  0.5216E+15
   -0.900003    3.79571  0.8588E-13  0.3613E-08  0.4972E-12  0.5500E-08  0.0000E+00  0.2508E+15
   -0.937504    3.92012  0.8588E-13  0.5846E-08  0.7940E-12  0.6983E-07  0.0000E+00  0.3154E+14
   -0.975005    4.00547  0.8588E-13  0.6583E-08  0.8986E-12  0.1900E-04  0.0000E+00 -0.2880E+12
   -1.012506    4.00641  0.8588E-13  0.6917E-08  0.9559E-12  0.2016E-04  0.0000E+00 -0.2850E+12
   -1.050006    4.00729  0.8588E-13  0.7187E-08  0.1014E-11  0.2039E-04  0.0000E+00 -0.2947E+12
   -1.087507    4.00817  0.8588E-13  0.7404E-08  0.1075E-11  0.2016E-04  0.0000E+00 -0.3112E+12
   -1.125007    4.00906  0.8588E-13  0.7572E-08  0.1143E-11  0.1949E-04  0.0000E+00 -0.3372E+12
   -1.162507    4.00999  0.8588E-13  0.7688E-08  0.1220E-11  0.1825E-04  0.0000E+00 -0.3774E+12
   -1.200007    4.01099  0.8588E-13  0.7743E-08  0.1310E-11  0.1670E-04  0.0000E+00 -0.4329E+12
   -1.237507    4.01208  0.8588E-13  0.7728E-08  0.1418E-11  0.1497E-04  0.0000E+00 -0.5086E+12
   -1.275006    4.01331  0.8588E-13  0.7625E-08  0.1553E-11  0.1298E-04  0.0000E+00 -0.6206E+12
   -1.312506    4.01474  0.8588E-13  0.7406E-08  0.1732E-11  0.1065E-04  0.0000E+00 -0.8058E+12
   -1.350005    4.01650  0.8588E-13  0.7023E-08  0.1994E-11  0.7964E-05  0.0000E+00 -0.1159E+13
   -1.387503    4.01886  0.8588E-13  0.6372E-08  0.2435E-11  0.5028E-05  0.0000E+00 -0.2015E+13
   -1.425002    4.02260  0.8588E-13  0.5215E-08  0.3394E-11  0.2159E-05  0.0000E+00 -0.5397E+13
   -1.462500    4.03110  0.8588E-13  0.3172E-08  0.6689E-11  0.3193E-06  0.0000E+00 -0.4462E+14
   -1.499997    4.07410  0.8588E-13  0.0000E+00  0.0000E+00  0.0000E+00  0.0000E+00  0.0000E+00
