 1 - depth, m
 2 - temperature, C
 3 - salinity, kg/kg
 4 - turbulent kinetic energy, m**2/s**2
 5 - dissipation rate, m**2/s**3
 6 - kinematic heat conductance, m**2/s
 7 - modulus of horizontal velocity, m/s
 8 - Richardson number, n/d
   -0.000000   -0.00000  0.8682E-12  0.4096E-13  0.8590E-16  0.1000E-09  0.0000E+00  0.1290E+17
   -0.037498    0.19872  0.4450E-12  0.4096E-13  0.8590E-16  0.1000E-09  0.0000E+00  0.1214E+17
   -0.074996    0.39660  0.2111E-12  0.5053E-13  0.8590E-16  0.1000E-09  0.0000E+00  0.1139E+17
   -0.112494    0.59335  0.1348E-12  0.2239E-12  0.8590E-16  0.1000E-09  0.0000E+00  0.1064E+17
   -0.149993    0.78869  0.1112E-12  0.5642E-12  0.1151E-15  0.1000E-09  0.0000E+00  0.9891E+16
   -0.187492    0.98233  0.1018E-12  0.1131E-11  0.1869E-15  0.1000E-09  0.0000E+00  0.9153E+16
   -0.224991    1.17400  0.9691E-13  0.2066E-11  0.3149E-15  0.1000E-09  0.0000E+00  0.8427E+16
   -0.262490    1.36344  0.9404E-13  0.3619E-11  0.5305E-15  0.1000E-09  0.0000E+00  0.7718E+16
   -0.299990    1.55045  0.9221E-13  0.6209E-11  0.8875E-15  0.1000E-09  0.0000E+00  0.7029E+16
   -0.337490    1.73480  0.9089E-13  0.1053E-10  0.1476E-14  0.1000E-09  0.0000E+00  0.6360E+16
   -0.374990    1.91628  0.8981E-13  0.1774E-10  0.2440E-14  0.1000E-09  0.0000E+00  0.5725E+16
   -0.412491    2.09503  0.8886E-13  0.2973E-10  0.4016E-14  0.1000E-09  0.0000E+00  0.5119E+16
   -0.449991    2.27110  0.8801E-13  0.4957E-10  0.6581E-14  0.1000E-09  0.0000E+00  0.4536E+16
   -0.487492    2.44433  0.8730E-13  0.8230E-10  0.1074E-13  0.1000E-09  0.0000E+00  0.3978E+16
   -0.524993    2.61461  0.8675E-13  0.1357E-09  0.1741E-13  0.1000E-09  0.0000E+00  0.3447E+16
   -0.562494    2.78197  0.8637E-13  0.2222E-09  0.2804E-13  0.1000E-09  0.0000E+00  0.2942E+16
   -0.599995    2.94635  0.8612E-13  0.3623E-09  0.4494E-13  0.1000E-09  0.0000E+00  0.2462E+16
   -0.637496    3.10773  0.8599E-13  0.5879E-09  0.7173E-13  0.1032E-09  0.0000E+00  0.2009E+16
   -0.674997    3.26609  0.8592E-13  0.9501E-09  0.1140E-12  0.2006E-09  0.0000E+00  0.1579E+16
   -0.712498    3.42136  0.8590E-13  0.1529E-08  0.1805E-12  0.4273E-09  0.0000E+00  0.1174E+16
   -0.749999    3.57343  0.8589E-13  0.2450E-08  0.2845E-12  0.9952E-09  0.0000E+00  0.7950E+15
   -0.787501    3.72264  0.8588E-13  0.3907E-08  0.4464E-12  0.2849E-08  0.0000E+00  0.4363E+15
   -0.825002    3.86802  0.8588E-13  0.6163E-08  0.6937E-12  0.1792E-07  0.0000E+00  0.1088E+15
   -0.862503    3.99810  0.8588E-13  0.6765E-08  0.7644E-12  0.2115E-04  0.0000E+00 -0.1850E+12
   -0.900004    3.99908  0.8588E-13  0.7049E-08  0.8040E-12  0.2315E-04  0.0000E+00 -0.1822E+12
   -0.937505    3.99997  0.8588E-13  0.7290E-08  0.8444E-12  0.2411E-04  0.0000E+00 -0.1863E+12
   -0.975006    4.00082  0.8588E-13  0.7493E-08  0.8861E-12  0.2446E-04  0.0000E+00 -0.1944E+12
   -1.012507    4.00166  0.8588E-13  0.7664E-08  0.9303E-12  0.2445E-04  0.0000E+00 -0.2057E+12
   -1.050007    4.00250  0.8588E-13  0.7806E-08  0.9787E-12  0.2416E-04  0.0000E+00 -0.2198E+12
   -1.087508    4.00335  0.8588E-13  0.7918E-08  0.1033E-11  0.2354E-04  0.0000E+00 -0.2380E+12
   -1.125008    4.00422  0.8588E-13  0.7999E-08  0.1096E-11  0.2235E-04  0.0000E+00 -0.2643E+12
   -1.162509    4.00515  0.8588E-13  0.8040E-08  0.1171E-11  0.2038E-04  0.0000E+00 -0.3058E+12
   -1.200009    4.00616  0.8588E-13  0.8034E-08  0.1261E-11  0.1816E-04  0.0000E+00 -0.3629E+12
   -1.237508    4.00730  0.8588E-13  0.7968E-08  0.1372E-11  0.1594E-04  0.0000E+00 -0.4394E+12
   -1.275008    4.00860  0.8588E-13  0.7823E-08  0.1513E-11  0.1361E-04  0.0000E+00 -0.5507E+12
   -1.312507    4.01013  0.8588E-13  0.7571E-08  0.1703E-11  0.1100E-04  0.0000E+00 -0.7342E+12
   -1.350006    4.01202  0.8588E-13  0.7161E-08  0.1983E-11  0.8118E-05  0.0000E+00 -0.1087E+13
   -1.387505    4.01459  0.8588E-13  0.6489E-08  0.2458E-11  0.5059E-05  0.0000E+00 -0.1956E+13
   -1.425003    4.01871  0.8588E-13  0.5317E-08  0.3496E-11  0.2154E-05  0.0000E+00 -0.5466E+13
   -1.462501    4.02812  0.8588E-13  0.3282E-08  0.7032E-11  0.3305E-06  0.0000E+00 -0.4698E+14
   -1.499999    4.07435  0.8588E-13  0.0000E+00  0.0000E+00  0.0000E+00  0.0000E+00  0.0000E+00
