 1 - depth, m
 2 - temperature, C
 3 - salinity, kg/kg
 4 - turbulent kinetic energy, m**2/s**2
 5 - dissipation rate, m**2/s**3
 6 - kinematic heat conductance, m**2/s
 7 - modulus of horizontal velocity, m/s
 8 - Richardson number, n/d
   -0.000000    9.78574  0.8841E-13  0.1409E-03  0.9354E-04  0.4943E-04  0.1137E+00 -0.1322E-01
   -0.037498    9.83946  0.8842E-13  0.8108E-04  0.2585E-04  0.8652E-04  0.3987E-01 -0.1125E-01
   -0.074996    9.85021  0.8842E-13  0.5826E-04  0.9964E-05  0.9711E-04  0.2825E-01 -0.3844E-01
   -0.112494    9.85846  0.8842E-13  0.4586E-04  0.5180E-05  0.1030E-03  0.2306E-01 -0.6635E-01
   -0.149993    9.86466  0.8842E-13  0.3726E-04  0.2906E-05  0.1099E-03  0.1950E-01 -0.4464E-01
   -0.187492    9.86987  0.8842E-13  0.3082E-04  0.1689E-05  0.1178E-03  0.1671E-01 -0.4716E-01
   -0.224991    9.87438  0.8842E-13  0.2593E-04  0.1017E-05  0.1272E-03  0.1446E-01  0.1289E+00
   -0.262491    9.87839  0.8842E-13  0.2219E-04  0.6410E-06  0.1384E-03  0.1265E-01  0.3112E-01
   -0.299991    9.88198  0.8842E-13  0.1927E-04  0.4249E-06  0.1635E-03  0.1111E-01  0.1184E+02
   -0.337491    9.88513  0.8842E-13  0.1694E-04  0.2960E-06  0.1881E-03  0.9814E-02  0.1510E+02
   -0.374991    9.88790  0.8842E-13  0.1504E-04  0.2149E-06  0.2129E-03  0.8726E-02  0.1006E+02
   -0.412492    9.89036  0.8842E-13  0.1349E-04  0.1612E-06  0.2383E-03  0.7815E-02  0.1866E+02
   -0.449992    9.89253  0.8843E-13  0.1223E-04  0.1243E-06  0.2649E-03  0.7056E-02  0.9740E+03
   -0.487493    9.89445  0.8843E-13  0.1121E-04  0.9812E-07  0.2983E-03  0.6426E-02  0.2979E+03
   -0.524994    9.89614  0.8843E-13  0.1039E-04  0.7938E-07  0.3285E-03  0.5901E-02  0.4488E+02
   -0.562495    9.89765  0.8843E-13  0.9722E-05  0.6551E-07  0.3667E-03  0.5424E-02  0.4370E+03
   -0.599996    9.89897  0.8843E-13  0.9168E-05  0.5503E-07  0.4141E-03  0.4990E-02  0.5893E+02
   -0.637498    9.90011  0.8843E-13  0.8697E-05  0.4692E-07  0.4454E-03  0.4595E-02  0.1788E+03
   -0.674999    9.90111  0.8843E-13  0.8286E-05  0.4049E-07  0.4747E-03  0.4227E-02  0.4193E+02
   -0.712500    9.90201  0.8843E-13  0.7923E-05  0.3534E-07  0.4949E-03  0.3886E-02  0.5809E+02
   -0.750001    9.90283  0.8843E-13  0.7592E-05  0.3113E-07  0.5083E-03  0.3565E-02  0.1966E+02
   -0.787503    9.90360  0.8843E-13  0.7284E-05  0.2763E-07  0.5160E-03  0.3263E-02  0.6168E+01
   -0.825004    9.90434  0.8843E-13  0.6991E-05  0.2470E-07  0.5209E-03  0.2978E-02  0.6255E+01
   -0.862505    9.90506  0.8843E-13  0.6705E-05  0.2221E-07  0.5228E-03  0.2708E-02  0.1096E+02
   -0.900006    9.90576  0.8843E-13  0.6422E-05  0.2007E-07  0.5224E-03  0.2451E-02  0.4805E+01
   -0.937508    9.90645  0.8843E-13  0.6137E-05  0.1823E-07  0.5195E-03  0.2205E-02  0.4939E+01
   -0.975009    9.90713  0.8843E-13  0.5845E-05  0.1662E-07  0.5130E-03  0.1971E-02  0.5338E+01
   -1.012510    9.90782  0.8843E-13  0.5542E-05  0.1521E-07  0.5135E-03  0.1744E-02  0.4155E+01
   -1.050010    9.90849  0.8843E-13  0.5232E-05  0.1398E-07  0.5093E-03  0.1539E-02  0.3232E+01
   -1.087511    9.90916  0.8843E-13  0.4919E-05  0.1293E-07  0.4980E-03  0.1358E-02  0.2610E+01
   -1.125011    9.90984  0.8843E-13  0.4608E-05  0.1207E-07  0.4815E-03  0.1199E-02  0.2139E+01
   -1.162512    9.91052  0.8843E-13  0.4304E-05  0.1141E-07  0.4609E-03  0.1061E-02  0.1763E+01
   -1.200012    9.91123  0.8843E-13  0.4014E-05  0.1094E-07  0.4356E-03  0.9438E-03  0.1502E+01
   -1.237512    9.91196  0.8843E-13  0.3742E-05  0.1068E-07  0.3996E-03  0.8462E-03  0.1410E+01
   -1.275011    9.91275  0.8843E-13  0.3492E-05  0.1066E-07  0.3531E-03  0.7674E-03  0.1631E+01
   -1.312511    9.91364  0.8843E-13  0.3264E-05  0.1088E-07  0.3069E-03  0.7063E-03  0.2591E+01
   -1.350010    9.91463  0.8843E-13  0.3036E-05  0.1143E-07  0.2604E-03  0.6595E-03  0.5869E+01
   -1.387508    9.91579  0.8843E-13  0.2781E-05  0.1254E-07  0.2058E-03  0.6210E-03  0.1997E+02
   -1.425007    9.91724  0.8843E-13  0.2454E-05  0.1507E-07  0.1475E-03  0.5883E-03  0.1262E+03
   -1.462505    9.91922  0.8843E-13  0.1424E-05  0.3201E-07  0.1052E-04  0.5615E-03 -0.1364E+05
   -1.500003    9.94596  0.8843E-13  0.0000E+00  0.0000E+00  0.0000E+00  0.5540E-03  0.0000E+00
