 1 - depth, m
 2 - temperature, C
 3 - salinity, kg/kg
 4 - turbulent kinetic energy, m**2/s**2
 5 - dissipation rate, m**2/s**3
 6 - kinematic heat conductance, m**2/s
 7 - modulus of horizontal velocity, m/s
 8 - Richardson number, n/d
   -0.000000   12.29946  0.1006E-12  0.9769E-03  0.7486E-02  0.9439E-04  0.4214E+00 -0.2160E-02
   -0.037498   12.40021  0.1006E-12  0.4992E-03  0.4390E-02  0.1803E-03  0.1282E+00 -0.1115E+00
   -0.074996   12.43496  0.1006E-12  0.3154E-03  0.1396E-02  0.2615E-03  0.7500E-01 -0.1444E+00
   -0.112494   12.44862  0.1006E-12  0.2441E-03  0.8411E-03  0.2704E-03  0.5796E-01 -0.1228E+00
   -0.149992   12.45569  0.1006E-12  0.1990E-03  0.5394E-03  0.2752E-03  0.4851E-01 -0.9289E-01
   -0.187491   12.46019  0.1006E-12  0.1647E-03  0.3401E-03  0.2768E-03  0.4244E-01 -0.1543E+01
   -0.224991   12.46405  0.1006E-12  0.1392E-03  0.1996E-03  0.2861E-03  0.3778E-01  0.5667E-01
   -0.262490   12.46683  0.1006E-12  0.1188E-03  0.1190E-03  0.2962E-03  0.3437E-01  0.5217E+00
   -0.299990   12.46952  0.1006E-12  0.1031E-03  0.7388E-04  0.3134E-03  0.3128E-01  0.7863E+01
   -0.337490   12.47179  0.1006E-12  0.9082E-04  0.4589E-04  0.3352E-03  0.2860E-01  0.1109E+02
   -0.374990   12.47384  0.1006E-12  0.8083E-04  0.2829E-04  0.3519E-03  0.2631E-01  0.3869E+01
   -0.412490   12.47574  0.1006E-12  0.7251E-04  0.1738E-04  0.3766E-03  0.2432E-01  0.7521E+01
   -0.449991   12.47736  0.1006E-12  0.6597E-04  0.1076E-04  0.4007E-03  0.2273E-01  0.3515E+01
   -0.487491   12.47878  0.1006E-12  0.6073E-04  0.6773E-05  0.4271E-03  0.2149E-01  0.4159E+03
   -0.524992   12.48006  0.1006E-12  0.5653E-04  0.4389E-05  0.4479E-03  0.2062E-01  0.5276E+02
   -0.562493   12.48133  0.1006E-12  0.5302E-04  0.2951E-05  0.4624E-03  0.1956E-01  0.9679E+03
   -0.599994   12.48251  0.1007E-12  0.4994E-04  0.2065E-05  0.4744E-03  0.1850E-01  0.1775E+02
   -0.637495   12.48368  0.1007E-12  0.4703E-04  0.1494E-05  0.4935E-03  0.1742E-01  0.1120E+03
   -0.674996   12.48477  0.1007E-12  0.4446E-04  0.1124E-05  0.5143E-03  0.1645E-01  0.7479E+01
   -0.712497   12.48576  0.1007E-12  0.4223E-04  0.8781E-06  0.5289E-03  0.1559E-01  0.1711E+03
   -0.749998   12.48671  0.1007E-12  0.4019E-04  0.7070E-06  0.5492E-03  0.1478E-01  0.3004E+02
   -0.787500   12.48761  0.1007E-12  0.3832E-04  0.5834E-06  0.5687E-03  0.1401E-01  0.6232E+01
   -0.825001   12.48850  0.1007E-12  0.3658E-04  0.4932E-06  0.5887E-03  0.1328E-01  0.8847E+01
   -0.862502   12.48929  0.1007E-12  0.3493E-04  0.4244E-06  0.6015E-03  0.1258E-01  0.1053E+02
   -0.900003   12.49013  0.1007E-12  0.3333E-04  0.3710E-06  0.6161E-03  0.1190E-01  0.1519E+02
   -0.937504   12.49089  0.1007E-12  0.3178E-04  0.3277E-06  0.6292E-03  0.1124E-01  0.7547E+02
   -0.975005   12.49170  0.1007E-12  0.3023E-04  0.2916E-06  0.6344E-03  0.1059E-01  0.1215E+03
   -1.012505   12.49245  0.1007E-12  0.2864E-04  0.2610E-06  0.6530E-03  0.9936E-02  0.8904E+02
   -1.050006   12.49320  0.1007E-12  0.2703E-04  0.2348E-06  0.6790E-03  0.9345E-02  0.2602E+03
   -1.087507   12.49391  0.1007E-12  0.2541E-04  0.2124E-06  0.6868E-03  0.8801E-02  0.5090E+02
   -1.125007   12.49460  0.1007E-12  0.2377E-04  0.1931E-06  0.6762E-03  0.8297E-02  0.3318E+02
   -1.162507   12.49529  0.1007E-12  0.2210E-04  0.1764E-06  0.6539E-03  0.7827E-02  0.3282E+02
   -1.200007   12.49601  0.1007E-12  0.2042E-04  0.1625E-06  0.6190E-03  0.7390E-02  0.3569E+02
   -1.237507   12.49675  0.1007E-12  0.1872E-04  0.1515E-06  0.5693E-03  0.6986E-02  0.2577E+02
   -1.275006   12.49756  0.1007E-12  0.1700E-04  0.1439E-06  0.5013E-03  0.6615E-02  0.3253E+02
   -1.312505   12.49848  0.1007E-12  0.1526E-04  0.1413E-06  0.4194E-03  0.6277E-02  0.2583E+02
   -1.350004   12.49956  0.1007E-12  0.1344E-04  0.1470E-06  0.3237E-03  0.5972E-02  0.2485E+02
   -1.387503   12.50099  0.1007E-12  0.1145E-04  0.1685E-06  0.2364E-03  0.5688E-02  0.5154E+02
   -1.425001   12.50287  0.1007E-12  0.9007E-05  0.2347E-06  0.1468E-03  0.5410E-02  0.8031E+02
   -1.462499   12.50625  0.1007E-12  0.4972E-05  0.5192E-06  0.2772E-04  0.5101E-02 -0.4863E+04
   -1.499997   12.52813  0.1007E-12  0.0000E+00  0.0000E+00  0.0000E+00  0.4780E-02  0.0000E+00
