 1 - depth, m
 2 - temperature, C
 3 - salinity, kg/kg
 4 - turbulent kinetic energy, m**2/s**2
 5 - dissipation rate, m**2/s**3
 6 - kinematic heat conductance, m**2/s
 7 - modulus of horizontal velocity, m/s
 8 - Richardson number, n/d
   -0.000000   -0.00000  0.2466E-12  0.4096E-13  0.8590E-16  0.1000E-09  0.0000E+00  0.7216E+16
   -0.037498    0.10986  0.3285E-12  0.4096E-13  0.8590E-16  0.1000E-09  0.0000E+00  0.7024E+16
   -0.074996    0.22010  0.3538E-12  0.4096E-13  0.8590E-16  0.1000E-09  0.0000E+00  0.6828E+16
   -0.112494    0.33066  0.3271E-12  0.4096E-13  0.8590E-16  0.1000E-09  0.0000E+00  0.6628E+16
   -0.149993    0.44148  0.2745E-12  0.4096E-13  0.8590E-16  0.1000E-09  0.0000E+00  0.6424E+16
   -0.187492    0.55250  0.2199E-12  0.4096E-13  0.8590E-16  0.1000E-09  0.0000E+00  0.6215E+16
   -0.224992    0.66367  0.1758E-12  0.4096E-13  0.8590E-16  0.1000E-09  0.0000E+00  0.6004E+16
   -0.262491    0.77491  0.1446E-12  0.4096E-13  0.8590E-16  0.1000E-09  0.0000E+00  0.5789E+16
   -0.299991    0.88616  0.1244E-12  0.4096E-13  0.8590E-16  0.1000E-09  0.0000E+00  0.5571E+16
   -0.337491    0.99735  0.1120E-12  0.4096E-13  0.8590E-16  0.1000E-09  0.0000E+00  0.5352E+16
   -0.374991    1.10841  0.1047E-12  0.4096E-13  0.8590E-16  0.1000E-09  0.0000E+00  0.5134E+16
   -0.412492    1.21934  0.1003E-12  0.4096E-13  0.8590E-16  0.1000E-09  0.0000E+00  0.4916E+16
   -0.449993    1.33012  0.9759E-13  0.4096E-13  0.8590E-16  0.1000E-09  0.0000E+00  0.4698E+16
   -0.487493    1.44068  0.9585E-13  0.4096E-13  0.8590E-16  0.1000E-09  0.0000E+00  0.4478E+16
   -0.524994    1.55095  0.9460E-13  0.4096E-13  0.8590E-16  0.1000E-09  0.0000E+00  0.4257E+16
   -0.562495    1.66083  0.9362E-13  0.4096E-13  0.8590E-16  0.1000E-09  0.0000E+00  0.4037E+16
   -0.599996    1.77025  0.9279E-13  0.4096E-13  0.8590E-16  0.1000E-09  0.0000E+00  0.3818E+16
   -0.637498    1.87914  0.9206E-13  0.4096E-13  0.8590E-16  0.1000E-09  0.0000E+00  0.3600E+16
   -0.674999    1.98744  0.9141E-13  0.4096E-13  0.8590E-16  0.1000E-09  0.0000E+00  0.3384E+16
   -0.712500    2.09511  0.9085E-13  0.4096E-13  0.8590E-16  0.1000E-09  0.0000E+00  0.3171E+16
   -0.750002    2.20206  0.9036E-13  0.4096E-13  0.8590E-16  0.1000E-09  0.0000E+00  0.2964E+16
   -0.787503    2.30839  0.8996E-13  0.4096E-13  0.8590E-16  0.1000E-09  0.0000E+00  0.2761E+16
   -0.825004    2.41408  0.8963E-13  0.4096E-13  0.8590E-16  0.1000E-09  0.0000E+00  0.2561E+16
   -0.862505    2.51908  0.8939E-13  0.4096E-13  0.8590E-16  0.1000E-09  0.0000E+00  0.2364E+16
   -0.900007    2.62333  0.8921E-13  0.4096E-13  0.8590E-16  0.1000E-09  0.0000E+00  0.2170E+16
   -0.937508    2.72679  0.8908E-13  0.4096E-13  0.8590E-16  0.1000E-09  0.0000E+00  0.1980E+16
   -0.975009    2.82940  0.8900E-13  0.4096E-13  0.8590E-16  0.1000E-09  0.0000E+00  0.1793E+16
   -1.012510    2.93110  0.8894E-13  0.4096E-13  0.8590E-16  0.1000E-09  0.0000E+00  0.1613E+16
   -1.050011    3.03196  0.8891E-13  0.4096E-13  0.8590E-16  0.1000E-09  0.0000E+00  0.1437E+16
   -1.087511    3.13194  0.8889E-13  0.4096E-13  0.8590E-16  0.1000E-09  0.0000E+00  0.1265E+16
   -1.125012    3.23098  0.8888E-13  0.4096E-13  0.8590E-16  0.1000E-09  0.0000E+00  0.1108E+16
   -1.162512    3.33012  0.8888E-13  0.1410E-12  0.1688E-15  0.1000E-09  0.0000E+00  0.9536E+15
   -1.200012    3.42953  0.8888E-13  0.5613E-12  0.6182E-15  0.1000E-09  0.0000E+00  0.7984E+15
   -1.237512    3.52927  0.8887E-13  0.2156E-11  0.2302E-14  0.1000E-09  0.0000E+00  0.6426E+15
   -1.275012    3.62941  0.8887E-13  0.8118E-11  0.8460E-14  0.1000E-09  0.0000E+00  0.4857E+15
   -1.312511    3.73006  0.8887E-13  0.3008E-10  0.3071E-13  0.2419E-09  0.0000E+00  0.3270E+15
   -1.350010    3.83125  0.8887E-13  0.1096E-09  0.1104E-12  0.1612E-08  0.0000E+00  0.1657E+15
   -1.387509    3.93225  0.8887E-13  0.3883E-09  0.3935E-12  0.2827E-07  0.0000E+00  0.1501E+14
   -1.425007    4.01820  0.8887E-13  0.1170E-08  0.1409E-11  0.3500E-06  0.0000E+00 -0.2214E+14
   -1.462505    4.04833  0.8887E-13  0.1315E-08  0.2859E-11  0.1768E-06  0.0000E+00 -0.6391E+14
   -1.500003    4.09593  0.8887E-13  0.0000E+00  0.0000E+00  0.0000E+00  0.0000E+00  0.0000E+00
