 1 - depth, m
 2 - temperature, C
 3 - salinity, kg/kg
 4 - turbulent kinetic energy, m**2/s**2
 5 - dissipation rate, m**2/s**3
 6 - kinematic heat conductance, m**2/s
 7 - modulus of horizontal velocity, m/s
 8 - Richardson number, n/d
   -0.000000   -0.00000  0.8169E-12  0.4096E-13  0.8590E-16  0.1000E-09  0.0000E+00  0.1275E+17
   -0.037498    0.19641  0.4553E-12  0.4096E-13  0.8590E-16  0.1000E-09  0.0000E+00  0.1202E+17
   -0.074996    0.39205  0.2231E-12  0.4179E-13  0.8590E-16  0.1000E-09  0.0000E+00  0.1129E+17
   -0.112494    0.58666  0.1391E-12  0.1748E-12  0.8590E-16  0.1000E-09  0.0000E+00  0.1055E+17
   -0.149993    0.77997  0.1124E-12  0.4723E-12  0.1013E-15  0.1000E-09  0.0000E+00  0.9826E+16
   -0.187492    0.97171  0.1021E-12  0.9660E-12  0.1558E-15  0.1000E-09  0.0000E+00  0.9106E+16
   -0.224991    1.16161  0.9705E-13  0.1762E-11  0.2552E-15  0.1000E-09  0.0000E+00  0.8397E+16
   -0.262490    1.34943  0.9411E-13  0.3050E-11  0.4208E-15  0.1000E-09  0.0000E+00  0.7705E+16
   -0.299990    1.53498  0.9224E-13  0.5147E-11  0.6902E-15  0.1000E-09  0.0000E+00  0.7030E+16
   -0.337490    1.71805  0.9090E-13  0.8567E-11  0.1125E-14  0.1000E-09  0.0000E+00  0.6374E+16
   -0.374990    1.89843  0.8981E-13  0.1414E-10  0.1823E-14  0.1000E-09  0.0000E+00  0.5750E+16
   -0.412491    2.07627  0.8886E-13  0.2321E-10  0.2940E-14  0.1000E-09  0.0000E+00  0.5153E+16
   -0.449991    2.25160  0.8802E-13  0.3791E-10  0.4720E-14  0.1000E-09  0.0000E+00  0.4578E+16
   -0.487492    2.42427  0.8731E-13  0.6163E-10  0.7546E-14  0.1000E-09  0.0000E+00  0.4025E+16
   -0.524993    2.59419  0.8676E-13  0.9949E-10  0.1198E-13  0.1000E-09  0.0000E+00  0.3499E+16
   -0.562494    2.76136  0.8638E-13  0.1596E-09  0.1891E-13  0.1000E-09  0.0000E+00  0.2997E+16
   -0.599995    2.92574  0.8613E-13  0.2547E-09  0.2970E-13  0.1000E-09  0.0000E+00  0.2518E+16
   -0.637496    3.08726  0.8599E-13  0.4048E-09  0.4644E-13  0.1000E-09  0.0000E+00  0.2064E+16
   -0.674997    3.24590  0.8593E-13  0.6405E-09  0.7233E-13  0.1269E-09  0.0000E+00  0.1633E+16
   -0.712498    3.40158  0.8590E-13  0.1009E-08  0.1122E-12  0.2549E-09  0.0000E+00  0.1225E+16
   -0.749999    3.55414  0.8589E-13  0.1584E-08  0.1734E-12  0.5731E-09  0.0000E+00  0.8428E+15
   -0.787501    3.70385  0.8588E-13  0.2476E-08  0.2669E-12  0.1551E-08  0.0000E+00  0.4804E+15
   -0.825002    3.84981  0.8588E-13  0.3844E-08  0.4082E-12  0.8044E-08  0.0000E+00  0.1452E+15
   -0.862503    3.98539  0.8588E-13  0.4479E-08  0.4771E-12  0.9569E-05  0.0000E+00  0.1026E+13
   -0.900004    3.99229  0.8588E-13  0.4819E-08  0.5207E-12  0.1281E-04  0.0000E+00 -0.1528E+12
   -0.937505    3.99384  0.8588E-13  0.5105E-08  0.5642E-12  0.1429E-04  0.0000E+00 -0.1698E+12
   -0.975006    3.99521  0.8588E-13  0.5365E-08  0.6107E-12  0.1528E-04  0.0000E+00 -0.1861E+12
   -1.012507    3.99649  0.8588E-13  0.5600E-08  0.6609E-12  0.1588E-04  0.0000E+00 -0.2041E+12
   -1.050008    3.99771  0.8588E-13  0.5811E-08  0.7161E-12  0.1612E-04  0.0000E+00 -0.2253E+12
   -1.087508    3.99892  0.8588E-13  0.5996E-08  0.7772E-12  0.1602E-04  0.0000E+00 -0.2513E+12
   -1.125009    4.00014  0.8588E-13  0.6151E-08  0.8459E-12  0.1559E-04  0.0000E+00 -0.2842E+12
   -1.162509    4.00141  0.8588E-13  0.6272E-08  0.9245E-12  0.1486E-04  0.0000E+00 -0.3272E+12
   -1.200009    4.00274  0.8588E-13  0.6351E-08  0.1016E-11  0.1381E-04  0.0000E+00 -0.3854E+12
   -1.237508    4.00418  0.8588E-13  0.6377E-08  0.1127E-11  0.1245E-04  0.0000E+00 -0.4685E+12
   -1.275008    4.00578  0.8588E-13  0.6336E-08  0.1267E-11  0.1079E-04  0.0000E+00 -0.5950E+12
   -1.312507    4.00765  0.8588E-13  0.6201E-08  0.1453E-11  0.8816E-05  0.0000E+00 -0.8070E+12
   -1.350006    4.00994  0.8588E-13  0.5928E-08  0.1722E-11  0.6569E-05  0.0000E+00 -0.1218E+13
   -1.387505    4.01303  0.8588E-13  0.5428E-08  0.2172E-11  0.4136E-05  0.0000E+00 -0.2236E+13
   -1.425003    4.01792  0.8588E-13  0.4504E-08  0.3130E-11  0.1801E-05  0.0000E+00 -0.6323E+13
   -1.462501    4.02881  0.8588E-13  0.2908E-08  0.6225E-11  0.3073E-06  0.0000E+00 -0.4958E+14
   -1.499999    4.07654  0.8588E-13  0.0000E+00  0.0000E+00  0.0000E+00  0.0000E+00  0.0000E+00
