 1 - depth, m
 2 - temperature, C
 3 - salinity, kg/kg
 4 - turbulent kinetic energy, m**2/s**2
 5 - dissipation rate, m**2/s**3
 6 - kinematic heat conductance, m**2/s
 7 - modulus of horizontal velocity, m/s
 8 - Richardson number, n/d
   -0.000000   19.34931  0.9207E-13  0.3338E-03  0.4618E-03  0.7617E-04  0.1955E+00 -0.2755E-02
   -0.037497   19.46861  0.9206E-13  0.1752E-03  0.1383E-03  0.1348E-03  0.5988E-01 -0.7419E-01
   -0.074995   19.49362  0.9205E-13  0.1200E-03  0.5226E-04  0.1548E-03  0.3993E-01 -0.1988E+00
   -0.112494   19.50803  0.9205E-13  0.9308E-04  0.2779E-04  0.1576E-03  0.3290E-01 -0.5710E-01
   -0.149992   19.51843  0.9205E-13  0.7481E-04  0.1456E-04  0.1659E-03  0.2822E-01 -0.9805E-01
   -0.187491   19.52586  0.9205E-13  0.6152E-04  0.8135E-05  0.1766E-03  0.2463E-01 -0.7878E-01
   -0.224990   19.53219  0.9205E-13  0.5148E-04  0.4685E-05  0.1924E-03  0.2164E-01  0.1253E-01
   -0.262489   19.53733  0.9205E-13  0.4403E-04  0.2844E-05  0.2188E-03  0.1928E-01  0.1405E+02
   -0.299989   19.54145  0.9205E-13  0.3828E-04  0.1780E-05  0.2603E-03  0.1731E-01  0.1215E+04
   -0.337489   19.54481  0.9205E-13  0.3380E-04  0.1155E-05  0.3027E-03  0.1566E-01  0.9190E+02
   -0.374989   19.54762  0.9205E-13  0.3028E-04  0.7899E-06  0.3452E-03  0.1427E-01  0.3106E+02
   -0.412489   19.55000  0.9204E-13  0.2748E-04  0.5655E-06  0.3958E-03  0.1309E-01  0.1103E+03
   -0.449989   19.55205  0.9204E-13  0.2525E-04  0.4222E-06  0.4427E-03  0.1208E-01  0.4042E+02
   -0.487490   19.55375  0.9204E-13  0.2349E-04  0.3282E-06  0.4918E-03  0.1122E-01  0.5475E+03
   -0.524990   19.55522  0.9204E-13  0.2214E-04  0.2638E-06  0.5209E-03  0.1049E-01  0.9357E+02
   -0.562491   19.55697  0.9204E-13  0.2104E-04  0.2173E-06  0.5572E-03  0.9764E-02  0.4893E+02
   -0.599992   19.55819  0.9204E-13  0.2014E-04  0.1829E-06  0.5887E-03  0.9111E-02  0.4680E+03
   -0.637493   19.55930  0.9204E-13  0.1938E-04  0.1570E-06  0.6174E-03  0.8499E-02  0.7382E+02
   -0.674994   19.56035  0.9204E-13  0.1872E-04  0.1364E-06  0.6469E-03  0.7922E-02  0.3573E+02
   -0.712495   19.56133  0.9204E-13  0.1811E-04  0.1194E-06  0.6628E-03  0.7379E-02  0.5733E+02
   -0.749996   19.56279  0.9204E-13  0.1752E-04  0.1053E-06  0.6990E-03  0.6845E-02  0.3921E+02
   -0.787497   19.56366  0.9204E-13  0.1694E-04  0.9344E-07  0.7224E-03  0.6364E-02  0.3793E+02
   -0.824998   19.56997  0.9204E-13  0.1635E-04  0.8413E-07  0.9715E-03  0.5552E-02  0.4160E+02
   -0.862499   19.57058  0.9204E-13  0.1593E-04  0.7774E-07  0.9591E-03  0.5266E-02  0.9550E+01
   -0.900000   19.57952  0.9204E-13  0.1545E-04  0.7199E-07  0.8231E-03  0.4820E-02 -0.5791E+02
   -0.937501   19.58030  0.9204E-13  0.1493E-04  0.6704E-07  0.8216E-03  0.4473E-02  0.1278E+02
   -0.975002   19.58102  0.9204E-13  0.1447E-04  0.6337E-07  0.9428E-03  0.4150E-02  0.1340E+01
   -1.012502   19.58156  0.9204E-13  0.1394E-04  0.5985E-07  0.7860E-03  0.3842E-02  0.1395E+02
   -1.050003   19.65332  0.9204E-13  0.1317E-04  0.5584E-07  0.7306E-03  0.2834E-02  0.5395E+01
   -1.087503   19.65404  0.9204E-13  0.1236E-04  0.5297E-07  0.7009E-03  0.2532E-02  0.7469E+01
   -1.125004   19.65488  0.9204E-13  0.1152E-04  0.5103E-07  0.6674E-03  0.2264E-02  0.7385E+01
   -1.162504   19.65585  0.9204E-13  0.1069E-04  0.5017E-07  0.6215E-03  0.2028E-02  0.3299E+01
   -1.200003   19.65690  0.9204E-13  0.9863E-05  0.5086E-07  0.5610E-03  0.1826E-02 -0.1014E+00
   -1.237503   19.65812  0.9204E-13  0.9080E-05  0.5384E-07  0.5023E-03  0.1653E-02  0.7857E+01
   -1.275002   19.65926  0.9204E-13  0.8363E-05  0.6129E-07  0.4401E-03  0.1513E-02  0.1577E+01
   -1.312501   19.66127  0.9203E-13  0.7687E-05  0.7079E-07  0.3844E-03  0.1402E-02  0.7026E+01
   -1.350000   19.66281  0.9203E-13  0.6963E-05  0.8908E-07  0.2955E-03  0.1315E-02  0.4333E+02
   -1.387499   19.66613  0.9203E-13  0.6125E-05  0.1310E-06  0.2547E-03  0.1230E-02 -0.1836E+03
   -1.424997   19.66857  0.9203E-13  0.4975E-05  0.2422E-06  0.1216E-03  0.1168E-02  0.9626E+04
   -1.462495   19.68027  0.9203E-13  0.2991E-05  0.4438E-06  0.4073E-04  0.1079E-02 -0.1078E+05
   -1.499992   19.70171  0.9203E-13  0.0000E+00  0.0000E+00  0.0000E+00  0.1105E-02  0.0000E+00
