 1 - depth, m
 2 - temperature, C
 3 - salinity, kg/kg
 4 - turbulent kinetic energy, m**2/s**2
 5 - dissipation rate, m**2/s**3
 6 - kinematic heat conductance, m**2/s
 7 - modulus of horizontal velocity, m/s
 8 - Richardson number, n/d
   -0.000000   -0.00000  0.6433E-12  0.4096E-13  0.8590E-16  0.1000E-09  0.0000E+00  0.9141E+16
   -0.037498    0.13975  0.4626E-12  0.4096E-13  0.8590E-16  0.1000E-09  0.0000E+00  0.8683E+16
   -0.074995    0.27770  0.3164E-12  0.4096E-13  0.8590E-16  0.1000E-09  0.0000E+00  0.8241E+16
   -0.112494    0.41386  0.2032E-12  0.4096E-13  0.8590E-16  0.1000E-09  0.0000E+00  0.7812E+16
   -0.149992    0.54823  0.1410E-12  0.4096E-13  0.8590E-16  0.1000E-09  0.0000E+00  0.7397E+16
   -0.187491    0.68079  0.1146E-12  0.4096E-13  0.8590E-16  0.1000E-09  0.0000E+00  0.6993E+16
   -0.224990    0.81149  0.1055E-12  0.4096E-13  0.8590E-16  0.1000E-09  0.0000E+00  0.6600E+16
   -0.262490    0.94028  0.1028E-12  0.4096E-13  0.8590E-16  0.1000E-09  0.0000E+00  0.6225E+16
   -0.299989    1.06722  0.1021E-12  0.4096E-13  0.8590E-16  0.1000E-09  0.0000E+00  0.5861E+16
   -0.337489    1.19227  0.1019E-12  0.4096E-13  0.8590E-16  0.1000E-09  0.0000E+00  0.5507E+16
   -0.374989    1.31537  0.1018E-12  0.4096E-13  0.8590E-16  0.1000E-09  0.0000E+00  0.5207E+16
   -0.412489    1.43747  0.1017E-12  0.4096E-13  0.8590E-16  0.1000E-09  0.0000E+00  0.4938E+16
   -0.449990    1.55919  0.1015E-12  0.4096E-13  0.8590E-16  0.1000E-09  0.0000E+00  0.4672E+16
   -0.487490    1.68051  0.1011E-12  0.4096E-13  0.8590E-16  0.1000E-09  0.0000E+00  0.4407E+16
   -0.524991    1.80136  0.1004E-12  0.4096E-13  0.8590E-16  0.1000E-09  0.0000E+00  0.4137E+16
   -0.562492    1.92148  0.9951E-13  0.4096E-13  0.8590E-16  0.1000E-09  0.0000E+00  0.3872E+16
   -0.599993    2.04084  0.9842E-13  0.4096E-13  0.8590E-16  0.1000E-09  0.0000E+00  0.3611E+16
   -0.637494    2.15941  0.9728E-13  0.4096E-13  0.8590E-16  0.1000E-09  0.0000E+00  0.3355E+16
   -0.674995    2.27717  0.9622E-13  0.4096E-13  0.8590E-16  0.1000E-09  0.0000E+00  0.3104E+16
   -0.712496    2.39407  0.9534E-13  0.4096E-13  0.8590E-16  0.1000E-09  0.0000E+00  0.2858E+16
   -0.749997    2.51010  0.9466E-13  0.1374E-12  0.8590E-16  0.1000E-09  0.0000E+00  0.2633E+16
   -0.787498    2.62598  0.9416E-13  0.3972E-12  0.1681E-15  0.1000E-09  0.0000E+00  0.2415E+16
   -0.824999    2.74194  0.9379E-13  0.9768E-12  0.3766E-15  0.1000E-09  0.0000E+00  0.2197E+16
   -0.862500    2.85796  0.9353E-13  0.2273E-11  0.8432E-15  0.1000E-09  0.0000E+00  0.1979E+16
   -0.900001    2.97402  0.9336E-13  0.5175E-11  0.1866E-14  0.1000E-09  0.0000E+00  0.1762E+16
   -0.937502    3.09011  0.9323E-13  0.1163E-10  0.4087E-14  0.1000E-09  0.0000E+00  0.1545E+16
   -0.975003    3.20620  0.9315E-13  0.2587E-10  0.8866E-14  0.1000E-09  0.0000E+00  0.1328E+16
   -1.012503    3.32227  0.9309E-13  0.5717E-10  0.1911E-13  0.1000E-09  0.0000E+00  0.1122E+16
   -1.050004    3.43949  0.9305E-13  0.1257E-09  0.4099E-13  0.1243E-09  0.0000E+00  0.9132E+15
   -1.087504    3.55816  0.9304E-13  0.2741E-09  0.8726E-13  0.3467E-09  0.0000E+00  0.6963E+15
   -1.125005    3.67819  0.9303E-13  0.5925E-09  0.1842E-12  0.1072E-08  0.0000E+00  0.4748E+15
   -1.162505    3.80041  0.9303E-13  0.1268E-08  0.3852E-12  0.4421E-08  0.0000E+00  0.2397E+15
   -1.200005    3.92291  0.9303E-13  0.2609E-08  0.7783E-12  0.7274E-07  0.0000E+00  0.2763E+14
   -1.237504    4.00859  0.9303E-13  0.4005E-08  0.1208E-11  0.4951E-05  0.0000E+00 -0.1411E+13
   -1.275004    4.01232  0.9303E-13  0.4670E-08  0.1501E-11  0.5304E-05  0.0000E+00 -0.1587E+13
   -1.312503    4.01596  0.9303E-13  0.5119E-08  0.1836E-11  0.5105E-05  0.0000E+00 -0.1956E+13
   -1.350002    4.01991  0.9303E-13  0.5344E-08  0.2269E-11  0.4381E-05  0.0000E+00 -0.2704E+13
   -1.387500    4.02471  0.9303E-13  0.5274E-08  0.2924E-11  0.3166E-05  0.0000E+00 -0.4505E+13
   -1.424998    4.03158  0.9303E-13  0.4725E-08  0.4205E-11  0.1624E-05  0.0000E+00 -0.1103E+14
   -1.462496    4.04512  0.9303E-13  0.3397E-08  0.8092E-11  0.3527E-06  0.0000E+00 -0.6716E+14
   -1.499994    4.09606  0.9303E-13  0.0000E+00  0.0000E+00  0.0000E+00  0.0000E+00  0.0000E+00
