 1 - depth, m
 2 - temperature, C
 3 - salinity, kg/kg
 4 - turbulent kinetic energy, m**2/s**2
 5 - dissipation rate, m**2/s**3
 6 - kinematic heat conductance, m**2/s
 7 - modulus of horizontal velocity, m/s
 8 - Richardson number, n/d
   -0.000000   15.71613  0.9059E-13  0.1076E-02  0.7879E-02  0.1050E-03  0.5240E+00  0.2929E-01
   -0.037498   15.85427  0.9058E-13  0.5974E-03  0.4822E-02  0.2014E-03  0.1624E+00 -0.2901E+00
   -0.074996   15.91245  0.9058E-13  0.3703E-03  0.1512E-02  0.2688E-03  0.9382E-01 -0.6529E+00
   -0.112494   15.93315  0.9058E-13  0.2876E-03  0.9833E-03  0.3064E-03  0.7258E-01 -0.6970E-01
   -0.149993   15.94228  0.9058E-13  0.2365E-03  0.6846E-03  0.3097E-03  0.6068E-01  0.6030E-01
   -0.187492   15.94828  0.9058E-13  0.1975E-03  0.4760E-03  0.3177E-03  0.5258E-01 -0.2793E-02
   -0.224991   15.95305  0.9058E-13  0.1684E-03  0.3278E-03  0.3335E-03  0.4669E-01  0.4783E+01
   -0.262491   15.95648  0.9058E-13  0.1459E-03  0.2214E-03  0.3451E-03  0.4288E-01  0.7012E+00
   -0.299991   15.95945  0.9058E-13  0.1281E-03  0.1464E-03  0.3582E-03  0.3967E-01  0.1569E+01
   -0.337491   15.96221  0.9058E-13  0.1136E-03  0.9481E-04  0.3786E-03  0.3681E-01  0.1447E+01
   -0.374991   15.96467  0.9058E-13  0.1015E-03  0.6025E-04  0.4003E-03  0.3434E-01  0.6724E+00
   -0.412492   15.96699  0.9058E-13  0.9159E-04  0.3769E-04  0.4291E-03  0.3221E-01  0.4954E+01
   -0.449992   15.96891  0.9058E-13  0.8339E-04  0.2347E-04  0.4556E-03  0.3039E-01  0.1376E+02
   -0.487493   15.97081  0.9058E-13  0.7673E-04  0.1468E-04  0.4835E-03  0.2896E-01  0.2294E+01
   -0.524994   15.97247  0.9058E-13  0.7131E-04  0.9270E-05  0.5219E-03  0.2796E-01  0.3120E+02
   -0.562495   15.97395  0.9058E-13  0.6684E-04  0.5962E-05  0.5443E-03  0.2672E-01  0.3780E+02
   -0.599996   15.97606  0.9058E-13  0.6252E-04  0.3925E-05  0.5904E-03  0.2511E-01  0.5498E+02
   -0.637497   15.97737  0.9058E-13  0.5889E-04  0.2655E-05  0.6384E-03  0.2396E-01  0.1132E+03
   -0.674998   15.97870  0.9058E-13  0.5571E-04  0.1854E-05  0.6889E-03  0.2290E-01  0.4555E+02
   -0.712500   15.97995  0.9058E-13  0.5288E-04  0.1343E-05  0.7440E-03  0.2189E-01  0.8930E+02
   -0.750001   15.98107  0.9058E-13  0.5033E-04  0.1023E-05  0.8059E-03  0.2093E-01  0.1029E+03
   -0.787502   15.98206  0.9058E-13  0.4802E-04  0.8068E-06  0.8566E-03  0.2003E-01  0.1710E+03
   -0.825004   15.98312  0.9058E-13  0.4592E-04  0.6609E-06  0.8917E-03  0.1916E-01  0.1729E+03
   -0.862505   15.98413  0.9058E-13  0.4396E-04  0.5566E-06  0.9220E-03  0.1831E-01  0.2943E+03
   -0.900006   15.98531  0.9058E-13  0.4210E-04  0.4806E-06  0.9349E-03  0.1748E-01  0.1881E+03
   -0.937507   15.98617  0.9058E-13  0.4039E-04  0.4266E-06  0.9911E-03  0.1667E-01  0.2755E+03
   -0.975008   15.98777  0.9058E-13  0.3878E-04  0.3863E-06  0.9106E-03  0.1593E-01  0.4797E+03
   -1.012509   16.04980  0.9058E-13  0.3617E-04  0.3343E-06  0.9753E-03  0.1115E-01  0.3149E+03
   -1.050010   16.05073  0.9058E-13  0.3403E-04  0.2997E-06  0.9752E-03  0.1048E-01  0.1439E+03
   -1.087510   16.05156  0.9058E-13  0.3184E-04  0.2702E-06  0.8888E-03  0.9863E-02  0.9502E+02
   -1.125011   16.05233  0.9058E-13  0.2949E-04  0.2445E-06  0.8438E-03  0.9222E-02  0.3961E+03
   -1.162511   16.05319  0.9058E-13  0.2710E-04  0.2229E-06  0.7947E-03  0.8632E-02  0.2692E+02
   -1.200011   16.05402  0.9058E-13  0.2466E-04  0.2056E-06  0.7367E-03  0.8078E-02  0.2036E+02
   -1.237511   16.05495  0.9058E-13  0.2219E-04  0.1934E-06  0.6740E-03  0.7563E-02  0.2531E+02
   -1.275011   16.05595  0.9058E-13  0.1967E-04  0.1886E-06  0.5869E-03  0.7088E-02  0.2320E+02
   -1.312510   16.05724  0.9058E-13  0.1716E-04  0.1954E-06  0.4940E-03  0.6658E-02  0.2977E+04
   -1.350009   16.05876  0.9058E-13  0.1457E-04  0.2250E-06  0.3714E-03  0.6278E-02  0.2766E+02
   -1.387508   16.06144  0.9058E-13  0.1178E-04  0.2936E-06  0.2677E-03  0.5911E-02  0.2092E+03
   -1.425006   16.06458  0.9058E-13  0.8601E-05  0.4828E-06  0.1345E-03  0.5539E-02  0.7692E+04
   -1.462504   16.07391  0.9058E-13  0.5057E-05  0.1030E-05  0.6176E-04  0.5074E-02 -0.9396E+03
   -1.500002   16.09185  0.9058E-13  0.0000E+00  0.0000E+00  0.0000E+00  0.4969E-02  0.0000E+00
