 1 - depth, m
 2 - temperature, C
 3 - salinity, kg/kg
 4 - turbulent kinetic energy, m**2/s**2
 5 - dissipation rate, m**2/s**3
 6 - kinematic heat conductance, m**2/s
 7 - modulus of horizontal velocity, m/s
 8 - Richardson number, n/d
   -0.000000   15.58703  0.9363E-13  0.1101E-02  0.1074E-01  0.1504E-03  0.5247E+00  0.6823E-02
   -0.037498   15.72036  0.9362E-13  0.5906E-03  0.6851E-02  0.1984E-03  0.1660E+00  0.8100E-01
   -0.074996   15.78953  0.9362E-13  0.3673E-03  0.2182E-02  0.2823E-03  0.9578E-01  0.4041E+00
   -0.112494   15.81042  0.9362E-13  0.2868E-03  0.1378E-02  0.2960E-03  0.7446E-01  0.6147E-01
   -0.149993   15.82007  0.9362E-13  0.2348E-03  0.9375E-03  0.3042E-03  0.6264E-01  0.2900E-02
   -0.187492   15.82626  0.9362E-13  0.1953E-03  0.6484E-03  0.3085E-03  0.5511E-01  0.1003E+01
   -0.224991   15.83096  0.9362E-13  0.1650E-03  0.4402E-03  0.3219E-03  0.4944E-01  0.2719E+01
   -0.262491   15.83434  0.9362E-13  0.1421E-03  0.2939E-03  0.3303E-03  0.4551E-01  0.9391E+01
   -0.299991   15.83813  0.9362E-13  0.1239E-03  0.1978E-03  0.3402E-03  0.4201E-01  0.5973E+01
   -0.337491   15.84107  0.9362E-13  0.1088E-03  0.1296E-03  0.3502E-03  0.3899E-01  0.2126E+01
   -0.374991   15.84352  0.9362E-13  0.9639E-04  0.8494E-04  0.3699E-03  0.3636E-01  0.5637E+02
   -0.412491   15.84599  0.9362E-13  0.8581E-04  0.5525E-04  0.3860E-03  0.3406E-01  0.1414E+02
   -0.449992   15.84802  0.9362E-13  0.7714E-04  0.3578E-04  0.4069E-03  0.3227E-01  0.8126E+02
   -0.487493   15.84982  0.9362E-13  0.7010E-04  0.2316E-04  0.4255E-03  0.3091E-01  0.3472E+02
   -0.524994   15.85134  0.9362E-13  0.6447E-04  0.1506E-04  0.4414E-03  0.2999E-01  0.4038E+02
   -0.562495   15.85533  0.9362E-13  0.5989E-04  0.9905E-05  0.4502E-03  0.2879E-01  0.1835E+02
   -0.599996   15.85954  0.9362E-13  0.5585E-04  0.6607E-05  0.4705E-03  0.2735E-01  0.3358E+02
   -0.637497   15.86231  0.9362E-13  0.5212E-04  0.4450E-05  0.4964E-03  0.2557E-01  0.1597E+04
   -0.674998   15.86877  0.9362E-13  0.4837E-04  0.3007E-05  0.5245E-03  0.2384E-01  0.3843E+02
   -0.712500   15.87027  0.9362E-13  0.4536E-04  0.2088E-05  0.5413E-03  0.2296E-01  0.4371E+02
   -0.750001   15.87227  0.9362E-13  0.4284E-04  0.1500E-05  0.5862E-03  0.2218E-01  0.1010E+02
   -0.787502   15.87424  0.9362E-13  0.4075E-04  0.1098E-05  0.6027E-03  0.2146E-01  0.1447E+04
   -0.825003   15.87596  0.9362E-13  0.3909E-04  0.8363E-06  0.6189E-03  0.2079E-01  0.3755E+02
   -0.862505   15.87757  0.9362E-13  0.3779E-04  0.6590E-06  0.4690E-03  0.2018E-01  0.2555E+03
   -0.900006   16.31513  0.9360E-13  0.3499E-04  0.5181E-06  0.6526E-03  0.1195E-01  0.4346E+03
   -0.937507   16.35262  0.9360E-13  0.3243E-04  0.4127E-06  0.7389E-03  0.8788E-02  0.1407E+03
   -0.975008   16.35451  0.9360E-13  0.3036E-04  0.3421E-06  0.7752E-03  0.8235E-02  0.1274E+03
   -1.012509   16.35575  0.9360E-13  0.2841E-04  0.2924E-06  0.7989E-03  0.7691E-02  0.1200E+03
   -1.050010   16.35675  0.9360E-13  0.2653E-04  0.2532E-06  0.7968E-03  0.7234E-02  0.7487E+02
   -1.087510   16.35788  0.9360E-13  0.2460E-04  0.2205E-06  0.7860E-03  0.6776E-02  0.6388E+02
   -1.125011   16.35878  0.9360E-13  0.2272E-04  0.1958E-06  0.7734E-03  0.6342E-02  0.2464E+02
   -1.162511   16.35964  0.9360E-13  0.2088E-04  0.1775E-06  0.7146E-03  0.5958E-02  0.2615E+02
   -1.200011   16.36078  0.9360E-13  0.1903E-04  0.1651E-06  0.6534E-03  0.5594E-02  0.3414E+02
   -1.237511   16.36186  0.9360E-13  0.1717E-04  0.1600E-06  0.5896E-03  0.5245E-02  0.6263E+02
   -1.275010   16.36319  0.9360E-13  0.1535E-04  0.1652E-06  0.5026E-03  0.4935E-02  0.2365E+03
   -1.312510   16.36501  0.9360E-13  0.1355E-04  0.1856E-06  0.4215E-03  0.4654E-02  0.7692E+02
   -1.350009   16.36630  0.9360E-13  0.1166E-04  0.2509E-06  0.3172E-03  0.4403E-02  0.7928E+02
   -1.387507   16.37041  0.9360E-13  0.9640E-05  0.3567E-06  0.2424E-03  0.4148E-02  0.1568E+04
   -1.425006   16.37190  0.9360E-13  0.7323E-05  0.6536E-06  0.1352E-03  0.3906E-02  0.3428E+04
   -1.462504   16.38264  0.9360E-13  0.4340E-05  0.1207E-05  0.5024E-04  0.3602E-02 -0.8342E+04
   -1.500002   16.40251  0.9360E-13  0.0000E+00  0.0000E+00  0.0000E+00  0.3479E-02  0.0000E+00
