 1 - depth, m
 2 - temperature, C
 3 - salinity, kg/kg
 4 - turbulent kinetic energy, m**2/s**2
 5 - dissipation rate, m**2/s**3
 6 - kinematic heat conductance, m**2/s
 7 - modulus of horizontal velocity, m/s
 8 - Richardson number, n/d
   -0.000000   -0.00000  0.2357E-11  0.7442E-07  0.3424E-09  0.8941E-08  0.0000E+00  0.1056E+18
   -0.037499    2.24178  0.7046E-11  0.5771E-06  0.2396E-09  0.2918E-07  0.0000E+00  0.2369E+17
   -0.074998    4.26298  0.8592E-11  0.5853E-06  0.2400E-09  0.4585E-03  0.0000E+00 -0.3331E+13
   -0.112498    4.26374  0.8592E-11  0.5888E-06  0.2402E-09  0.4483E-03  0.0000E+00 -0.3208E+13
   -0.149998    4.26450  0.8593E-11  0.5918E-06  0.2404E-09  0.4527E-03  0.0000E+00 -0.3101E+13
   -0.187498    4.26523  0.8593E-11  0.5944E-06  0.2407E-09  0.4562E-03  0.0000E+00 -0.3027E+13
   -0.224999    4.26594  0.8593E-11  0.5965E-06  0.2411E-09  0.4589E-03  0.0000E+00 -0.2948E+13
   -0.262500    4.26663  0.8593E-11  0.5981E-06  0.2416E-09  0.4607E-03  0.0000E+00 -0.2899E+13
   -0.300001    4.26731  0.8593E-11  0.5994E-06  0.2422E-09  0.4618E-03  0.0000E+00 -0.2844E+13
   -0.337502    4.26797  0.8593E-11  0.6003E-06  0.2429E-09  0.4619E-03  0.0000E+00 -0.2815E+13
   -0.375004    4.26862  0.8593E-11  0.6008E-06  0.2437E-09  0.4613E-03  0.0000E+00 -0.2779E+13
   -0.412506    4.26927  0.8593E-11  0.6009E-06  0.2447E-09  0.4598E-03  0.0000E+00 -0.2767E+13
   -0.450008    4.26991  0.8593E-11  0.6006E-06  0.2458E-09  0.4575E-03  0.0000E+00 -0.2749E+13
   -0.487510    4.27054  0.8594E-11  0.6000E-06  0.2471E-09  0.4543E-03  0.0000E+00 -0.2755E+13
   -0.525012    4.27117  0.8594E-11  0.5991E-06  0.2487E-09  0.4503E-03  0.0000E+00 -0.2762E+13
   -0.562514    4.27181  0.8594E-11  0.5978E-06  0.2504E-09  0.4453E-03  0.0000E+00 -0.2791E+13
   -0.600017    4.27245  0.8594E-11  0.5962E-06  0.2524E-09  0.4397E-03  0.0000E+00 -0.2815E+13
   -0.637519    4.27309  0.8594E-11  0.5942E-06  0.2546E-09  0.4331E-03  0.0000E+00 -0.2863E+13
   -0.675022    4.27375  0.8594E-11  0.5918E-06  0.2571E-09  0.4257E-03  0.0000E+00 -0.2907E+13
   -0.712524    4.27441  0.8594E-11  0.5890E-06  0.2599E-09  0.4174E-03  0.0000E+00 -0.2975E+13
   -0.750027    4.27509  0.8594E-11  0.5859E-06  0.2631E-09  0.4084E-03  0.0000E+00 -0.3040E+13
   -0.787529    4.27578  0.8594E-11  0.5823E-06  0.2666E-09  0.3983E-03  0.0000E+00 -0.3132E+13
   -0.825032    4.27649  0.8594E-11  0.5784E-06  0.2706E-09  0.3875E-03  0.0000E+00 -0.3225E+13
   -0.862534    4.27722  0.8594E-11  0.5739E-06  0.2751E-09  0.3757E-03  0.0000E+00 -0.3347E+13
   -0.900037    4.27798  0.8595E-11  0.5690E-06  0.2801E-09  0.3631E-03  0.0000E+00 -0.3475E+13
   -0.937539    4.27876  0.8595E-11  0.5635E-06  0.2858E-09  0.3495E-03  0.0000E+00 -0.3637E+13
   -0.975042    4.27958  0.8595E-11  0.5575E-06  0.2923E-09  0.3351E-03  0.0000E+00 -0.3812E+13
   -1.012544    4.28044  0.8595E-11  0.5508E-06  0.2997E-09  0.3197E-03  0.0000E+00 -0.4026E+13
   -1.050046    4.28134  0.8595E-11  0.5433E-06  0.3084E-09  0.3032E-03  0.0000E+00 -0.4267E+13
   -1.087548    4.28230  0.8595E-11  0.5350E-06  0.3185E-09  0.2854E-03  0.0000E+00 -0.4570E+13
   -1.125049    4.28332  0.8595E-11  0.5256E-06  0.3306E-09  0.2666E-03  0.0000E+00 -0.4925E+13
   -1.162551    4.28442  0.8595E-11  0.5150E-06  0.3450E-09  0.2464E-03  0.0000E+00 -0.5378E+13
   -1.200052    4.28561  0.8595E-11  0.5031E-06  0.3626E-09  0.2252E-03  0.0000E+00 -0.5935E+13
   -1.237553    4.28692  0.8595E-11  0.4895E-06  0.3846E-09  0.2027E-03  0.0000E+00 -0.6665E+13
   -1.275054    4.28839  0.8595E-11  0.4740E-06  0.4126E-09  0.1791E-03  0.0000E+00 -0.7623E+13
   -1.312555    4.29006  0.8595E-11  0.4559E-06  0.4497E-09  0.1544E-03  0.0000E+00 -0.8961E+13
   -1.350055    4.29201  0.8595E-11  0.4347E-06  0.5010E-09  0.1281E-03  0.0000E+00 -0.1095E+14
   -1.387555    4.29438  0.8595E-11  0.4092E-06  0.5774E-09  0.1053E-03  0.0000E+00 -0.1353E+14
   -1.425055    4.29730  0.8595E-11  0.3673E-06  0.7464E-09  0.4240E-04  0.0000E+00 -0.3440E+14
   -1.462554    4.30456  0.8595E-11  0.2103E-06  0.1813E-08  0.3906E-05  0.0000E+00 -0.4149E+15
   -1.500053    4.38070  0.8596E-11  0.0000E+00  0.0000E+00  0.0000E+00  0.0000E+00  0.0000E+00
