 1 - depth, m
 2 - temperature, C
 3 - salinity, kg/kg
 4 - turbulent kinetic energy, m**2/s**2
 5 - dissipation rate, m**2/s**3
 6 - kinematic heat conductance, m**2/s
 7 - modulus of horizontal velocity, m/s
 8 - Richardson number, n/d
   -0.000000   14.73877  0.5403E-11  0.5109E-03  0.1661E-02  0.9814E-04  0.3047E+00 -0.1728E-01
   -0.037497   14.96312  0.5402E-11  0.2696E-03  0.7281E-03  0.1267E-03  0.9688E-01  0.1005E+00
   -0.074995   15.10696  0.5401E-11  0.1695E-03  0.2055E-03  0.1790E-03  0.5667E-01  0.3779E+01
   -0.112493   15.16338  0.5401E-11  0.1296E-03  0.1173E-03  0.1932E-03  0.4343E-01  0.3548E+00
   -0.149992   15.18753  0.5401E-11  0.1045E-03  0.7331E-04  0.2020E-03  0.3614E-01  0.4316E+01
   -0.187491   15.20440  0.5401E-11  0.8574E-04  0.4582E-04  0.2235E-03  0.3102E-01  0.1100E+01
   -0.224990   15.21698  0.5401E-11  0.7152E-04  0.2811E-04  0.2511E-03  0.2732E-01  0.7294E+00
   -0.262489   15.22513  0.5401E-11  0.6063E-04  0.1710E-04  0.2783E-03  0.2461E-01  0.1216E+02
   -0.299989   15.23256  0.5401E-11  0.5234E-04  0.1032E-04  0.2959E-03  0.2224E-01  0.2422E+02
   -0.337488   15.23865  0.5400E-11  0.4590E-04  0.6211E-05  0.3343E-03  0.2019E-01  0.1429E+03
   -0.374988   15.24407  0.5400E-11  0.4086E-04  0.3805E-05  0.3763E-03  0.1848E-01  0.2379E+03
   -0.412488   15.24827  0.5400E-11  0.3687E-04  0.2351E-05  0.4225E-03  0.1707E-01  0.4041E+02
   -0.449989   15.25238  0.5400E-11  0.3362E-04  0.1462E-05  0.4671E-03  0.1590E-01  0.2958E+02
   -0.487489   15.25555  0.5400E-11  0.3100E-04  0.9300E-06  0.5091E-03  0.1494E-01  0.4017E+02
   -0.524990   15.25865  0.5400E-11  0.2894E-04  0.6221E-06  0.5415E-03  0.1414E-01  0.4898E+01
   -0.562491   15.26402  0.5400E-11  0.2728E-04  0.4474E-06  0.5907E-03  0.1336E-01  0.3806E+02
   -0.599991   15.27027  0.5400E-11  0.2590E-04  0.3406E-06  0.6256E-03  0.1260E-01  0.2598E+03
   -0.637492   15.27233  0.5400E-11  0.2484E-04  0.2768E-06  0.6395E-03  0.1200E-01  0.3356E+02
   -0.674993   15.27878  0.5400E-11  0.2380E-04  0.2316E-06  0.6786E-03  0.1115E-01  0.3962E+02
   -0.712494   15.28058  0.5400E-11  0.2301E-04  0.1996E-06  0.6761E-03  0.1064E-01  0.8404E+02
   -0.749995   15.28464  0.5400E-11  0.2234E-04  0.1775E-06  0.6427E-03  0.1007E-01  0.6621E+02
   -0.787496   15.34238  0.5400E-11  0.2121E-04  0.1532E-06  0.6424E-03  0.8117E-02  0.6540E+03
   -0.824997   15.40776  0.5400E-11  0.2007E-04  0.1334E-06  0.7370E-03  0.6761E-02  0.1223E+02
   -0.862498   15.40938  0.5400E-11  0.1924E-04  0.1204E-06  0.7640E-03  0.6407E-02  0.5865E+02
   -0.899999   15.41057  0.5400E-11  0.1850E-04  0.1099E-06  0.6919E-03  0.6079E-02  0.2123E+02
   -0.937500   15.44380  0.5400E-11  0.1749E-04  0.9792E-07  0.6964E-03  0.4711E-02  0.1195E+04
   -0.975001   15.48775  0.5399E-11  0.1649E-04  0.8850E-07  0.7524E-03  0.3837E-02  0.1780E+04
   -1.012501   15.48905  0.5399E-11  0.1558E-04  0.8110E-07  0.7561E-03  0.3542E-02  0.6017E+02
   -1.050002   15.49785  0.5399E-11  0.1462E-04  0.7480E-07  0.7567E-03  0.3093E-02  0.3174E+01
   -1.087502   15.49904  0.5399E-11  0.1367E-04  0.6999E-07  0.7112E-03  0.2833E-02  0.1897E+02
   -1.125002   15.50048  0.5399E-11  0.1271E-04  0.6692E-07  0.6759E-03  0.2589E-02  0.4554E+01
   -1.162502   15.50176  0.5399E-11  0.1174E-04  0.6557E-07  0.6388E-03  0.2351E-02  0.3495E+01
   -1.200002   15.50310  0.5399E-11  0.1082E-04  0.6726E-07  0.5730E-03  0.2162E-02  0.1423E+02
   -1.237502   15.50480  0.5399E-11  0.9857E-05  0.7204E-07  0.4987E-03  0.1982E-02  0.1611E+03
   -1.275001   15.50626  0.5399E-11  0.8912E-05  0.8371E-07  0.4331E-03  0.1813E-02  0.9307E+02
   -1.312500   15.50900  0.5399E-11  0.8012E-05  0.1042E-06  0.3679E-03  0.1677E-02  0.1091E+06
   -1.349999   15.51095  0.5399E-11  0.7032E-05  0.1491E-06  0.2919E-03  0.1566E-02  0.2880E+02
   -1.387497   15.51640  0.5399E-11  0.6004E-05  0.2281E-06  0.2394E-03  0.1453E-02  0.7784E+02
   -1.424995   15.51867  0.5399E-11  0.4769E-05  0.4713E-06  0.1274E-03  0.1370E-02 -0.1594E+04
   -1.462493   15.53483  0.5399E-11  0.2935E-05  0.8069E-06  0.4681E-04  0.1256E-02 -0.2079E+05
   -1.499991   15.56011  0.5399E-11  0.0000E+00  0.0000E+00  0.0000E+00  0.1302E-02  0.0000E+00
