 1 - depth, m
 2 - temperature, C
 3 - salinity, kg/kg
 4 - turbulent kinetic energy, m**2/s**2
 5 - dissipation rate, m**2/s**3
 6 - kinematic heat conductance, m**2/s
 7 - modulus of horizontal velocity, m/s
 8 - Richardson number, n/d
   -0.000000    0.00000  0.0000E+00  0.5426E-08  0.9752E-11  0.6442E-09  0.0000E+00  0.7695E+17
   -0.068754    1.42024  0.0000E+00  0.6539E-07  0.9869E-11  0.1209E-08  0.0000E+00  0.4160E+17
   -0.137508    2.78690  0.0000E+00  0.1915E-06  0.1891E-10  0.8522E-08  0.0000E+00  0.1137E+17
   -0.206263    4.05617  0.0000E+00  0.1928E-06  0.1903E-10  0.6367E-03  0.0000E+00 -0.3170E+12
   -0.275019    4.05646  0.0000E+00  0.1933E-06  0.1909E-10  0.6280E-03  0.0000E+00 -0.3106E+12
   -0.343775    4.05674  0.0000E+00  0.1938E-06  0.1916E-10  0.6292E-03  0.0000E+00 -0.3028E+12
   -0.412532    4.05702  0.0000E+00  0.1943E-06  0.1924E-10  0.6300E-03  0.0000E+00 -0.2967E+12
   -0.481289    4.05729  0.0000E+00  0.1946E-06  0.1933E-10  0.6301E-03  0.0000E+00 -0.2919E+12
   -0.550047    4.05755  0.0000E+00  0.1949E-06  0.1942E-10  0.6295E-03  0.0000E+00 -0.2882E+12
   -0.618805    4.05781  0.0000E+00  0.1952E-06  0.1953E-10  0.6283E-03  0.0000E+00 -0.2857E+12
   -0.687563    4.05807  0.0000E+00  0.1954E-06  0.1965E-10  0.6265E-03  0.0000E+00 -0.2839E+12
   -0.756322    4.05832  0.0000E+00  0.1956E-06  0.1978E-10  0.6239E-03  0.0000E+00 -0.2831E+12
   -0.825081    4.05857  0.0000E+00  0.1957E-06  0.1992E-10  0.6207E-03  0.0000E+00 -0.2829E+12
   -0.893841    4.05882  0.0000E+00  0.1958E-06  0.2008E-10  0.6168E-03  0.0000E+00 -0.2838E+12
   -0.962600    4.05907  0.0000E+00  0.1958E-06  0.2026E-10  0.6122E-03  0.0000E+00 -0.2853E+12
   -1.031360    4.05932  0.0000E+00  0.1958E-06  0.2046E-10  0.6069E-03  0.0000E+00 -0.2880E+12
   -1.100120    4.05958  0.0000E+00  0.1958E-06  0.2067E-10  0.6009E-03  0.0000E+00 -0.2912E+12
   -1.168880    4.05983  0.0000E+00  0.1957E-06  0.2091E-10  0.5942E-03  0.0000E+00 -0.2954E+12
   -1.237640    4.06009  0.0000E+00  0.1956E-06  0.2117E-10  0.5868E-03  0.0000E+00 -0.3001E+12
   -1.306401    4.06035  0.0000E+00  0.1954E-06  0.2145E-10  0.5788E-03  0.0000E+00 -0.3059E+12
   -1.375161    4.06061  0.0000E+00  0.1952E-06  0.2177E-10  0.5700E-03  0.0000E+00 -0.3122E+12
   -1.443921    4.06088  0.0000E+00  0.1949E-06  0.2211E-10  0.5605E-03  0.0000E+00 -0.3194E+12
   -1.512682    4.06116  0.0000E+00  0.1946E-06  0.2249E-10  0.5503E-03  0.0000E+00 -0.3271E+12
   -1.581442    4.06143  0.0000E+00  0.1942E-06  0.2291E-10  0.5392E-03  0.0000E+00 -0.3360E+12
   -1.650202    4.06172  0.0000E+00  0.1938E-06  0.2338E-10  0.5272E-03  0.0000E+00 -0.3458E+12
   -1.718962    4.06201  0.0000E+00  0.1933E-06  0.2392E-10  0.5142E-03  0.0000E+00 -0.3572E+12
   -1.787722    4.06232  0.0000E+00  0.1928E-06  0.2452E-10  0.5002E-03  0.0000E+00 -0.3699E+12
   -1.856481    4.06263  0.0000E+00  0.1922E-06  0.2520E-10  0.4851E-03  0.0000E+00 -0.3846E+12
   -1.925241    4.06295  0.0000E+00  0.1915E-06  0.2598E-10  0.4689E-03  0.0000E+00 -0.4013E+12
   -1.994000    4.06328  0.0000E+00  0.1907E-06  0.2688E-10  0.4515E-03  0.0000E+00 -0.4207E+12
   -2.062759    4.06363  0.0000E+00  0.1898E-06  0.2792E-10  0.4329E-03  0.0000E+00 -0.4428E+12
   -2.131517    4.06400  0.0000E+00  0.1888E-06  0.2913E-10  0.4130E-03  0.0000E+00 -0.4689E+12
   -2.200275    4.06438  0.0000E+00  0.1878E-06  0.3058E-10  0.3917E-03  0.0000E+00 -0.4995E+12
   -2.269033    4.06479  0.0000E+00  0.1865E-06  0.3233E-10  0.3685E-03  0.0000E+00 -0.5364E+12
   -2.337790    4.06523  0.0000E+00  0.1851E-06  0.3459E-10  0.3423E-03  0.0000E+00 -0.5834E+12
   -2.406547    4.06570  0.0000E+00  0.1834E-06  0.3761E-10  0.3129E-03  0.0000E+00 -0.6457E+12
   -2.475303    4.06622  0.0000E+00  0.1813E-06  0.4197E-10  0.2818E-03  0.0000E+00 -0.7255E+12
   -2.544059    4.06679  0.0000E+00  0.1777E-06  0.5063E-10  0.1575E-03  0.0000E+00 -0.1319E+13
   -2.612814    4.06784  0.0000E+00  0.1692E-06  0.7569E-10  0.7112E-04  0.0000E+00 -0.3009E+13
   -2.681568    4.07017  0.0000E+00  0.1046E-06  0.3493E-09  0.4303E-05  0.0000E+00 -0.6149E+14
   -2.750322    4.10838  0.0000E+00  0.0000E+00  0.0000E+00  0.0000E+00  0.0000E+00  0.0000E+00
