 1 - depth, m
 2 - temperature, C
 3 - salinity, kg/kg
 4 - turbulent kinetic energy, m**2/s**2
 5 - dissipation rate, m**2/s**3
 6 - kinematic heat conductance, m**2/s
 7 - modulus of horizontal velocity, m/s
 8 - Richardson number, n/d
   -0.000000   12.83733  0.0000E+00  0.5468E-03  0.4417E-03  0.7433E-04  0.2252E+00 -0.2741E+00
   -0.068743   12.89842  0.0000E+00  0.2988E-03  0.1173E-03  0.4021E-03  0.6099E-01  0.5026E+02
   -0.137487   12.91021  0.0000E+00  0.2227E-03  0.5781E-04  0.4046E-03  0.4729E-01  0.2099E+02
   -0.206231   12.91671  0.0000E+00  0.1725E-03  0.3192E-04  0.4186E-03  0.4026E-01  0.2778E+02
   -0.274976   12.92096  0.0000E+00  0.1391E-03  0.1840E-04  0.4311E-03  0.3568E-01  0.5444E+01
   -0.343721   12.92412  0.0000E+00  0.1141E-03  0.1068E-04  0.4575E-03  0.3156E-01  0.3478E+02
   -0.412467   12.92663  0.0000E+00  0.9537E-04  0.6327E-05  0.4921E-03  0.2805E-01  0.1088E+02
   -0.481214   12.92872  0.0000E+00  0.8144E-04  0.3854E-05  0.5320E-03  0.2499E-01  0.7960E+02
   -0.549960   12.93053  0.0000E+00  0.7081E-04  0.2450E-05  0.5774E-03  0.2233E-01  0.3040E+01
   -0.618708   12.93212  0.0000E+00  0.6256E-04  0.1636E-05  0.6245E-03  0.2005E-01  0.2816E+01
   -0.687455   12.93355  0.0000E+00  0.5607E-04  0.1150E-05  0.6749E-03  0.1807E-01  0.7651E+01
   -0.756203   12.93483  0.0000E+00  0.5087E-04  0.8452E-06  0.7262E-03  0.1635E-01  0.9302E+01
   -0.824952   12.93600  0.0000E+00  0.4662E-04  0.6444E-06  0.7792E-03  0.1485E-01  0.1151E+02
   -0.893700   12.93705  0.0000E+00  0.4308E-04  0.5060E-06  0.8371E-03  0.1354E-01  0.6054E+01
   -0.962449   12.93801  0.0000E+00  0.4010E-04  0.4068E-06  0.8894E-03  0.1238E-01  0.4371E+01
   -1.031198   12.93889  0.0000E+00  0.3757E-04  0.3339E-06  0.9370E-03  0.1135E-01  0.3881E+01
   -1.099947   12.93971  0.0000E+00  0.3539E-04  0.2787E-06  0.9847E-03  0.1041E-01  0.4735E+02
   -1.168697   12.94047  0.0000E+00  0.3346E-04  0.2361E-06  0.1029E-02  0.9547E-02  0.6094E+01
   -1.237446   12.94119  0.0000E+00  0.3175E-04  0.2025E-06  0.1072E-02  0.8757E-02  0.5669E+01
   -1.306196   12.94186  0.0000E+00  0.3020E-04  0.1756E-06  0.1113E-02  0.8028E-02  0.4899E+01
   -1.374945   12.94249  0.0000E+00  0.2878E-04  0.1537E-06  0.1149E-02  0.7353E-02  0.8874E+01
   -1.443695   12.94309  0.0000E+00  0.2747E-04  0.1356E-06  0.1187E-02  0.6724E-02  0.6803E+01
   -1.512444   12.94366  0.0000E+00  0.2624E-04  0.1205E-06  0.1226E-02  0.6135E-02  0.4648E+02
   -1.581194   12.94420  0.0000E+00  0.2508E-04  0.1077E-06  0.1265E-02  0.5594E-02  0.6475E+01
   -1.649943   12.94470  0.0000E+00  0.2399E-04  0.9676E-07  0.1310E-02  0.5100E-02  0.1165E+02
   -1.718692   12.94519  0.0000E+00  0.2296E-04  0.8746E-07  0.1352E-02  0.4648E-02  0.1111E+02
   -1.787441   12.94565  0.0000E+00  0.2199E-04  0.7952E-07  0.1390E-02  0.4233E-02  0.3547E+02
   -1.856190   12.94608  0.0000E+00  0.2108E-04  0.7274E-07  0.1439E-02  0.3849E-02  0.3178E+02
   -1.924939   12.94650  0.0000E+00  0.2022E-04  0.6696E-07  0.1474E-02  0.3493E-02  0.1421E+02
   -1.993687   12.94689  0.0000E+00  0.1940E-04  0.6206E-07  0.1488E-02  0.3162E-02  0.4059E+02
   -2.062435   12.94728  0.0000E+00  0.1862E-04  0.5798E-07  0.1487E-02  0.2851E-02  0.2807E+02
   -2.131183   12.94765  0.0000E+00  0.1788E-04  0.5466E-07  0.1463E-02  0.2559E-02  0.6020E+02
   -2.199930   12.94803  0.0000E+00  0.1718E-04  0.5211E-07  0.1415E-02  0.2283E-02  0.5693E+02
   -2.268677   12.94841  0.0000E+00  0.1649E-04  0.5035E-07  0.1347E-02  0.2021E-02  0.7654E+02
   -2.337423   12.94880  0.0000E+00  0.1582E-04  0.4945E-07  0.1250E-02  0.1778E-02  0.4456E+02
   -2.406169   12.94922  0.0000E+00  0.1515E-04  0.4967E-07  0.1104E-02  0.1554E-02  0.9222E+02
   -2.474914   12.94968  0.0000E+00  0.1445E-04  0.5160E-07  0.9320E-03  0.1347E-02  0.1332E+03
   -2.543659   12.95022  0.0000E+00  0.1365E-04  0.5685E-07  0.7330E-03  0.1150E-02  0.2444E+03
   -2.612404   12.95090  0.0000E+00  0.1251E-04  0.7196E-07  0.4791E-03  0.9574E-03  0.8122E+03
   -2.681147   12.95197  0.0000E+00  0.7160E-05  0.2249E-06  0.3424E-04  0.7535E-03 -0.5783E+05
   -2.749890   12.96638  0.0000E+00  0.0000E+00  0.0000E+00  0.0000E+00  0.7522E-03  0.0000E+00
