 1 - depth, m
 2 - temperature, C
 3 - salinity, kg/kg
 4 - turbulent kinetic energy, m**2/s**2
 5 - dissipation rate, m**2/s**3
 6 - kinematic heat conductance, m**2/s
 7 - modulus of horizontal velocity, m/s
 8 - Richardson number, n/d
   -0.000000    0.00000  0.0000E+00  0.7232E-06  0.3672E-08  0.1504E-06  0.0000E+00  0.1255E+18
   -0.068772    4.74268  0.0000E+00  0.1312E-05  0.2293E-08  0.2832E-03  0.0000E+00 -0.5710E+14
   -0.137545    4.74752  0.0000E+00  0.1437E-05  0.2065E-08  0.3376E-03  0.0000E+00 -0.4625E+14
   -0.206318    4.75143  0.0000E+00  0.1536E-05  0.1910E-08  0.4103E-03  0.0000E+00 -0.3691E+14
   -0.275092    4.75454  0.0000E+00  0.1618E-05  0.1797E-08  0.4769E-03  0.0000E+00 -0.3084E+14
   -0.343866    4.75712  0.0000E+00  0.1687E-05  0.1711E-08  0.5391E-03  0.0000E+00 -0.2657E+14
   -0.412641    4.75935  0.0000E+00  0.1746E-05  0.1642E-08  0.5972E-03  0.0000E+00 -0.2340E+14
   -0.481416    4.76130  0.0000E+00  0.1797E-05  0.1587E-08  0.6513E-03  0.0000E+00 -0.2100E+14
   -0.550192    4.76304  0.0000E+00  0.1842E-05  0.1541E-08  0.7018E-03  0.0000E+00 -0.1911E+14
   -0.618968    4.76463  0.0000E+00  0.1881E-05  0.1502E-08  0.7487E-03  0.0000E+00 -0.1762E+14
   -0.687745    4.76609  0.0000E+00  0.1917E-05  0.1468E-08  0.7924E-03  0.0000E+00 -0.1638E+14
   -0.756522    4.76745  0.0000E+00  0.1948E-05  0.1440E-08  0.8326E-03  0.0000E+00 -0.1536E+14
   -0.825299    4.76871  0.0000E+00  0.1976E-05  0.1416E-08  0.8696E-03  0.0000E+00 -0.1450E+14
   -0.894077    4.76991  0.0000E+00  0.2000E-05  0.1395E-08  0.9033E-03  0.0000E+00 -0.1380E+14
   -0.962854    4.77105  0.0000E+00  0.2022E-05  0.1377E-08  0.9337E-03  0.0000E+00 -0.1320E+14
   -1.031632    4.77213  0.0000E+00  0.2041E-05  0.1363E-08  0.9608E-03  0.0000E+00 -0.1269E+14
   -1.100410    4.77317  0.0000E+00  0.2057E-05  0.1350E-08  0.9840E-03  0.0000E+00 -0.1226E+14
   -1.169189    4.77418  0.0000E+00  0.2071E-05  0.1341E-08  0.1015E-02  0.0000E+00 -0.1168E+14
   -1.237967    4.77514  0.0000E+00  0.2082E-05  0.1334E-08  0.1075E-02  0.0000E+00 -0.1113E+14
   -1.306746    4.77604  0.0000E+00  0.2092E-05  0.1329E-08  0.1054E-02  0.0000E+00 -0.1106E+14
   -1.375524    4.77696  0.0000E+00  0.2099E-05  0.1326E-08  0.1090E-02  0.0000E+00 -0.1080E+14
   -1.444303    4.77783  0.0000E+00  0.2104E-05  0.1325E-08  0.1078E-02  0.0000E+00 -0.1065E+14
   -1.513081    4.77871  0.0000E+00  0.2108E-05  0.1327E-08  0.1090E-02  0.0000E+00 -0.1064E+14
   -1.581859    4.77956  0.0000E+00  0.2109E-05  0.1331E-08  0.1089E-02  0.0000E+00 -0.1040E+14
   -1.650638    4.78042  0.0000E+00  0.2109E-05  0.1338E-08  0.1073E-02  0.0000E+00 -0.1067E+14
   -1.719416    4.78128  0.0000E+00  0.2108E-05  0.1348E-08  0.1037E-02  0.0000E+00 -0.1089E+14
   -1.788194    4.78216  0.0000E+00  0.2104E-05  0.1361E-08  0.1075E-02  0.0000E+00 -0.1035E+14
   -1.856972    4.78300  0.0000E+00  0.2098E-05  0.1378E-08  0.1022E-02  0.0000E+00 -0.1102E+14
   -1.925749    4.78389  0.0000E+00  0.2091E-05  0.1400E-08  0.9849E-03  0.0000E+00 -0.1129E+14
   -1.994526    4.78480  0.0000E+00  0.2081E-05  0.1429E-08  0.9590E-03  0.0000E+00 -0.1152E+14
   -2.063303    4.78573  0.0000E+00  0.2069E-05  0.1464E-08  0.9275E-03  0.0000E+00 -0.1186E+14
   -2.132080    4.78669  0.0000E+00  0.2055E-05  0.1509E-08  0.8908E-03  0.0000E+00 -0.1228E+14
   -2.200856    4.78768  0.0000E+00  0.2039E-05  0.1565E-08  0.8487E-03  0.0000E+00 -0.1283E+14
   -2.269632    4.78871  0.0000E+00  0.2019E-05  0.1637E-08  0.8004E-03  0.0000E+00 -0.1354E+14
   -2.338407    4.78979  0.0000E+00  0.1996E-05  0.1735E-08  0.7433E-03  0.0000E+00 -0.1454E+14
   -2.407182    4.79096  0.0000E+00  0.1967E-05  0.1872E-08  0.6765E-03  0.0000E+00 -0.1591E+14
   -2.475956    4.79223  0.0000E+00  0.1932E-05  0.2076E-08  0.5963E-03  0.0000E+00 -0.1801E+14
   -2.544730    4.79367  0.0000E+00  0.1885E-05  0.2413E-08  0.5085E-03  0.0000E+00 -0.2107E+14
   -2.613504    4.79535  0.0000E+00  0.1802E-05  0.3202E-08  0.3700E-03  0.0000E+00 -0.2882E+14
   -2.682276    4.79765  0.0000E+00  0.1136E-05  0.1266E-07  0.1446E-04  0.0000E+00 -0.7584E+15
   -2.751048    4.85586  0.0000E+00  0.0000E+00  0.0000E+00  0.0000E+00  0.0000E+00  0.0000E+00
