 1 - depth, m
 2 - temperature, C
 3 - salinity, kg/kg
 4 - turbulent kinetic energy, m**2/s**2
 5 - dissipation rate, m**2/s**3
 6 - kinematic heat conductance, m**2/s
 7 - modulus of horizontal velocity, m/s
 8 - Richardson number, n/d
   -0.000000   17.03534  0.0000E+00  0.5234E-03  0.5345E-03  0.9943E-04  0.2303E+00 -0.5678E-01
   -0.068732   17.18009  0.0000E+00  0.2754E-03  0.1395E-03  0.3687E-03  0.6332E-01 -0.7810E+01
   -0.137465   17.20993  0.0000E+00  0.2024E-03  0.6169E-04  0.3797E-03  0.4811E-01 -0.1520E+01
   -0.206198   17.22549  0.0000E+00  0.1559E-03  0.3098E-04  0.4378E-03  0.4026E-01  0.9738E+01
   -0.274932   17.23504  0.0000E+00  0.1253E-03  0.1700E-04  0.4744E-03  0.3518E-01  0.1389E+01
   -0.343667   17.24230  0.0000E+00  0.1032E-03  0.9488E-05  0.5340E-03  0.3091E-01  0.3064E+01
   -0.412402   17.24803  0.0000E+00  0.8764E-04  0.5499E-05  0.6065E-03  0.2736E-01  0.1173E+02
   -0.481138   17.25272  0.0000E+00  0.7606E-04  0.3317E-05  0.6853E-03  0.2434E-01  0.1427E+02
   -0.549874   17.25675  0.0000E+00  0.6722E-04  0.2100E-05  0.7748E-03  0.2171E-01  0.2287E+02
   -0.618610   17.26009  0.0000E+00  0.6054E-04  0.1409E-05  0.8645E-03  0.1956E-01  0.3906E+02
   -0.687347   17.26294  0.0000E+00  0.5535E-04  0.9966E-06  0.9546E-03  0.1775E-01  0.1911E+02
   -0.756084   17.26544  0.0000E+00  0.5124E-04  0.7380E-06  0.1070E-02  0.1618E-01  0.2000E+03
   -0.824822   17.26765  0.0000E+00  0.4796E-04  0.5682E-06  0.1208E-02  0.1482E-01  0.6679E+02
   -0.893559   17.26957  0.0000E+00  0.4529E-04  0.4518E-06  0.1364E-02  0.1363E-01  0.3697E+03
   -0.962297   17.27126  0.0000E+00  0.4309E-04  0.3692E-06  0.1520E-02  0.1257E-01  0.1516E+03
   -1.031035   17.27272  0.0000E+00  0.4128E-04  0.3090E-06  0.1665E-02  0.1162E-01  0.2955E+03
   -1.099774   17.27398  0.0000E+00  0.3975E-04  0.2638E-06  0.1799E-02  0.1075E-01  0.1460E+03
   -1.168512   17.27509  0.0000E+00  0.3842E-04  0.2290E-06  0.1920E-02  0.9939E-02  0.1870E+03
   -1.237251   17.27607  0.0000E+00  0.3725E-04  0.2016E-06  0.2023E-02  0.9175E-02  0.2070E+03
   -1.305990   17.27695  0.0000E+00  0.3617E-04  0.1795E-06  0.2099E-02  0.8454E-02  0.1367E+03
   -1.374728   17.27777  0.0000E+00  0.3513E-04  0.1612E-06  0.2155E-02  0.7767E-02  0.1826E+03
   -1.443467   17.27856  0.0000E+00  0.3411E-04  0.1457E-06  0.2193E-02  0.7111E-02  0.1217E+03
   -1.512206   17.27932  0.0000E+00  0.3307E-04  0.1324E-06  0.2219E-02  0.6481E-02  0.3954E+02
   -1.580944   17.28007  0.0000E+00  0.3200E-04  0.1208E-06  0.2236E-02  0.5888E-02  0.1606E+02
   -1.649683   17.28081  0.0000E+00  0.3090E-04  0.1107E-06  0.2239E-02  0.5334E-02  0.7601E+01
   -1.718421   17.28154  0.0000E+00  0.2976E-04  0.1019E-06  0.2228E-02  0.4817E-02  0.5377E+01
   -1.787159   17.28226  0.0000E+00  0.2859E-04  0.9427E-07  0.2200E-02  0.4335E-02  0.3886E+01
   -1.855897   17.28299  0.0000E+00  0.2739E-04  0.8779E-07  0.2154E-02  0.3884E-02  0.3201E+01
   -1.924635   17.28373  0.0000E+00  0.2616E-04  0.8241E-07  0.2093E-02  0.3465E-02  0.2744E+01
   -1.993372   17.28448  0.0000E+00  0.2489E-04  0.7817E-07  0.2021E-02  0.3076E-02  0.2381E+01
   -2.062110   17.28525  0.0000E+00  0.2361E-04  0.7512E-07  0.1937E-02  0.2716E-02  0.2087E+01
   -2.130846   17.28604  0.0000E+00  0.2231E-04  0.7343E-07  0.1838E-02  0.2382E-02  0.1858E+01
   -2.199583   17.28688  0.0000E+00  0.2102E-04  0.7330E-07  0.1715E-02  0.2075E-02  0.1700E+01
   -2.268319   17.28776  0.0000E+00  0.1975E-04  0.7511E-07  0.1576E-02  0.1792E-02  0.1600E+01
   -2.337054   17.28873  0.0000E+00  0.1848E-04  0.8027E-07  0.1387E-02  0.1545E-02  0.1145E+02
   -2.405790   17.28988  0.0000E+00  0.1707E-04  0.9325E-07  0.1211E-02  0.1330E-02  0.1101E+02
   -2.474524   17.29140  0.0000E+00  0.1524E-04  0.1250E-06  0.9167E-03  0.1128E-02  0.4992E+03
   -2.543258   17.29423  0.0000E+00  0.1292E-04  0.1927E-06  0.7563E-03  0.8907E-03  0.1900E+04
   -2.611992   17.29621  0.0000E+00  0.9899E-05  0.4454E-06  0.3555E-03  0.6866E-03  0.2471E+04
   -2.680724   17.30893  0.0000E+00  0.6277E-05  0.1197E-05  0.1902E-03  0.3859E-03 -0.2922E+04
   -2.749457   17.31863  0.0000E+00  0.0000E+00  0.0000E+00  0.0000E+00  0.6344E-03  0.0000E+00
