 1 - depth, m
 2 - temperature, C
 3 - salinity, kg/kg
 4 - turbulent kinetic energy, m**2/s**2
 5 - dissipation rate, m**2/s**3
 6 - kinematic heat conductance, m**2/s
 7 - modulus of horizontal velocity, m/s
 8 - Richardson number, n/d
   -0.000000   10.08354  0.4710E-12  0.9785E-05  0.4915E-06  0.2836E-04  0.1639E-01 -0.3578E+00
   -0.068746   10.13592  0.4710E-12  0.9831E-05  0.1582E-06  0.1758E-03  0.9860E-02  0.8652E+03
   -0.137493   10.14587  0.4710E-12  0.9762E-05  0.9008E-07  0.3035E-03  0.7956E-02  0.2794E+02
   -0.206240   10.15110  0.4710E-12  0.9742E-05  0.6287E-07  0.4382E-03  0.6901E-02  0.3439E+02
   -0.274988   10.15442  0.4710E-12  0.9759E-05  0.4870E-07  0.5796E-03  0.6211E-02  0.2236E+02
   -0.343736   10.15677  0.4710E-12  0.9809E-05  0.4012E-07  0.7322E-03  0.5706E-02  0.9134E+01
   -0.412485   10.15852  0.4710E-12  0.9884E-05  0.3440E-07  0.8900E-03  0.5304E-02  0.3754E+02
   -0.481234   10.15988  0.4710E-12  0.9974E-05  0.3032E-07  0.1037E-02  0.4964E-02  0.5281E+02
   -0.549984   10.16099  0.4710E-12  0.1007E-04  0.2726E-07  0.1165E-02  0.4665E-02  0.1790E+02
   -0.618734   10.16193  0.4710E-12  0.1017E-04  0.2487E-07  0.1270E-02  0.4393E-02  0.5840E+01
   -0.687485   10.16276  0.4710E-12  0.1027E-04  0.2293E-07  0.1368E-02  0.4139E-02  0.6096E+01
   -0.756236   10.16351  0.4710E-12  0.1035E-04  0.2132E-07  0.1438E-02  0.3900E-02  0.6507E+01
   -0.824987   10.16420  0.4710E-12  0.1042E-04  0.1995E-07  0.1509E-02  0.3671E-02  0.6929E+01
   -0.893738   10.16485  0.4710E-12  0.1048E-04  0.1878E-07  0.1574E-02  0.3451E-02  0.7286E+01
   -0.962490   10.16545  0.4710E-12  0.1052E-04  0.1777E-07  0.1635E-02  0.3239E-02  0.7712E+01
   -1.031242   10.16601  0.4710E-12  0.1054E-04  0.1689E-07  0.1692E-02  0.3034E-02  0.8154E+01
   -1.099994   10.16655  0.4710E-12  0.1054E-04  0.1611E-07  0.1742E-02  0.2836E-02  0.8686E+01
   -1.168747   10.16705  0.4710E-12  0.1053E-04  0.1544E-07  0.1787E-02  0.2643E-02  0.9295E+01
   -1.237499   10.16753  0.4710E-12  0.1049E-04  0.1484E-07  0.1824E-02  0.2455E-02  0.1009E+02
   -1.306251   10.16799  0.4710E-12  0.1044E-04  0.1432E-07  0.1854E-02  0.2271E-02  0.1109E+02
   -1.375004   10.16842  0.4710E-12  0.1036E-04  0.1386E-07  0.1876E-02  0.2091E-02  0.1253E+02
   -1.443756   10.16885  0.4710E-12  0.1026E-04  0.1346E-07  0.1889E-02  0.1914E-02  0.1466E+02
   -1.512509   10.16925  0.4710E-12  0.1015E-04  0.1311E-07  0.1893E-02  0.1740E-02  0.1844E+02
   -1.581261   10.16965  0.4710E-12  0.1001E-04  0.1282E-07  0.1887E-02  0.1569E-02  0.2649E+02
   -1.650013   10.17004  0.4710E-12  0.9859E-05  0.1257E-07  0.1873E-02  0.1400E-02  0.5609E+02
   -1.718766   10.17042  0.4710E-12  0.9688E-05  0.1237E-07  0.1846E-02  0.1234E-02  0.9396E+03
   -1.787518   10.17079  0.4710E-12  0.9496E-05  0.1222E-07  0.1846E-02  0.1069E-02  0.5098E+01
   -1.856269   10.17116  0.4710E-12  0.9289E-05  0.1211E-07  0.1843E-02  0.9278E-03  0.2586E+01
   -1.925021   10.17153  0.4710E-12  0.9072E-05  0.1208E-07  0.1834E-02  0.8080E-03  0.1829E+01
   -1.993772   10.17189  0.4710E-12  0.8850E-05  0.1212E-07  0.1810E-02  0.7073E-03  0.1574E+01
   -2.062523   10.17226  0.4710E-12  0.8634E-05  0.1226E-07  0.1756E-02  0.6218E-03  0.1548E+01
   -2.131274   10.17263  0.4710E-12  0.8425E-05  0.1251E-07  0.1679E-02  0.5459E-03  0.1575E+01
   -2.200024   10.17301  0.4710E-12  0.8224E-05  0.1289E-07  0.1592E-02  0.4780E-03  0.1717E+01
   -2.268774   10.17340  0.4710E-12  0.8031E-05  0.1344E-07  0.1493E-02  0.4168E-03  0.1997E+01
   -2.337523   10.17382  0.4710E-12  0.7835E-05  0.1426E-07  0.1363E-02  0.3635E-03  0.2626E+01
   -2.406272   10.17427  0.4710E-12  0.7630E-05  0.1549E-07  0.1220E-02  0.3168E-03  0.3958E+01
   -2.475020   10.17477  0.4710E-12  0.7399E-05  0.1752E-07  0.1029E-02  0.2759E-03  0.9643E+01
   -2.543768   10.17537  0.4710E-12  0.7091E-05  0.2148E-07  0.8885E-03  0.2381E-03  0.4613E+03
   -2.612515   10.17613  0.4710E-12  0.6486E-05  0.3391E-07  0.4500E-03  0.2021E-03  0.5381E+04
   -2.681262   10.17874  0.4710E-12  0.3958E-05  0.1248E-06  0.6081E-04  0.1431E-03 -0.2218E+06
   -2.750008   10.18930  0.4710E-12  0.0000E+00  0.0000E+00  0.0000E+00  0.1554E-03  0.0000E+00
