 1 - depth, m
 2 - temperature, C
 3 - salinity, kg/kg
 4 - turbulent kinetic energy, m**2/s**2
 5 - dissipation rate, m**2/s**3
 6 - kinematic heat conductance, m**2/s
 7 - modulus of horizontal velocity, m/s
 8 - Richardson number, n/d
   -0.000000    9.10432  0.4751E-12  0.8317E-05  0.3792E-06  0.2365E-04  0.2110E-01 -0.2877E-01
   -0.068746    9.11713  0.4752E-12  0.7603E-05  0.1250E-06  0.6498E-04  0.1475E-01 -0.9281E-01
   -0.137492    9.12142  0.4752E-12  0.7178E-05  0.6941E-07  0.1152E-03  0.1252E-01 -0.1821E+00
   -0.206240    9.12389  0.4752E-12  0.6836E-05  0.4633E-07  0.1915E-03  0.1122E-01  0.3090E+00
   -0.274987    9.12555  0.4752E-12  0.6535E-05  0.3389E-07  0.2963E-03  0.1034E-01  0.3106E+02
   -0.343736    9.12678  0.4752E-12  0.6268E-05  0.2616E-07  0.3760E-03  0.9698E-02  0.2541E+02
   -0.412484    9.12778  0.4752E-12  0.6037E-05  0.2091E-07  0.4686E-03  0.9205E-02  0.1570E+02
   -0.481234    9.12860  0.4752E-12  0.5839E-05  0.1716E-07  0.5719E-03  0.8812E-02  0.1623E+02
   -0.549983    9.12930  0.4752E-12  0.5674E-05  0.1438E-07  0.6818E-03  0.8494E-02  0.1888E+02
   -0.618734    9.12989  0.4752E-12  0.5542E-05  0.1229E-07  0.8044E-03  0.8232E-02  0.2150E+02
   -0.687484    9.13039  0.4752E-12  0.5444E-05  0.1071E-07  0.9445E-03  0.8015E-02  0.2975E+02
   -0.756235    9.13079  0.4752E-12  0.5377E-05  0.9502E-08  0.1065E-02  0.7835E-02  0.1105E+02
   -0.824986    9.13114  0.4752E-12  0.5338E-05  0.8579E-08  0.1179E-02  0.7682E-02  0.2070E+02
   -0.893738    9.13143  0.4752E-12  0.5323E-05  0.7878E-08  0.1285E-02  0.7550E-02  0.1258E+02
   -0.962489    9.13169  0.4752E-12  0.5327E-05  0.7343E-08  0.1366E-02  0.7437E-02  0.1534E+01
   -1.031241    9.13194  0.4752E-12  0.5346E-05  0.6937E-08  0.1427E-02  0.7340E-02  0.1387E+01
   -1.099993    9.13219  0.4752E-12  0.5378E-05  0.6650E-08  0.1483E-02  0.7257E-02  0.1262E+01
   -1.168746    9.13244  0.4752E-12  0.5422E-05  0.6471E-08  0.1532E-02  0.7190E-02  0.1154E+01
   -1.237498    9.13268  0.4752E-12  0.5469E-05  0.6394E-08  0.1552E-02  0.7137E-02  0.9298E+00
   -1.306250    9.13293  0.4752E-12  0.5563E-05  0.6354E-08  0.1000E-09  0.7104E-02 -0.6981E+02
   -1.375003   11.98599  0.4751E-12  0.5541E-05  0.6106E-08  0.1672E-02  0.4333E-03  0.1660E+01
   -1.443755   11.98623  0.4751E-12  0.5528E-05  0.6004E-08  0.1619E-02  0.4064E-03  0.1476E+01
   -1.512507   11.98647  0.4751E-12  0.5511E-05  0.5924E-08  0.1629E-02  0.3751E-03  0.1412E+01
   -1.581260   11.98671  0.4751E-12  0.5490E-05  0.5864E-08  0.1629E-02  0.3448E-03  0.1365E+01
   -1.650012   11.98694  0.4751E-12  0.5466E-05  0.5824E-08  0.1623E-02  0.3152E-03  0.1321E+01
   -1.718764   11.98717  0.4751E-12  0.5439E-05  0.5804E-08  0.1610E-02  0.2861E-03  0.1300E+01
   -1.787516   11.98740  0.4751E-12  0.5408E-05  0.5804E-08  0.1592E-02  0.2578E-03  0.1213E+01
   -1.856268   11.98762  0.4751E-12  0.5374E-05  0.5824E-08  0.1566E-02  0.2334E-03  0.1305E+01
   -1.925019   11.98785  0.4751E-12  0.5336E-05  0.5865E-08  0.1532E-02  0.2122E-03  0.1488E+01
   -1.993770   11.98808  0.4751E-12  0.5293E-05  0.5935E-08  0.1489E-02  0.1935E-03  0.1789E+01
   -2.062521   11.98832  0.4751E-12  0.5247E-05  0.6036E-08  0.1440E-02  0.1765E-03  0.2211E+01
   -2.131272   11.98856  0.4751E-12  0.5197E-05  0.6176E-08  0.1383E-02  0.1603E-03  0.2661E+01
   -2.200022   11.98881  0.4751E-12  0.5142E-05  0.6368E-08  0.1316E-02  0.1447E-03  0.3312E+01
   -2.268772   11.98907  0.4751E-12  0.5082E-05  0.6631E-08  0.1238E-02  0.1293E-03  0.4241E+01
   -2.337521   11.98935  0.4751E-12  0.5013E-05  0.7009E-08  0.1145E-02  0.1145E-03  0.5839E+01
   -2.406270   11.98964  0.4751E-12  0.4931E-05  0.7569E-08  0.1035E-02  0.1003E-03  0.8799E+01
   -2.475018   11.98996  0.4751E-12  0.4830E-05  0.8451E-08  0.9022E-03  0.8661E-04  0.1485E+02
   -2.543766   11.99033  0.4751E-12  0.4698E-05  0.9985E-08  0.7326E-03  0.7329E-04  0.3063E+02
   -2.612513   11.99078  0.4751E-12  0.4495E-05  0.1331E-07  0.5663E-03  0.6006E-04  0.9484E+02
   -2.681259   11.99136  0.4751E-12  0.3043E-05  0.5158E-07  0.2711E-04  0.4749E-04 -0.7464E+04
   -2.750005   12.00381  0.4751E-12  0.0000E+00  0.0000E+00  0.0000E+00  0.4757E-04  0.0000E+00
