 1 - depth, m
 2 - temperature, C
 3 - salinity, kg/kg
 4 - turbulent kinetic energy, m**2/s**2
 5 - dissipation rate, m**2/s**3
 6 - kinematic heat conductance, m**2/s
 7 - modulus of horizontal velocity, m/s
 8 - Richardson number, n/d
   -0.000000   -0.00000  0.1386E-11  0.2520E-09  0.2285E-12  0.1005E-09  0.1760E-49  0.2803E+17
   -0.068746    0.44738  0.5532E-12  0.1718E-08  0.3890E-12  0.1163E-09  0.1385E-49  0.2052E+17
   -0.137492    0.81775  0.5696E-12  0.5892E-08  0.1126E-11  0.3200E-09  0.1108E-49  0.1722E+17
   -0.206238    1.16882  0.5688E-12  0.1809E-07  0.3318E-11  0.9454E-09  0.8917E-50  0.1698E+17
   -0.274986    1.56967  0.5688E-12  0.5395E-07  0.9640E-11  0.2504E-08  0.7029E-50  0.1861E+17
   -0.343734    2.11854  0.5686E-12  0.1563E-06  0.2730E-10  0.8398E-08  0.5242E-50  0.1818E+17
   -0.412482    2.96150  0.5643E-12  0.3441E-06  0.5821E-10  0.6953E-04  0.3488E-50  0.9067E+16
   -0.481231    3.86394  0.5535E-12  0.4302E-06  0.7199E-10  0.5469E-03  0.1750E-50  0.1109E+16
   -0.549980    4.15911  0.5489E-12  0.4321E-06  0.7238E-10  0.8269E-03  0.1036E-51 -0.8039E+12
   -0.618730    4.15941  0.5489E-12  0.4334E-06  0.7272E-10  0.8342E-03  0.9983E-52 -0.7663E+12
   -0.687480    4.15971  0.5489E-12  0.4344E-06  0.7308E-10  0.8370E-03  0.9614E-52 -0.7859E+12
   -0.756231    4.16000  0.5489E-12  0.4353E-06  0.7350E-10  0.8236E-03  0.9245E-52 -0.8098E+12
   -0.824982    4.16030  0.5489E-12  0.4361E-06  0.7396E-10  0.8216E-03  0.8853E-52 -0.7938E+12
   -0.893733    4.16060  0.5489E-12  0.4367E-06  0.7446E-10  0.8186E-03  0.8465E-52 -0.7944E+12
   -0.962484    4.16090  0.5489E-12  0.4372E-06  0.7502E-10  0.8147E-03  0.8069E-52 -0.7964E+12
   -1.031236    4.16119  0.5489E-12  0.4376E-06  0.7564E-10  0.8098E-03  0.7676E-52 -0.8007E+12
   -1.099987    4.16149  0.5489E-12  0.4378E-06  0.7631E-10  0.8040E-03  0.7274E-52 -0.8062E+12
   -1.168739    4.16178  0.5489E-12  0.4379E-06  0.7705E-10  0.7971E-03  0.6874E-52 -0.8139E+12
   -1.237491    4.16208  0.5489E-12  0.4379E-06  0.7786E-10  0.7894E-03  0.6464E-52 -0.8230E+12
   -1.306243    4.16238  0.5489E-12  0.4378E-06  0.7873E-10  0.7807E-03  0.6055E-52 -0.8342E+12
   -1.374995    4.16269  0.5489E-12  0.4376E-06  0.7969E-10  0.7711E-03  0.5634E-52 -0.8461E+12
   -1.443747    4.16299  0.5489E-12  0.4372E-06  0.8073E-10  0.7606E-03  0.5213E-52 -0.8601E+12
   -1.512499    4.16331  0.5489E-12  0.4368E-06  0.8187E-10  0.7493E-03  0.4780E-52 -0.8755E+12
   -1.581251    4.16362  0.5489E-12  0.4362E-06  0.8310E-10  0.7370E-03  0.4345E-52 -0.8932E+12
   -1.650003    4.16395  0.5489E-12  0.4355E-06  0.8445E-10  0.7239E-03  0.3896E-52 -0.9125E+12
   -1.718755    4.16427  0.5489E-12  0.4347E-06  0.8592E-10  0.7099E-03  0.3444E-52 -0.9346E+12
   -1.787506    4.16461  0.5489E-12  0.4338E-06  0.8761E-10  0.6946E-03  0.2979E-52 -0.9584E+12
   -1.856257    4.16495  0.5489E-12  0.4327E-06  0.8961E-10  0.6770E-03  0.2571E-52 -0.9874E+12
   -1.925009    4.16531  0.5489E-12  0.4314E-06  0.9203E-10  0.6568E-03  0.2210E-52 -0.1023E+13
   -1.993759    4.16567  0.5489E-12  0.4298E-06  0.9498E-10  0.6338E-03  0.1904E-52 -0.1066E+13
   -2.062510    4.16605  0.5489E-12  0.4280E-06  0.9844E-10  0.6090E-03  0.1633E-52 -0.1114E+13
   -2.131260    4.16645  0.5489E-12  0.4260E-06  0.1025E-09  0.5819E-03  0.1386E-52 -0.1171E+13
   -2.200010    4.16686  0.5489E-12  0.4237E-06  0.1074E-09  0.5527E-03  0.1155E-52 -0.1240E+13
   -2.268759    4.16730  0.5489E-12  0.4211E-06  0.1135E-09  0.5205E-03  0.9425E-53 -0.1325E+13
   -2.337508    4.16777  0.5489E-12  0.4181E-06  0.1214E-09  0.4838E-03  0.7514E-53 -0.1435E+13
   -2.406256    4.16827  0.5489E-12  0.4145E-06  0.1322E-09  0.4413E-03  0.5861E-53 -0.1588E+13
   -2.475004    4.16883  0.5489E-12  0.4099E-06  0.1481E-09  0.3928E-03  0.4430E-53 -0.1809E+13
   -2.543752    4.16946  0.5489E-12  0.4033E-06  0.1751E-09  0.3214E-03  0.3240E-53 -0.2212E+13
   -2.612499    4.17024  0.5489E-12  0.3893E-06  0.2479E-09  0.1286E-03  0.2175E-53 -0.5720E+13
   -2.681245    4.17222  0.5489E-12  0.2546E-06  0.1219E-08  0.7317E-05  0.9776E-54 -0.1187E+15
   -2.749990    4.20940  0.5489E-12  0.0000E+00  0.0000E+00  0.0000E+00  0.9960E-54  0.0000E+00
