 1 - depth, m
 2 - temperature, C
 3 - salinity, kg/kg
 4 - turbulent kinetic energy, m**2/s**2
 5 - dissipation rate, m**2/s**3
 6 - kinematic heat conductance, m**2/s
 7 - modulus of horizontal velocity, m/s
 8 - Richardson number, n/d
   -0.000000   -0.00000  0.1853E-11  0.1219E-13  0.7603E-17  0.1000E-09  0.0000E+00  0.9527E+16
   -0.068746    0.14577  0.8753E-12  0.1219E-13  0.7603E-17  0.1000E-09  0.0000E+00  0.9090E+16
   -0.137492    0.29056  0.5546E-12  0.1219E-13  0.7603E-17  0.1000E-09  0.0000E+00  0.8684E+16
   -0.206239    0.43476  0.4971E-12  0.1219E-13  0.7603E-17  0.1000E-09  0.0000E+00  0.8304E+16
   -0.274987    0.57872  0.4897E-12  0.1219E-13  0.7603E-17  0.1000E-09  0.0000E+00  0.7947E+16
   -0.343735    0.72277  0.4886E-12  0.1219E-13  0.7603E-17  0.1000E-09  0.0000E+00  0.7606E+16
   -0.412483    0.86723  0.4877E-12  0.1219E-13  0.7603E-17  0.1000E-09  0.0000E+00  0.7278E+16
   -0.481232    1.01238  0.4865E-12  0.1219E-13  0.7603E-17  0.1000E-09  0.0000E+00  0.6958E+16
   -0.549982    1.15847  0.4847E-12  0.3876E-13  0.7603E-17  0.1000E-09  0.0000E+00  0.6641E+16
   -0.618732    1.30569  0.4822E-12  0.1125E-12  0.1056E-16  0.1000E-09  0.0000E+00  0.6324E+16
   -0.687482    1.45420  0.4783E-12  0.2511E-12  0.1925E-16  0.1000E-09  0.0000E+00  0.6017E+16
   -0.756233    1.60445  0.4725E-12  0.5074E-12  0.3635E-16  0.1000E-09  0.0000E+00  0.5707E+16
   -0.824984    1.75671  0.4657E-12  0.9854E-12  0.6820E-16  0.1000E-09  0.0000E+00  0.5384E+16
   -0.893735    1.91096  0.4596E-12  0.1877E-11  0.1266E-15  0.1000E-09  0.0000E+00  0.5046E+16
   -0.962487    2.06715  0.4563E-12  0.3534E-11  0.2329E-15  0.1000E-09  0.0000E+00  0.4691E+16
   -1.031238    2.22514  0.4556E-12  0.6589E-11  0.4246E-15  0.1000E-09  0.0000E+00  0.4319E+16
   -1.099990    2.38475  0.4556E-12  0.1218E-10  0.7677E-15  0.1000E-09  0.0000E+00  0.3930E+16
   -1.168742    2.54574  0.4556E-12  0.2232E-10  0.1377E-14  0.1000E-09  0.0000E+00  0.3527E+16
   -1.237494    2.70779  0.4556E-12  0.4057E-10  0.2451E-14  0.1000E-09  0.0000E+00  0.3111E+16
   -1.306247    2.87055  0.4556E-12  0.7316E-10  0.4328E-14  0.1000E-09  0.0000E+00  0.2685E+16
   -1.374999    3.03360  0.4556E-12  0.1309E-09  0.7587E-14  0.1000E-09  0.0000E+00  0.2255E+16
   -1.443751    3.19656  0.4556E-12  0.2325E-09  0.1321E-13  0.1000E-09  0.0000E+00  0.1823E+16
   -1.512503    3.35893  0.4556E-12  0.4101E-09  0.2284E-13  0.1019E-09  0.0000E+00  0.1393E+16
   -1.581255    3.52011  0.4556E-12  0.7185E-09  0.3925E-13  0.2060E-09  0.0000E+00  0.9691E+15
   -1.650007    3.67910  0.4556E-12  0.1251E-08  0.6707E-13  0.6100E-09  0.0000E+00  0.5592E+15
   -1.718759    3.83392  0.4556E-12  0.2164E-08  0.1140E-12  0.3260E-08  0.0000E+00  0.1799E+15
   -1.787511    3.97759  0.4556E-12  0.2766E-08  0.1468E-12  0.7700E-05  0.0000E+00  0.2242E+13
   -1.856262    3.99054  0.4556E-12  0.3075E-08  0.1664E-12  0.1637E-04  0.0000E+00 -0.7154E+11
   -1.925014    3.99167  0.4556E-12  0.3315E-08  0.1848E-12  0.1893E-04  0.0000E+00 -0.8140E+11
   -1.993765    3.99265  0.4556E-12  0.3549E-08  0.2061E-12  0.2062E-04  0.0000E+00 -0.9131E+11
   -2.062515    3.99357  0.4556E-12  0.3767E-08  0.2298E-12  0.2159E-04  0.0000E+00 -0.1027E+12
   -2.131266    3.99446  0.4556E-12  0.3968E-08  0.2565E-12  0.2191E-04  0.0000E+00 -0.1167E+12
   -2.200016    3.99536  0.4556E-12  0.4148E-08  0.2872E-12  0.2162E-04  0.0000E+00 -0.1346E+12
   -2.268765    3.99628  0.4556E-12  0.4306E-08  0.3240E-12  0.2069E-04  0.0000E+00 -0.1592E+12
   -2.337514    3.99727  0.4556E-12  0.4443E-08  0.3718E-12  0.1904E-04  0.0000E+00 -0.1962E+12
   -2.406263    3.99837  0.4556E-12  0.4553E-08  0.4385E-12  0.1662E-04  0.0000E+00 -0.2572E+12
   -2.475011    3.99967  0.4556E-12  0.4623E-08  0.5421E-12  0.1336E-04  0.0000E+00 -0.3741E+12
   -2.543759    4.00136  0.4556E-12  0.4623E-08  0.7321E-12  0.9286E-05  0.0000E+00 -0.6586E+12
   -2.612505    4.00394  0.4556E-12  0.4463E-08  0.1211E-11  0.4710E-05  0.0000E+00 -0.1805E+13
   -2.681252    4.00958  0.4556E-12  0.3787E-08  0.3648E-11  0.1002E-05  0.0000E+00 -0.2070E+14
   -2.749998    4.04275  0.4556E-12  0.0000E+00  0.0000E+00  0.0000E+00  0.0000E+00  0.0000E+00
