 1 - depth, m
 2 - temperature, C
 3 - salinity, kg/kg
 4 - turbulent kinetic energy, m**2/s**2
 5 - dissipation rate, m**2/s**3
 6 - kinematic heat conductance, m**2/s
 7 - modulus of horizontal velocity, m/s
 8 - Richardson number, n/d
   -0.000000    7.58760  0.5365E-12  0.5148E-05  0.1350E-06  0.2173E-04  0.1234E-01 -0.1802E+00
   -0.068746    7.62441  0.5365E-12  0.5192E-05  0.5104E-07  0.9300E-04  0.7553E-02 -0.5516E+00
   -0.137492    7.63380  0.5365E-12  0.5094E-05  0.3046E-07  0.1766E-03  0.5905E-02  0.5974E+02
   -0.206239    7.63878  0.5365E-12  0.5006E-05  0.2145E-07  0.2534E-03  0.4979E-02  0.1441E+02
   -0.274987    7.64199  0.5365E-12  0.4941E-05  0.1652E-07  0.3341E-03  0.4367E-02  0.2984E+02
   -0.343735    7.64426  0.5365E-12  0.4896E-05  0.1347E-07  0.4230E-03  0.3927E-02  0.1510E+02
   -0.412483    7.64594  0.5365E-12  0.4869E-05  0.1144E-07  0.5580E-03  0.3592E-02  0.1946E+02
   -0.481233    7.64709  0.5365E-12  0.4862E-05  0.1015E-07  0.8036E-03  0.3330E-02  0.6137E+01
   -0.549982    7.64785  0.5365E-12  0.4872E-05  0.9202E-08  0.8709E-03  0.3142E-02  0.4777E+01
   -0.618732    7.64853  0.5365E-12  0.4887E-05  0.8400E-08  0.9502E-03  0.2949E-02  0.5164E+01
   -0.687483    7.64914  0.5365E-12  0.4904E-05  0.7741E-08  0.1016E-02  0.2770E-02  0.5298E+01
   -0.756233    7.64969  0.5365E-12  0.4921E-05  0.7188E-08  0.1070E-02  0.2599E-02  0.5384E+01
   -0.824984    7.65021  0.5365E-12  0.4936E-05  0.6718E-08  0.1114E-02  0.2437E-02  0.5425E+01
   -0.893736    7.65069  0.5365E-12  0.4948E-05  0.6316E-08  0.1155E-02  0.2282E-02  0.5464E+01
   -0.962487    7.65114  0.5365E-12  0.4956E-05  0.5970E-08  0.1192E-02  0.2134E-02  0.5504E+01
   -1.031239    7.65157  0.5365E-12  0.4959E-05  0.5668E-08  0.1225E-02  0.1991E-02  0.5550E+01
   -1.099991    7.65198  0.5365E-12  0.4956E-05  0.5406E-08  0.1255E-02  0.1852E-02  0.5603E+01
   -1.168743    7.65237  0.5365E-12  0.4947E-05  0.5176E-08  0.1281E-02  0.1718E-02  0.5666E+01
   -1.237495    7.65275  0.5365E-12  0.4931E-05  0.4975E-08  0.1302E-02  0.1588E-02  0.5742E+01
   -1.306247    7.65311  0.5365E-12  0.4909E-05  0.4800E-08  0.1320E-02  0.1460E-02  0.5831E+01
   -1.374999    7.65345  0.5365E-12  0.4879E-05  0.4647E-08  0.1334E-02  0.1335E-02  0.5937E+01
   -1.443752    7.65379  0.5365E-12  0.4843E-05  0.4514E-08  0.1342E-02  0.1213E-02  0.6065E+01
   -1.512504    7.65412  0.5365E-12  0.4799E-05  0.4401E-08  0.1346E-02  0.1092E-02  0.6222E+01
   -1.581256    7.65444  0.5365E-12  0.4747E-05  0.4305E-08  0.1345E-02  0.9724E-03  0.6417E+01
   -1.650008    7.65475  0.5365E-12  0.4689E-05  0.4226E-08  0.1340E-02  0.8542E-03  0.6656E+01
   -1.718760    7.65506  0.5365E-12  0.4622E-05  0.4164E-08  0.1325E-02  0.7370E-03  0.6714E+01
   -1.787512    7.65537  0.5365E-12  0.4547E-05  0.4117E-08  0.1365E-02  0.6204E-03  0.3356E+01
   -1.856263    7.65566  0.5365E-12  0.4469E-05  0.4092E-08  0.1406E-02  0.5243E-03  0.2292E+01
   -1.925015    7.65594  0.5365E-12  0.4389E-05  0.4090E-08  0.1438E-02  0.4459E-03  0.1822E+01
   -1.993766    7.65622  0.5365E-12  0.4310E-05  0.4115E-08  0.1414E-02  0.3832E-03  0.1651E+01
   -2.062516    7.65650  0.5365E-12  0.4237E-05  0.4167E-08  0.1353E-02  0.3325E-03  0.1668E+01
   -2.131267    7.65678  0.5365E-12  0.4168E-05  0.4250E-08  0.1288E-02  0.2892E-03  0.1728E+01
   -2.200017    7.65708  0.5365E-12  0.4104E-05  0.4365E-08  0.1219E-02  0.2517E-03  0.1910E+01
   -2.268766    7.65739  0.5365E-12  0.4044E-05  0.4519E-08  0.1150E-02  0.2190E-03  0.2237E+01
   -2.337515    7.65771  0.5365E-12  0.3984E-05  0.4734E-08  0.1077E-02  0.1913E-03  0.2984E+01
   -2.406264    7.65805  0.5365E-12  0.3918E-05  0.5052E-08  0.9889E-03  0.1667E-03  0.4498E+01
   -2.475012    7.65842  0.5365E-12  0.3842E-05  0.5554E-08  0.8746E-03  0.1434E-03  0.7596E+01
   -2.543760    7.65883  0.5365E-12  0.3747E-05  0.6415E-08  0.7541E-03  0.1212E-03  0.1586E+02
   -2.612507    7.65931  0.5365E-12  0.3588E-05  0.8489E-08  0.5368E-03  0.1005E-03  0.7737E+02
   -2.681253    7.65997  0.5365E-12  0.2361E-05  0.3426E-07  0.2223E-04  0.7513E-04 -0.5121E+04
   -2.749999    7.67647  0.5365E-12  0.0000E+00  0.0000E+00  0.0000E+00  0.7509E-04  0.0000E+00
