 1 - depth, m
 2 - temperature, C
 3 - salinity, kg/kg
 4 - turbulent kinetic energy, m**2/s**2
 5 - dissipation rate, m**2/s**3
 6 - kinematic heat conductance, m**2/s
 7 - modulus of horizontal velocity, m/s
 8 - Richardson number, n/d
   -0.000000   -0.00000  0.3145E-12  0.4502E-06  0.2024E-08  0.8110E-07  0.0000E+00  0.1281E+18
   -0.068749    4.47567  0.5391E-12  0.8611E-06  0.1185E-08  0.2372E-03  0.0000E+00 -0.3349E+14
   -0.137499    4.48004  0.5392E-12  0.9417E-06  0.1057E-08  0.2892E-03  0.0000E+00 -0.2639E+14
   -0.206249    4.48347  0.5393E-12  0.1005E-05  0.9707E-09  0.3520E-03  0.0000E+00 -0.2092E+14
   -0.275000    4.48616  0.5393E-12  0.1057E-05  0.9086E-09  0.4094E-03  0.0000E+00 -0.1741E+14
   -0.343752    4.48840  0.5394E-12  0.1101E-05  0.8613E-09  0.4631E-03  0.0000E+00 -0.1495E+14
   -0.412504    4.49031  0.5394E-12  0.1139E-05  0.8241E-09  0.5133E-03  0.0000E+00 -0.1313E+14
   -0.481256    4.49198  0.5395E-12  0.1172E-05  0.7940E-09  0.5602E-03  0.0000E+00 -0.1175E+14
   -0.550009    4.49348  0.5395E-12  0.1200E-05  0.7693E-09  0.6038E-03  0.0000E+00 -0.1068E+14
   -0.618763    4.49483  0.5395E-12  0.1226E-05  0.7489E-09  0.6443E-03  0.0000E+00 -0.9829E+13
   -0.687516    4.49607  0.5396E-12  0.1249E-05  0.7318E-09  0.6816E-03  0.0000E+00 -0.9145E+13
   -0.756270    4.49723  0.5396E-12  0.1269E-05  0.7175E-09  0.7159E-03  0.0000E+00 -0.8584E+13
   -0.825025    4.49831  0.5396E-12  0.1287E-05  0.7056E-09  0.7471E-03  0.0000E+00 -0.8129E+13
   -0.893780    4.49933  0.5396E-12  0.1303E-05  0.6957E-09  0.7754E-03  0.0000E+00 -0.7750E+13
   -0.962534    4.50030  0.5396E-12  0.1317E-05  0.6875E-09  0.8007E-03  0.0000E+00 -0.7441E+13
   -1.031290    4.50123  0.5397E-12  0.1330E-05  0.6810E-09  0.8230E-03  0.0000E+00 -0.7185E+13
   -1.100045    4.50212  0.5397E-12  0.1341E-05  0.6758E-09  0.8424E-03  0.0000E+00 -0.6974E+13
   -1.168800    4.50299  0.5397E-12  0.1351E-05  0.6721E-09  0.8762E-03  0.0000E+00 -0.6618E+13
   -1.237556    4.50382  0.5397E-12  0.1359E-05  0.6696E-09  0.9189E-03  0.0000E+00 -0.6391E+13
   -1.306311    4.50461  0.5397E-12  0.1366E-05  0.6683E-09  0.9078E-03  0.0000E+00 -0.6346E+13
   -1.375067    4.50541  0.5397E-12  0.1371E-05  0.6681E-09  0.9315E-03  0.0000E+00 -0.6271E+13
   -1.443823    4.50618  0.5397E-12  0.1376E-05  0.6690E-09  0.9261E-03  0.0000E+00 -0.6192E+13
   -1.512578    4.50695  0.5397E-12  0.1380E-05  0.6710E-09  0.9307E-03  0.0000E+00 -0.6261E+13
   -1.581334    4.50771  0.5397E-12  0.1383E-05  0.6741E-09  0.8967E-03  0.0000E+00 -0.6442E+13
   -1.650089    4.50851  0.5398E-12  0.1384E-05  0.6786E-09  0.8928E-03  0.0000E+00 -0.6463E+13
   -1.718845    4.50930  0.5398E-12  0.1385E-05  0.6843E-09  0.8867E-03  0.0000E+00 -0.6512E+13
   -1.787600    4.51011  0.5398E-12  0.1385E-05  0.6917E-09  0.8775E-03  0.0000E+00 -0.6579E+13
   -1.856355    4.51091  0.5398E-12  0.1383E-05  0.7014E-09  0.8646E-03  0.0000E+00 -0.6684E+13
   -1.925109    4.51173  0.5398E-12  0.1381E-05  0.7140E-09  0.8475E-03  0.0000E+00 -0.6828E+13
   -1.993864    4.51257  0.5398E-12  0.1377E-05  0.7301E-09  0.8258E-03  0.0000E+00 -0.7020E+13
   -2.062618    4.51343  0.5398E-12  0.1372E-05  0.7498E-09  0.8004E-03  0.0000E+00 -0.7251E+13
   -2.131372    4.51431  0.5398E-12  0.1365E-05  0.7741E-09  0.7706E-03  0.0000E+00 -0.7543E+13
   -2.200125    4.51523  0.5398E-12  0.1358E-05  0.8041E-09  0.7365E-03  0.0000E+00 -0.7903E+13
   -2.268878    4.51619  0.5398E-12  0.1348E-05  0.8424E-09  0.6971E-03  0.0000E+00 -0.8367E+13
   -2.337630    4.51721  0.5398E-12  0.1337E-05  0.8939E-09  0.6501E-03  0.0000E+00 -0.8988E+13
   -2.406382    4.51830  0.5398E-12  0.1322E-05  0.9666E-09  0.5942E-03  0.0000E+00 -0.9862E+13
   -2.475134    4.51949  0.5398E-12  0.1303E-05  0.1076E-08  0.5256E-03  0.0000E+00 -0.1119E+14
   -2.543885    4.52084  0.5398E-12  0.1277E-05  0.1256E-08  0.4517E-03  0.0000E+00 -0.1310E+14
   -2.612635    4.52241  0.5398E-12  0.1227E-05  0.1693E-08  0.2934E-03  0.0000E+00 -0.2035E+14
   -2.681385    4.52485  0.5398E-12  0.8154E-06  0.7024E-08  0.1342E-04  0.0000E+00 -0.4771E+15
   -2.750134    4.57917  0.5398E-12  0.0000E+00  0.0000E+00  0.0000E+00  0.0000E+00  0.0000E+00
