 1 - depth, m
 2 - temperature, C
 3 - salinity, kg/kg
 4 - turbulent kinetic energy, m**2/s**2
 5 - dissipation rate, m**2/s**3
 6 - kinematic heat conductance, m**2/s
 7 - modulus of horizontal velocity, m/s
 8 - Richardson number, n/d
   -0.000000   16.10774  0.5538E-12  0.7992E-04  0.2984E-04  0.5854E-04  0.9697E-01  0.1463E-01
   -0.068746   16.09452  0.5538E-12  0.4879E-04  0.6880E-05  0.1124E-03  0.6057E-01  0.3534E-01
   -0.137492   16.08618  0.5538E-12  0.3818E-04  0.2955E-05  0.1238E-03  0.5362E-01  0.5430E-01
   -0.206239   16.07908  0.5538E-12  0.3157E-04  0.1492E-05  0.1299E-03  0.4925E-01  0.8092E-01
   -0.274987   16.07214  0.5538E-12  0.2688E-04  0.8283E-06  0.1319E-03  0.4583E-01  0.1109E+00
   -0.343735   16.06479  0.5538E-12  0.2333E-04  0.5054E-06  0.1304E-03  0.4292E-01  0.1447E+00
   -0.412483   16.05651  0.5538E-12  0.2047E-04  0.3376E-06  0.1260E-03  0.4033E-01  0.1819E+00
   -0.481232   16.04654  0.5538E-12  0.1806E-04  0.2434E-06  0.1196E-03  0.3789E-01  0.2209E+00
   -0.549982   16.03352  0.5538E-12  0.1592E-04  0.1862E-06  0.1122E-03  0.3547E-01  0.2576E+00
   -0.618732   16.01448  0.5538E-12  0.1396E-04  0.1491E-06  0.1046E-03  0.3291E-01  0.2840E+00
   -0.687482   15.98093  0.5538E-12  0.1213E-04  0.1227E-06  0.9758E-04  0.2987E-01  0.3043E+00
   -0.756233   15.89211  0.5539E-12  0.1068E-04  0.1012E-06  0.9191E-04  0.2556E-01  0.4657E+00
   -0.824984   15.73270  0.5539E-12  0.1016E-04  0.8429E-07  0.8763E-04  0.2045E-01  0.9421E+00
   -0.893735   15.59600  0.5539E-12  0.1017E-04  0.7194E-07  0.9834E-04  0.1660E-01  0.5415E+01
   -0.962487   15.49619  0.5540E-12  0.9733E-05  0.6228E-07  0.1637E-03  0.1366E-01  0.1571E+02
   -1.031239   15.45444  0.5540E-12  0.9261E-05  0.5433E-07  0.2550E-03  0.1187E-01  0.5096E+02
   -1.099990   15.42670  0.5540E-12  0.8852E-05  0.4774E-07  0.4357E-03  0.1046E-01  0.2266E+04
   -1.168743   15.40610  0.5540E-12  0.8464E-05  0.4221E-07  0.8674E-03  0.9288E-02  0.9940E+02
   -1.237495   15.39045  0.5540E-12  0.8116E-05  0.3755E-07  0.9732E-03  0.8303E-02  0.3825E+02
   -1.306247   15.37759  0.5540E-12  0.7821E-05  0.3356E-07  0.1033E-02  0.7437E-02  0.6438E+02
   -1.374999   15.36737  0.5540E-12  0.7585E-05  0.3023E-07  0.1076E-02  0.6696E-02  0.6364E+01
   -1.443751   15.35899  0.5540E-12  0.7405E-05  0.2745E-07  0.1107E-02  0.6049E-02  0.5515E+02
   -1.512504   15.35219  0.5540E-12  0.7278E-05  0.2518E-07  0.1135E-02  0.5491E-02  0.4354E+01
   -1.581256   15.34692  0.5540E-12  0.7204E-05  0.2336E-07  0.1156E-02  0.5020E-02  0.4673E+01
   -1.650008   15.34306  0.5540E-12  0.7169E-05  0.2197E-07  0.1171E-02  0.4630E-02  0.3509E+02
   -1.718760   15.34076  0.5540E-12  0.7149E-05  0.2084E-07  0.1110E-02  0.4319E-02  0.8550E+02
   -1.787511   15.33676  0.5540E-12  0.6706E-05  0.1692E-07  0.1172E-02  0.6821E-03  0.3291E+03
   -1.856263   15.33539  0.5540E-12  0.6459E-05  0.1451E-07  0.1161E-02  0.5237E-03  0.1004E+02
   -1.925014   15.33458  0.5540E-12  0.6242E-05  0.1268E-07  0.1144E-02  0.4195E-03  0.1395E+02
   -1.993765   15.33365  0.5540E-12  0.6052E-05  0.1135E-07  0.1123E-02  0.3371E-03  0.4835E+02
   -2.062516   15.33204  0.5540E-12  0.5901E-05  0.1050E-07  0.1093E-02  0.2637E-03  0.9053E+03
   -2.131266   15.33106  0.5540E-12  0.5775E-05  0.9968E-08  0.1056E-02  0.2052E-03  0.1803E+03
   -2.200016   15.33046  0.5540E-12  0.5664E-05  0.9690E-08  0.1020E-02  0.1578E-03  0.9096E+03
   -2.268766   15.32990  0.5540E-12  0.5557E-05  0.9642E-08  0.9748E-03  0.1154E-03  0.9784E+04
   -2.337515   15.32880  0.5540E-12  0.5444E-05  0.9870E-08  0.9047E-03  0.8107E-04  0.1400E+04
   -2.406263   15.32670  0.5540E-12  0.5327E-05  0.1048E-07  0.8198E-03  0.5731E-04  0.8991E+05
   -2.475012   15.32543  0.5540E-12  0.5238E-05  0.1174E-07  0.7186E-03  0.4218E-04  0.2701E+05
   -2.543759   15.32610  0.5540E-12  0.5134E-05  0.1399E-07  0.5884E-03  0.3378E-04 -0.3034E+06
   -2.612506   15.32723  0.5540E-12  0.4935E-05  0.1871E-07  0.4555E-03  0.2676E-04  0.1058E+08
   -2.681252   15.32884  0.5540E-12  0.3383E-05  0.6662E-07  0.3140E-04  0.2040E-04 -0.4162E+12
   -2.749998   15.35304  0.5540E-12  0.0000E+00  0.0000E+00  0.0000E+00  0.2038E-04  0.0000E+00
