 1 - depth, m
 2 - temperature, C
 3 - salinity, kg/kg
 4 - turbulent kinetic energy, m**2/s**2
 5 - dissipation rate, m**2/s**3
 6 - kinematic heat conductance, m**2/s
 7 - modulus of horizontal velocity, m/s
 8 - Richardson number, n/d
   -0.000000   -0.00000  0.2102E-11  0.1424E-10  0.5379E-14  0.1000E-09  0.0000E+00  0.5617E+16
   -0.068746    0.08524  0.1050E-11  0.4796E-10  0.3526E-14  0.1000E-09  0.0000E+00  0.5431E+16
   -0.137492    0.16959  0.8391E-12  0.1034E-09  0.3146E-14  0.1000E-09  0.0000E+00  0.5227E+16
   -0.206239    0.25268  0.7936E-12  0.1775E-09  0.3287E-14  0.1000E-09  0.0000E+00  0.5007E+16
   -0.274986    0.33417  0.7787E-12  0.2704E-09  0.3744E-14  0.1000E-09  0.0000E+00  0.4775E+16
   -0.343734    0.41373  0.7703E-12  0.3835E-09  0.4458E-14  0.1000E-09  0.0000E+00  0.4532E+16
   -0.412483    0.49101  0.7642E-12  0.5201E-09  0.5419E-14  0.1000E-09  0.0000E+00  0.4280E+16
   -0.481232    0.56570  0.7599E-12  0.6842E-09  0.6641E-14  0.1000E-09  0.0000E+00  0.4022E+16
   -0.549981    0.63750  0.7572E-12  0.8814E-09  0.8151E-14  0.1000E-09  0.0000E+00  0.3760E+16
   -0.618731    0.70610  0.7556E-12  0.1118E-08  0.9991E-14  0.1000E-09  0.0000E+00  0.3495E+16
   -0.687482    0.77127  0.7546E-12  0.1403E-08  0.1221E-13  0.1000E-09  0.0000E+00  0.3232E+16
   -0.756232    0.83279  0.7535E-12  0.1745E-08  0.1488E-13  0.1000E-09  0.0000E+00  0.2971E+16
   -0.824983    0.89048  0.7517E-12  0.2155E-08  0.1807E-13  0.1000E-09  0.0000E+00  0.2712E+16
   -0.893734    0.94416  0.7493E-12  0.2648E-08  0.2187E-13  0.1000E-09  0.0000E+00  0.2458E+16
   -0.962486    0.99368  0.7463E-12  0.3237E-08  0.2638E-13  0.1000E-09  0.0000E+00  0.2208E+16
   -1.031238    1.03891  0.7435E-12  0.3942E-08  0.3171E-13  0.1000E-09  0.0000E+00  0.1964E+16
   -1.099989    1.07977  0.7414E-12  0.4781E-08  0.3801E-13  0.1135E-09  0.0000E+00  0.1727E+16
   -1.168741    1.11618  0.7399E-12  0.5779E-08  0.4542E-13  0.1546E-09  0.0000E+00  0.1496E+16
   -1.237493    1.14813  0.7391E-12  0.6962E-08  0.5410E-13  0.2165E-09  0.0000E+00  0.1272E+16
   -1.306246    1.17560  0.7387E-12  0.8359E-08  0.6425E-13  0.3095E-09  0.0000E+00  0.1057E+16
   -1.374998    1.19864  0.7384E-12  0.1000E-07  0.7607E-13  0.4543E-09  0.0000E+00  0.8527E+15
   -1.443750    1.21737  0.7383E-12  0.1193E-07  0.8980E-13  0.6955E-09  0.0000E+00  0.6577E+15
   -1.512502    1.23191  0.7383E-12  0.1419E-07  0.1057E-12  0.1143E-08  0.0000E+00  0.4714E+15
   -1.581254    1.24238  0.7383E-12  0.1682E-07  0.1240E-12  0.2154E-08  0.0000E+00  0.2938E+15
   -1.650006    1.24893  0.7382E-12  0.1985E-07  0.1449E-12  0.5937E-08  0.0000E+00  0.1254E+15
   -1.718758    1.25173  0.7382E-12  0.1986E-07  0.1450E-12  0.8481E-03  0.0000E+00 -0.3535E+10
   -1.787510    1.25173  0.7382E-12  0.1986E-07  0.1450E-12  0.8418E-03  0.0000E+00 -0.5494E+10
   -1.856261    1.25173  0.7382E-12  0.1986E-07  0.1450E-12  0.8441E-03  0.0000E+00 -0.4861E+10
   -1.925012    1.25173  0.7382E-12  0.1986E-07  0.1450E-12  0.8577E-03  0.0000E+00 -0.8209E+09
   -1.993763    1.25173  0.7382E-12  0.1985E-07  0.1449E-12  0.1787E-03  0.0000E+00  0.6182E+12
   -2.062514    1.25174  0.7382E-12  0.1983E-07  0.1448E-12  0.4931E-03  0.0000E+00  0.8643E+09
   -2.131264    1.25174  0.7382E-12  0.1981E-07  0.1448E-12  0.2067E-06  0.0000E+00  0.6954E+13
   -2.200014    1.25189  0.7382E-12  0.1768E-07  0.1386E-12  0.1740E-07  0.0000E+00  0.4203E+14
   -2.268763    1.25283  0.7382E-12  0.1520E-07  0.1337E-12  0.3404E-08  0.0000E+00  0.2012E+15
   -2.337512    1.25733  0.7382E-12  0.1271E-07  0.1318E-12  0.1394E-08  0.0000E+00  0.4825E+15
   -2.406261    1.26815  0.7382E-12  0.1023E-07  0.1347E-12  0.7447E-09  0.0000E+00  0.9218E+15
   -2.475009    1.28896  0.7382E-12  0.7768E-08  0.1460E-12  0.4561E-09  0.0000E+00  0.1631E+16
   -2.543757    1.32618  0.7382E-12  0.5340E-08  0.1751E-12  0.3192E-09  0.0000E+00  0.2793E+16
   -2.612503    1.39121  0.7382E-12  0.3004E-08  0.2522E-12  0.2470E-09  0.0000E+00  0.5198E+16
   -2.681250    1.51700  0.7382E-12  0.9194E-09  0.5536E-12  0.2163E-09  0.0000E+00  0.1301E+17
   -2.749995    1.86564  0.7382E-12  0.0000E+00  0.0000E+00  0.0000E+00  0.0000E+00  0.0000E+00
