 1 - depth, m
 2 - temperature, C
 3 - salinity, kg/kg
 4 - turbulent kinetic energy, m**2/s**2
 5 - dissipation rate, m**2/s**3
 6 - kinematic heat conductance, m**2/s
 7 - modulus of horizontal velocity, m/s
 8 - Richardson number, n/d
   -0.000000    5.62618  0.3574E-12  0.8287E-04  0.2170E-04  0.7311E-04  0.1141E+00 -0.3264E-02
   -0.068746    5.65185  0.3574E-12  0.4848E-04  0.4848E-05  0.1115E-03  0.7117E-01 -0.3607E-02
   -0.137492    5.65765  0.3574E-12  0.3771E-04  0.1911E-05  0.1405E-03  0.6367E-01 -0.5124E-02
   -0.206240    5.66167  0.3575E-12  0.3170E-04  0.9229E-06  0.1750E-03  0.5936E-01 -0.7848E-02
   -0.274987    5.66477  0.3575E-12  0.2827E-04  0.5237E-06  0.2175E-03  0.5631E-01 -0.1200E-01
   -0.343736    5.66721  0.3575E-12  0.2676E-04  0.3511E-06  0.2682E-03  0.5412E-01 -0.1913E-01
   -0.412485    5.66913  0.3575E-12  0.2693E-04  0.2848E-06  0.3247E-03  0.5255E-01 -0.3234E-01
   -0.481234    5.67064  0.3575E-12  0.2865E-04  0.2792E-06  0.3810E-03  0.5143E-01 -0.5825E-01
   -0.549984    5.67186  0.3575E-12  0.3194E-04  0.3189E-06  0.4307E-03  0.5061E-01 -0.1144E+00
   -0.618734    5.67291  0.3575E-12  0.4171E-04  0.4833E-06  0.1000E-09  0.5000E-01 -0.6251E-01
   -0.687484    8.54070  0.3635E-12  0.2990E-04  0.2758E-06  0.5236E-03  0.8789E-02  0.1262E+02
   -0.756235    8.54152  0.3635E-12  0.2527E-04  0.2022E-06  0.5217E-03  0.8320E-02  0.6833E+01
   -0.824987    8.54235  0.3635E-12  0.2180E-04  0.1520E-06  0.5297E-03  0.7841E-02  0.6537E+01
   -0.893738    8.54315  0.3635E-12  0.1920E-04  0.1172E-06  0.5456E-03  0.7359E-02  0.1043E+02
   -0.962490    8.54392  0.3635E-12  0.1724E-04  0.9271E-07  0.5668E-03  0.6882E-02  0.3552E+01
   -1.031242    8.54466  0.3635E-12  0.1576E-04  0.7518E-07  0.5974E-03  0.6414E-02  0.1008E+02
   -1.099994    8.54536  0.3635E-12  0.1461E-04  0.6237E-07  0.6290E-03  0.5960E-02  0.1083E+02
   -1.168746    8.54602  0.3635E-12  0.1371E-04  0.5282E-07  0.6571E-03  0.5522E-02  0.3260E+01
   -1.237498    8.54665  0.3635E-12  0.1300E-04  0.4556E-07  0.6994E-03  0.5100E-02  0.1872E+02
   -1.306251    8.54723  0.3635E-12  0.1241E-04  0.3993E-07  0.7443E-03  0.4695E-02  0.1333E+02
   -1.375003    8.54777  0.3635E-12  0.1192E-04  0.3549E-07  0.7907E-03  0.4307E-02  0.1365E+02
   -1.443756    8.54828  0.3635E-12  0.1149E-04  0.3192E-07  0.8335E-03  0.3933E-02  0.1205E+02
   -1.512508    8.54876  0.3635E-12  0.1111E-04  0.2899E-07  0.8726E-03  0.3571E-02  0.2842E+02
   -1.581261    8.54921  0.3635E-12  0.1075E-04  0.2654E-07  0.9052E-03  0.3217E-02  0.3379E+01
   -1.650013    8.54964  0.3635E-12  0.1041E-04  0.2443E-07  0.9308E-03  0.2869E-02  0.1646E+02
   -1.718765    8.55006  0.3635E-12  0.1006E-04  0.2257E-07  0.9459E-03  0.2524E-02  0.9205E+01
   -1.787517    8.55046  0.3635E-12  0.9698E-05  0.2084E-07  0.9957E-03  0.2179E-02  0.3541E+01
   -1.856269    8.55084  0.3635E-12  0.9333E-05  0.1931E-07  0.1035E-02  0.1891E-02  0.1154E+02
   -1.925020    8.55121  0.3635E-12  0.8978E-05  0.1797E-07  0.1070E-02  0.1649E-02  0.5882E+01
   -1.993771    8.55155  0.3635E-12  0.8633E-05  0.1681E-07  0.1090E-02  0.1447E-02  0.3012E+02
   -2.062522    8.55189  0.3635E-12  0.8314E-05  0.1587E-07  0.1096E-02  0.1272E-02  0.1833E+02
   -2.131273    8.55222  0.3635E-12  0.8018E-05  0.1513E-07  0.1087E-02  0.1114E-02  0.2382E+02
   -2.200023    8.55256  0.3635E-12  0.7744E-05  0.1459E-07  0.1066E-02  0.9688E-03  0.3815E+02
   -2.268773    8.55289  0.3635E-12  0.7489E-05  0.1427E-07  0.1029E-02  0.8352E-03  0.6977E+01
   -2.337522    8.55324  0.3635E-12  0.7244E-05  0.1419E-07  0.9732E-03  0.7159E-03  0.1145E+02
   -2.406271    8.55361  0.3635E-12  0.7001E-05  0.1440E-07  0.8929E-03  0.6103E-03  0.3214E+02
   -2.475019    8.55400  0.3635E-12  0.6745E-05  0.1509E-07  0.7832E-03  0.5159E-03  0.1355E+02
   -2.543767    8.55445  0.3635E-12  0.6443E-05  0.1676E-07  0.6323E-03  0.4282E-03  0.1832E+03
   -2.612514    8.55502  0.3635E-12  0.5991E-05  0.2152E-07  0.3635E-03  0.3407E-03  0.1513E+03
   -2.681261    8.55600  0.3635E-12  0.3665E-05  0.7188E-07  0.2549E-04  0.2449E-03 -0.2266E+05
   -2.750007    8.56977  0.3635E-12  0.0000E+00  0.0000E+00  0.0000E+00  0.2446E-03  0.0000E+00
