 1 - depth, m
 2 - temperature, C
 3 - salinity, kg/kg
 4 - turbulent kinetic energy, m**2/s**2
 5 - dissipation rate, m**2/s**3
 6 - kinematic heat conductance, m**2/s
 7 - modulus of horizontal velocity, m/s
 8 - Richardson number, n/d
   -0.000000   13.75709  0.0000E+00  0.2533E-03  0.2247E-03  0.8032E-04  0.1594E+00  0.1852E-01
   -0.042497   13.93452  0.0000E+00  0.1287E-03  0.6210E-04  0.1330E-03  0.3702E-01 -0.2087E+00
   -0.084995   13.98741  0.0000E+00  0.8912E-04  0.2628E-04  0.1426E-03  0.2324E-01  0.1106E+02
   -0.127493   14.01940  0.0000E+00  0.6719E-04  0.1330E-04  0.1678E-03  0.1796E-01  0.3999E+02
   -0.169991   14.04030  0.0000E+00  0.5211E-04  0.6922E-05  0.2022E-03  0.1438E-01  0.9299E+02
   -0.212490   14.05663  0.0000E+00  0.4135E-04  0.3673E-05  0.2498E-03  0.1161E-01  0.2902E+02
   -0.254989   14.06948  0.0000E+00  0.3362E-04  0.1957E-05  0.3038E-03  0.9561E-02  0.1090E+03
   -0.297488   14.08032  0.0000E+00  0.2829E-04  0.1111E-05  0.3651E-03  0.8032E-02  0.2994E+03
   -0.339988   14.08917  0.0000E+00  0.2481E-04  0.6847E-06  0.4232E-03  0.6834E-02  0.9511E+02
   -0.382488   14.09671  0.0000E+00  0.2259E-04  0.4530E-06  0.4880E-03  0.5836E-02  0.3647E+02
   -0.424988   14.10272  0.0000E+00  0.2124E-04  0.3214E-06  0.5390E-03  0.5048E-02  0.8473E+02
   -0.467488   14.10799  0.0000E+00  0.2047E-04  0.2415E-06  0.5963E-03  0.4359E-02  0.1370E+02
   -0.509988   14.11226  0.0000E+00  0.2009E-04  0.1923E-06  0.6500E-03  0.3755E-02  0.1085E+02
   -0.552489   14.11607  0.0000E+00  0.1995E-04  0.1600E-06  0.7057E-03  0.3213E-02  0.8791E+01
   -0.594990   14.11942  0.0000E+00  0.1995E-04  0.1381E-06  0.7628E-03  0.2722E-02  0.2656E+01
   -0.637491   14.12251  0.0000E+00  0.2004E-04  0.1222E-06  0.8292E-03  0.2283E-02  0.2457E+01
   -0.679992   14.12543  0.0000E+00  0.2017E-04  0.1106E-06  0.8989E-03  0.1908E-02  0.2687E+01
   -0.722493   14.12820  0.0000E+00  0.2031E-04  0.1021E-06  0.9793E-03  0.1592E-02  0.1789E+01
   -0.764994   14.13087  0.0000E+00  0.2045E-04  0.9600E-07  0.1067E-02  0.1336E-02  0.1663E+01
   -0.807495   14.13344  0.0000E+00  0.2056E-04  0.9184E-07  0.1156E-02  0.1136E-02  0.1640E+01
   -0.849997   14.13594  0.0000E+00  0.2062E-04  0.8927E-07  0.1236E-02  0.9766E-03  0.1648E+01
   -0.892498   14.13833  0.0000E+00  0.2063E-04  0.8793E-07  0.1300E-02  0.8493E-03  0.1663E+01
   -0.934999   14.14068  0.0000E+00  0.2058E-04  0.8761E-07  0.1342E-02  0.7473E-03  0.1742E+01
   -0.977500   14.14298  0.0000E+00  0.2049E-04  0.8813E-07  0.1359E-02  0.6637E-03  0.1804E+01
   -1.020001   14.14530  0.0000E+00  0.2036E-04  0.8938E-07  0.1352E-02  0.5949E-03  0.1941E+01
   -1.062502   14.14763  0.0000E+00  0.2020E-04  0.9137E-07  0.1323E-02  0.5370E-03  0.2068E+01
   -1.105003   14.15004  0.0000E+00  0.2000E-04  0.9420E-07  0.1278E-02  0.4871E-03  0.2251E+01
   -1.147504   14.15252  0.0000E+00  0.1977E-04  0.9806E-07  0.1231E-02  0.4426E-03  0.2537E+01
   -1.190005   14.15507  0.0000E+00  0.1952E-04  0.1034E-06  0.1169E-02  0.4013E-03  0.3129E+01
   -1.232505   14.15770  0.0000E+00  0.1923E-04  0.1114E-06  0.1112E-02  0.3623E-03  0.4129E+01
   -1.275006   14.16066  0.0000E+00  0.1886E-04  0.1240E-06  0.1037E-02  0.3265E-03  0.7540E+01
   -1.317506   14.16452  0.0000E+00  0.1840E-04  0.1420E-06  0.9935E-03  0.2917E-03 -0.1768E+03
   -1.360006   14.16897  0.0000E+00  0.1778E-04  0.1726E-06  0.8858E-03  0.2598E-03  0.3149E+04
   -1.402505   14.17620  0.0000E+00  0.1697E-04  0.2226E-06  0.8050E-03  0.2266E-03  0.1518E+05
   -1.445004   14.18363  0.0000E+00  0.1597E-04  0.3004E-06  0.7069E-03  0.1969E-03  0.1002E+06
   -1.487503   14.19612  0.0000E+00  0.1508E-04  0.4257E-06  0.6183E-03  0.1565E-03  0.1055E+06
   -1.530002   14.20551  0.0000E+00  0.1407E-04  0.8398E-06  0.5024E-03  0.1201E-03 -0.1506E+06
   -1.572501   14.26909  0.0000E+00  0.1329E-04  0.1437E-05  0.5491E-03  0.7976E-04  0.5081E+10
   -1.614999   14.21411  0.0000E+00  0.1151E-04  0.4202E-05  0.2917E-03  0.6592E-04 -0.8202E+11
   -1.657496   14.52000  0.0000E+00  0.9062E-05  0.8283E-05  0.3008E-03  0.4137E-04  0.8817E+07
   -1.699993   14.43038  0.0000E+00  0.0000E+00  0.0000E+00  0.0000E+00  0.8081E-04  0.0000E+00
