 1 - depth, m
 2 - temperature, C
 3 - salinity, kg/kg
 4 - turbulent kinetic energy, m**2/s**2
 5 - dissipation rate, m**2/s**3
 6 - kinematic heat conductance, m**2/s
 7 - modulus of horizontal velocity, m/s
 8 - Richardson number, n/d
   -0.000000   13.22341  0.0000E+00  0.2020E-02  0.2468E-01  0.1798E-03  0.7615E+00  0.5391E-02
   -0.042497   13.57938  0.0000E+00  0.1017E-02  0.1589E-01  0.3277E-03  0.1657E+00 -0.5926E-01
   -0.084995   13.83038  0.0000E+00  0.6502E-03  0.4288E-02  0.4169E-03  0.8373E-01  0.7125E+00
   -0.127492   13.90402  0.0000E+00  0.4788E-03  0.2209E-02  0.3955E-03  0.6056E-01  0.4496E+00
   -0.169991   13.93757  0.0000E+00  0.3766E-03  0.1456E-02  0.3641E-03  0.4784E-01  0.3281E+01
   -0.212489   13.96360  0.0000E+00  0.2974E-03  0.9402E-03  0.4076E-03  0.3910E-01  0.4457E+01
   -0.254988   13.98415  0.0000E+00  0.2420E-03  0.6327E-03  0.4605E-03  0.3291E-01  0.1993E+02
   -0.297487   13.99914  0.0000E+00  0.1999E-03  0.4106E-03  0.4994E-03  0.2909E-01  0.9527E+01
   -0.339987   14.01002  0.0000E+00  0.1683E-03  0.2535E-03  0.5198E-03  0.2644E-01  0.8496E+02
   -0.382487   14.01994  0.0000E+00  0.1438E-03  0.1487E-03  0.5532E-03  0.2358E-01  0.4017E+02
   -0.424986   14.02745  0.0000E+00  0.1250E-03  0.8217E-04  0.5823E-03  0.2165E-01  0.1163E+03
   -0.467487   14.03719  0.0000E+00  0.1105E-03  0.4715E-04  0.6283E-03  0.1935E-01  0.9089E+02
   -0.509987   14.04384  0.0000E+00  0.9931E-04  0.2738E-04  0.6984E-03  0.1723E-01  0.2951E+03
   -0.552488   14.05177  0.0000E+00  0.9030E-04  0.1546E-04  0.7583E-03  0.1538E-01  0.1141E+03
   -0.594988   14.05692  0.0000E+00  0.8295E-04  0.9202E-05  0.8349E-03  0.1366E-01  0.3432E+03
   -0.637489   14.06336  0.0000E+00  0.7673E-04  0.5640E-05  0.8889E-03  0.1212E-01  0.2990E+03
   -0.679990   14.06727  0.0000E+00  0.7141E-04  0.3568E-05  0.9653E-03  0.1087E-01  0.1094E+03
   -0.722491   14.07250  0.0000E+00  0.6676E-04  0.2508E-05  0.1035E-02  0.9733E-02  0.9314E+03
   -0.764992   14.07628  0.0000E+00  0.6258E-04  0.1902E-05  0.1085E-02  0.8770E-02  0.1063E+02
   -0.807493   14.08007  0.0000E+00  0.5883E-04  0.1472E-05  0.1168E-02  0.7973E-02 -0.1256E+04
   -0.849994   14.08383  0.0000E+00  0.5547E-04  0.1162E-05  0.1236E-02  0.7277E-02  0.1521E+04
   -0.892495   14.08710  0.0000E+00  0.5242E-04  0.9372E-06  0.1256E-02  0.6660E-02  0.1680E+05
   -0.934996   14.09041  0.0000E+00  0.4969E-04  0.7858E-06  0.1276E-02  0.6094E-02 -0.6925E+04
   -0.977498   14.09386  0.0000E+00  0.4726E-04  0.6727E-06  0.1302E-02  0.5569E-02  0.5292E+02
   -1.019999   14.09699  0.0000E+00  0.4501E-04  0.5779E-06  0.1324E-02  0.5113E-02  0.3939E+02
   -1.062499   14.10014  0.0000E+00  0.4286E-04  0.5037E-06  0.1285E-02  0.4661E-02 -0.4093E+03
   -1.105000   14.10326  0.0000E+00  0.4082E-04  0.4454E-06  0.1269E-02  0.4205E-02  0.2615E+02
   -1.147501   14.10642  0.0000E+00  0.3895E-04  0.4011E-06  0.1213E-02  0.3783E-02  0.2550E+02
   -1.190001   14.10971  0.0000E+00  0.3715E-04  0.3665E-06  0.1166E-02  0.3339E-02  0.2567E+02
   -1.232502   14.11297  0.0000E+00  0.3534E-04  0.3417E-06  0.1104E-02  0.2895E-02  0.4513E+02
   -1.275002   14.11663  0.0000E+00  0.3350E-04  0.3261E-06  0.1042E-02  0.2485E-02  0.8385E+02
   -1.317502   14.12042  0.0000E+00  0.3168E-04  0.3234E-06  0.1010E-02  0.2136E-02  0.1443E+03
   -1.360002   14.12481  0.0000E+00  0.2984E-04  0.3387E-06  0.9149E-03  0.1850E-02  0.7526E+02
   -1.402501   14.13063  0.0000E+00  0.2775E-04  0.3904E-06  0.8370E-03  0.1606E-02 -0.9427E+02
   -1.445000   14.13832  0.0000E+00  0.2552E-04  0.5078E-06  0.7458E-03  0.1368E-02  0.6137E+04
   -1.487499   14.14912  0.0000E+00  0.2343E-04  0.7303E-06  0.6774E-03  0.1115E-02 -0.2852E+04
   -1.529998   14.15943  0.0000E+00  0.2125E-04  0.1291E-05  0.5196E-03  0.8465E-03 -0.7275E+05
   -1.572496   14.20967  0.0000E+00  0.1939E-04  0.2520E-05  0.5528E-03  0.5684E-03  0.4580E+09
   -1.614994   14.17183  0.0000E+00  0.1642E-04  0.8263E-05  0.3036E-03  0.4548E-03 -0.7866E+10
   -1.657491   14.43382  0.0000E+00  0.1246E-04  0.1514E-04  0.3136E-03  0.2984E-03  0.3726E+05
   -1.699988   14.37437  0.0000E+00  0.0000E+00  0.0000E+00  0.0000E+00  0.5497E-03  0.0000E+00
