 1 - depth, m
 2 - temperature, C
 3 - salinity, kg/kg
 4 - turbulent kinetic energy, m**2/s**2
 5 - dissipation rate, m**2/s**3
 6 - kinematic heat conductance, m**2/s
 7 - modulus of horizontal velocity, m/s
 8 - Richardson number, n/d
   -0.000000   19.65370  0.0000E+00  0.1008E-03  0.4157E-04  0.4748E-04  0.7882E-01  0.5555E-01
   -0.042498   19.79265  0.0000E+00  0.5500E-04  0.1162E-04  0.9088E-04  0.2046E-01 -0.1238E+00
   -0.084996   19.82604  0.0000E+00  0.3992E-04  0.4941E-05  0.1251E-03  0.1347E-01  0.4278E+01
   -0.127494   19.84485  0.0000E+00  0.3146E-04  0.2421E-05  0.1926E-03  0.1031E-01  0.6112E+02
   -0.169993   19.85717  0.0000E+00  0.2601E-04  0.1280E-05  0.2686E-03  0.8193E-02  0.4251E+02
   -0.212492   19.86689  0.0000E+00  0.2244E-04  0.7217E-06  0.3373E-03  0.6620E-02  0.4757E+02
   -0.254992   19.87395  0.0000E+00  0.2020E-04  0.4414E-06  0.4142E-03  0.5447E-02  0.6455E+02
   -0.297492   19.87936  0.0000E+00  0.1892E-04  0.2970E-06  0.4903E-03  0.4590E-02  0.6241E+03
   -0.339992   19.88363  0.0000E+00  0.1833E-04  0.2171E-06  0.5656E-03  0.3930E-02  0.1186E+03
   -0.382492   19.88703  0.0000E+00  0.1815E-04  0.1693E-06  0.6413E-03  0.3396E-02  0.2973E+01
   -0.424993   19.88992  0.0000E+00  0.1824E-04  0.1397E-06  0.7019E-03  0.2954E-02  0.2266E+01
   -0.467493   19.89247  0.0000E+00  0.1848E-04  0.1201E-06  0.7595E-03  0.2559E-02  0.4191E+02
   -0.509994   19.89477  0.0000E+00  0.1880E-04  0.1064E-06  0.8215E-03  0.2201E-02  0.2289E+01
   -0.552495   19.89689  0.0000E+00  0.1915E-04  0.9660E-07  0.8876E-03  0.1878E-02  0.1895E+01
   -0.594997   19.89883  0.0000E+00  0.1950E-04  0.8964E-07  0.9597E-03  0.1586E-02  0.1806E+01
   -0.637498   19.90062  0.0000E+00  0.1984E-04  0.8473E-07  0.1043E-02  0.1329E-02  0.1671E+01
   -0.680000   19.90229  0.0000E+00  0.2014E-04  0.8146E-07  0.1135E-02  0.1113E-02  0.1582E+01
   -0.722501   19.90386  0.0000E+00  0.2039E-04  0.7951E-07  0.1238E-02  0.9341E-03  0.1497E+01
   -0.765003   19.90534  0.0000E+00  0.2059E-04  0.7859E-07  0.1348E-02  0.7908E-03  0.1428E+01
   -0.807505   19.90675  0.0000E+00  0.2072E-04  0.7842E-07  0.1421E-02  0.6781E-03  0.1367E+01
   -0.850006   19.90814  0.0000E+00  0.2075E-04  0.7873E-07  0.1718E-02  0.5844E-03  0.1326E+01
   -0.892508   19.90929  0.0000E+00  0.2074E-04  0.7936E-07  0.1581E-02  0.5523E-03  0.3305E+01
   -0.935010   19.91059  0.0000E+00  0.2070E-04  0.8026E-07  0.1735E-02  0.5232E-03  0.1478E+01
   -0.977512   19.91177  0.0000E+00  0.2063E-04  0.8165E-07  0.1535E-02  0.4956E-03  0.4096E+01
   -1.020013   19.91316  0.0000E+00  0.2050E-04  0.8362E-07  0.1471E-02  0.4693E-03  0.8703E+01
   -1.062515   19.91458  0.0000E+00  0.2031E-04  0.8659E-07  0.1426E-02  0.4306E-03  0.1698E+01
   -1.105016   19.91605  0.0000E+00  0.2008E-04  0.9029E-07  0.1385E-02  0.3969E-03  0.1254E+01
   -1.147517   19.91757  0.0000E+00  0.1981E-04  0.9509E-07  0.1303E-02  0.3662E-03  0.3667E+01
   -1.190018   19.91920  0.0000E+00  0.1951E-04  0.1013E-06  0.1249E-02  0.3363E-03  0.2205E+01
   -1.232519   19.92085  0.0000E+00  0.1916E-04  0.1105E-06  0.1186E-02  0.3074E-03  0.7758E+03
   -1.275020   19.92281  0.0000E+00  0.1872E-04  0.1242E-06  0.1102E-02  0.2791E-03  0.3471E+04
   -1.317521   19.92518  0.0000E+00  0.1815E-04  0.1479E-06  0.1035E-02  0.2511E-03  0.2301E+03
   -1.360021   19.92859  0.0000E+00  0.1742E-04  0.1820E-06  0.9537E-03  0.2220E-03 -0.2133E+04
   -1.402521   19.93239  0.0000E+00  0.1648E-04  0.2445E-06  0.8430E-03  0.1953E-03  0.8364E+03
   -1.445021   19.93903  0.0000E+00  0.1537E-04  0.3377E-06  0.7351E-03  0.1661E-03  0.3290E+05
   -1.487521   19.94479  0.0000E+00  0.1441E-04  0.4751E-06  0.6348E-03  0.1344E-03  0.2830E+06
   -1.530020   19.95474  0.0000E+00  0.1330E-04  0.9558E-06  0.5260E-03  0.9954E-04 -0.5190E+05
   -1.572519   19.99115  0.0000E+00  0.1248E-04  0.1580E-05  0.5661E-03  0.6529E-04  0.3395E+11
   -1.615017   19.95450  0.0000E+00  0.1070E-04  0.4775E-05  0.3163E-03  0.5474E-04 -0.1835E+11
   -1.657515   20.13588  0.0000E+00  0.8415E-05  0.9053E-05  0.3341E-03  0.3423E-04 -0.7167E+05
   -1.700013   20.09004  0.0000E+00  0.0000E+00  0.0000E+00  0.0000E+00  0.7328E-04  0.0000E+00
