 1 - depth, m
 2 - temperature, C
 3 - salinity, kg/kg
 4 - turbulent kinetic energy, m**2/s**2
 5 - dissipation rate, m**2/s**3
 6 - kinematic heat conductance, m**2/s
 7 - modulus of horizontal velocity, m/s
 8 - Richardson number, n/d
   -0.000000   21.63246  0.0000E+00  0.4669E-03  0.7709E-03  0.5616E-04  0.2016E+00 -0.3964E+00
   -0.042497   21.97466  0.0000E+00  0.2195E-03  0.2160E-03  0.2134E-03  0.4255E-01  0.5196E+01
   -0.084995   22.03341  0.0000E+00  0.1561E-03  0.1122E-03  0.2565E-03  0.2646E-01  0.1346E+02
   -0.127493   22.06258  0.0000E+00  0.1224E-03  0.6545E-04  0.2925E-03  0.2124E-01  0.3011E+02
   -0.169992   22.07954  0.0000E+00  0.9560E-04  0.3540E-04  0.3296E-03  0.1763E-01  0.1463E+02
   -0.212491   22.09283  0.0000E+00  0.7625E-04  0.1986E-04  0.3852E-03  0.1468E-01  0.5857E+02
   -0.254990   22.10261  0.0000E+00  0.6151E-04  0.1104E-04  0.4468E-03  0.1238E-01  0.4069E+02
   -0.297490   22.11060  0.0000E+00  0.5068E-04  0.6200E-05  0.5051E-03  0.1070E-01  0.2930E+02
   -0.339989   22.11756  0.0000E+00  0.4320E-04  0.3581E-05  0.5692E-03  0.9306E-02  0.1099E+03
   -0.382489   22.12370  0.0000E+00  0.3785E-04  0.2145E-05  0.6347E-03  0.7985E-02  0.5517E+02
   -0.424990   22.12905  0.0000E+00  0.3412E-04  0.1333E-05  0.6890E-03  0.6937E-02  0.7841E+02
   -0.467490   22.13367  0.0000E+00  0.3158E-04  0.8645E-06  0.7449E-03  0.5974E-02  0.2266E+03
   -0.509991   22.13762  0.0000E+00  0.2984E-04  0.5988E-06  0.8031E-03  0.5146E-02  0.1210E+03
   -0.552492   22.14129  0.0000E+00  0.2860E-04  0.4389E-06  0.8626E-03  0.4411E-02  0.9640E+02
   -0.594993   22.14418  0.0000E+00  0.2768E-04  0.3399E-06  0.9301E-03  0.3765E-02  0.3422E+05
   -0.637494   22.14697  0.0000E+00  0.2696E-04  0.2756E-06  0.9946E-03  0.3199E-02  0.7354E+01
   -0.679995   22.14927  0.0000E+00  0.2634E-04  0.2306E-06  0.1063E-02  0.2718E-02  0.1308E+02
   -0.722496   22.15138  0.0000E+00  0.2583E-04  0.1989E-06  0.1147E-02  0.2304E-02  0.3378E+01
   -0.764998   22.15329  0.0000E+00  0.2537E-04  0.1752E-06  0.1215E-02  0.1986E-02  0.4291E+01
   -0.807499   22.15509  0.0000E+00  0.2495E-04  0.1574E-06  0.1259E-02  0.1722E-02  0.3173E+02
   -0.850001   22.15683  0.0000E+00  0.2453E-04  0.1434E-06  0.1308E-02  0.1499E-02  0.4777E+01
   -0.892502   22.15848  0.0000E+00  0.2413E-04  0.1330E-06  0.1298E-02  0.1319E-02  0.2991E+01
   -0.935004   22.16016  0.0000E+00  0.2379E-04  0.1261E-06  0.1434E-02  0.1147E-02  0.8155E+01
   -0.977505   22.16162  0.0000E+00  0.2351E-04  0.1223E-06  0.1437E-02  0.1050E-02  0.5596E+01
   -1.020006   22.16308  0.0000E+00  0.2319E-04  0.1197E-06  0.1309E-02  0.9711E-03  0.3944E+01
   -1.062507   22.16473  0.0000E+00  0.2271E-04  0.1173E-06  0.1246E-02  0.8576E-03  0.2179E+01
   -1.105009   22.16647  0.0000E+00  0.2226E-04  0.1169E-06  0.1316E-02  0.7494E-03  0.3609E+01
   -1.147510   22.16812  0.0000E+00  0.2188E-04  0.1187E-06  0.1252E-02  0.6686E-03  0.2171E+02
   -1.190010   22.16989  0.0000E+00  0.2149E-04  0.1226E-06  0.1166E-02  0.6061E-03  0.5826E+01
   -1.232511   22.17174  0.0000E+00  0.2100E-04  0.1300E-06  0.1105E-02  0.5366E-03  0.7279E+01
   -1.275012   22.17387  0.0000E+00  0.2043E-04  0.1428E-06  0.1040E-02  0.4661E-03  0.8669E+02
   -1.317512   22.17634  0.0000E+00  0.1976E-04  0.1658E-06  0.9944E-03  0.4061E-03 -0.1407E+03
   -1.360012   22.17963  0.0000E+00  0.1893E-04  0.2024E-06  0.9082E-03  0.3534E-03  0.3411E+04
   -1.402512   22.18353  0.0000E+00  0.1788E-04  0.2665E-06  0.8336E-03  0.3057E-03  0.1511E+04
   -1.445011   22.18917  0.0000E+00  0.1663E-04  0.3892E-06  0.7310E-03  0.2608E-03  0.1512E+05
   -1.487510   22.19603  0.0000E+00  0.1555E-04  0.5454E-06  0.6432E-03  0.2072E-03  0.1469E+05
   -1.530009   22.20492  0.0000E+00  0.1427E-04  0.1026E-05  0.5430E-03  0.1560E-03 -0.4647E+05
   -1.572508   22.23706  0.0000E+00  0.1323E-04  0.1743E-05  0.5589E-03  0.1031E-03  0.7296E+09
   -1.615006   22.20954  0.0000E+00  0.1124E-04  0.5787E-05  0.3051E-03  0.8413E-04 -0.1418E+11
   -1.657504   22.35053  0.0000E+00  0.8763E-05  0.1050E-04  0.3366E-03  0.5305E-04 -0.1465E+05
   -1.700001   22.31899  0.0000E+00  0.0000E+00  0.0000E+00  0.0000E+00  0.1141E-03  0.0000E+00
