 1 - depth, m
 2 - temperature, C
 3 - salinity, kg/kg
 4 - turbulent kinetic energy, m**2/s**2
 5 - dissipation rate, m**2/s**3
 6 - kinematic heat conductance, m**2/s
 7 - modulus of horizontal velocity, m/s
 8 - Richardson number, n/d
   -0.000000   20.92650  0.0000E+00  0.2641E-04  0.2656E-05  0.2797E-04  0.2664E-01 -0.3617E-01
   -0.042497   20.99453  0.0000E+00  0.1971E-04  0.8165E-06  0.6161E-04  0.1234E-01 -0.1360E+00
   -0.084995   21.01941  0.0000E+00  0.1707E-04  0.3993E-06  0.1286E-03  0.8093E-02  0.3569E+02
   -0.127493   21.03257  0.0000E+00  0.1605E-04  0.2556E-06  0.3045E-03  0.5989E-02  0.1908E+03
   -0.169991   21.03829  0.0000E+00  0.1585E-04  0.1924E-06  0.4153E-03  0.4935E-02  0.1370E+02
   -0.212490   21.04207  0.0000E+00  0.1606E-04  0.1544E-06  0.4965E-03  0.4137E-02  0.2756E+01
   -0.254989   21.04523  0.0000E+00  0.1649E-04  0.1290E-06  0.5756E-03  0.3489E-02  0.2258E+01
   -0.297488   21.04799  0.0000E+00  0.1705E-04  0.1115E-06  0.6521E-03  0.2984E-02  0.2019E+01
   -0.339988   21.05045  0.0000E+00  0.1768E-04  0.9900E-07  0.7310E-03  0.2577E-02  0.1958E+01
   -0.382488   21.05264  0.0000E+00  0.1832E-04  0.8992E-07  0.8158E-03  0.2234E-02  0.1859E+01
   -0.424988   21.05460  0.0000E+00  0.1894E-04  0.8322E-07  0.8959E-03  0.1943E-02  0.1860E+01
   -0.467488   21.05637  0.0000E+00  0.1951E-04  0.7825E-07  0.9778E-03  0.1683E-02  0.1829E+01
   -0.509988   21.05798  0.0000E+00  0.2003E-04  0.7466E-07  0.1062E-02  0.1448E-02  0.1771E+01
   -0.552489   21.05946  0.0000E+00  0.2047E-04  0.7220E-07  0.1146E-02  0.1240E-02  0.1708E+01
   -0.594990   21.06082  0.0000E+00  0.2084E-04  0.7071E-07  0.1228E-02  0.1055E-02  0.1622E+01
   -0.637491   21.06208  0.0000E+00  0.2113E-04  0.7004E-07  0.1316E-02  0.8952E-03  0.1516E+01
   -0.679992   21.06328  0.0000E+00  0.2134E-04  0.7006E-07  0.1417E-02  0.7629E-03  0.1443E+01
   -0.722493   21.06441  0.0000E+00  0.2149E-04  0.7068E-07  0.1535E-02  0.6550E-03  0.1375E+01
   -0.764994   21.06548  0.0000E+00  0.2158E-04  0.7175E-07  0.1644E-02  0.5689E-03  0.1282E+01
   -0.807495   21.06652  0.0000E+00  0.2159E-04  0.7259E-07  0.2030E-02  0.5005E-03  0.1133E+01
   -0.849997   21.06738  0.0000E+00  0.2157E-04  0.7345E-07  0.1818E-02  0.4777E-03  0.2906E+01
   -0.892498   21.06838  0.0000E+00  0.2151E-04  0.7483E-07  0.1845E-02  0.4558E-03  0.1263E+01
   -0.934999   21.06939  0.0000E+00  0.2139E-04  0.7709E-07  0.1734E-02  0.4180E-03  0.1189E+01
   -0.977500   21.07047  0.0000E+00  0.2125E-04  0.7953E-07  0.1672E-02  0.3873E-03  0.1154E+01
   -1.020001   21.07161  0.0000E+00  0.2106E-04  0.8234E-07  0.1612E-02  0.3611E-03  0.1181E+01
   -1.062502   21.07280  0.0000E+00  0.2084E-04  0.8574E-07  0.1543E-02  0.3378E-03  0.1253E+01
   -1.105003   21.07405  0.0000E+00  0.2058E-04  0.9000E-07  0.1475E-02  0.3162E-03  0.1400E+01
   -1.147504   21.07537  0.0000E+00  0.2027E-04  0.9544E-07  0.1400E-02  0.2954E-03  0.3498E+01
   -1.190005   21.07678  0.0000E+00  0.1993E-04  0.1024E-06  0.1342E-02  0.2744E-03  0.2700E+01
   -1.232505   21.07825  0.0000E+00  0.1951E-04  0.1126E-06  0.1259E-02  0.2532E-03  0.7761E+02
   -1.275005   21.08005  0.0000E+00  0.1899E-04  0.1274E-06  0.1188E-02  0.2312E-03  0.4811E+04
   -1.317506   21.08221  0.0000E+00  0.1833E-04  0.1497E-06  0.1109E-02  0.2089E-03  0.7062E+03
   -1.360005   21.08538  0.0000E+00  0.1748E-04  0.1855E-06  0.1006E-02  0.1848E-03  0.1863E+04
   -1.402505   21.08888  0.0000E+00  0.1640E-04  0.2456E-06  0.8803E-03  0.1627E-03  0.7385E+04
   -1.445004   21.09533  0.0000E+00  0.1516E-04  0.3393E-06  0.7939E-03  0.1376E-03  0.8785E+06
   -1.487503   21.10033  0.0000E+00  0.1412E-04  0.4873E-06  0.6536E-03  0.1113E-03  0.5640E+05
   -1.530002   21.11151  0.0000E+00  0.1293E-04  0.1028E-05  0.5743E-03  0.8078E-04 -0.3816E+05
   -1.572500   21.14169  0.0000E+00  0.1210E-04  0.1652E-05  0.5873E-03  0.5315E-04  0.9748E+10
   -1.614998   21.11049  0.0000E+00  0.1032E-04  0.5721E-05  0.3386E-03  0.4440E-04 -0.1289E+11
   -1.657496   21.27249  0.0000E+00  0.8164E-05  0.1023E-04  0.3673E-03  0.2756E-04 -0.8682E+05
   -1.699993   21.22403  0.0000E+00  0.0000E+00  0.0000E+00  0.0000E+00  0.6209E-04  0.0000E+00
