 1 - depth, m
 2 - temperature, C
 3 - salinity, kg/kg
 4 - turbulent kinetic energy, m**2/s**2
 5 - dissipation rate, m**2/s**3
 6 - kinematic heat conductance, m**2/s
 7 - modulus of horizontal velocity, m/s
 8 - Richardson number, n/d
   -0.000000   20.91809  0.0000E+00  0.2702E-03  0.2104E-03  0.5396E-04  0.1553E+00  0.1870E+00
   -0.042497   21.19460  0.0000E+00  0.1372E-03  0.5145E-04  0.1659E-03  0.3279E-01 -0.1838E+00
   -0.084995   21.26164  0.0000E+00  0.9851E-04  0.2253E-04  0.2165E-03  0.2083E-01  0.1750E+02
   -0.127492   21.29017  0.0000E+00  0.7679E-04  0.1227E-04  0.2569E-03  0.1673E-01  0.9657E+01
   -0.169991   21.30783  0.0000E+00  0.6130E-04  0.6865E-05  0.3028E-03  0.1386E-01  0.1692E+03
   -0.212489   21.32093  0.0000E+00  0.4979E-04  0.3890E-05  0.3473E-03  0.1159E-01  0.4604E+03
   -0.254988   21.33118  0.0000E+00  0.4140E-04  0.2228E-05  0.3971E-03  0.9805E-02  0.1592E+03
   -0.297487   21.33971  0.0000E+00  0.3547E-04  0.1347E-05  0.4546E-03  0.8414E-02  0.5852E+03
   -0.339987   21.34661  0.0000E+00  0.3150E-04  0.8679E-06  0.5042E-03  0.7281E-02  0.2265E+03
   -0.382487   21.35251  0.0000E+00  0.2884E-04  0.5902E-06  0.5690E-03  0.6305E-02  0.6057E+02
   -0.424986   21.35724  0.0000E+00  0.2714E-04  0.4258E-06  0.6276E-03  0.5500E-02  0.3787E+03
   -0.467487   21.36136  0.0000E+00  0.2610E-04  0.3241E-06  0.6820E-03  0.4783E-02  0.1673E+02
   -0.509987   21.36490  0.0000E+00  0.2549E-04  0.2593E-06  0.7265E-03  0.4134E-02  0.4322E+01
   -0.552488   21.36805  0.0000E+00  0.2512E-04  0.2153E-06  0.7858E-03  0.3536E-02  0.3354E+01
   -0.594988   21.37085  0.0000E+00  0.2488E-04  0.1838E-06  0.8469E-03  0.2990E-02  0.3204E+01
   -0.637489   21.37342  0.0000E+00  0.2472E-04  0.1619E-06  0.1010E-02  0.2484E-02  0.2202E+01
   -0.679990   21.37563  0.0000E+00  0.2461E-04  0.1475E-06  0.1213E-02  0.2118E-02  0.1784E+01
   -0.722491   21.37753  0.0000E+00  0.2452E-04  0.1366E-06  0.1156E-02  0.1860E-02  0.1681E+01
   -0.764992   21.37956  0.0000E+00  0.2442E-04  0.1268E-06  0.1085E-02  0.1590E-02  0.1513E+01
   -0.807493   21.38163  0.0000E+00  0.2432E-04  0.1193E-06  0.1184E-02  0.1352E-02  0.1452E+01
   -0.849994   21.38356  0.0000E+00  0.2417E-04  0.1143E-06  0.1263E-02  0.1163E-02  0.1411E+01
   -0.892495   21.38539  0.0000E+00  0.2399E-04  0.1111E-06  0.1333E-02  0.1011E-02  0.1352E+01
   -0.934996   21.38714  0.0000E+00  0.2376E-04  0.1094E-06  0.1380E-02  0.8890E-03  0.1322E+01
   -0.977497   21.38883  0.0000E+00  0.2349E-04  0.1090E-06  0.1400E-02  0.7881E-03  0.1175E+01
   -1.019998   21.39049  0.0000E+00  0.2319E-04  0.1098E-06  0.1391E-02  0.7049E-03  0.1255E+01
   -1.062499   21.39217  0.0000E+00  0.2286E-04  0.1116E-06  0.1383E-02  0.6345E-03  0.1306E+01
   -1.105000   21.39385  0.0000E+00  0.2251E-04  0.1146E-06  0.1315E-02  0.5761E-03  0.2563E+02
   -1.147501   21.39565  0.0000E+00  0.2214E-04  0.1189E-06  0.1276E-02  0.5231E-03  0.1209E+01
   -1.190001   21.39747  0.0000E+00  0.2174E-04  0.1253E-06  0.1221E-02  0.4735E-03  0.1611E+01
   -1.232502   21.39940  0.0000E+00  0.2129E-04  0.1350E-06  0.1147E-02  0.4272E-03  0.1801E+01
   -1.275002   21.40157  0.0000E+00  0.2075E-04  0.1506E-06  0.1078E-02  0.3847E-03  0.4655E+01
   -1.317502   21.40430  0.0000E+00  0.2006E-04  0.1754E-06  0.1023E-02  0.3444E-03 -0.2211E+04
   -1.360002   21.40779  0.0000E+00  0.1917E-04  0.2147E-06  0.9383E-03  0.3048E-03  0.1169E+04
   -1.402501   21.41260  0.0000E+00  0.1804E-04  0.2866E-06  0.8313E-03  0.2660E-03 -0.6349E+04
   -1.445000   21.41855  0.0000E+00  0.1673E-04  0.3967E-06  0.7273E-03  0.2273E-03  0.2415E+05
   -1.487499   21.42624  0.0000E+00  0.1563E-04  0.5505E-06  0.6491E-03  0.1816E-03  0.1445E+05
   -1.529998   21.43452  0.0000E+00  0.1432E-04  0.1075E-05  0.5472E-03  0.1361E-03 -0.4313E+05
   -1.572496   21.47405  0.0000E+00  0.1330E-04  0.1830E-05  0.5667E-03  0.8851E-04  0.2704E+10
   -1.614994   21.43852  0.0000E+00  0.1130E-04  0.6622E-05  0.3300E-03  0.7290E-04 -0.1862E+10
   -1.657491   21.60171  0.0000E+00  0.8896E-05  0.1174E-04  0.3609E-03  0.4526E-04 -0.4924E+06
   -1.699988   21.56177  0.0000E+00  0.0000E+00  0.0000E+00  0.0000E+00  0.9970E-04  0.0000E+00
