 1 - depth, m
 2 - temperature, C
 3 - salinity, kg/kg
 4 - turbulent kinetic energy, m**2/s**2
 5 - dissipation rate, m**2/s**3
 6 - kinematic heat conductance, m**2/s
 7 - modulus of horizontal velocity, m/s
 8 - Richardson number, n/d
   -0.000000   -0.00031  0.0000E+00  0.1141E-02  0.4213E-02  0.1289E-03  0.5681E+00  0.2940E-02
   -0.042493    0.08186  0.0000E+00  0.6863E-03  0.1915E-02  0.2890E-03  0.1478E+00  0.8532E-01
   -0.084985    0.13052  0.0000E+00  0.4869E-03  0.9574E-03  0.3534E-03  0.8650E-01  0.1228E+01
   -0.127479    0.15882  0.0000E+00  0.3866E-03  0.6420E-03  0.3454E-03  0.6891E-01  0.9732E+00
   -0.169972    0.18098  0.0000E+00  0.3221E-03  0.4576E-03  0.3459E-03  0.5844E-01  0.1897E+00
   -0.212466    0.20082  0.0000E+00  0.2723E-03  0.3240E-03  0.3517E-03  0.5057E-01  0.1804E+00
   -0.254961    0.21996  0.0000E+00  0.2324E-03  0.2316E-03  0.3606E-03  0.4442E-01  0.7901E+01
   -0.297455    0.23765  0.0000E+00  0.2011E-03  0.1652E-03  0.3673E-03  0.4016E-01  0.9966E+01
   -0.339950    0.25454  0.0000E+00  0.1764E-03  0.1158E-03  0.3716E-03  0.3686E-01  0.5273E+02
   -0.382445    0.27133  0.0000E+00  0.1565E-03  0.7906E-04  0.3789E-03  0.3363E-01  0.3576E+02
   -0.424941    0.28761  0.0000E+00  0.1405E-03  0.5172E-04  0.3808E-03  0.3098E-01  0.1331E+01
   -0.467436    0.30365  0.0000E+00  0.1273E-03  0.3197E-04  0.3813E-03  0.2820E-01  0.3159E+00
   -0.509932    0.31840  0.0000E+00  0.1161E-03  0.1846E-04  0.3808E-03  0.2552E-01  0.3542E+00
   -0.552428    0.33305  0.0000E+00  0.1060E-03  0.9922E-05  0.3750E-03  0.2304E-01  0.3503E+00
   -0.594924    0.34774  0.0000E+00  0.9693E-04  0.5165E-05  0.3672E-03  0.2065E-01  0.5976E+00
   -0.637421    0.36331  0.0000E+00  0.8843E-04  0.2928E-05  0.3613E-03  0.1843E-01  0.3436E+01
   -0.679917    0.37987  0.0000E+00  0.8048E-04  0.2009E-05  0.3489E-03  0.1653E-01  0.1746E+02
   -0.722413    0.39816  0.0000E+00  0.7299E-04  0.1587E-05  0.3350E-03  0.1484E-01  0.2048E+03
   -0.764910    0.41866  0.0000E+00  0.6596E-04  0.1320E-05  0.3187E-03  0.1341E-01  0.1583E+06
   -0.807406    0.44201  0.0000E+00  0.5940E-04  0.1114E-05  0.2959E-03  0.1222E-01  0.5671E+06
   -0.849903    0.47044  0.0000E+00  0.5330E-04  0.9451E-06  0.2717E-03  0.1115E-01  0.2109E+07
   -0.892399    0.50546  0.0000E+00  0.4762E-04  0.8020E-06  0.2463E-03  0.1018E-01  0.1546E+05
   -0.934896    0.54843  0.0000E+00  0.4241E-04  0.6812E-06  0.2201E-03  0.9323E-02  0.1289E+07
   -0.977393    0.60356  0.0000E+00  0.3762E-04  0.5786E-06  0.1957E-03  0.8484E-02  0.1910E+06
   -1.019889    0.67621  0.0000E+00  0.3329E-04  0.4924E-06  0.1715E-03  0.7724E-02  0.2082E+08
   -1.062385    0.77530  0.0000E+00  0.2939E-04  0.4196E-06  0.1504E-03  0.6935E-02  0.2938E+08
   -1.104882    0.93117  0.0000E+00  0.2600E-04  0.3593E-06  0.1323E-03  0.6181E-02  0.1258E+08
   -1.147378    1.15642  0.0000E+00  0.2309E-04  0.3096E-06  0.1226E-03  0.5369E-02  0.5091E+06
   -1.189874    1.41650  0.0000E+00  0.2054E-04  0.2671E-06  0.1212E-03  0.4417E-02  0.3426E+06
   -1.232369    1.68155  0.0000E+00  0.1813E-04  0.2285E-06  0.1236E-03  0.3474E-02  0.6363E+08
   -1.274865    1.96065  0.0000E+00  0.1602E-04  0.1962E-06  0.1257E-03  0.2777E-02  0.1546E+10
   -1.317360    2.27295  0.0000E+00  0.1418E-04  0.1696E-06  0.1308E-03  0.2214E-02  0.2525E+12
   -1.359856    2.64874  0.0000E+00  0.1266E-04  0.1496E-06  0.1362E-03  0.1762E-02  0.1616E+13
   -1.402350    2.94095  0.0000E+00  0.1134E-04  0.1346E-06  0.1418E-03  0.1421E-02  0.4465E+14
   -1.444845    3.19023  0.0000E+00  0.1035E-04  0.1277E-06  0.1457E-03  0.1166E-02  0.6490E+14
   -1.487339    3.42088  0.0000E+00  0.9601E-05  0.1280E-06  0.1493E-03  0.9179E-03 -0.8889E+13
   -1.529833    3.65631  0.0000E+00  0.9081E-05  0.1393E-06  0.1470E-03  0.7035E-03 -0.1018E+14
   -1.572327    3.89272  0.0000E+00  0.8584E-05  0.1781E-06  0.1336E-03  0.5459E-03 -0.1388E+15
   -1.614820    4.16822  0.0000E+00  0.7412E-05  0.3264E-06  0.9238E-04  0.4252E-03 -0.3038E+15
   -1.657313    4.40909  0.0000E+00  0.4918E-05  0.8488E-06  0.2542E-04  0.3320E-03 -0.1697E+16
   -1.699806    4.96325  0.0000E+00  0.0000E+00  0.0000E+00  0.0000E+00  0.3789E-03  0.0000E+00
