 1 - depth, m
 2 - temperature, C
 3 - salinity, kg/kg
 4 - turbulent kinetic energy, m**2/s**2
 5 - dissipation rate, m**2/s**3
 6 - kinematic heat conductance, m**2/s
 7 - modulus of horizontal velocity, m/s
 8 - Richardson number, n/d
   -0.000000    8.65084  0.0000E+00  0.5184E-03  0.1640E-01  0.8878E-04  0.2265E+00  0.9879E+00
   -0.042497    8.95208  0.0000E+00  0.2639E-03  0.1471E-01  0.2087E-03  0.4960E-01 -0.2224E-01
   -0.084995    9.00991  0.0000E+00  0.1946E-03  0.1397E-01  0.1846E-03  0.3082E-01 -0.6395E-01
   -0.127493    9.04696  0.0000E+00  0.1502E-03  0.1119E-01  0.1772E-03  0.2441E-01  0.3821E+01
   -0.169991    9.07415  0.0000E+00  0.1048E-03  0.3687E-02  0.1842E-03  0.1994E-01  0.2116E+03
   -0.212490    9.09828  0.0000E+00  0.7321E-04  0.5550E-03  0.2092E-03  0.1630E-01  0.3642E+03
   -0.254989    9.11940  0.0000E+00  0.5593E-04  0.9176E-04  0.2447E-03  0.1352E-01  0.5056E+03
   -0.297488    9.13655  0.0000E+00  0.4449E-04  0.2099E-04  0.2850E-03  0.1151E-01  0.1775E+02
   -0.339988    9.15156  0.0000E+00  0.3659E-04  0.6158E-05  0.3269E-03  0.9891E-02  0.5461E+02
   -0.382488    9.16491  0.0000E+00  0.3114E-04  0.2341E-05  0.3791E-03  0.8428E-02  0.8448E+02
   -0.424988    9.17584  0.0000E+00  0.2738E-04  0.1126E-05  0.4252E-03  0.7269E-02  0.7860E+03
   -0.467488    9.18585  0.0000E+00  0.2475E-04  0.6530E-06  0.4779E-03  0.6217E-02  0.2220E+03
   -0.509989    9.19408  0.0000E+00  0.2290E-04  0.4385E-06  0.5341E-03  0.5314E-02  0.5478E+02
   -0.552490    9.20126  0.0000E+00  0.2161E-04  0.3165E-06  0.5855E-03  0.4547E-02  0.2444E+02
   -0.594990    9.20719  0.0000E+00  0.2069E-04  0.2434E-06  0.6405E-03  0.3878E-02  0.3781E+02
   -0.637491    9.21255  0.0000E+00  0.2002E-04  0.1964E-06  0.6931E-03  0.3294E-02  0.6900E+01
   -0.679992    9.21741  0.0000E+00  0.1951E-04  0.1638E-06  0.7502E-03  0.2789E-02  0.5673E+01
   -0.722494    9.22201  0.0000E+00  0.1912E-04  0.1403E-06  0.8187E-03  0.2355E-02  0.6082E+01
   -0.764995    9.22637  0.0000E+00  0.1879E-04  0.1226E-06  0.8926E-03  0.1996E-02  0.1973E+01
   -0.807496    9.23057  0.0000E+00  0.1851E-04  0.1088E-06  0.9610E-03  0.1707E-02  0.1668E+01
   -0.849997    9.23465  0.0000E+00  0.1825E-04  0.9843E-07  0.1019E-02  0.1470E-02  0.1551E+01
   -0.892499    9.23861  0.0000E+00  0.1800E-04  0.9047E-07  0.1069E-02  0.1273E-02  0.1485E+01
   -0.935000    9.24252  0.0000E+00  0.1776E-04  0.8458E-07  0.1105E-02  0.1110E-02  0.1475E+01
   -0.977501    9.24633  0.0000E+00  0.1751E-04  0.8038E-07  0.1125E-02  0.9716E-03  0.1440E+01
   -1.020002    9.25012  0.0000E+00  0.1724E-04  0.7757E-07  0.1128E-02  0.8548E-03  0.1457E+01
   -1.062503    9.25390  0.0000E+00  0.1697E-04  0.7602E-07  0.1116E-02  0.7536E-03  0.1465E+01
   -1.105004    9.25771  0.0000E+00  0.1669E-04  0.7562E-07  0.1091E-02  0.6659E-03  0.1509E+01
   -1.147505    9.26157  0.0000E+00  0.1641E-04  0.7639E-07  0.1059E-02  0.5872E-03  0.1606E+01
   -1.190006    9.26546  0.0000E+00  0.1614E-04  0.7847E-07  0.1016E-02  0.5149E-03  0.1815E+01
   -1.232506    9.26936  0.0000E+00  0.1586E-04  0.8236E-07  0.9704E-03  0.4491E-03  0.2471E+01
   -1.275007    9.27367  0.0000E+00  0.1555E-04  0.8897E-07  0.9078E-03  0.3927E-03  0.8856E+00
   -1.317507    9.27887  0.0000E+00  0.1519E-04  0.9975E-07  0.8556E-03  0.3437E-03  0.1050E+02
   -1.360007    9.28539  0.0000E+00  0.1471E-04  0.1196E-06  0.7692E-03  0.3005E-03 -0.2484E+03
   -1.402506    9.29563  0.0000E+00  0.1407E-04  0.1501E-06  0.7112E-03  0.2591E-03  0.1500E+04
   -1.445006    9.30440  0.0000E+00  0.1329E-04  0.2040E-06  0.6127E-03  0.2240E-03  0.3930E+05
   -1.487505    9.32449  0.0000E+00  0.1255E-04  0.2872E-06  0.5548E-03  0.1738E-03  0.4066E+05
   -1.530004    9.33129  0.0000E+00  0.1175E-04  0.5075E-06  0.4206E-03  0.1345E-03  0.2161E+05
   -1.572502    9.43257  0.0000E+00  0.1104E-04  0.9409E-06  0.4646E-03  0.8701E-04  0.1682E+11
   -1.615000    9.34234  0.0000E+00  0.9604E-05  0.2564E-05  0.2373E-03  0.7151E-04 -0.1204E+11
   -1.657498    9.74711  0.0000E+00  0.7445E-05  0.5460E-05  0.2335E-03  0.4451E-04 -0.4075E+06
   -1.699995    9.69125  0.0000E+00  0.0000E+00  0.0000E+00  0.0000E+00  0.8515E-04  0.0000E+00
