 1 - depth, m
 2 - temperature, C
 3 - salinity, kg/kg
 4 - turbulent kinetic energy, m**2/s**2
 5 - dissipation rate, m**2/s**3
 6 - kinematic heat conductance, m**2/s
 7 - modulus of horizontal velocity, m/s
 8 - Richardson number, n/d
   -0.000000   20.91277  0.0000E+00  0.5914E-03  0.9704E-03  0.8102E-04  0.2533E+00  0.1082E+00
   -0.042497   21.19646  0.0000E+00  0.2768E-03  0.2536E-03  0.2011E-03  0.5336E-01 -0.2148E+01
   -0.084995   21.25623  0.0000E+00  0.1971E-03  0.1300E-03  0.2324E-03  0.3253E-01  0.1422E+02
   -0.127492   21.28537  0.0000E+00  0.1523E-03  0.7828E-04  0.2372E-03  0.2639E-01  0.3159E+02
   -0.169991   21.30504  0.0000E+00  0.1184E-03  0.4726E-04  0.2534E-03  0.2201E-01  0.2098E+03
   -0.212489   21.31973  0.0000E+00  0.9311E-04  0.2882E-04  0.2919E-03  0.1832E-01  0.3740E+02
   -0.254988   21.33194  0.0000E+00  0.7369E-04  0.1716E-04  0.3310E-03  0.1556E-01  0.2325E+02
   -0.297487   21.34124  0.0000E+00  0.5895E-04  0.1003E-04  0.3737E-03  0.1354E-01  0.5916E+02
   -0.339987   21.34981  0.0000E+00  0.4836E-04  0.5786E-05  0.4076E-03  0.1184E-01  0.6469E+02
   -0.382486   21.35813  0.0000E+00  0.4076E-04  0.3340E-05  0.4516E-03  0.1013E-01  0.1052E+04
   -0.424986   21.36481  0.0000E+00  0.3556E-04  0.2045E-05  0.4865E-03  0.8760E-02  0.2427E+03
   -0.467486   21.37060  0.0000E+00  0.3197E-04  0.1297E-05  0.5253E-03  0.7474E-02  0.1124E+03
   -0.509987   21.37588  0.0000E+00  0.2943E-04  0.8054E-06  0.5812E-03  0.6346E-02  0.2000E+03
   -0.552487   21.38011  0.0000E+00  0.2773E-04  0.5410E-06  0.6374E-03  0.5386E-02  0.1860E+02
   -0.594988   21.38382  0.0000E+00  0.2656E-04  0.3858E-06  0.6948E-03  0.4538E-02  0.1358E+02
   -0.637488   21.38710  0.0000E+00  0.2573E-04  0.2934E-06  0.7585E-03  0.3804E-02  0.2146E+02
   -0.679989   21.38999  0.0000E+00  0.2512E-04  0.2371E-06  0.8177E-03  0.3191E-02  0.4252E+01
   -0.722490   21.39256  0.0000E+00  0.2463E-04  0.1995E-06  0.8863E-03  0.2674E-02 -0.2446E+01
   -0.764991   21.39492  0.0000E+00  0.2422E-04  0.1730E-06  0.9577E-03  0.2253E-02 -0.5869E+00
   -0.807492   21.39717  0.0000E+00  0.2386E-04  0.1527E-06  0.1027E-02  0.1919E-02  0.1685E+01
   -0.849993   21.39932  0.0000E+00  0.2352E-04  0.1377E-06  0.1094E-02  0.1645E-02 -0.5387E+01
   -0.892495   21.40133  0.0000E+00  0.2320E-04  0.1273E-06  0.1174E-02  0.1420E-02  0.1954E+01
   -0.934996   21.40326  0.0000E+00  0.2289E-04  0.1200E-06  0.1219E-02  0.1246E-02  0.1844E+01
   -0.977497   21.40510  0.0000E+00  0.2255E-04  0.1148E-06  0.1221E-02  0.1099E-02  0.1591E+01
   -1.019998   21.40691  0.0000E+00  0.2216E-04  0.1113E-06  0.1234E-02  0.9666E-03  0.1559E+01
   -1.062498   21.40870  0.0000E+00  0.2176E-04  0.1097E-06  0.1228E-02  0.8536E-03  0.1506E+01
   -1.104999   21.41047  0.0000E+00  0.2135E-04  0.1096E-06  0.1205E-02  0.7563E-03  0.1491E+01
   -1.147500   21.41227  0.0000E+00  0.2093E-04  0.1113E-06  0.1172E-02  0.6698E-03  0.1541E+01
   -1.190000   21.41409  0.0000E+00  0.2052E-04  0.1148E-06  0.1125E-02  0.5910E-03  0.1606E+01
   -1.232501   21.41594  0.0000E+00  0.2010E-04  0.1210E-06  0.1074E-02  0.5191E-03  0.9656E+01
   -1.275001   21.41796  0.0000E+00  0.1962E-04  0.1314E-06  0.1014E-02  0.4574E-03  0.1169E+02
   -1.317501   21.42032  0.0000E+00  0.1907E-04  0.1485E-06  0.9660E-03  0.4034E-03  0.2766E+01
   -1.360000   21.42316  0.0000E+00  0.1837E-04  0.1782E-06  0.8853E-03  0.3559E-03  0.3212E+01
   -1.402500   21.42715  0.0000E+00  0.1744E-04  0.2295E-06  0.7980E-03  0.3106E-03 -0.3138E+03
   -1.444999   21.43198  0.0000E+00  0.1632E-04  0.3101E-06  0.7101E-03  0.2673E-03 -0.5006E+03
   -1.487498   21.43902  0.0000E+00  0.1527E-04  0.4369E-06  0.6286E-03  0.2136E-03  0.4966E+05
   -1.529996   21.44667  0.0000E+00  0.1405E-04  0.8400E-06  0.5247E-03  0.1603E-03 -0.4250E+04
   -1.572495   21.47706  0.0000E+00  0.1307E-04  0.1432E-05  0.5432E-03  0.1066E-03  0.7296E+09
   -1.614992   21.45174  0.0000E+00  0.1107E-04  0.4658E-05  0.2820E-03  0.8731E-04 -0.1568E+11
   -1.657490   21.59946  0.0000E+00  0.8646E-05  0.8718E-05  0.3073E-03  0.5422E-04  0.2841E+06
   -1.699987   21.55828  0.0000E+00  0.0000E+00  0.0000E+00  0.0000E+00  0.1128E-03  0.0000E+00
