 1 - depth, m
 2 - temperature, C
 3 - salinity, kg/kg
 4 - turbulent kinetic energy, m**2/s**2
 5 - dissipation rate, m**2/s**3
 6 - kinematic heat conductance, m**2/s
 7 - modulus of horizontal velocity, m/s
 8 - Richardson number, n/d
   -0.000000   15.41057  0.0000E+00  0.3430E-04  0.7018E-05  0.3261E-04  0.3309E-01 -0.3083E-01
   -0.042497   15.50395  0.0000E+00  0.2232E-04  0.1881E-05  0.6416E-04  0.1254E-01 -0.1364E+00
   -0.084995   15.53212  0.0000E+00  0.1819E-04  0.8192E-06  0.1433E-03  0.8160E-02  0.1023E+02
   -0.127493   15.54764  0.0000E+00  0.1631E-04  0.4429E-06  0.2689E-03  0.6055E-02  0.3662E+03
   -0.169992   15.55665  0.0000E+00  0.1551E-04  0.2721E-06  0.3760E-03  0.4834E-02  0.3385E+03
   -0.212491   15.56277  0.0000E+00  0.1531E-04  0.1867E-06  0.4796E-03  0.3971E-02  0.6002E+02
   -0.254990   15.56721  0.0000E+00  0.1551E-04  0.1410E-06  0.5673E-03  0.3334E-02  0.7445E+01
   -0.297490   15.57085  0.0000E+00  0.1595E-04  0.1156E-06  0.6535E-03  0.2845E-02  0.2275E+01
   -0.339990   15.57397  0.0000E+00  0.1651E-04  0.9962E-07  0.7391E-03  0.2457E-02  0.4597E+01
   -0.382490   15.57674  0.0000E+00  0.1714E-04  0.8898E-07  0.8261E-03  0.2132E-02  0.1748E+01
   -0.424990   15.57923  0.0000E+00  0.1778E-04  0.8169E-07  0.9070E-03  0.1858E-02  0.1779E+01
   -0.467490   15.58150  0.0000E+00  0.1841E-04  0.7655E-07  0.9891E-03  0.1613E-02  0.1733E+01
   -0.509991   15.58359  0.0000E+00  0.1900E-04  0.7306E-07  0.1075E-02  0.1392E-02  0.1684E+01
   -0.552492   15.58551  0.0000E+00  0.1954E-04  0.7082E-07  0.1163E-02  0.1195E-02  0.1631E+01
   -0.594993   15.58729  0.0000E+00  0.2002E-04  0.6961E-07  0.1255E-02  0.1021E-02  0.1559E+01
   -0.637494   15.58895  0.0000E+00  0.2043E-04  0.6926E-07  0.1358E-02  0.8706E-03  0.1467E+01
   -0.679995   15.59053  0.0000E+00  0.2078E-04  0.6961E-07  0.1471E-02  0.7460E-03  0.1407E+01
   -0.722497   15.59202  0.0000E+00  0.2107E-04  0.7054E-07  0.1591E-02  0.6451E-03  0.1353E+01
   -0.764998   15.59346  0.0000E+00  0.2128E-04  0.7191E-07  0.1703E-02  0.5655E-03  0.1310E+01
   -0.807500   15.59486  0.0000E+00  0.2144E-04  0.7361E-07  0.1777E-02  0.5041E-03  0.1285E+01
   -0.850001   15.59627  0.0000E+00  0.2152E-04  0.7554E-07  0.1791E-02  0.4557E-03  0.1260E+01
   -0.892503   15.59772  0.0000E+00  0.2156E-04  0.7769E-07  0.1760E-02  0.4168E-03  0.1230E+01
   -0.935004   15.59925  0.0000E+00  0.2155E-04  0.8005E-07  0.1716E-02  0.3849E-03  0.1241E+01
   -0.977505   15.60086  0.0000E+00  0.2150E-04  0.8270E-07  0.1661E-02  0.3580E-03  0.1273E+01
   -1.020007   15.60255  0.0000E+00  0.2140E-04  0.8574E-07  0.1607E-02  0.3347E-03  0.1379E+01
   -1.062508   15.60433  0.0000E+00  0.2126E-04  0.8939E-07  0.1546E-02  0.3136E-03  0.1550E+01
   -1.105009   15.60621  0.0000E+00  0.2108E-04  0.9387E-07  0.1481E-02  0.2940E-03  0.2070E+01
   -1.147510   15.60820  0.0000E+00  0.2085E-04  0.9953E-07  0.1416E-02  0.2749E-03  0.2273E+01
   -1.190011   15.61032  0.0000E+00  0.2058E-04  0.1068E-06  0.1348E-02  0.2554E-03  0.2620E+01
   -1.232512   15.61252  0.0000E+00  0.2025E-04  0.1170E-06  0.1287E-02  0.2357E-03  0.5271E+02
   -1.275012   15.61520  0.0000E+00  0.1983E-04  0.1320E-06  0.1218E-02  0.2157E-03  0.3279E+03
   -1.317513   15.61837  0.0000E+00  0.1929E-04  0.1553E-06  0.1087E-02  0.1955E-03  0.4671E+04
   -1.360013   15.62310  0.0000E+00  0.1859E-04  0.1909E-06  0.1008E-02  0.1736E-03  0.7245E+04
   -1.402513   15.62839  0.0000E+00  0.1769E-04  0.2510E-06  0.9035E-03  0.1533E-03  0.1039E+05
   -1.445012   15.63697  0.0000E+00  0.1661E-04  0.3473E-06  0.7920E-03  0.1322E-03  0.1445E+06
   -1.487511   15.64594  0.0000E+00  0.1565E-04  0.5037E-06  0.6689E-03  0.1069E-03  0.1011E+06
   -1.530010   15.65911  0.0000E+00  0.1457E-04  0.1073E-05  0.5819E-03  0.8046E-04  0.1032E+04
   -1.572509   15.70934  0.0000E+00  0.1375E-04  0.1730E-05  0.6027E-03  0.5396E-04  0.1059E+10
   -1.615007   15.66590  0.0000E+00  0.1191E-04  0.5683E-05  0.3316E-03  0.4433E-04 -0.2821E+10
   -1.657505   15.93348  0.0000E+00  0.9427E-05  0.1026E-04  0.3456E-03  0.2804E-04 -0.9143E+06
   -1.700002   15.86119  0.0000E+00  0.0000E+00  0.0000E+00  0.0000E+00  0.5736E-04  0.0000E+00
