 1 - depth, m
 2 - temperature, C
 3 - salinity, kg/kg
 4 - turbulent kinetic energy, m**2/s**2
 5 - dissipation rate, m**2/s**3
 6 - kinematic heat conductance, m**2/s
 7 - modulus of horizontal velocity, m/s
 8 - Richardson number, n/d
   -0.000000   16.21383  0.0000E+00  0.1074E-02  0.4451E-02  0.9770E-04  0.3774E+00 -0.5169E-01
   -0.042497   16.70741  0.0000E+00  0.5225E-03  0.1215E-02  0.3025E-03  0.7899E-01 -0.1941E+00
   -0.084995   16.79630  0.0000E+00  0.3726E-03  0.6103E-03  0.3130E-03  0.4683E-01  0.2524E+01
   -0.127493   16.83984  0.0000E+00  0.2844E-03  0.3741E-03  0.3129E-03  0.3729E-01  0.6336E+01
   -0.169991   16.86764  0.0000E+00  0.2148E-03  0.2225E-03  0.3025E-03  0.3089E-01  0.5443E+01
   -0.212489   16.88866  0.0000E+00  0.1636E-03  0.1346E-03  0.3281E-03  0.2559E-01  0.8191E+01
   -0.254988   16.90601  0.0000E+00  0.1253E-03  0.8034E-04  0.3656E-03  0.2161E-01  0.2971E+02
   -0.297488   16.91951  0.0000E+00  0.9805E-04  0.4810E-04  0.3970E-03  0.1875E-01  0.1295E+02
   -0.339987   16.93075  0.0000E+00  0.7870E-04  0.2796E-04  0.4290E-03  0.1641E-01  0.2304E+03
   -0.382487   16.94285  0.0000E+00  0.6482E-04  0.1610E-04  0.4824E-03  0.1407E-01  0.6065E+02
   -0.424987   16.95117  0.0000E+00  0.5565E-04  0.9863E-05  0.5097E-03  0.1234E-01  0.1668E+03
   -0.467487   16.96136  0.0000E+00  0.4910E-04  0.5877E-05  0.5612E-03  0.1056E-01  0.1936E+03
   -0.509988   16.96862  0.0000E+00  0.4420E-04  0.3335E-05  0.6173E-03  0.9026E-02  0.4099E+04
   -0.552488   16.97519  0.0000E+00  0.4069E-04  0.2200E-05  0.6751E-03  0.7756E-02  0.1641E+03
   -0.594989   16.98059  0.0000E+00  0.3808E-04  0.1516E-05  0.7317E-03  0.6648E-02  0.5609E+02
   -0.637490   16.98518  0.0000E+00  0.3602E-04  0.1085E-05  0.7911E-03  0.5689E-02  0.5966E+02
   -0.679991   16.98901  0.0000E+00  0.3438E-04  0.8136E-06  0.8540E-03  0.4893E-02  0.1382E+03
   -0.722492   16.99291  0.0000E+00  0.3302E-04  0.5771E-06  0.9128E-03  0.4220E-02  0.2018E+02
   -0.764993   16.99639  0.0000E+00  0.3182E-04  0.4696E-06  0.9603E-03  0.3657E-02  0.6210E+01
   -0.807494   16.99937  0.0000E+00  0.3070E-04  0.3885E-06  0.1001E-02  0.3189E-02  0.2458E+02
   -0.849995   17.00279  0.0000E+00  0.2969E-04  0.2959E-06  0.1076E-02  0.2774E-02  0.5029E+02
   -0.892496   17.00549  0.0000E+00  0.2881E-04  0.2411E-06  0.1129E-02  0.2451E-02  0.3801E+04
   -0.934997   17.00850  0.0000E+00  0.2796E-04  0.2083E-06  0.1114E-02  0.2178E-02  0.8904E+01
   -0.977498   17.01116  0.0000E+00  0.2710E-04  0.1845E-06  0.1163E-02  0.1912E-02  0.5638E+01
   -1.020000   17.01397  0.0000E+00  0.2630E-04  0.1684E-06  0.1157E-02  0.1693E-02  0.5775E+01
   -1.062500   17.01665  0.0000E+00  0.2550E-04  0.1569E-06  0.1171E-02  0.1496E-02  0.4268E+01
   -1.105001   17.01933  0.0000E+00  0.2471E-04  0.1494E-06  0.1128E-02  0.1320E-02  0.4689E+01
   -1.147502   17.02204  0.0000E+00  0.2395E-04  0.1455E-06  0.1099E-02  0.1157E-02  0.3659E+01
   -1.190003   17.02474  0.0000E+00  0.2321E-04  0.1453E-06  0.1056E-02  0.9986E-03  0.4005E+01
   -1.232503   17.02747  0.0000E+00  0.2248E-04  0.1494E-06  0.1014E-02  0.8524E-03  0.4836E+01
   -1.275003   17.03045  0.0000E+00  0.2175E-04  0.1594E-06  0.9631E-03  0.7282E-03  0.1267E+02
   -1.317503   17.03400  0.0000E+00  0.2096E-04  0.1784E-06  0.9246E-03  0.6235E-03 -0.5988E+01
   -1.360003   17.03822  0.0000E+00  0.2005E-04  0.2158E-06  0.8497E-03  0.5363E-03  0.3364E+03
   -1.402503   17.04463  0.0000E+00  0.1890E-04  0.2815E-06  0.7715E-03  0.4605E-03  0.1307E+05
   -1.445002   17.05199  0.0000E+00  0.1760E-04  0.3933E-06  0.6788E-03  0.3894E-03  0.4695E+05
   -1.487501   17.06295  0.0000E+00  0.1645E-04  0.5801E-06  0.6152E-03  0.3099E-03  0.5935E+05
   -1.529999   17.07308  0.0000E+00  0.1520E-04  0.1120E-05  0.5034E-03  0.2298E-03  0.1892E+07
   -1.572498   17.12666  0.0000E+00  0.1422E-04  0.1957E-05  0.5320E-03  0.1508E-03  0.1099E+10
   -1.614995   17.07686  0.0000E+00  0.1221E-04  0.6464E-05  0.2912E-03  0.1229E-03 -0.3507E+10
   -1.657493   17.32604  0.0000E+00  0.9615E-05  0.1171E-04  0.3215E-03  0.7645E-04 -0.1623E+06
   -1.699990   17.26053  0.0000E+00  0.0000E+00  0.0000E+00  0.0000E+00  0.1643E-03  0.0000E+00
