 1 - depth, m
 2 - temperature, C
 3 - salinity, kg/kg
 4 - turbulent kinetic energy, m**2/s**2
 5 - dissipation rate, m**2/s**3
 6 - kinematic heat conductance, m**2/s
 7 - modulus of horizontal velocity, m/s
 8 - Richardson number, n/d
   -0.000000   16.06668  0.0000E+00  0.2195E-04  0.4517E-05  0.3145E-04  0.2078E-01  0.1866E+02
   -0.042497   16.16625  0.0000E+00  0.1586E-04  0.1157E-05  0.1335E-03  0.7007E-02  0.7511E+02
   -0.084995   16.18903  0.0000E+00  0.1450E-04  0.4886E-06  0.2468E-03  0.4681E-02  0.1602E+03
   -0.127493   16.20009  0.0000E+00  0.1422E-04  0.2716E-06  0.3433E-03  0.3633E-02  0.3634E+02
   -0.169991   16.20779  0.0000E+00  0.1444E-04  0.1796E-06  0.4581E-03  0.2934E-02  0.1875E+02
   -0.212490   16.21326  0.0000E+00  0.1495E-04  0.1354E-06  0.5778E-03  0.2427E-02  0.8764E+02
   -0.254989   16.21739  0.0000E+00  0.1563E-04  0.1122E-06  0.6928E-03  0.2050E-02  0.2397E+01
   -0.297488   16.22078  0.0000E+00  0.1638E-04  0.9858E-07  0.8063E-03  0.1761E-02  0.1830E+01
   -0.339988   16.22369  0.0000E+00  0.1713E-04  0.8974E-07  0.9136E-03  0.1533E-02  0.2072E+01
   -0.382488   16.22626  0.0000E+00  0.1785E-04  0.8363E-07  0.1018E-02  0.1342E-02  0.2084E+01
   -0.424988   16.22857  0.0000E+00  0.1851E-04  0.7934E-07  0.1112E-02  0.1181E-02  0.1711E+01
   -0.467488   16.23066  0.0000E+00  0.1912E-04  0.7634E-07  0.1201E-02  0.1038E-02  0.1689E+01
   -0.509989   16.23258  0.0000E+00  0.1966E-04  0.7434E-07  0.1290E-02  0.9092E-03  0.1640E+01
   -0.552490   16.23436  0.0000E+00  0.2014E-04  0.7316E-07  0.1378E-02  0.7946E-03  0.1622E+01
   -0.594990   16.23601  0.0000E+00  0.2055E-04  0.7267E-07  0.1467E-02  0.6931E-03  0.1584E+01
   -0.637491   16.23756  0.0000E+00  0.2091E-04  0.7278E-07  0.1560E-02  0.6049E-03  0.1571E+01
   -0.679992   16.23904  0.0000E+00  0.2121E-04  0.7339E-07  0.1653E-02  0.5312E-03  0.1580E+01
   -0.722494   16.24046  0.0000E+00  0.2146E-04  0.7441E-07  0.1733E-02  0.4706E-03  0.1641E+01
   -0.764995   16.24186  0.0000E+00  0.2165E-04  0.7576E-07  0.1786E-02  0.4221E-03  0.1701E+01
   -0.807496   16.24328  0.0000E+00  0.2178E-04  0.7737E-07  0.1798E-02  0.3838E-03  0.1848E+01
   -0.849997   16.24476  0.0000E+00  0.2187E-04  0.7918E-07  0.1780E-02  0.3530E-03  0.1982E+01
   -0.892499   16.24628  0.0000E+00  0.2190E-04  0.8122E-07  0.1745E-02  0.3275E-03  0.2191E+01
   -0.935000   16.24789  0.0000E+00  0.2190E-04  0.8351E-07  0.1706E-02  0.3062E-03  0.2446E+01
   -0.977501   16.24956  0.0000E+00  0.2184E-04  0.8617E-07  0.1659E-02  0.2874E-03  0.2805E+01
   -1.020002   16.25130  0.0000E+00  0.2174E-04  0.8932E-07  0.1608E-02  0.2706E-03  0.3232E+01
   -1.062503   16.25311  0.0000E+00  0.2158E-04  0.9322E-07  0.1549E-02  0.2550E-03  0.3861E+01
   -1.105004   16.25502  0.0000E+00  0.2137E-04  0.9807E-07  0.1486E-02  0.2398E-03  0.4576E+01
   -1.147505   16.25702  0.0000E+00  0.2111E-04  0.1043E-06  0.1420E-02  0.2247E-03  0.2402E+01
   -1.190006   16.25916  0.0000E+00  0.2080E-04  0.1123E-06  0.1352E-02  0.2089E-03  0.3137E+02
   -1.232506   16.26133  0.0000E+00  0.2042E-04  0.1237E-06  0.1290E-02  0.1929E-03  0.7080E+02
   -1.275007   16.26407  0.0000E+00  0.1994E-04  0.1405E-06  0.1209E-02  0.1759E-03  0.2037E+03
   -1.317507   16.26705  0.0000E+00  0.1933E-04  0.1675E-06  0.1091E-02  0.1595E-03 -0.9303E+03
   -1.360007   16.27214  0.0000E+00  0.1855E-04  0.2101E-06  0.1038E-02  0.1407E-03  0.2800E+05
   -1.402506   16.27668  0.0000E+00  0.1755E-04  0.2860E-06  0.8883E-03  0.1245E-03  0.3614E+05
   -1.445006   16.28697  0.0000E+00  0.1639E-04  0.4008E-06  0.8120E-03  0.1053E-03  0.4793E+07
   -1.487505   16.29365  0.0000E+00  0.1543E-04  0.5744E-06  0.6655E-03  0.8584E-04  0.5955E+05
   -1.530003   16.31032  0.0000E+00  0.1431E-04  0.1170E-05  0.5942E-03  0.6322E-04  0.6372E+06
   -1.572502   16.35259  0.0000E+00  0.1352E-04  0.1869E-05  0.6132E-03  0.4231E-04  0.8601E+12
   -1.615000   16.31299  0.0000E+00  0.1173E-04  0.6266E-05  0.3419E-03  0.3507E-04 -0.1641E+11
   -1.657497   16.57353  0.0000E+00  0.9296E-05  0.1119E-04  0.3643E-03  0.2209E-04 -0.6933E+06
   -1.699995   16.49488  0.0000E+00  0.0000E+00  0.0000E+00  0.0000E+00  0.4787E-04  0.0000E+00
