 1 - depth, m
 2 - temperature, C
 3 - salinity, kg/kg
 4 - turbulent kinetic energy, m**2/s**2
 5 - dissipation rate, m**2/s**3
 6 - kinematic heat conductance, m**2/s
 7 - modulus of horizontal velocity, m/s
 8 - Richardson number, n/d
   -0.000000   17.48266  0.0000E+00  0.4121E-03  0.5564E-03  0.5612E-04  0.1849E+00  0.7826E-01
   -0.042497   17.82041  0.0000E+00  0.1886E-03  0.1257E-03  0.1805E-03  0.3911E-01  0.4373E+01
   -0.084995   17.89010  0.0000E+00  0.1341E-03  0.6254E-04  0.2372E-03  0.2429E-01  0.2918E+02
   -0.127493   17.92230  0.0000E+00  0.1045E-03  0.3742E-04  0.2728E-03  0.1961E-01  0.1164E+02
   -0.169991   17.94232  0.0000E+00  0.8234E-04  0.2224E-04  0.3214E-03  0.1623E-01  0.1177E+03
   -0.212490   17.95723  0.0000E+00  0.6575E-04  0.1309E-04  0.3795E-03  0.1356E-01  0.3243E+02
   -0.254989   17.96863  0.0000E+00  0.5328E-04  0.7462E-05  0.4381E-03  0.1154E-01  0.8682E+02
   -0.297488   17.97834  0.0000E+00  0.4410E-04  0.4149E-05  0.4966E-03  0.1002E-01  0.3157E+02
   -0.339987   17.98649  0.0000E+00  0.3773E-04  0.2298E-05  0.5534E-03  0.8738E-02  0.5254E+02
   -0.382487   17.99396  0.0000E+00  0.3353E-04  0.1415E-05  0.6159E-03  0.7500E-02  0.3176E+02
   -0.424987   18.00016  0.0000E+00  0.3071E-04  0.9084E-06  0.6620E-03  0.6490E-02  0.1814E+02
   -0.467488   18.00599  0.0000E+00  0.2884E-04  0.5957E-06  0.7224E-03  0.5542E-02  0.1833E+05
   -0.509988   18.01071  0.0000E+00  0.2764E-04  0.4196E-06  0.7882E-03  0.4723E-02  0.5707E+02
   -0.552489   18.01504  0.0000E+00  0.2689E-04  0.3128E-06  0.8576E-03  0.4023E-02  0.5719E+02
   -0.594989   18.01863  0.0000E+00  0.2643E-04  0.2515E-06  0.9295E-03  0.3409E-02  0.1353E+02
   -0.637490   18.02190  0.0000E+00  0.2613E-04  0.2115E-06  0.1012E-02  0.2883E-02  0.8344E+01
   -0.679991   18.02479  0.0000E+00  0.2591E-04  0.1845E-06  0.1073E-02  0.2444E-02  0.6860E+01
   -0.722492   18.02749  0.0000E+00  0.2571E-04  0.1640E-06  0.1150E-02  0.2052E-02  0.2308E+01
   -0.764993   18.03001  0.0000E+00  0.2551E-04  0.1484E-06  0.1223E-02  0.1732E-02  0.9033E+01
   -0.807495   18.03244  0.0000E+00  0.2528E-04  0.1363E-06  0.1285E-02  0.1475E-02  0.5057E+02
   -0.849996   18.03478  0.0000E+00  0.2506E-04  0.1284E-06  0.1390E-02  0.1257E-02  0.2146E+01
   -0.892497   18.03694  0.0000E+00  0.2482E-04  0.1232E-06  0.1425E-02  0.1104E-02  0.2131E+01
   -0.934998   18.03905  0.0000E+00  0.2458E-04  0.1202E-06  0.1456E-02  0.9770E-03  0.1848E+01
   -0.977499   18.04111  0.0000E+00  0.2429E-04  0.1183E-06  0.1476E-02  0.8706E-03  0.3359E+01
   -1.020000   18.04312  0.0000E+00  0.2398E-04  0.1179E-06  0.1414E-02  0.7930E-03  0.2713E+01
   -1.062501   18.04521  0.0000E+00  0.2363E-04  0.1187E-06  0.1435E-02  0.7095E-03  0.2226E+01
   -1.105002   18.04728  0.0000E+00  0.2329E-04  0.1213E-06  0.1375E-02  0.6461E-03  0.2848E+00
   -1.147503   18.04945  0.0000E+00  0.2291E-04  0.1255E-06  0.1322E-02  0.5962E-03  0.3643E+01
   -1.190004   18.05166  0.0000E+00  0.2247E-04  0.1324E-06  0.1221E-02  0.5419E-03  0.5016E+01
   -1.232504   18.05404  0.0000E+00  0.2195E-04  0.1430E-06  0.1178E-02  0.4820E-03 -0.7213E+02
   -1.275004   18.05670  0.0000E+00  0.2135E-04  0.1607E-06  0.1114E-02  0.4266E-03  0.1776E+04
   -1.317504   18.06005  0.0000E+00  0.2064E-04  0.1897E-06  0.1045E-02  0.3767E-03  0.3485E+04
   -1.360004   18.06447  0.0000E+00  0.1974E-04  0.2364E-06  0.9560E-03  0.3300E-03  0.3946E+03
   -1.402504   18.07015  0.0000E+00  0.1862E-04  0.3237E-06  0.8486E-03  0.2859E-03  0.9647E+03
   -1.445003   18.07795  0.0000E+00  0.1739E-04  0.4525E-06  0.7650E-03  0.2431E-03  0.4295E+05
   -1.487502   18.08697  0.0000E+00  0.1634E-04  0.6873E-06  0.6563E-03  0.1946E-03  0.1797E+06
   -1.530001   18.09965  0.0000E+00  0.1511E-04  0.1265E-05  0.5728E-03  0.1446E-03  0.4361E+06
   -1.572499   18.14469  0.0000E+00  0.1422E-04  0.2100E-05  0.5880E-03  0.9627E-04  0.1497E+12
   -1.614997   18.10193  0.0000E+00  0.1228E-04  0.7249E-05  0.3291E-03  0.7934E-04 -0.5464E+11
   -1.657494   18.32377  0.0000E+00  0.9683E-05  0.1270E-04  0.3549E-03  0.5047E-04 -0.2365E+05
   -1.699992   18.26873  0.0000E+00  0.0000E+00  0.0000E+00  0.0000E+00  0.1101E-03  0.0000E+00
