 1 - depth, m
 2 - temperature, C
 3 - salinity, kg/kg
 4 - turbulent kinetic energy, m**2/s**2
 5 - dissipation rate, m**2/s**3
 6 - kinematic heat conductance, m**2/s
 7 - modulus of horizontal velocity, m/s
 8 - Richardson number, n/d
   -0.000000    6.90219  0.0000E+00  0.1268E-02  0.7421E-02  0.1245E-03  0.4459E+00 -0.3101E-02
   -0.042497    7.32086  0.0000E+00  0.6398E-03  0.3332E-02  0.2804E-03  0.9364E-01 -0.1506E-01
   -0.084995    7.41757  0.0000E+00  0.4248E-03  0.1272E-02  0.2984E-03  0.5591E-01  0.1283E+00
   -0.127493    7.48823  0.0000E+00  0.3151E-03  0.6416E-03  0.2822E-03  0.4415E-01  0.1094E+02
   -0.169991    7.52847  0.0000E+00  0.2413E-03  0.3298E-03  0.2788E-03  0.3597E-01  0.9325E+02
   -0.212490    7.56400  0.0000E+00  0.1896E-03  0.2006E-03  0.2926E-03  0.2951E-01  0.9769E+02
   -0.254989    7.59564  0.0000E+00  0.1485E-03  0.1189E-03  0.3212E-03  0.2440E-01  0.1029E+02
   -0.297488    7.62198  0.0000E+00  0.1188E-03  0.6934E-04  0.3515E-03  0.2098E-01  0.8656E+01
   -0.339988    7.64232  0.0000E+00  0.9752E-04  0.3997E-04  0.3875E-03  0.1844E-01  0.1157E+02
   -0.382487    7.65967  0.0000E+00  0.8200E-04  0.2265E-04  0.4268E-03  0.1597E-01  0.1477E+02
   -0.424987    7.67565  0.0000E+00  0.7055E-04  0.1261E-04  0.4587E-03  0.1415E-01  0.6563E+02
   -0.467488    7.68832  0.0000E+00  0.6204E-04  0.7267E-05  0.4974E-03  0.1234E-01  0.9054E+02
   -0.509988    7.70105  0.0000E+00  0.5558E-04  0.4301E-05  0.5416E-03  0.1074E-01  0.1037E+03
   -0.552489    7.71262  0.0000E+00  0.5057E-04  0.2694E-05  0.5826E-03  0.9406E-02  0.2158E+04
   -0.594989    7.72230  0.0000E+00  0.4646E-04  0.1819E-05  0.6395E-03  0.8209E-02  0.6436E+02
   -0.637490    7.73111  0.0000E+00  0.4303E-04  0.1297E-05  0.7053E-03  0.7200E-02  0.7266E+02
   -0.679991    7.73799  0.0000E+00  0.4014E-04  0.9804E-06  0.7695E-03  0.6387E-02  0.6033E+04
   -0.722492    7.74436  0.0000E+00  0.3764E-04  0.7665E-06  0.8443E-03  0.5676E-02  0.3563E+04
   -0.764994    7.75058  0.0000E+00  0.3542E-04  0.6137E-06  0.9166E-03  0.5072E-02  0.1978E+02
   -0.807495    7.75604  0.0000E+00  0.3344E-04  0.5018E-06  0.9852E-03  0.4569E-02  0.4689E+03
   -0.849996    7.76168  0.0000E+00  0.3167E-04  0.4186E-06  0.1031E-02  0.4127E-02  0.2555E+02
   -0.892497    7.76662  0.0000E+00  0.3007E-04  0.3546E-06  0.1064E-02  0.3737E-02  0.1181E+02
   -0.934998    7.77168  0.0000E+00  0.2863E-04  0.3047E-06  0.1084E-02  0.3391E-02  0.5193E+02
   -0.977500    7.77645  0.0000E+00  0.2731E-04  0.2649E-06  0.1095E-02  0.3073E-02  0.1090E+02
   -1.020001    7.78122  0.0000E+00  0.2610E-04  0.2329E-06  0.1097E-02  0.2785E-02  0.9448E+01
   -1.062502    7.78586  0.0000E+00  0.2498E-04  0.2072E-06  0.1092E-02  0.2515E-02  0.9373E+01
   -1.105002    7.79046  0.0000E+00  0.2393E-04  0.1866E-06  0.1076E-02  0.2264E-02  0.1024E+02
   -1.147503    7.79504  0.0000E+00  0.2297E-04  0.1708E-06  0.1053E-02  0.2022E-02  0.1049E+02
   -1.190004    7.79954  0.0000E+00  0.2208E-04  0.1593E-06  0.1018E-02  0.1784E-02  0.1009E+02
   -1.232504    7.80400  0.0000E+00  0.2122E-04  0.1515E-06  0.9815E-03  0.1554E-02  0.1187E+02
   -1.275005    7.80878  0.0000E+00  0.2034E-04  0.1474E-06  0.9308E-03  0.1347E-02  0.5301E+02
   -1.317505    7.81428  0.0000E+00  0.1944E-04  0.1479E-06  0.8856E-03  0.1163E-02 -0.1206E+03
   -1.360004    7.82049  0.0000E+00  0.1849E-04  0.1565E-06  0.8041E-03  0.1002E-02 -0.5634E+03
   -1.402504    7.82945  0.0000E+00  0.1739E-04  0.1783E-06  0.7398E-03  0.8629E-03  0.1145E+04
   -1.445003    7.83889  0.0000E+00  0.1621E-04  0.2274E-06  0.6449E-03  0.7368E-03  0.3731E+05
   -1.487502    7.85475  0.0000E+00  0.1506E-04  0.3134E-06  0.5920E-03  0.6009E-03  0.3231E+05
   -1.530001    7.86759  0.0000E+00  0.1382E-04  0.5374E-06  0.4499E-03  0.4575E-03  0.4109E+05
   -1.572499    7.94009  0.0000E+00  0.1266E-04  0.1025E-05  0.4832E-03  0.3103E-03  0.5141E+10
   -1.614997    7.88141  0.0000E+00  0.1066E-04  0.3147E-05  0.2315E-03  0.2475E-03 -0.1510E+10
   -1.657495    8.26546  0.0000E+00  0.8042E-05  0.6207E-05  0.2354E-03  0.1594E-03 -0.2036E+07
   -1.699992    8.17805  0.0000E+00  0.0000E+00  0.0000E+00  0.0000E+00  0.2843E-03  0.0000E+00
