 1 - depth, m
 2 - temperature, C
 3 - salinity, kg/kg
 4 - turbulent kinetic energy, m**2/s**2
 5 - dissipation rate, m**2/s**3
 6 - kinematic heat conductance, m**2/s
 7 - modulus of horizontal velocity, m/s
 8 - Richardson number, n/d
   -0.000000    2.83107  0.0000E+00  0.6432E-03  0.3994E-02  0.7718E-04  0.2457E+00  0.2100E-01
   -0.042497    3.11279  0.0000E+00  0.3135E-03  0.1675E-02  0.1624E-03  0.5811E-01  0.5967E-01
   -0.084995    3.31163  0.0000E+00  0.2055E-03  0.6544E-03  0.1623E-03  0.3505E-01  0.1700E+00
   -0.127493    3.71404  0.0000E+00  0.1497E-03  0.3806E-03  0.1431E-03  0.2655E-01  0.9192E+00
   -0.169991    4.05939  0.0000E+00  0.1094E-03  0.1954E-03  0.1831E-03  0.2111E-01  0.7487E+01
   -0.212490    4.28312  0.0000E+00  0.8086E-04  0.1003E-03  0.2132E-03  0.1681E-01  0.1606E+02
   -0.254989    4.33439  0.0000E+00  0.6006E-04  0.4678E-04  0.2258E-03  0.1348E-01  0.4922E+01
   -0.297488    4.37191  0.0000E+00  0.4690E-04  0.2652E-04  0.2474E-03  0.1116E-01  0.3993E+01
   -0.339988    4.40571  0.0000E+00  0.3764E-04  0.1541E-04  0.2593E-03  0.9445E-02  0.3956E+01
   -0.382487    4.43609  0.0000E+00  0.3105E-04  0.9373E-05  0.2850E-03  0.7925E-02  0.2696E+02
   -0.424987    4.46156  0.0000E+00  0.2635E-04  0.5821E-05  0.3113E-03  0.6826E-02  0.4514E+02
   -0.467488    4.48323  0.0000E+00  0.2284E-04  0.3607E-05  0.3434E-03  0.5784E-02  0.5286E+02
   -0.509988    4.50231  0.0000E+00  0.2014E-04  0.2236E-05  0.3750E-03  0.4882E-02  0.3491E+02
   -0.552489    4.51910  0.0000E+00  0.1800E-04  0.1397E-05  0.4057E-03  0.4122E-02  0.1445E+02
   -0.594990    4.53440  0.0000E+00  0.1625E-04  0.8880E-06  0.4374E-03  0.3453E-02  0.2703E+02
   -0.637490    4.54761  0.0000E+00  0.1476E-04  0.5742E-06  0.4727E-03  0.2898E-02  0.3972E+02
   -0.679991    4.55993  0.0000E+00  0.1352E-04  0.3792E-06  0.5077E-03  0.2462E-02  0.1897E+02
   -0.722493    4.57148  0.0000E+00  0.1247E-04  0.2590E-06  0.5469E-03  0.2101E-02  0.1169E+02
   -0.764994    4.58203  0.0000E+00  0.1159E-04  0.1841E-06  0.5832E-03  0.1814E-02  0.3245E+03
   -0.807495    4.59233  0.0000E+00  0.1083E-04  0.1360E-06  0.6158E-03  0.1590E-02  0.2980E+02
   -0.849996    4.60231  0.0000E+00  0.1020E-04  0.1049E-06  0.6476E-03  0.1401E-02  0.1216E+02
   -0.892497    4.61171  0.0000E+00  0.9672E-05  0.8425E-07  0.6760E-03  0.1241E-02  0.6213E+02
   -0.934999    4.62081  0.0000E+00  0.9226E-05  0.6949E-07  0.7005E-03  0.1106E-02  0.1591E+02
   -0.977500    4.62955  0.0000E+00  0.8842E-05  0.5871E-07  0.7223E-03  0.9852E-03  0.3259E+02
   -1.020001    4.63803  0.0000E+00  0.8510E-05  0.5056E-07  0.7383E-03  0.8789E-03  0.2455E+02
   -1.062502    4.64624  0.0000E+00  0.8223E-05  0.4432E-07  0.7478E-03  0.7812E-03  0.3778E+02
   -1.105003    4.65420  0.0000E+00  0.7970E-05  0.3946E-07  0.7500E-03  0.6924E-03  0.4422E+02
   -1.147504    4.66194  0.0000E+00  0.7751E-05  0.3577E-07  0.7489E-03  0.6084E-03  0.2494E+02
   -1.190004    4.66941  0.0000E+00  0.7565E-05  0.3304E-07  0.7403E-03  0.5280E-03 -0.9911E+02
   -1.232505    4.67662  0.0000E+00  0.7414E-05  0.3110E-07  0.7667E-03  0.4543E-03  0.1796E+02
   -1.275005    4.68376  0.0000E+00  0.7283E-05  0.2979E-07  0.7132E-03  0.3983E-03  0.1973E+03
   -1.317505    4.69159  0.0000E+00  0.7151E-05  0.2903E-07  0.7404E-03  0.3461E-03  0.1004E+03
   -1.360005    4.69938  0.0000E+00  0.7016E-05  0.2899E-07  0.6441E-03  0.2966E-03  0.7748E+04
   -1.402504    4.70896  0.0000E+00  0.6870E-05  0.3000E-07  0.6129E-03  0.2545E-03  0.6513E+03
   -1.445004    4.71994  0.0000E+00  0.6720E-05  0.3250E-07  0.5728E-03  0.2160E-03  0.1515E+03
   -1.487503    4.73140  0.0000E+00  0.6569E-05  0.3727E-07  0.5246E-03  0.1786E-03  0.2697E+03
   -1.530001    4.74298  0.0000E+00  0.6404E-05  0.4787E-07  0.4363E-03  0.1391E-03  0.4324E+03
   -1.572500    4.75918  0.0000E+00  0.6228E-05  0.7279E-07  0.3984E-03  0.1012E-03  0.1009E+05
   -1.614998    4.77369  0.0000E+00  0.5720E-05  0.1844E-06  0.1886E-03  0.8162E-04 -0.1070E+08
   -1.657495    4.91159  0.0000E+00  0.4080E-05  0.4983E-06  0.6457E-04  0.5562E-04 -0.1169E+08
   -1.699992    5.13614  0.0000E+00  0.0000E+00  0.0000E+00  0.0000E+00  0.8150E-04  0.0000E+00
