 1 - depth, m
 2 - temperature, C
 3 - salinity, kg/kg
 4 - turbulent kinetic energy, m**2/s**2
 5 - dissipation rate, m**2/s**3
 6 - kinematic heat conductance, m**2/s
 7 - modulus of horizontal velocity, m/s
 8 - Richardson number, n/d
   -0.000000   14.92894  0.0000E+00  0.1011E-01  0.3354E+00  0.3318E-03  0.2447E+01  0.2965E-02
   -0.042497   15.18356  0.0000E+00  0.5332E-02  0.2294E+00  0.1230E-02  0.5207E+00  0.6287E-01
   -0.084995   15.29214  0.0000E+00  0.3545E-02  0.5634E-01  0.1508E-02  0.2641E+00 -0.3092E+01
   -0.127493   15.33878  0.0000E+00  0.2818E-02  0.3700E-01  0.1514E-02  0.1873E+00 -0.2395E+01
   -0.169991   15.36166  0.0000E+00  0.2348E-02  0.2843E-01  0.1410E-02  0.1489E+00 -0.9779E+00
   -0.212490   15.38155  0.0000E+00  0.1992E-02  0.2254E-01  0.1466E-02  0.1247E+00  0.1736E+01
   -0.254989   15.39131  0.0000E+00  0.1720E-02  0.1804E-01  0.1451E-02  0.1094E+00  0.4124E+02
   -0.297488   15.39858  0.0000E+00  0.1497E-02  0.1446E-01  0.1384E-02  0.1006E+00  0.6057E+00
   -0.339988   15.40330  0.0000E+00  0.1310E-02  0.1160E-01  0.1294E-02  0.9436E-01  0.6501E+01
   -0.382487   15.40954  0.0000E+00  0.1146E-02  0.9260E-02  0.1297E-02  0.8628E-01 -0.7513E+00
   -0.424988   15.41356  0.0000E+00  0.1016E-02  0.7366E-02  0.1256E-02  0.8266E-01 -0.1135E+01
   -0.467488   15.41752  0.0000E+00  0.9089E-03  0.5828E-02  0.1245E-02  0.7740E-01  0.9304E+01
   -0.509988   15.42099  0.0000E+00  0.8138E-03  0.4581E-02  0.1261E-02  0.7078E-01  0.2287E+02
   -0.552489   15.42666  0.0000E+00  0.7394E-03  0.3588E-02  0.1231E-02  0.6586E-01  0.1851E+01
   -0.594990   15.43480  0.0000E+00  0.6721E-03  0.2808E-02  0.1234E-02  0.6013E-01  0.2499E+01
   -0.637491   15.44043  0.0000E+00  0.6162E-03  0.2190E-02  0.1268E-02  0.5528E-01  0.3848E+02
   -0.679992   15.44351  0.0000E+00  0.5655E-03  0.1697E-02  0.1287E-02  0.5103E-01  0.6527E+01
   -0.722493   15.44679  0.0000E+00  0.5226E-03  0.1297E-02  0.1338E-02  0.4764E-01  0.1746E+03
   -0.764994   15.45040  0.0000E+00  0.4848E-03  0.9819E-03  0.1377E-02  0.4511E-01  0.4130E+02
   -0.807495   15.45293  0.0000E+00  0.4510E-03  0.7396E-03  0.1421E-02  0.4335E-01  0.6913E+03
   -0.849996   15.45692  0.0000E+00  0.4212E-03  0.5489E-03  0.1472E-02  0.4164E-01  0.1090E+03
   -0.892498   15.45861  0.0000E+00  0.3943E-03  0.3901E-03  0.1514E-02  0.3999E-01 -0.1449E+02
   -0.934999   15.46361  0.0000E+00  0.3704E-03  0.2919E-03  0.1537E-02  0.3860E-01  0.3178E+03
   -0.977500   15.46461  0.0000E+00  0.3490E-03  0.2180E-03  0.1559E-02  0.3704E-01  0.1300E+03
   -1.020001   15.46917  0.0000E+00  0.3297E-03  0.1582E-03  0.1591E-02  0.3573E-01  0.2825E+03
   -1.062502   15.47120  0.0000E+00  0.3121E-03  0.1159E-03  0.1613E-02  0.3424E-01  0.2800E+03
   -1.105003   15.47492  0.0000E+00  0.2963E-03  0.8423E-04  0.1606E-02  0.3292E-01  0.2626E+02
   -1.147504   15.47743  0.0000E+00  0.2825E-03  0.6256E-04  0.1528E-02  0.3150E-01  0.1194E+03
   -1.190004   15.48614  0.0000E+00  0.2697E-03  0.4764E-04  0.1517E-02  0.2921E-01  0.5535E+02
   -1.232505   15.48841  0.0000E+00  0.2571E-03  0.3760E-04  0.1526E-02  0.2722E-01  0.4359E+03
   -1.275005   15.49337  0.0000E+00  0.2446E-03  0.3032E-04  0.1478E-02  0.2531E-01  0.4516E+02
   -1.317505   15.49633  0.0000E+00  0.2323E-03  0.2590E-04  0.1415E-02  0.2367E-01  0.7371E+04
   -1.360005   15.50148  0.0000E+00  0.2193E-03  0.2349E-04  0.1377E-02  0.2180E-01  0.2843E+04
   -1.402505   15.50569  0.0000E+00  0.2055E-03  0.2200E-04  0.1295E-02  0.2029E-01 -0.8387E+03
   -1.445004   15.51198  0.0000E+00  0.1912E-03  0.2103E-04  0.1081E-02  0.1896E-01 -0.2219E+04
   -1.487503   15.52006  0.0000E+00  0.1754E-03  0.2470E-04  0.9291E-03  0.1650E-01  0.1046E+04
   -1.530002   15.53238  0.0000E+00  0.1597E-03  0.3818E-04  0.8103E-03  0.1319E-01  0.9016E+05
   -1.572500   15.55252  0.0000E+00  0.1434E-03  0.6566E-04  0.8779E-03  0.1049E-01  0.1375E+08
   -1.614998   15.57037  0.0000E+00  0.1200E-03  0.1509E-03  0.5295E-03  0.9155E-02 -0.4204E+08
   -1.657495   15.68527  0.0000E+00  0.8785E-04  0.3273E-03  0.4064E-03  0.7008E-02 -0.7282E+06
   -1.699993   15.75865  0.0000E+00  0.0000E+00  0.0000E+00  0.0000E+00  0.1029E-01  0.0000E+00
