 1 - depth, m
 2 - temperature, C
 3 - salinity, kg/kg
 4 - turbulent kinetic energy, m**2/s**2
 5 - dissipation rate, m**2/s**3
 6 - kinematic heat conductance, m**2/s
 7 - modulus of horizontal velocity, m/s
 8 - Richardson number, n/d
   -0.000000    9.06570  0.0000E+00  0.8522E-02  0.2690E+00  0.3592E-03  0.2214E+01 -0.5225E-03
   -0.042497    9.33641  0.0000E+00  0.4714E-02  0.1810E+00  0.1142E-02  0.4556E+00  0.7436E+00
   -0.084995    9.46827  0.0000E+00  0.3024E-02  0.5309E-01  0.1243E-02  0.2303E+00  0.1406E+01
   -0.127493    9.51696  0.0000E+00  0.2363E-02  0.3602E-01  0.1338E-02  0.1648E+00 -0.2184E+01
   -0.169991    9.53793  0.0000E+00  0.1975E-02  0.2695E-01  0.1306E-02  0.1325E+00  0.7011E+00
   -0.212490    9.55926  0.0000E+00  0.1686E-02  0.2063E-01  0.1309E-02  0.1093E+00  0.9301E+00
   -0.254989    9.56893  0.0000E+00  0.1454E-02  0.1603E-01  0.1267E-02  0.9487E-01  0.9020E+00
   -0.297488    9.57726  0.0000E+00  0.1265E-02  0.1232E-01  0.1230E-02  0.8611E-01  0.1053E+01
   -0.339987    9.58344  0.0000E+00  0.1105E-02  0.9431E-02  0.1178E-02  0.8117E-01 -0.1202E+01
   -0.382487    9.58999  0.0000E+00  0.9768E-03  0.7236E-02  0.1152E-02  0.7519E-01 -0.7061E+00
   -0.424987    9.59509  0.0000E+00  0.8598E-03  0.5507E-02  0.1117E-02  0.7199E-01  0.6046E+02
   -0.467488    9.59980  0.0000E+00  0.7641E-03  0.4168E-02  0.1103E-02  0.6684E-01  0.2413E+02
   -0.509988    9.60706  0.0000E+00  0.6805E-03  0.3079E-02  0.1108E-02  0.6155E-01  0.5269E+01
   -0.552489    9.61121  0.0000E+00  0.6124E-03  0.2233E-02  0.1086E-02  0.5670E-01  0.5585E+02
   -0.594989    9.61656  0.0000E+00  0.5552E-03  0.1653E-02  0.1096E-02  0.5178E-01  0.2372E+02
   -0.637490    9.62163  0.0000E+00  0.5049E-03  0.1240E-02  0.1128E-02  0.4695E-01  0.3450E+01
   -0.679991    9.62611  0.0000E+00  0.4626E-03  0.9299E-03  0.1145E-02  0.4379E-01 -0.8801E+01
   -0.722492    9.63144  0.0000E+00  0.4264E-03  0.6969E-03  0.1184E-02  0.4058E-01 -0.7579E+00
   -0.764993    9.63530  0.0000E+00  0.3938E-03  0.5181E-03  0.1222E-02  0.3829E-01 -0.2307E+03
   -0.807495    9.64001  0.0000E+00  0.3642E-03  0.3789E-03  0.1281E-02  0.3662E-01 -0.7783E+03
   -0.849996    9.64634  0.0000E+00  0.3380E-03  0.2750E-03  0.1319E-02  0.3505E-01  0.8176E+04
   -0.892497    9.64798  0.0000E+00  0.3144E-03  0.1973E-03  0.1351E-02  0.3355E-01  0.2485E+03
   -0.934998    9.65575  0.0000E+00  0.2940E-03  0.1402E-03  0.1399E-02  0.3225E-01  0.2647E+03
   -0.977499    9.65674  0.0000E+00  0.2757E-03  0.9882E-04  0.1416E-02  0.3080E-01  0.3374E+03
   -1.020000    9.66474  0.0000E+00  0.2593E-03  0.7163E-04  0.1430E-02  0.2954E-01  0.1629E+03
   -1.062501    9.66542  0.0000E+00  0.2445E-03  0.5226E-04  0.1453E-02  0.2818E-01  0.1778E+03
   -1.105002    9.67278  0.0000E+00  0.2312E-03  0.3795E-04  0.1430E-02  0.2697E-01  0.3751E+03
   -1.147503    9.67508  0.0000E+00  0.2197E-03  0.2777E-04  0.1400E-02  0.2570E-01  0.3518E+04
   -1.190004    9.68107  0.0000E+00  0.2095E-03  0.2088E-04  0.1372E-02  0.2403E-01  0.6530E+02
   -1.232504    9.68469  0.0000E+00  0.1996E-03  0.1616E-04  0.1363E-02  0.2230E-01  0.2143E+03
   -1.275004    9.68998  0.0000E+00  0.1899E-03  0.1297E-04  0.1350E-02  0.2087E-01  0.3371E+04
   -1.317504    9.69446  0.0000E+00  0.1802E-03  0.1047E-04  0.1281E-02  0.1950E-01  0.2930E+04
   -1.360004    9.70286  0.0000E+00  0.1703E-03  0.9179E-05  0.1227E-02  0.1813E-01 -0.6122E+07
   -1.402504    9.70974  0.0000E+00  0.1599E-03  0.9132E-05  0.1113E-02  0.1697E-01  0.2667E+07
   -1.445003    9.71784  0.0000E+00  0.1496E-03  0.9894E-05  0.9687E-03  0.1581E-01  0.2724E+05
   -1.487502    9.72905  0.0000E+00  0.1375E-03  0.1215E-04  0.8264E-03  0.1401E-01  0.2352E+05
   -1.530001    9.74702  0.0000E+00  0.1245E-03  0.1684E-04  0.7513E-03  0.1098E-01  0.5424E+06
   -1.572499    9.77524  0.0000E+00  0.1117E-03  0.2797E-04  0.7850E-03  0.8545E-02 -0.2825E+08
   -1.614997    9.80871  0.0000E+00  0.9333E-04  0.6909E-04  0.4685E-03  0.7436E-02 -0.2583E+10
   -1.657494    9.95427  0.0000E+00  0.6622E-04  0.1521E-03  0.3615E-03  0.5816E-02  0.3196E+09
   -1.699992   10.05981  0.0000E+00  0.0000E+00  0.0000E+00  0.0000E+00  0.8713E-02  0.0000E+00
