 1 - depth, m
 2 - temperature, C
 3 - salinity, kg/kg
 4 - turbulent kinetic energy, m**2/s**2
 5 - dissipation rate, m**2/s**3
 6 - kinematic heat conductance, m**2/s
 7 - modulus of horizontal velocity, m/s
 8 - Richardson number, n/d
   -0.000000    6.46310  0.0000E+00  0.5818E-05  0.2064E-06  0.1949E-04  0.7031E-02 -0.1857E+00
   -0.042497    6.56991  0.0000E+00  0.5906E-05  0.8030E-07  0.1076E-03  0.3038E-02  0.1171E+03
   -0.084995    6.59749  0.0000E+00  0.6050E-05  0.5129E-07  0.2094E-03  0.1926E-02  0.1136E+03
   -0.127493    6.61052  0.0000E+00  0.6311E-05  0.4052E-07  0.3080E-03  0.1458E-02  0.3498E+02
   -0.169992    6.61827  0.0000E+00  0.6647E-05  0.3496E-07  0.3959E-03  0.1201E-02  0.1316E+01
   -0.212490    6.62428  0.0000E+00  0.7023E-05  0.3137E-07  0.4851E-03  0.1012E-02  0.1313E+01
   -0.254990    6.62942  0.0000E+00  0.7415E-05  0.2888E-07  0.5824E-03  0.8612E-03  0.1303E+01
   -0.297489    6.63390  0.0000E+00  0.7806E-05  0.2714E-07  0.6825E-03  0.7449E-03  0.1305E+01
   -0.339989    6.63787  0.0000E+00  0.8179E-05  0.2593E-07  0.7812E-03  0.6525E-03  0.1324E+01
   -0.382489    6.64141  0.0000E+00  0.8532E-05  0.2509E-07  0.8763E-03  0.5758E-03  0.1312E+01
   -0.424989    6.64463  0.0000E+00  0.8862E-05  0.2452E-07  0.9664E-03  0.5113E-03  0.1320E+01
   -0.467489    6.64757  0.0000E+00  0.9170E-05  0.2416E-07  0.1050E-02  0.4544E-03  0.1311E+01
   -0.509990    6.65029  0.0000E+00  0.9458E-05  0.2398E-07  0.1127E-02  0.4037E-03  0.1287E+01
   -0.552491    6.65284  0.0000E+00  0.9726E-05  0.2395E-07  0.1197E-02  0.3587E-03  0.1273E+01
   -0.594991    6.65525  0.0000E+00  0.9973E-05  0.2405E-07  0.1257E-02  0.3189E-03  0.1255E+01
   -0.637492    6.65757  0.0000E+00  0.1020E-04  0.2426E-07  0.1306E-02  0.2841E-03  0.1244E+01
   -0.679994    6.65990  0.0000E+00  0.1042E-04  0.2456E-07  0.1344E-02  0.2547E-03  0.1260E+01
   -0.722495    6.66225  0.0000E+00  0.1061E-04  0.2494E-07  0.1370E-02  0.2301E-03  0.1302E+01
   -0.764996    6.66469  0.0000E+00  0.1079E-04  0.2538E-07  0.1386E-02  0.2100E-03  0.1361E+01
   -0.807497    6.66727  0.0000E+00  0.1095E-04  0.2588E-07  0.1395E-02  0.1935E-03  0.1492E+01
   -0.849999    6.66999  0.0000E+00  0.1108E-04  0.2641E-07  0.1398E-02  0.1797E-03  0.1652E+01
   -0.892500    6.67280  0.0000E+00  0.1120E-04  0.2700E-07  0.1396E-02  0.1679E-03  0.1884E+01
   -0.935001    6.67575  0.0000E+00  0.1131E-04  0.2764E-07  0.1388E-02  0.1573E-03  0.2189E+01
   -0.977503    6.67876  0.0000E+00  0.1140E-04  0.2837E-07  0.1375E-02  0.1476E-03  0.2550E+01
   -1.020004    6.68187  0.0000E+00  0.1147E-04  0.2918E-07  0.1355E-02  0.1385E-03  0.2974E+01
   -1.062505    6.68504  0.0000E+00  0.1152E-04  0.3011E-07  0.1329E-02  0.1296E-03  0.3411E+01
   -1.105006    6.68828  0.0000E+00  0.1156E-04  0.3119E-07  0.1296E-02  0.1211E-03  0.3851E+01
   -1.147507    6.69159  0.0000E+00  0.1158E-04  0.3241E-07  0.1259E-02  0.1127E-03  0.4421E+01
   -1.190008    6.69490  0.0000E+00  0.1158E-04  0.3385E-07  0.1212E-02  0.1044E-03  0.5140E+01
   -1.232508    6.69817  0.0000E+00  0.1158E-04  0.3568E-07  0.1160E-02  0.9600E-04  0.6361E+01
   -1.275009    6.70168  0.0000E+00  0.1155E-04  0.3811E-07  0.1092E-02  0.8791E-04  0.9151E+01
   -1.317509    6.70560  0.0000E+00  0.1151E-04  0.4146E-07  0.1023E-02  0.7999E-04  0.1659E+02
   -1.360009    6.71007  0.0000E+00  0.1143E-04  0.4647E-07  0.9275E-03  0.7236E-04 -0.3843E+03
   -1.402509    6.71584  0.0000E+00  0.1128E-04  0.5420E-07  0.8473E-03  0.6475E-04  0.1037E+03
   -1.445008    6.72293  0.0000E+00  0.1106E-04  0.6625E-07  0.7327E-03  0.5738E-04 -0.3141E+04
   -1.487507    6.73312  0.0000E+00  0.1079E-04  0.8450E-07  0.6744E-03  0.4856E-04  0.1586E+05
   -1.530006    6.74253  0.0000E+00  0.1045E-04  0.1266E-06  0.5237E-03  0.3984E-04 -0.1614E+06
   -1.572504    6.77559  0.0000E+00  0.1002E-04  0.2141E-06  0.5445E-03  0.3028E-04  0.3367E+09
   -1.615003    6.76771  0.0000E+00  0.8773E-05  0.5904E-06  0.2189E-03  0.2461E-04 -0.7893E+10
   -1.657500    7.02621  0.0000E+00  0.6405E-05  0.1446E-05  0.1384E-03  0.1609E-04 -0.6035E+07
   -1.699998    7.05691  0.0000E+00  0.0000E+00  0.0000E+00  0.0000E+00  0.2165E-04  0.0000E+00
