 1 - depth, m
 2 - temperature, C
 3 - salinity, kg/kg
 4 - turbulent kinetic energy, m**2/s**2
 5 - dissipation rate, m**2/s**3
 6 - kinematic heat conductance, m**2/s
 7 - modulus of horizontal velocity, m/s
 8 - Richardson number, n/d
   -0.000000   13.11195  0.0000E+00  0.1000E-02  0.5043E-02  0.1150E-03  0.4564E+00  0.8366E-02
   -0.037502   13.25436  0.0000E+00  0.5007E-03  0.2214E-02  0.1886E-03  0.1542E+00 -0.3623E-01
   -0.075003   13.30778  0.0000E+00  0.3288E-03  0.7575E-03  0.3285E-03  0.9155E-01  0.1129E+00
   -0.112506   13.33124  0.0000E+00  0.2624E-03  0.4969E-03  0.3502E-03  0.6955E-01 -0.5408E-01
   -0.150008   13.34051  0.0000E+00  0.2178E-03  0.3629E-03  0.3529E-03  0.5675E-01 -0.4714E-01
   -0.187511   13.34636  0.0000E+00  0.1842E-03  0.1595E-03  0.3571E-03  0.4884E-01 -0.8737E-01
   -0.225014   13.35002  0.0000E+00  0.1584E-03  0.9229E-04  0.3642E-03  0.4311E-01 -0.1416E-01
   -0.262517   13.35292  0.0000E+00  0.1382E-03  0.5576E-04  0.3685E-03  0.3839E-01 -0.5368E-01
   -0.300021   13.35527  0.0000E+00  0.1230E-03  0.3377E-04  0.3780E-03  0.3470E-01  0.4005E+00
   -0.337525   13.35747  0.0000E+00  0.1107E-03  0.2079E-04  0.3858E-03  0.3161E-01  0.4610E+00
   -0.375029   13.35955  0.0000E+00  0.1002E-03  0.1301E-04  0.4012E-03  0.2885E-01  0.2511E+01
   -0.412533   13.36161  0.0000E+00  0.9182E-04  0.8547E-05  0.4168E-03  0.2652E-01  0.1259E+01
   -0.450038   13.36342  0.0000E+00  0.8508E-04  0.5861E-05  0.4349E-03  0.2455E-01  0.7935E+01
   -0.487542   13.36524  0.0000E+00  0.7909E-04  0.3961E-05  0.4407E-03  0.2268E-01  0.1212E+02
   -0.525047   13.36916  0.0000E+00  0.7338E-04  0.2786E-05  0.4654E-03  0.2046E-01  0.1250E+02
   -0.562552   13.37078  0.0000E+00  0.6872E-04  0.2090E-05  0.4849E-03  0.1899E-01  0.1845E+02
   -0.600056   13.37216  0.0000E+00  0.6463E-04  0.1624E-05  0.5086E-03  0.1769E-01  0.1280E+02
   -0.637561   13.37349  0.0000E+00  0.6100E-04  0.1301E-05  0.5429E-03  0.1652E-01  0.3390E+02
   -0.675066   13.37477  0.0000E+00  0.5771E-04  0.1066E-05  0.5859E-03  0.1543E-01  0.3303E+02
   -0.712571   13.37597  0.0000E+00  0.5476E-04  0.8943E-06  0.6346E-03  0.1443E-01  0.5911E+02
   -0.750077   13.37708  0.0000E+00  0.5206E-04  0.7635E-06  0.6896E-03  0.1350E-01  0.2209E+02
   -0.787582   13.37813  0.0000E+00  0.4956E-04  0.6590E-06  0.7376E-03  0.1263E-01  0.2055E+02
   -0.825087   13.37911  0.0000E+00  0.4721E-04  0.5761E-06  0.7817E-03  0.1180E-01  0.1287E+03
   -0.862592   13.38003  0.0000E+00  0.4500E-04  0.5097E-06  0.8275E-03  0.1102E-01  0.4266E+02
   -0.900097   13.38089  0.0000E+00  0.4293E-04  0.4557E-06  0.8708E-03  0.1027E-01  0.3522E+02
   -0.937601   13.38170  0.0000E+00  0.4092E-04  0.4103E-06  0.9062E-03  0.9558E-02  0.4394E+03
   -0.975106   13.38248  0.0000E+00  0.3895E-04  0.3721E-06  0.9316E-03  0.8862E-02  0.4195E+02
   -1.012611   13.38324  0.0000E+00  0.3701E-04  0.3397E-06  0.9429E-03  0.8185E-02  0.2850E+02
   -1.050116   13.38398  0.0000E+00  0.3504E-04  0.3119E-06  0.9402E-03  0.7539E-02  0.5754E+02
   -1.087620   13.38471  0.0000E+00  0.3305E-04  0.2886E-06  0.9202E-03  0.6920E-02  0.3415E+02
   -1.125124   13.38546  0.0000E+00  0.3104E-04  0.2697E-06  0.8856E-03  0.6330E-02  0.5485E+02
   -1.162628   13.38624  0.0000E+00  0.2897E-04  0.2551E-06  0.8308E-03  0.5762E-02  0.2651E+02
   -1.200132   13.38708  0.0000E+00  0.2684E-04  0.2463E-06  0.7540E-03  0.5215E-02  0.3125E+02
   -1.237636   13.38802  0.0000E+00  0.2466E-04  0.2455E-06  0.6573E-03  0.4687E-02  0.2934E+02
   -1.275139   13.38913  0.0000E+00  0.2232E-04  0.2576E-06  0.5522E-03  0.4175E-02  0.6058E+02
   -1.312642   13.39051  0.0000E+00  0.1977E-04  0.2927E-06  0.4505E-03  0.3697E-02  0.2348E+02
   -1.350145   13.39230  0.0000E+00  0.1690E-04  0.3700E-06  0.3433E-03  0.3235E-02  0.7128E+03
   -1.387647   13.39490  0.0000E+00  0.1367E-04  0.5343E-06  0.2678E-03  0.2745E-02  0.1125E+03
   -1.425150   13.39799  0.0000E+00  0.1009E-04  0.9615E-06  0.1505E-03  0.2235E-02  0.1075E+05
   -1.462652   13.40644  0.0000E+00  0.6341E-05  0.1995E-05  0.8433E-04  0.1723E-02 -0.1022E+06
   -1.500153   13.42380  0.0000E+00  0.0000E+00  0.0000E+00  0.0000E+00  0.2257E-02  0.0000E+00
