 1 - depth, m
 2 - temperature, C
 3 - salinity, kg/kg
 4 - turbulent kinetic energy, m**2/s**2
 5 - dissipation rate, m**2/s**3
 6 - kinematic heat conductance, m**2/s
 7 - modulus of horizontal velocity, m/s
 8 - Richardson number, n/d
   -0.000000   17.95295  0.0000E+00  0.1582E-04  0.1343E-05  0.2130E-04  0.2223E-01 -0.5014E-01
   -0.037497   17.98637  0.0000E+00  0.1334E-04  0.4708E-06  0.5189E-04  0.1315E-01 -0.1333E+00
   -0.074995   17.99841  0.0000E+00  0.1212E-04  0.2572E-06  0.1146E-03  0.1002E-01  0.4313E+04
   -0.112493   18.00483  0.0000E+00  0.1139E-04  0.1686E-06  0.1652E-03  0.8248E-02  0.1319E+04
   -0.149991   18.00919  0.0000E+00  0.1093E-04  0.1222E-06  0.2273E-03  0.7032E-02  0.8032E+01
   -0.187490   18.01222  0.0000E+00  0.1068E-04  0.9622E-07  0.3607E-03  0.6136E-02  0.3690E+03
   -0.224988   18.01386  0.0000E+00  0.1058E-04  0.8009E-07  0.4079E-03  0.5499E-02  0.7455E+01
   -0.262488   18.01521  0.0000E+00  0.1054E-04  0.6803E-07  0.4376E-03  0.4911E-02  0.7392E+01
   -0.299987   18.01645  0.0000E+00  0.1052E-04  0.5880E-07  0.4690E-03  0.4386E-02  0.6155E+01
   -0.337486   18.01759  0.0000E+00  0.1052E-04  0.5154E-07  0.5019E-03  0.3915E-02  0.5470E+01
   -0.374986   18.01863  0.0000E+00  0.1051E-04  0.4566E-07  0.5357E-03  0.3488E-02  0.5072E+01
   -0.412486   18.01959  0.0000E+00  0.1050E-04  0.4079E-07  0.5721E-03  0.3098E-02  0.4815E+01
   -0.449986   18.02047  0.0000E+00  0.1046E-04  0.3663E-07  0.6067E-03  0.2739E-02  0.4670E+01
   -0.487487   18.02130  0.0000E+00  0.1039E-04  0.3303E-07  0.6508E-03  0.2402E-02  0.4689E+01
   -0.524987   18.02206  0.0000E+00  0.1029E-04  0.2966E-07  0.7034E-03  0.2098E-02  0.4477E+01
   -0.562488   18.02274  0.0000E+00  0.1019E-04  0.2785E-07  0.1162E-02  0.1777E-02  0.2156E+01
   -0.599988   18.02316  0.0000E+00  0.1012E-04  0.2686E-07  0.1230E-02  0.1671E-02  0.2106E+01
   -0.637489   18.02354  0.0000E+00  0.1004E-04  0.2574E-07  0.7447E-03  0.1583E-02  0.2391E+01
   -0.674990   18.02417  0.0000E+00  0.9853E-05  0.2392E-07  0.7916E-03  0.1346E-02  0.2757E+01
   -0.712490   18.02475  0.0000E+00  0.9633E-05  0.2233E-07  0.8121E-03  0.1156E-02  0.2536E+01
   -0.749991   18.02531  0.0000E+00  0.9491E-05  0.2154E-07  0.1281E-02  0.9589E-03  0.1687E+01
   -0.787492   18.02566  0.0000E+00  0.9391E-05  0.2111E-07  0.1240E-02  0.8964E-03  0.1631E+01
   -0.824993   18.02602  0.0000E+00  0.9284E-05  0.2076E-07  0.1301E-02  0.8413E-03  0.1321E+01
   -0.862494   18.02636  0.0000E+00  0.9182E-05  0.2053E-07  0.1235E-02  0.7867E-03  0.1585E+01
   -0.899994   18.02672  0.0000E+00  0.9039E-05  0.2034E-07  0.8976E-03  0.7486E-03  0.1526E+01
   -0.937495   18.02722  0.0000E+00  0.8754E-05  0.2015E-07  0.9006E-03  0.6432E-03  0.1536E+01
   -0.974996   18.02771  0.0000E+00  0.8481E-05  0.2013E-07  0.8845E-03  0.5585E-03  0.1423E+01
   -1.012496   18.02820  0.0000E+00  0.8211E-05  0.2028E-07  0.8718E-03  0.4845E-03  0.1298E+01
   -1.049996   18.02870  0.0000E+00  0.7951E-05  0.2057E-07  0.8612E-03  0.4227E-03  0.1191E+01
   -1.087496   18.02919  0.0000E+00  0.7704E-05  0.2101E-07  0.8213E-03  0.3718E-03  0.1097E+01
   -1.124996   18.02971  0.0000E+00  0.7469E-05  0.2160E-07  0.7563E-03  0.3299E-03  0.1039E+01
   -1.162496   18.03027  0.0000E+00  0.7241E-05  0.2237E-07  0.6948E-03  0.2953E-03  0.1063E+01
   -1.199996   18.03088  0.0000E+00  0.7013E-05  0.2339E-07  0.6317E-03  0.2660E-03  0.1237E+01
   -1.237495   18.03155  0.0000E+00  0.6771E-05  0.2480E-07  0.5819E-03  0.2405E-03  0.1661E+01
   -1.274994   18.03228  0.0000E+00  0.6486E-05  0.2705E-07  0.4993E-03  0.2168E-03  0.1080E+02
   -1.312493   18.03319  0.0000E+00  0.6130E-05  0.3067E-07  0.4425E-03  0.1925E-03  0.2628E+03
   -1.349992   18.03421  0.0000E+00  0.5659E-05  0.3762E-07  0.3213E-03  0.1701E-03  0.2235E+05
   -1.387490   18.03616  0.0000E+00  0.5026E-05  0.5045E-07  0.2839E-03  0.1425E-03  0.3394E+06
   -1.424988   18.03747  0.0000E+00  0.4091E-05  0.8646E-07  0.1256E-03  0.1232E-03  0.7052E+05
   -1.462485   18.04635  0.0000E+00  0.2471E-05  0.2136E-06  0.4952E-04  0.9097E-04 -0.6127E+05
   -1.499983   18.05621  0.0000E+00  0.0000E+00  0.0000E+00  0.0000E+00  0.1070E-03  0.0000E+00
