 1 - depth, m
 2 - temperature, C
 3 - salinity, kg/kg
 4 - turbulent kinetic energy, m**2/s**2
 5 - dissipation rate, m**2/s**3
 6 - kinematic heat conductance, m**2/s
 7 - modulus of horizontal velocity, m/s
 8 - Richardson number, n/d
   -0.000000    6.58872  0.0000E+00  0.1961E-02  0.3077E-01  0.1568E-03  0.7735E+00  0.3662E-02
   -0.037499    6.72285  0.0000E+00  0.1026E-02  0.1882E-01  0.3213E-03  0.2672E+00 -0.1661E-01
   -0.074998    6.79956  0.0000E+00  0.6580E-03  0.7605E-02  0.4780E-03  0.1461E+00  0.1536E+00
   -0.112498    6.82433  0.0000E+00  0.5201E-03  0.5428E-02  0.5262E-03  0.1050E+00  0.6412E+00
   -0.149998    6.83455  0.0000E+00  0.4258E-03  0.4031E-02  0.5392E-03  0.8439E-01  0.4963E-01
   -0.187499    6.83905  0.0000E+00  0.3606E-03  0.3017E-02  0.5356E-03  0.7308E-01  0.2071E-01
   -0.224999    6.84207  0.0000E+00  0.3135E-03  0.2279E-02  0.5288E-03  0.6595E-01 -0.2198E+00
   -0.262500    6.84442  0.0000E+00  0.2749E-03  0.1707E-02  0.5355E-03  0.6019E-01  0.2027E-01
   -0.300001    6.84652  0.0000E+00  0.2447E-03  0.1286E-02  0.5438E-03  0.5547E-01  0.4147E-01
   -0.337503    6.84840  0.0000E+00  0.2199E-03  0.9703E-03  0.5423E-03  0.5129E-01  0.7263E-01
   -0.375004    6.85017  0.0000E+00  0.2002E-03  0.7325E-03  0.5925E-03  0.4760E-01  0.1298E-01
   -0.412506    6.85215  0.0000E+00  0.1822E-03  0.5544E-03  0.5346E-03  0.4373E-01  0.9603E-01
   -0.450008    6.85505  0.0000E+00  0.1656E-03  0.4240E-03  0.5579E-03  0.3951E-01  0.5918E-01
   -0.487510    6.85664  0.0000E+00  0.1530E-03  0.3146E-03  0.5373E-03  0.3667E-01  0.8095E+00
   -0.525012    6.86485  0.0000E+00  0.1382E-03  0.2315E-03  0.5592E-03  0.3139E-01  0.9703E+00
   -0.562515    6.86601  0.0000E+00  0.1273E-03  0.1795E-03  0.5644E-03  0.2932E-01  0.1201E+00
   -0.600017    6.86723  0.0000E+00  0.1181E-03  0.1403E-03  0.5704E-03  0.2754E-01  0.5716E+00
   -0.637520    6.86859  0.0000E+00  0.1102E-03  0.1110E-03  0.5752E-03  0.2592E-01  0.2208E+01
   -0.675022    6.86965  0.0000E+00  0.1032E-03  0.8911E-04  0.5743E-03  0.2442E-01  0.4047E+01
   -0.712525    6.87100  0.0000E+00  0.9676E-04  0.7031E-04  0.5792E-03  0.2290E-01  0.1487E+02
   -0.750027    6.87277  0.0000E+00  0.9093E-04  0.5522E-04  0.5823E-03  0.2123E-01  0.2475E+01
   -0.787530    6.87388  0.0000E+00  0.8564E-04  0.4440E-04  0.5685E-03  0.1994E-01  0.1343E+02
   -0.825033    6.87816  0.0000E+00  0.8053E-04  0.3537E-04  0.5833E-03  0.1792E-01  0.9337E+01
   -0.862535    6.87953  0.0000E+00  0.7602E-04  0.2799E-04  0.5837E-03  0.1683E-01  0.1614E+02
   -0.900038    6.88086  0.0000E+00  0.7187E-04  0.2201E-04  0.5816E-03  0.1579E-01  0.5997E+01
   -0.937540    6.88222  0.0000E+00  0.6801E-04  0.1720E-04  0.5766E-03  0.1479E-01  0.1626E+02
   -0.975042    6.88372  0.0000E+00  0.6435E-04  0.1339E-04  0.5675E-03  0.1381E-01  0.4337E+01
   -1.012545    6.88559  0.0000E+00  0.6085E-04  0.1035E-04  0.5606E-03  0.1276E-01  0.3619E+02
   -1.050047    6.88709  0.0000E+00  0.5749E-04  0.7936E-05  0.5517E-03  0.1187E-01  0.3894E+01
   -1.087549    6.88877  0.0000E+00  0.5425E-04  0.6001E-05  0.5401E-03  0.1106E-01  0.1785E+02
   -1.125051    6.89022  0.0000E+00  0.5106E-04  0.4324E-05  0.5216E-03  0.1030E-01  0.2195E+03
   -1.162552    6.89200  0.0000E+00  0.4790E-04  0.2966E-05  0.4990E-03  0.9563E-02  0.5865E+02
   -1.200054    6.89367  0.0000E+00  0.4476E-04  0.2080E-05  0.4700E-03  0.8842E-02  0.1287E+03
   -1.237555    6.89587  0.0000E+00  0.4153E-04  0.1459E-05  0.4350E-03  0.8120E-02  0.3705E+01
   -1.275056    6.89804  0.0000E+00  0.3810E-04  0.1067E-05  0.3958E-03  0.7390E-02  0.3771E+05
   -1.312556    6.90068  0.0000E+00  0.3438E-04  0.9416E-06  0.3466E-03  0.6702E-02 -0.6405E+05
   -1.350057    6.90313  0.0000E+00  0.3019E-04  0.9648E-06  0.2864E-03  0.6019E-02 -0.8546E+08
   -1.387557    6.90672  0.0000E+00  0.2535E-04  0.1245E-05  0.2152E-03  0.5314E-02 -0.3161E+06
   -1.425056    6.91088  0.0000E+00  0.1939E-04  0.1979E-05  0.1307E-03  0.4511E-02  0.3744E+07
   -1.462556    6.91872  0.0000E+00  0.1167E-04  0.4269E-05  0.5764E-04  0.3650E-02 -0.4115E+06
   -1.500055    6.96118  0.0000E+00  0.0000E+00  0.0000E+00  0.0000E+00  0.4397E-02  0.0000E+00
