 1 - depth, m
 2 - temperature, C
 3 - salinity, kg/kg
 4 - turbulent kinetic energy, m**2/s**2
 5 - dissipation rate, m**2/s**3
 6 - kinematic heat conductance, m**2/s
 7 - modulus of horizontal velocity, m/s
 8 - Richardson number, n/d
   -0.000000   16.57746  0.0000E+00  0.2480E-02  0.2970E-01  0.2358E-03  0.7827E+00 -0.2605E-01
   -0.042497   16.85252  0.0000E+00  0.1193E-02  0.1665E-01  0.3995E-03  0.1589E+00 -0.8221E+00
   -0.084995   16.96127  0.0000E+00  0.7988E-03  0.7166E-02  0.4793E-03  0.8681E-01  0.1003E+01
   -0.127493   17.01113  0.0000E+00  0.5998E-03  0.4110E-02  0.4870E-03  0.6784E-01 -0.2823E-01
   -0.169991   17.03535  0.0000E+00  0.4639E-03  0.2492E-02  0.4393E-03  0.5516E-01  0.1601E+02
   -0.212490   17.05257  0.0000E+00  0.3640E-03  0.1591E-02  0.4196E-03  0.4460E-01  0.3261E+01
   -0.254989   17.07031  0.0000E+00  0.2904E-03  0.1121E-02  0.4004E-03  0.3641E-01  0.4408E+02
   -0.297489   17.07967  0.0000E+00  0.2337E-03  0.7813E-03  0.4025E-03  0.3126E-01  0.1303E+03
   -0.339988   17.08671  0.0000E+00  0.1946E-03  0.5739E-03  0.4133E-03  0.2781E-01  0.3634E+02
   -0.382488   17.09282  0.0000E+00  0.1654E-03  0.4179E-03  0.4248E-03  0.2441E-01  0.3858E+01
   -0.424988   17.09787  0.0000E+00  0.1426E-03  0.2959E-03  0.4312E-03  0.2234E-01  0.2776E+04
   -0.467489   17.10226  0.0000E+00  0.1250E-03  0.2032E-03  0.4419E-03  0.1981E-01  0.2341E+03
   -0.509989   17.10738  0.0000E+00  0.1107E-03  0.1365E-03  0.4689E-03  0.1732E-01  0.1007E+04
   -0.552490   17.11135  0.0000E+00  0.9903E-04  0.9111E-04  0.5014E-03  0.1524E-01  0.7643E+03
   -0.594991   17.11548  0.0000E+00  0.8892E-04  0.6150E-04  0.5333E-03  0.1325E-01  0.4024E+03
   -0.637492   17.11935  0.0000E+00  0.7971E-04  0.4212E-04  0.5814E-03  0.1154E-01  0.1102E+03
   -0.679993   17.12186  0.0000E+00  0.7157E-04  0.2879E-04  0.6239E-03  0.1028E-01 -0.1000E+03
   -0.722494   17.12459  0.0000E+00  0.6440E-04  0.1949E-04  0.6708E-03  0.9178E-02  0.5876E+02
   -0.764996   17.12677  0.0000E+00  0.5833E-04  0.1386E-04  0.7227E-03  0.8276E-02  0.5699E+03
   -0.807497   17.12862  0.0000E+00  0.5281E-04  0.9230E-05  0.7714E-03  0.7570E-02 -0.8352E+03
   -0.849998   17.13048  0.0000E+00  0.4820E-04  0.6407E-05  0.7968E-03  0.6926E-02  0.7013E+03
   -0.892499   17.13188  0.0000E+00  0.4411E-04  0.4325E-05  0.8126E-03  0.6326E-02  0.9078E+03
   -0.935001   17.13414  0.0000E+00  0.4032E-04  0.2541E-05  0.8475E-03  0.5705E-02  0.1101E+03
   -0.977502   17.13541  0.0000E+00  0.3721E-04  0.1530E-05  0.8686E-03  0.5193E-02  0.2482E+02
   -1.020003   17.13684  0.0000E+00  0.3453E-04  0.8951E-06  0.8812E-03  0.4736E-02  0.1611E+03
   -1.062504   17.13804  0.0000E+00  0.3224E-04  0.5837E-06  0.8867E-03  0.4299E-02  0.2870E+02
   -1.105005   17.13926  0.0000E+00  0.3019E-04  0.4203E-06  0.8879E-03  0.3893E-02  0.8546E+02
   -1.147506   17.14031  0.0000E+00  0.2841E-04  0.3336E-06  0.8907E-03  0.3507E-02  0.6586E+02
   -1.190007   17.14152  0.0000E+00  0.2683E-04  0.2841E-06  0.8784E-03  0.3123E-02  0.9193E+02
   -1.232508   17.14254  0.0000E+00  0.2535E-04  0.2524E-06  0.8599E-03  0.2772E-02  0.7677E+02
   -1.275008   17.14366  0.0000E+00  0.2389E-04  0.2313E-06  0.8323E-03  0.2440E-02  0.7509E+02
   -1.317508   17.14467  0.0000E+00  0.2243E-04  0.2184E-06  0.8146E-03  0.2136E-02  0.1137E+03
   -1.360008   17.14578  0.0000E+00  0.2095E-04  0.2155E-06  0.7514E-03  0.1868E-02  0.1850E+04
   -1.402508   17.14691  0.0000E+00  0.1936E-04  0.2287E-06  0.7073E-03  0.1632E-02  0.1759E+04
   -1.445007   17.14823  0.0000E+00  0.1779E-04  0.2688E-06  0.6305E-03  0.1415E-02  0.1420E+04
   -1.487506   17.14983  0.0000E+00  0.1623E-04  0.3504E-06  0.5707E-03  0.1185E-02  0.1183E+04
   -1.530005   17.15183  0.0000E+00  0.1453E-04  0.5403E-06  0.4543E-03  0.9161E-03  0.3467E+04
   -1.572503   17.15545  0.0000E+00  0.1272E-04  0.9707E-06  0.4627E-03  0.6494E-03 -0.2741E+06
   -1.615001   17.15585  0.0000E+00  0.9920E-05  0.2640E-05  0.2320E-03  0.5153E-03 -0.2986E+07
   -1.657499   17.16782  0.0000E+00  0.6916E-05  0.5564E-05  0.1799E-03  0.3584E-03 -0.4619E+08
   -1.699996   17.17393  0.0000E+00  0.0000E+00  0.0000E+00  0.0000E+00  0.6877E-03  0.0000E+00
