 1 - depth, m
 2 - temperature, C
 3 - salinity, kg/kg
 4 - turbulent kinetic energy, m**2/s**2
 5 - dissipation rate, m**2/s**3
 6 - kinematic heat conductance, m**2/s
 7 - modulus of horizontal velocity, m/s
 8 - Richardson number, n/d
   -0.000000   17.79342  0.0000E+00  0.3365E-04  0.6362E-05  0.2818E-04  0.3541E-01 -0.1015E-01
   -0.042497   17.83361  0.0000E+00  0.1957E-04  0.1677E-05  0.4344E-04  0.1333E-01 -0.8895E-01
   -0.084995   17.84594  0.0000E+00  0.1411E-04  0.6911E-06  0.6147E-04  0.8787E-02 -0.1447E+00
   -0.127493   17.85408  0.0000E+00  0.1078E-04  0.3296E-06  0.9234E-04  0.6161E-02  0.1193E+02
   -0.169992   17.86023  0.0000E+00  0.8664E-05  0.1741E-06  0.1193E-03  0.4423E-02  0.9978E+02
   -0.212491   17.86505  0.0000E+00  0.7294E-05  0.9996E-07  0.1578E-03  0.3211E-02  0.3472E+01
   -0.254990   17.86863  0.0000E+00  0.6474E-05  0.6330E-07  0.2285E-03  0.2398E-02  0.2781E+03
   -0.297490   17.87092  0.0000E+00  0.6043E-05  0.4478E-07  0.3051E-03  0.1897E-02  0.7023E+02
   -0.339989   17.87238  0.0000E+00  0.5840E-05  0.3482E-07  0.3546E-03  0.1585E-02  0.3986E+02
   -0.382489   17.87351  0.0000E+00  0.5760E-05  0.2873E-07  0.4022E-03  0.1346E-02  0.2947E+01
   -0.424990   17.87446  0.0000E+00  0.5757E-05  0.2472E-07  0.4523E-03  0.1156E-02  0.5499E+01
   -0.467490   17.87529  0.0000E+00  0.5801E-05  0.2190E-07  0.5060E-03  0.9911E-03  0.2236E+01
   -0.509991   17.87603  0.0000E+00  0.5870E-05  0.1983E-07  0.5617E-03  0.8456E-03  0.1554E+01
   -0.552492   17.87670  0.0000E+00  0.5952E-05  0.1825E-07  0.6167E-03  0.7167E-03  0.1597E+01
   -0.594993   17.87732  0.0000E+00  0.6036E-05  0.1704E-07  0.6710E-03  0.6023E-03  0.1574E+01
   -0.637494   17.87789  0.0000E+00  0.6115E-05  0.1609E-07  0.7263E-03  0.5036E-03  0.1472E+01
   -0.679995   17.87841  0.0000E+00  0.6187E-05  0.1537E-07  0.7786E-03  0.4229E-03  0.1378E+01
   -0.722496   17.87889  0.0000E+00  0.6251E-05  0.1483E-07  0.8241E-03  0.3583E-03  0.1267E+01
   -0.764998   17.87933  0.0000E+00  0.6308E-05  0.1444E-07  0.8607E-03  0.3082E-03  0.1176E+01
   -0.807499   17.87973  0.0000E+00  0.6360E-05  0.1418E-07  0.8887E-03  0.2701E-03  0.1146E+01
   -0.850000   17.88012  0.0000E+00  0.6406E-05  0.1401E-07  0.9094E-03  0.2402E-03  0.1155E+01
   -0.892502   17.88050  0.0000E+00  0.6449E-05  0.1393E-07  0.9245E-03  0.2162E-03  0.1186E+01
   -0.935003   17.88088  0.0000E+00  0.6488E-05  0.1392E-07  0.9342E-03  0.1964E-03  0.1279E+01
   -0.977505   17.88126  0.0000E+00  0.6524E-05  0.1398E-07  0.9394E-03  0.1797E-03  0.1406E+01
   -1.020006   17.88164  0.0000E+00  0.6557E-05  0.1409E-07  0.9405E-03  0.1651E-03  0.1636E+01
   -1.062507   17.88204  0.0000E+00  0.6588E-05  0.1426E-07  0.9374E-03  0.1517E-03  0.1883E+01
   -1.105008   17.88245  0.0000E+00  0.6614E-05  0.1449E-07  0.9296E-03  0.1393E-03  0.2220E+01
   -1.147509   17.88289  0.0000E+00  0.6635E-05  0.1478E-07  0.9168E-03  0.1274E-03  0.2607E+01
   -1.190010   17.88336  0.0000E+00  0.6648E-05  0.1514E-07  0.8991E-03  0.1157E-03  0.3022E+01
   -1.232511   17.88386  0.0000E+00  0.6651E-05  0.1561E-07  0.8758E-03  0.1044E-03  0.3542E+01
   -1.275011   17.88438  0.0000E+00  0.6644E-05  0.1622E-07  0.8439E-03  0.9370E-04  0.4609E+01
   -1.317512   17.88495  0.0000E+00  0.6623E-05  0.1704E-07  0.8070E-03  0.8370E-04  0.6196E+01
   -1.360012   17.88555  0.0000E+00  0.6584E-05  0.1821E-07  0.7517E-03  0.7437E-04  0.8840E+01
   -1.402511   17.88622  0.0000E+00  0.6521E-05  0.1998E-07  0.7029E-03  0.6569E-04  0.1405E+02
   -1.445011   17.88696  0.0000E+00  0.6433E-05  0.2258E-07  0.6221E-03  0.5746E-04  0.2758E+02
   -1.487510   17.88790  0.0000E+00  0.6308E-05  0.2653E-07  0.5829E-03  0.4847E-04  0.4736E+03
   -1.530009   17.88902  0.0000E+00  0.6095E-05  0.3450E-07  0.4663E-03  0.3951E-04 -0.4684E+04
   -1.572508   17.89117  0.0000E+00  0.5716E-05  0.5264E-07  0.4855E-03  0.2922E-04  0.3117E+06
   -1.615006   17.89214  0.0000E+00  0.4770E-05  0.1342E-06  0.2065E-03  0.2363E-04 -0.2443E+08
   -1.657504   17.90262  0.0000E+00  0.3193E-05  0.3733E-06  0.9537E-04  0.1492E-04 -0.3122E+06
   -1.700001   17.90938  0.0000E+00  0.0000E+00  0.0000E+00  0.0000E+00  0.2049E-04  0.0000E+00
