 1 - depth, m
 2 - temperature, C
 3 - salinity, kg/kg
 4 - turbulent kinetic energy, m**2/s**2
 5 - dissipation rate, m**2/s**3
 6 - kinematic heat conductance, m**2/s
 7 - modulus of horizontal velocity, m/s
 8 - Richardson number, n/d
   -0.000000   17.21749  0.0000E+00  0.5161E-03  0.5290E-03  0.7539E-04  0.2423E+00  0.3298E-02
   -0.042497   17.27411  0.0000E+00  0.2598E-03  0.1591E-03  0.2309E-03  0.5160E-01 -0.5201E-01
   -0.084995   17.28413  0.0000E+00  0.1866E-03  0.8297E-04  0.2079E-03  0.3364E-01 -0.4207E-01
   -0.127493   17.29170  0.0000E+00  0.1433E-03  0.4703E-04  0.1861E-03  0.2748E-01 -0.4028E+00
   -0.169992   17.29759  0.0000E+00  0.1103E-03  0.2607E-04  0.1743E-03  0.2283E-01 -0.2312E+00
   -0.212491   17.30263  0.0000E+00  0.8514E-04  0.1472E-04  0.1702E-03  0.1892E-01  0.7403E+00
   -0.254990   17.30706  0.0000E+00  0.6563E-04  0.8130E-05  0.1717E-03  0.1584E-01  0.6508E+02
   -0.297489   17.31115  0.0000E+00  0.5118E-04  0.4440E-05  0.1757E-03  0.1346E-01  0.8004E+01
   -0.339989   17.31489  0.0000E+00  0.4089E-04  0.2501E-05  0.1826E-03  0.1147E-01  0.5959E+02
   -0.382489   17.31842  0.0000E+00  0.3346E-04  0.1496E-05  0.1948E-03  0.9646E-02  0.1201E+02
   -0.424989   17.32142  0.0000E+00  0.2809E-04  0.9544E-06  0.2093E-03  0.8188E-02  0.6888E+02
   -0.467490   17.32409  0.0000E+00  0.2409E-04  0.6478E-06  0.2311E-03  0.6906E-02  0.3542E+03
   -0.509990   17.32631  0.0000E+00  0.2099E-04  0.4618E-06  0.2559E-03  0.5819E-02  0.2601E+02
   -0.552491   17.32828  0.0000E+00  0.1852E-04  0.3415E-06  0.2851E-03  0.4894E-02  0.3201E+02
   -0.594992   17.32995  0.0000E+00  0.1653E-04  0.2598E-06  0.3198E-03  0.4093E-02  0.3374E+02
   -0.637493   17.33141  0.0000E+00  0.1484E-04  0.2007E-06  0.3630E-03  0.3414E-02  0.3295E+03
   -0.679994   17.33263  0.0000E+00  0.1342E-04  0.1569E-06  0.4085E-03  0.2861E-02  0.1972E+03
   -0.722495   17.33370  0.0000E+00  0.1220E-04  0.1242E-06  0.4514E-03  0.2402E-02  0.2554E+02
   -0.764997   17.33463  0.0000E+00  0.1116E-04  0.9913E-07  0.4924E-03  0.2028E-02  0.1139E+02
   -0.807498   17.33547  0.0000E+00  0.1027E-04  0.7978E-07  0.5264E-03  0.1729E-02  0.1227E+02
   -0.849999   17.33622  0.0000E+00  0.9520E-05  0.6503E-07  0.5577E-03  0.1482E-02  0.3107E+02
   -0.892501   17.33692  0.0000E+00  0.8879E-05  0.5356E-07  0.5827E-03  0.1278E-02  0.2107E+02
   -0.935002   17.33757  0.0000E+00  0.8356E-05  0.4496E-07  0.6083E-03  0.1107E-02  0.4000E+02
   -0.977504   17.33818  0.0000E+00  0.7925E-05  0.3843E-07  0.6392E-03  0.9685E-03  0.2021E+02
   -1.020005   17.33875  0.0000E+00  0.7554E-05  0.3330E-07  0.6395E-03  0.8519E-03  0.3442E+01
   -1.062506   17.33929  0.0000E+00  0.7225E-05  0.2922E-07  0.6528E-03  0.7404E-03  0.3434E+01
   -1.105007   17.33981  0.0000E+00  0.6941E-05  0.2604E-07  0.6597E-03  0.6430E-03  0.2471E+01
   -1.147508   17.34031  0.0000E+00  0.6699E-05  0.2364E-07  0.6618E-03  0.5538E-03  0.2214E+01
   -1.190009   17.34079  0.0000E+00  0.6491E-05  0.2185E-07  0.6597E-03  0.4697E-03  0.1808E+01
   -1.232509   17.34125  0.0000E+00  0.6304E-05  0.2053E-07  0.6547E-03  0.3921E-03  0.1731E+01
   -1.275010   17.34172  0.0000E+00  0.6136E-05  0.1961E-07  0.6442E-03  0.3270E-03  0.1988E+01
   -1.317510   17.34218  0.0000E+00  0.5983E-05  0.1904E-07  0.6282E-03  0.2736E-03  0.2442E+01
   -1.360010   17.34265  0.0000E+00  0.5838E-05  0.1881E-07  0.6045E-03  0.2307E-03  0.3153E+01
   -1.402510   17.34313  0.0000E+00  0.5691E-05  0.1899E-07  0.5772E-03  0.1965E-03  0.4537E+01
   -1.445009   17.34363  0.0000E+00  0.5548E-05  0.1973E-07  0.5363E-03  0.1673E-03  0.8211E+01
   -1.487508   17.34416  0.0000E+00  0.5400E-05  0.2134E-07  0.5027E-03  0.1388E-03  0.1375E+02
   -1.530007   17.34475  0.0000E+00  0.5211E-05  0.2509E-07  0.4222E-03  0.1106E-03 -0.3917E+03
   -1.572506   17.34558  0.0000E+00  0.4917E-05  0.3452E-07  0.4296E-03  0.8117E-04  0.2763E+04
   -1.615004   17.34621  0.0000E+00  0.4109E-05  0.8076E-07  0.1864E-03  0.6434E-04 -0.1586E+07
   -1.657502   17.35031  0.0000E+00  0.2647E-05  0.2196E-06  0.7149E-04  0.4003E-04 -0.5563E+05
   -1.699999   17.35451  0.0000E+00  0.0000E+00  0.0000E+00  0.0000E+00  0.5700E-04  0.0000E+00
