 1 - depth, m
 2 - temperature, C
 3 - salinity, kg/kg
 4 - turbulent kinetic energy, m**2/s**2
 5 - dissipation rate, m**2/s**3
 6 - kinematic heat conductance, m**2/s
 7 - modulus of horizontal velocity, m/s
 8 - Richardson number, n/d
   -0.000000    1.51320  0.0000E+00  0.1270E-03  0.3928E-04  0.6893E-04  0.9914E-01 -0.4010E-02
   -0.042497    1.55586  0.0000E+00  0.6957E-04  0.1181E-04  0.9227E-04  0.2716E-01  0.8258E-02
   -0.084995    1.56363  0.0000E+00  0.4872E-04  0.5415E-05  0.7833E-04  0.1911E-01  0.1932E-01
   -0.127494    1.57050  0.0000E+00  0.3447E-04  0.2626E-05  0.7007E-04  0.1475E-01  0.2778E-01
   -0.169992    1.57685  0.0000E+00  0.2426E-04  0.1321E-05  0.6389E-04  0.1154E-01  0.5625E-01
   -0.212491    1.58336  0.0000E+00  0.1674E-04  0.6695E-06  0.5719E-04  0.8949E-02  0.7929E-01
   -0.254990    1.59049  0.0000E+00  0.1122E-04  0.3385E-06  0.4933E-04  0.6898E-02  0.1845E+00
   -0.297490    1.59862  0.0000E+00  0.7332E-05  0.1702E-06  0.4008E-04  0.5363E-02  0.9140E+00
   -0.339990    1.60849  0.0000E+00  0.4677E-05  0.8514E-07  0.3012E-04  0.4200E-02  0.9879E+00
   -0.382490    1.62150  0.0000E+00  0.2833E-05  0.4148E-07  0.2024E-04  0.3241E-02  0.3716E+02
   -0.424990    1.64061  0.0000E+00  0.1595E-05  0.1969E-07  0.1052E-04  0.2532E-02  0.4379E+01
   -0.467491    1.67879  0.0000E+00  0.7069E-06  0.8302E-08  0.2673E-05  0.1834E-02  0.1326E+02
   -0.509991    1.86860  0.0000E+00  0.1991E-06  0.2370E-08  0.2366E-06  0.9659E-03  0.1781E+03
   -0.552492    2.90680  0.0000E+00  0.2122E-06  0.5707E-09  0.1336E-06  0.2695E-03  0.4159E+03
   -0.594993    4.11111  0.0000E+00  0.2289E-06  0.2477E-09  0.1146E-03  0.3079E-04  0.2815E+06
   -0.637495    4.13157  0.0000E+00  0.2370E-06  0.1847E-09  0.1265E-03  0.1208E-04  0.3812E+06
   -0.679996    4.13702  0.0000E+00  0.2452E-06  0.1661E-09  0.1374E-03  0.6602E-05  0.2041E+06
   -0.722497    4.14057  0.0000E+00  0.2531E-06  0.1585E-09  0.1472E-03  0.4251E-05  0.1075E+06
   -0.764999    4.14346  0.0000E+00  0.2605E-06  0.1543E-09  0.1563E-03  0.2981E-05  0.1069E+06
   -0.807500    4.14602  0.0000E+00  0.2676E-06  0.1515E-09  0.1649E-03  0.2206E-05  0.2023E+06
   -0.850002    4.14835  0.0000E+00  0.2741E-06  0.1495E-09  0.1728E-03  0.1682E-05  0.2500E+05
   -0.892503    4.15050  0.0000E+00  0.2801E-06  0.1482E-09  0.1800E-03  0.1309E-05  0.3387E+05
   -0.935005    4.15252  0.0000E+00  0.2857E-06  0.1474E-09  0.1866E-03  0.1039E-05  0.5070E+05
   -0.977506    4.15443  0.0000E+00  0.2908E-06  0.1470E-09  0.1924E-03  0.8322E-06  0.6861E+05
   -1.020007    4.15625  0.0000E+00  0.2953E-06  0.1469E-09  0.1974E-03  0.6746E-06  0.9918E+05
   -1.062509    4.15800  0.0000E+00  0.2994E-06  0.1472E-09  0.2015E-03  0.5487E-06  0.1297E+06
   -1.105010    4.15970  0.0000E+00  0.3030E-06  0.1478E-09  0.2047E-03  0.4476E-06  0.1716E+06
   -1.147511    4.16134  0.0000E+00  0.3060E-06  0.1488E-09  0.2069E-03  0.3619E-06  0.2237E+06
   -1.190012    4.16295  0.0000E+00  0.3084E-06  0.1501E-09  0.2080E-03  0.2857E-06  0.2895E+06
   -1.232513    4.16454  0.0000E+00  0.3105E-06  0.1518E-09  0.2080E-03  0.2193E-06  0.3817E+06
   -1.275013    4.16611  0.0000E+00  0.3122E-06  0.1541E-09  0.2070E-03  0.1666E-06  0.6264E+06
   -1.317513    4.16769  0.0000E+00  0.3135E-06  0.1572E-09  0.2046E-03  0.1252E-06  0.1092E+07
   -1.360013    4.16927  0.0000E+00  0.3144E-06  0.1614E-09  0.2005E-03  0.9339E-07  0.1952E+07
   -1.402513    4.17089  0.0000E+00  0.3149E-06  0.1673E-09  0.1945E-03  0.7011E-07  0.4002E+07
   -1.445013    4.17255  0.0000E+00  0.3148E-06  0.1746E-09  0.1873E-03  0.5209E-07  0.8690E+07
   -1.487512    4.17426  0.0000E+00  0.3142E-06  0.1841E-09  0.1779E-03  0.3672E-07  0.1438E+08
   -1.530011    4.17605  0.0000E+00  0.3128E-06  0.1990E-09  0.1643E-03  0.2376E-07  0.1990E+08
   -1.572510    4.17799  0.0000E+00  0.3093E-06  0.2316E-09  0.1408E-03  0.1428E-07  0.4168E+08
   -1.615008    4.18031  0.0000E+00  0.2971E-06  0.3480E-09  0.9483E-04  0.8993E-08  0.5151E+10
   -1.657506    4.18384  0.0000E+00  0.2127E-06  0.1359E-08  0.5156E-05  0.5024E-08 -0.1017E+13
   -1.700003    4.24699  0.0000E+00  0.0000E+00  0.0000E+00  0.0000E+00  0.5024E-08  0.0000E+00
