 1 - depth, m
 2 - temperature, C
 3 - salinity, kg/kg
 4 - turbulent kinetic energy, m**2/s**2
 5 - dissipation rate, m**2/s**3
 6 - kinematic heat conductance, m**2/s
 7 - modulus of horizontal velocity, m/s
 8 - Richardson number, n/d
   -0.000000   17.89769  0.0000E+00  0.2458E-03  0.1476E-03  0.7281E-04  0.1480E+00 -0.6855E+00
   -0.042497   18.00394  0.0000E+00  0.1312E-03  0.4511E-04  0.1499E-03  0.3432E-01 -0.1729E+00
   -0.084995   18.02048  0.0000E+00  0.9455E-04  0.2275E-04  0.1429E-03  0.2313E-01  0.3890E-02
   -0.127493   18.03087  0.0000E+00  0.7176E-04  0.1256E-04  0.1349E-03  0.1843E-01 -0.1830E+00
   -0.169991   18.03878  0.0000E+00  0.5480E-04  0.6758E-05  0.1362E-03  0.1495E-01  0.2679E+01
   -0.212490   18.04548  0.0000E+00  0.4219E-04  0.3750E-05  0.1437E-03  0.1213E-01  0.1768E+02
   -0.254989   18.05124  0.0000E+00  0.3260E-04  0.2009E-05  0.1579E-03  0.9930E-02  0.1898E+01
   -0.297488   18.05622  0.0000E+00  0.2564E-04  0.1092E-05  0.1765E-03  0.8257E-02  0.3410E+01
   -0.339987   18.06058  0.0000E+00  0.2079E-04  0.6327E-06  0.2036E-03  0.6898E-02  0.1438E+02
   -0.382487   18.06439  0.0000E+00  0.1741E-04  0.3965E-06  0.2471E-03  0.5740E-02  0.2189E+03
   -0.424987   18.06754  0.0000E+00  0.1508E-04  0.2648E-06  0.2978E-03  0.4829E-02  0.7666E+02
   -0.467488   18.07014  0.0000E+00  0.1344E-04  0.1859E-06  0.3463E-03  0.4071E-02  0.5198E+02
   -0.509988   18.07231  0.0000E+00  0.1228E-04  0.1368E-06  0.3901E-03  0.3429E-02  0.6692E+02
   -0.552489   18.07418  0.0000E+00  0.1143E-04  0.1047E-06  0.4320E-03  0.2873E-02  0.2406E+02
   -0.594989   18.07578  0.0000E+00  0.1080E-04  0.8320E-07  0.4749E-03  0.2386E-02  0.3532E+03
   -0.637490   18.07717  0.0000E+00  0.1032E-04  0.6819E-07  0.5248E-03  0.1965E-02  0.1221E+02
   -0.679991   18.07837  0.0000E+00  0.9949E-05  0.5742E-07  0.5763E-03  0.1617E-02  0.3877E+02
   -0.722492   18.07943  0.0000E+00  0.9661E-05  0.4939E-07  0.6315E-03  0.1332E-02  0.1792E+01
   -0.764993   18.08037  0.0000E+00  0.9432E-05  0.4326E-07  0.6898E-03  0.1104E-02  0.1359E+01
   -0.807495   18.08122  0.0000E+00  0.9252E-05  0.3853E-07  0.7413E-03  0.9287E-03  0.1251E+01
   -0.849996   18.08201  0.0000E+00  0.9114E-05  0.3494E-07  0.7847E-03  0.7898E-03  0.1191E+01
   -0.892497   18.08275  0.0000E+00  0.9008E-05  0.3222E-07  0.8201E-03  0.6785E-03  0.1148E+01
   -0.934998   18.08345  0.0000E+00  0.8926E-05  0.3019E-07  0.8474E-03  0.5888E-03  0.1153E+01
   -0.977499   18.08413  0.0000E+00  0.8860E-05  0.2871E-07  0.8681E-03  0.5143E-03  0.1150E+01
   -1.020001   18.08480  0.0000E+00  0.8806E-05  0.2767E-07  0.8821E-03  0.4525E-03  0.1178E+01
   -1.062501   18.08547  0.0000E+00  0.8758E-05  0.2698E-07  0.8890E-03  0.3997E-03  0.1201E+01
   -1.105002   18.08615  0.0000E+00  0.8712E-05  0.2660E-07  0.8884E-03  0.3542E-03  0.1260E+01
   -1.147503   18.08684  0.0000E+00  0.8667E-05  0.2649E-07  0.8804E-03  0.3138E-03  0.1343E+01
   -1.190004   18.08756  0.0000E+00  0.8620E-05  0.2661E-07  0.8650E-03  0.2767E-03  0.1421E+01
   -1.232504   18.08832  0.0000E+00  0.8565E-05  0.2698E-07  0.8431E-03  0.2431E-03  0.1523E+01
   -1.275004   18.08910  0.0000E+00  0.8500E-05  0.2764E-07  0.8146E-03  0.2143E-03  0.1850E+01
   -1.317504   18.08993  0.0000E+00  0.8420E-05  0.2871E-07  0.7833E-03  0.1895E-03  0.2447E+01
   -1.360004   18.09081  0.0000E+00  0.8314E-05  0.3044E-07  0.7314E-03  0.1674E-03  0.3496E+01
   -1.402504   18.09177  0.0000E+00  0.8167E-05  0.3336E-07  0.6902E-03  0.1474E-03 -0.2410E+03
   -1.445003   18.09285  0.0000E+00  0.7979E-05  0.3794E-07  0.6079E-03  0.1284E-03  0.4572E+01
   -1.487502   18.09425  0.0000E+00  0.7743E-05  0.4498E-07  0.5751E-03  0.1070E-03  0.5416E+02
   -1.530001   18.09576  0.0000E+00  0.7384E-05  0.6042E-07  0.4544E-03  0.8686E-04 -0.9927E+03
   -1.572499   18.09926  0.0000E+00  0.6826E-05  0.9700E-07  0.4692E-03  0.6213E-04  0.2902E+06
   -1.614997   18.09986  0.0000E+00  0.5597E-05  0.2576E-06  0.2128E-03  0.5032E-04 -0.6555E+07
   -1.657495   18.11432  0.0000E+00  0.3790E-05  0.6772E-06  0.1171E-03  0.3161E-04 -0.3350E+06
   -1.699992   18.12205  0.0000E+00  0.0000E+00  0.0000E+00  0.0000E+00  0.4635E-04  0.0000E+00
