 1 - depth, m
 2 - temperature, C
 3 - salinity, kg/kg
 4 - turbulent kinetic energy, m**2/s**2
 5 - dissipation rate, m**2/s**3
 6 - kinematic heat conductance, m**2/s
 7 - modulus of horizontal velocity, m/s
 8 - Richardson number, n/d
   -0.000000   16.66378  0.0000E+00  0.1629E-03  0.5434E-04  0.7315E-04  0.1101E+00  0.1229E+00
   -0.042497   16.78588  0.0000E+00  0.9038E-04  0.1689E-04  0.1193E-03  0.2734E-01 -0.4121E+00
   -0.084995   16.80454  0.0000E+00  0.6514E-04  0.8211E-05  0.1145E-03  0.1895E-01 -0.7992E-01
   -0.127493   16.81768  0.0000E+00  0.4895E-04  0.4356E-05  0.1180E-03  0.1486E-01  0.1191E+02
   -0.169992   16.82802  0.0000E+00  0.3763E-04  0.2429E-05  0.1291E-03  0.1191E-01  0.2034E+02
   -0.212491   16.83684  0.0000E+00  0.2940E-04  0.1394E-05  0.1507E-03  0.9582E-02  0.7062E+01
   -0.254990   16.84452  0.0000E+00  0.2343E-04  0.8216E-06  0.1851E-03  0.7781E-02  0.7250E+01
   -0.297489   16.85110  0.0000E+00  0.1920E-04  0.4996E-06  0.2282E-03  0.6427E-02  0.1931E+02
   -0.339989   16.85658  0.0000E+00  0.1629E-04  0.3239E-06  0.2799E-03  0.5382E-02  0.1139E+03
   -0.382489   16.86095  0.0000E+00  0.1427E-04  0.2201E-06  0.3322E-03  0.4543E-02  0.1730E+02
   -0.424989   16.86441  0.0000E+00  0.1290E-04  0.1571E-06  0.3815E-03  0.3873E-02  0.1979E+02
   -0.467489   16.86720  0.0000E+00  0.1197E-04  0.1180E-06  0.4300E-03  0.3297E-02  0.1327E+04
   -0.509990   16.86947  0.0000E+00  0.1134E-04  0.9261E-07  0.4762E-03  0.2796E-02  0.2987E+02
   -0.552491   16.87135  0.0000E+00  0.1088E-04  0.7541E-07  0.5162E-03  0.2356E-02  0.6038E+01
   -0.594992   16.87300  0.0000E+00  0.1055E-04  0.6326E-07  0.5546E-03  0.1964E-02  0.1015E+02
   -0.637493   16.87446  0.0000E+00  0.1028E-04  0.5420E-07  0.5992E-03  0.1620E-02  0.2069E+01
   -0.679994   16.87579  0.0000E+00  0.1007E-04  0.4728E-07  0.6489E-03  0.1334E-02  0.2008E+01
   -0.722495   16.87700  0.0000E+00  0.9883E-05  0.4194E-07  0.7093E-03  0.1097E-02  0.1623E+01
   -0.764997   16.87810  0.0000E+00  0.9723E-05  0.3777E-07  0.7750E-03  0.9100E-03  0.1448E+01
   -0.807498   16.87910  0.0000E+00  0.9578E-05  0.3451E-07  0.8303E-03  0.7671E-03  0.1371E+01
   -0.849999   16.88003  0.0000E+00  0.9443E-05  0.3198E-07  0.8730E-03  0.6549E-03  0.1308E+01
   -0.892501   16.88089  0.0000E+00  0.9311E-05  0.3001E-07  0.9024E-03  0.5657E-03  0.1245E+01
   -0.935002   16.88171  0.0000E+00  0.9182E-05  0.2848E-07  0.9192E-03  0.4944E-03  0.1212E+01
   -0.977503   16.88249  0.0000E+00  0.9053E-05  0.2731E-07  0.9265E-03  0.4356E-03  0.1156E+01
   -1.020005   16.88325  0.0000E+00  0.8923E-05  0.2643E-07  0.9264E-03  0.3870E-03  0.1124E+01
   -1.062506   16.88398  0.0000E+00  0.8791E-05  0.2579E-07  0.9191E-03  0.3456E-03  0.1079E+01
   -1.105007   16.88469  0.0000E+00  0.8658E-05  0.2536E-07  0.9059E-03  0.3100E-03  0.1060E+01
   -1.147508   16.88539  0.0000E+00  0.8525E-05  0.2514E-07  0.8876E-03  0.2781E-03  0.1067E+01
   -1.190009   16.88606  0.0000E+00  0.8393E-05  0.2512E-07  0.8630E-03  0.2488E-03  0.1086E+01
   -1.232509   16.88673  0.0000E+00  0.8254E-05  0.2533E-07  0.8335E-03  0.2217E-03  0.1165E+01
   -1.275010   16.88740  0.0000E+00  0.8102E-05  0.2585E-07  0.7919E-03  0.1977E-03  0.1451E+01
   -1.317510   16.88810  0.0000E+00  0.7927E-05  0.2679E-07  0.7543E-03  0.1759E-03  0.1995E+01
   -1.360010   16.88881  0.0000E+00  0.7716E-05  0.2846E-07  0.6834E-03  0.1560E-03  0.3012E+01
   -1.402510   16.88961  0.0000E+00  0.7446E-05  0.3140E-07  0.6462E-03  0.1372E-03  0.7791E+01
   -1.445009   16.89044  0.0000E+00  0.7109E-05  0.3698E-07  0.5428E-03  0.1201E-03  0.5299E+02
   -1.487508   16.89173  0.0000E+00  0.6680E-05  0.4634E-07  0.5113E-03  0.9727E-04  0.3797E+03
   -1.530007   16.89304  0.0000E+00  0.6063E-05  0.6697E-07  0.3821E-03  0.7572E-04  0.4908E+03
   -1.572505   16.89668  0.0000E+00  0.5237E-05  0.1136E-06  0.3898E-03  0.4818E-04  0.5474E+06
   -1.615004   16.89579  0.0000E+00  0.3988E-05  0.3175E-06  0.1800E-03  0.3833E-04 -0.9874E+07
   -1.657501   16.90865  0.0000E+00  0.2723E-05  0.8052E-06  0.1499E-03  0.2236E-04 -0.2818E+06
   -1.699999   16.90907  0.0000E+00  0.0000E+00  0.0000E+00  0.0000E+00  0.4271E-04  0.0000E+00
