 1 - depth, m
 2 - temperature, C
 3 - salinity, kg/kg
 4 - turbulent kinetic energy, m**2/s**2
 5 - dissipation rate, m**2/s**3
 6 - kinematic heat conductance, m**2/s
 7 - modulus of horizontal velocity, m/s
 8 - Richardson number, n/d
   -0.000000    7.80657  0.0000E+00  0.6206E-03  0.1432E-02  0.9953E-04  0.3230E+00 -0.2958E-02
   -0.042497    7.83830  0.0000E+00  0.3134E-03  0.4789E-03  0.2419E-03  0.7087E-01 -0.4829E-02
   -0.084995    7.84573  0.0000E+00  0.2100E-03  0.1939E-03  0.2008E-03  0.4255E-01  0.7554E-02
   -0.127493    7.84831  0.0000E+00  0.1521E-03  0.9199E-04  0.1670E-03  0.3315E-01 -0.7147E-02
   -0.169991    7.85032  0.0000E+00  0.1128E-03  0.4681E-04  0.1522E-03  0.2668E-01  0.1002E-01
   -0.212490    7.85235  0.0000E+00  0.8382E-04  0.2323E-04  0.1449E-03  0.2135E-01  0.8039E-01
   -0.254989    7.85406  0.0000E+00  0.6344E-04  0.1177E-04  0.1419E-03  0.1710E-01  0.6703E+00
   -0.297489    7.85444  0.0000E+00  0.4934E-04  0.6045E-05  0.1403E-03  0.1409E-01  0.4351E+02
   -0.339988    7.85367  0.0000E+00  0.3955E-04  0.3182E-05  0.1410E-03  0.1188E-01  0.3340E+01
   -0.382488    7.85339  0.0000E+00  0.3247E-04  0.1794E-05  0.1450E-03  0.1002E-01  0.4602E+02
   -0.424988    7.85269  0.0000E+00  0.2729E-04  0.1106E-05  0.1486E-03  0.8633E-02  0.1161E+02
   -0.467489    7.85288  0.0000E+00  0.2331E-04  0.7246E-06  0.1557E-03  0.7362E-02  0.1293E+04
   -0.509989    7.85323  0.0000E+00  0.2013E-04  0.4952E-06  0.1630E-03  0.6234E-02  0.6564E+01
   -0.552490    7.85370  0.0000E+00  0.1754E-04  0.3525E-06  0.1701E-03  0.5240E-02  0.2643E+03
   -0.594991    7.85424  0.0000E+00  0.1536E-04  0.2607E-06  0.1785E-03  0.4351E-02  0.1154E+05
   -0.637492    7.85480  0.0000E+00  0.1347E-04  0.1980E-06  0.1871E-03  0.3583E-02  0.1454E+05
   -0.679993    7.85522  0.0000E+00  0.1184E-04  0.1532E-06  0.1963E-03  0.2959E-02  0.1954E+05
   -0.722494    7.85552  0.0000E+00  0.1043E-04  0.1197E-06  0.2047E-03  0.2446E-02  0.5815E+04
   -0.764995    7.85554  0.0000E+00  0.9203E-05  0.9410E-07  0.2129E-03  0.2037E-02  0.9797E+03
   -0.807497    7.85480  0.0000E+00  0.8135E-05  0.7412E-07  0.2243E-03  0.1716E-02  0.1291E+05
   -0.849998    7.85291  0.0000E+00  0.7230E-05  0.5875E-07  0.2362E-03  0.1453E-02  0.5139E+06
   -0.892499    7.84909  0.0000E+00  0.6469E-05  0.4676E-07  0.2513E-03  0.1233E-02  0.2240E+08
   -0.935000    7.84168  0.0000E+00  0.5854E-05  0.3755E-07  0.2723E-03  0.1049E-02  0.2186E+09
   -0.977502    7.83669  0.0000E+00  0.5351E-05  0.3046E-07  0.2946E-03  0.8916E-03  0.5093E+09
   -1.020003    7.83314  0.0000E+00  0.4942E-05  0.2501E-07  0.3256E-03  0.7597E-03  0.2832E+11
   -1.062504    7.83177  0.0000E+00  0.4610E-05  0.2084E-07  0.3680E-03  0.6465E-03  0.4059E+09
   -1.105005    7.83166  0.0000E+00  0.4342E-05  0.1766E-07  0.3997E-03  0.5503E-03  0.4116E+09
   -1.147506    7.83212  0.0000E+00  0.4134E-05  0.1532E-07  0.4261E-03  0.4657E-03  0.6244E+09
   -1.190007    7.83281  0.0000E+00  0.3973E-05  0.1361E-07  0.4421E-03  0.3896E-03  0.8535E+09
   -1.232507    7.83363  0.0000E+00  0.3840E-05  0.1233E-07  0.4520E-03  0.3207E-03  0.1173E+10
   -1.275007    7.83448  0.0000E+00  0.3730E-05  0.1139E-07  0.4570E-03  0.2629E-03  0.1740E+10
   -1.317508    7.83539  0.0000E+00  0.3638E-05  0.1073E-07  0.4566E-03  0.2151E-03  0.2647E+10
   -1.360007    7.83634  0.0000E+00  0.3560E-05  0.1032E-07  0.4507E-03  0.1767E-03  0.4183E+10
   -1.402507    7.83735  0.0000E+00  0.3491E-05  0.1014E-07  0.4391E-03  0.1465E-03  0.7270E+10
   -1.445006    7.83845  0.0000E+00  0.3434E-05  0.1026E-07  0.4202E-03  0.1219E-03  0.1271E+11
   -1.487506    7.83973  0.0000E+00  0.3379E-05  0.1075E-07  0.3970E-03  0.9938E-04  0.1829E+11
   -1.530004    7.84122  0.0000E+00  0.3310E-05  0.1202E-07  0.3563E-03  0.7800E-04  0.2456E+11
   -1.572503    7.84302  0.0000E+00  0.3195E-05  0.1507E-07  0.3163E-03  0.5804E-04  0.5223E+11
   -1.615001    7.84498  0.0000E+00  0.2888E-05  0.2841E-07  0.2020E-03  0.4558E-04  0.3560E+12
   -1.657498    7.84971  0.0000E+00  0.1936E-05  0.8311E-07  0.2956E-04  0.3205E-04 -0.3656E+14
   -1.699996    7.88278  0.0000E+00  0.0000E+00  0.0000E+00  0.0000E+00  0.3901E-04  0.0000E+00
