 1 - depth, m
 2 - temperature, C
 3 - salinity, kg/kg
 4 - turbulent kinetic energy, m**2/s**2
 5 - dissipation rate, m**2/s**3
 6 - kinematic heat conductance, m**2/s
 7 - modulus of horizontal velocity, m/s
 8 - Richardson number, n/d
   -0.000000    0.00000  0.0000E+00  0.3189E-13  0.5206E-16  0.1000E-09  0.0000E+00  0.8318E+16
   -0.042497    0.12693  0.0000E+00  0.3189E-13  0.5206E-16  0.1000E-09  0.0000E+00  0.8363E+16
   -0.084995    0.25922  0.0000E+00  0.3189E-13  0.5206E-16  0.1000E-09  0.0000E+00  0.8349E+16
   -0.127494    0.39646  0.0000E+00  0.3189E-13  0.5206E-16  0.1000E-09  0.0000E+00  0.8024E+16
   -0.169992    0.53381  0.0000E+00  0.3189E-13  0.5206E-16  0.1000E-09  0.0000E+00  0.7696E+16
   -0.212491    0.67122  0.0000E+00  0.3189E-13  0.5206E-16  0.1000E-09  0.0000E+00  0.7371E+16
   -0.254991    0.80872  0.0000E+00  0.3189E-13  0.5206E-16  0.1000E-09  0.0000E+00  0.7046E+16
   -0.297490    0.94629  0.0000E+00  0.3189E-13  0.5206E-16  0.1000E-09  0.0000E+00  0.6710E+16
   -0.339990    1.08368  0.0000E+00  0.3189E-13  0.5206E-16  0.1000E-09  0.0000E+00  0.6363E+16
   -0.382490    1.22056  0.0000E+00  0.3189E-13  0.5206E-16  0.1000E-09  0.0000E+00  0.6014E+16
   -0.424990    1.35681  0.0000E+00  0.3189E-13  0.5206E-16  0.1000E-09  0.0000E+00  0.5658E+16
   -0.467491    1.49209  0.0000E+00  0.3189E-13  0.5206E-16  0.1000E-09  0.0000E+00  0.5305E+16
   -0.509992    1.62627  0.0000E+00  0.3189E-13  0.5206E-16  0.1000E-09  0.0000E+00  0.4972E+16
   -0.552493    1.75965  0.0000E+00  0.3189E-13  0.5206E-16  0.1000E-09  0.0000E+00  0.4644E+16
   -0.594994    1.89218  0.0000E+00  0.3189E-13  0.5206E-16  0.1000E-09  0.0000E+00  0.4327E+16
   -0.637495    2.02401  0.0000E+00  0.3189E-13  0.5206E-16  0.1000E-09  0.0000E+00  0.4025E+16
   -0.679996    2.15543  0.0000E+00  0.3189E-13  0.5206E-16  0.1000E-09  0.0000E+00  0.3725E+16
   -0.722498    2.28637  0.0000E+00  0.3189E-13  0.5206E-16  0.1000E-09  0.0000E+00  0.3431E+16
   -0.764999    2.41691  0.0000E+00  0.1241E-12  0.5206E-16  0.1000E-09  0.0000E+00  0.3139E+16
   -0.807501    2.54695  0.0000E+00  0.3586E-12  0.8969E-16  0.1000E-09  0.0000E+00  0.2837E+16
   -0.850002    2.67583  0.0000E+00  0.8383E-12  0.1833E-15  0.1000E-09  0.0000E+00  0.2534E+16
   -0.892504    2.80304  0.0000E+00  0.1825E-11  0.3801E-15  0.1000E-09  0.0000E+00  0.2254E+16
   -0.935005    2.92922  0.0000E+00  0.3831E-11  0.7760E-15  0.1000E-09  0.0000E+00  0.1981E+16
   -0.977507    3.05441  0.0000E+00  0.7925E-11  0.1569E-14  0.1000E-09  0.0000E+00  0.1714E+16
   -1.020008    3.17845  0.0000E+00  0.1621E-10  0.3139E-14  0.1000E-09  0.0000E+00  0.1445E+16
   -1.062509    3.30049  0.0000E+00  0.3285E-10  0.6229E-14  0.1000E-09  0.0000E+00  0.1186E+16
   -1.105010    3.42022  0.0000E+00  0.6608E-10  0.1227E-13  0.1000E-09  0.0000E+00  0.9342E+15
   -1.147511    3.53671  0.0000E+00  0.1309E-09  0.2382E-13  0.1085E-09  0.0000E+00  0.6976E+15
   -1.190012    3.64923  0.0000E+00  0.2573E-09  0.4587E-13  0.2984E-09  0.0000E+00  0.4827E+15
   -1.232513    3.75767  0.0000E+00  0.5149E-09  0.8992E-13  0.9726E-09  0.0000E+00  0.2898E+15
   -1.275014    3.86232  0.0000E+00  0.1040E-08  0.1780E-12  0.4790E-08  0.0000E+00  0.1159E+15
   -1.317514    3.96208  0.0000E+00  0.1955E-08  0.3312E-12  0.2742E-06  0.0000E+00  0.3395E+13
   -1.360014    3.99931  0.0000E+00  0.2776E-08  0.4803E-12  0.6392E-05  0.0000E+00 -0.5406E+12
   -1.402514    4.00176  0.0000E+00  0.3282E-08  0.5960E-12  0.7052E-05  0.0000E+00 -0.5907E+12
   -1.445014    4.00404  0.0000E+00  0.3701E-08  0.7229E-12  0.7014E-05  0.0000E+00 -0.6683E+12
   -1.487513    4.00631  0.0000E+00  0.4056E-08  0.8797E-12  0.6604E-05  0.0000E+00 -0.8052E+12
   -1.530012    4.00874  0.0000E+00  0.4413E-08  0.1129E-11  0.6243E-05  0.0000E+00 -0.1134E+13
   -1.572510    4.01177  0.0000E+00  0.4821E-08  0.1640E-11  0.6033E-05  0.0000E+00 -0.2151E+13
   -1.615009    4.01669  0.0000E+00  0.5087E-08  0.3137E-11  0.2904E-05  0.0000E+00 -0.6488E+13
   -1.657507    4.02817  0.0000E+00  0.4357E-08  0.7723E-11  0.6307E-06  0.0000E+00 -0.4336E+14
   -1.700004    4.07170  0.0000E+00  0.0000E+00  0.0000E+00  0.0000E+00  0.0000E+00  0.0000E+00
