 1 - depth, m
 2 - temperature, C
 3 - salinity, kg/kg
 4 - turbulent kinetic energy, m**2/s**2
 5 - dissipation rate, m**2/s**3
 6 - kinematic heat conductance, m**2/s
 7 - modulus of horizontal velocity, m/s
 8 - Richardson number, n/d
   -0.000000   15.29643  0.0000E+00  0.9564E-05  0.5837E-06  0.2080E-04  0.1182E-01 -0.1796E+00
   -0.042497   15.33270  0.0000E+00  0.7844E-05  0.2018E-06  0.7836E-04  0.5748E-02  0.1148E+02
   -0.084995   15.34411  0.0000E+00  0.6893E-05  0.1041E-06  0.1270E-03  0.3668E-02  0.7495E+01
   -0.127493   15.35088  0.0000E+00  0.6375E-05  0.6482E-07  0.1829E-03  0.2552E-02  0.1627E+03
   -0.169991   15.35526  0.0000E+00  0.6121E-05  0.4590E-07  0.2552E-03  0.1891E-02  0.6789E+02
   -0.212490   15.35799  0.0000E+00  0.6051E-05  0.3650E-07  0.3478E-03  0.1489E-02  0.4930E+02
   -0.254989   15.35962  0.0000E+00  0.6081E-05  0.3090E-07  0.4028E-03  0.1255E-02  0.1344E+01
   -0.297489   15.36097  0.0000E+00  0.6159E-05  0.2685E-07  0.4652E-03  0.1063E-02  0.1281E+01
   -0.339988   15.36209  0.0000E+00  0.6271E-05  0.2402E-07  0.5278E-03  0.9174E-03  0.1271E+01
   -0.382488   15.36307  0.0000E+00  0.6403E-05  0.2197E-07  0.5915E-03  0.7976E-03  0.1260E+01
   -0.424988   15.36394  0.0000E+00  0.6547E-05  0.2046E-07  0.6546E-03  0.6981E-03  0.1320E+01
   -0.467489   15.36473  0.0000E+00  0.6695E-05  0.1931E-07  0.7145E-03  0.6101E-03  0.1371E+01
   -0.509989   15.36547  0.0000E+00  0.6841E-05  0.1843E-07  0.7718E-03  0.5309E-03  0.1406E+01
   -0.552490   15.36617  0.0000E+00  0.6979E-05  0.1776E-07  0.8258E-03  0.4602E-03  0.1430E+01
   -0.594991   15.36684  0.0000E+00  0.7103E-05  0.1725E-07  0.8774E-03  0.3971E-03  0.1421E+01
   -0.637492   15.36748  0.0000E+00  0.7214E-05  0.1687E-07  0.9282E-03  0.3424E-03  0.1373E+01
   -0.679993   15.36808  0.0000E+00  0.7310E-05  0.1661E-07  0.9748E-03  0.2969E-03  0.1346E+01
   -0.722494   15.36865  0.0000E+00  0.7393E-05  0.1643E-07  0.1014E-02  0.2597E-03  0.1319E+01
   -0.764996   15.36918  0.0000E+00  0.7465E-05  0.1634E-07  0.1041E-02  0.2301E-03  0.1329E+01
   -0.807497   15.36969  0.0000E+00  0.7529E-05  0.1631E-07  0.1059E-02  0.2068E-03  0.1401E+01
   -0.849998   15.37019  0.0000E+00  0.7587E-05  0.1635E-07  0.1070E-02  0.1879E-03  0.1526E+01
   -0.892500   15.37069  0.0000E+00  0.7640E-05  0.1646E-07  0.1077E-02  0.1722E-03  0.1699E+01
   -0.935001   15.37119  0.0000E+00  0.7689E-05  0.1662E-07  0.1079E-02  0.1587E-03  0.1976E+01
   -0.977502   15.37169  0.0000E+00  0.7734E-05  0.1685E-07  0.1076E-02  0.1467E-03  0.2283E+01
   -1.020003   15.37222  0.0000E+00  0.7776E-05  0.1714E-07  0.1068E-02  0.1359E-03  0.2711E+01
   -1.062504   15.37276  0.0000E+00  0.7812E-05  0.1751E-07  0.1056E-02  0.1259E-03  0.3172E+01
   -1.105005   15.37333  0.0000E+00  0.7842E-05  0.1795E-07  0.1038E-02  0.1164E-03  0.3778E+01
   -1.147506   15.37394  0.0000E+00  0.7863E-05  0.1848E-07  0.1014E-02  0.1071E-03  0.4501E+01
   -1.190007   15.37460  0.0000E+00  0.7873E-05  0.1909E-07  0.9845E-03  0.9801E-04  0.5285E+01
   -1.232508   15.37531  0.0000E+00  0.7870E-05  0.1986E-07  0.9502E-03  0.8902E-04  0.6324E+01
   -1.275008   15.37607  0.0000E+00  0.7850E-05  0.2086E-07  0.9023E-03  0.8047E-04  0.8443E+01
   -1.317508   15.37689  0.0000E+00  0.7810E-05  0.2221E-07  0.8567E-03  0.7232E-04  0.1180E+02
   -1.360008   15.37778  0.0000E+00  0.7742E-05  0.2413E-07  0.7793E-03  0.6465E-04  0.1799E+02
   -1.402508   15.37879  0.0000E+00  0.7635E-05  0.2707E-07  0.7308E-03  0.5731E-04  0.3185E+02
   -1.445007   15.37991  0.0000E+00  0.7482E-05  0.3167E-07  0.6235E-03  0.5042E-04 -0.1403E+03
   -1.487506   15.38153  0.0000E+00  0.7265E-05  0.3865E-07  0.5939E-03  0.4202E-04  0.8172E+03
   -1.530005   15.38334  0.0000E+00  0.6908E-05  0.5298E-07  0.4618E-03  0.3410E-04 -0.2954E+04
   -1.572503   15.38771  0.0000E+00  0.6334E-05  0.8516E-07  0.4784E-03  0.2414E-04  0.1901E+07
   -1.615001   15.38846  0.0000E+00  0.5137E-05  0.2221E-06  0.2100E-03  0.1940E-04 -0.2090E+09
   -1.657499   15.40728  0.0000E+00  0.3522E-05  0.6043E-06  0.1236E-03  0.1205E-04 -0.2442E+07
   -1.699996   15.41531  0.0000E+00  0.0000E+00  0.0000E+00  0.0000E+00  0.1809E-04  0.0000E+00
