 1 - depth, m
 2 - temperature, C
 3 - salinity, kg/kg
 4 - turbulent kinetic energy, m**2/s**2
 5 - dissipation rate, m**2/s**3
 6 - kinematic heat conductance, m**2/s
 7 - modulus of horizontal velocity, m/s
 8 - Richardson number, n/d
   -0.000000   15.17017  0.0000E+00  0.2179E-03  0.1202E-03  0.5628E-04  0.1434E+00  0.6797E-02
   -0.042498   15.27061  0.0000E+00  0.1176E-03  0.3737E-04  0.1372E-03  0.3324E-01 -0.6036E-01
   -0.084995   15.28868  0.0000E+00  0.8340E-04  0.1742E-04  0.1266E-03  0.2213E-01 -0.6603E-01
   -0.127494   15.30178  0.0000E+00  0.6214E-04  0.8715E-05  0.1240E-03  0.1733E-01  0.9715E+00
   -0.169992   15.31193  0.0000E+00  0.4717E-04  0.4561E-05  0.1290E-03  0.1390E-01  0.4885E+01
   -0.212491   15.32047  0.0000E+00  0.3618E-04  0.2429E-05  0.1403E-03  0.1117E-01  0.5947E+02
   -0.254991   15.32772  0.0000E+00  0.2814E-04  0.1338E-05  0.1572E-03  0.9059E-02  0.8523E+01
   -0.297490   15.33407  0.0000E+00  0.2235E-04  0.7643E-06  0.1795E-03  0.7463E-02  0.6730E+01
   -0.339990   15.33959  0.0000E+00  0.1836E-04  0.4730E-06  0.2099E-03  0.6201E-02  0.6262E+02
   -0.382490   15.34419  0.0000E+00  0.1554E-04  0.3083E-06  0.2532E-03  0.5172E-02  0.4086E+02
   -0.424991   15.34807  0.0000E+00  0.1355E-04  0.2101E-06  0.3023E-03  0.4364E-02  0.3388E+02
   -0.467491   15.35116  0.0000E+00  0.1214E-04  0.1498E-06  0.3446E-03  0.3686E-02  0.2272E+02
   -0.509992   15.35379  0.0000E+00  0.1114E-04  0.1114E-06  0.3896E-03  0.3100E-02  0.2219E+02
   -0.552493   15.35592  0.0000E+00  0.1039E-04  0.8603E-07  0.4302E-03  0.2595E-02  0.1624E+02
   -0.594994   15.35774  0.0000E+00  0.9838E-05  0.6884E-07  0.4732E-03  0.2152E-02  0.1060E+02
   -0.637496   15.35931  0.0000E+00  0.9412E-05  0.5672E-07  0.5211E-03  0.1769E-02  0.7276E+01
   -0.679997   15.36067  0.0000E+00  0.9084E-05  0.4798E-07  0.5693E-03  0.1453E-02  0.3589E+01
   -0.722498   15.36187  0.0000E+00  0.8825E-05  0.4148E-07  0.6203E-03  0.1193E-02  0.2000E+01
   -0.765000   15.36296  0.0000E+00  0.8617E-05  0.3653E-07  0.6729E-03  0.9865E-03  0.1380E+01
   -0.807501   15.36394  0.0000E+00  0.8449E-05  0.3271E-07  0.7178E-03  0.8285E-03  0.1296E+01
   -0.850003   15.36485  0.0000E+00  0.8314E-05  0.2980E-07  0.7552E-03  0.7039E-03  0.1249E+01
   -0.892505   15.36571  0.0000E+00  0.8203E-05  0.2756E-07  0.7860E-03  0.6045E-03  0.1212E+01
   -0.935006   15.36653  0.0000E+00  0.8110E-05  0.2587E-07  0.8094E-03  0.5249E-03  0.1222E+01
   -0.977508   15.36731  0.0000E+00  0.8028E-05  0.2460E-07  0.8263E-03  0.4590E-03  0.1216E+01
   -1.020009   15.36807  0.0000E+00  0.7955E-05  0.2366E-07  0.8369E-03  0.4045E-03  0.1248E+01
   -1.062510   15.36882  0.0000E+00  0.7886E-05  0.2300E-07  0.8410E-03  0.3581E-03  0.1266E+01
   -1.105012   15.36956  0.0000E+00  0.7818E-05  0.2256E-07  0.8388E-03  0.3181E-03  0.1316E+01
   -1.147513   15.37030  0.0000E+00  0.7752E-05  0.2233E-07  0.8308E-03  0.2823E-03  0.1382E+01
   -1.190014   15.37105  0.0000E+00  0.7685E-05  0.2228E-07  0.8166E-03  0.2496E-03  0.1447E+01
   -1.232515   15.37180  0.0000E+00  0.7614E-05  0.2243E-07  0.7966E-03  0.2198E-03  0.1550E+01
   -1.275015   15.37258  0.0000E+00  0.7534E-05  0.2280E-07  0.7700E-03  0.1939E-03  0.1892E+01
   -1.317516   15.37339  0.0000E+00  0.7441E-05  0.2346E-07  0.7403E-03  0.1714E-03  0.2506E+01
   -1.360016   15.37423  0.0000E+00  0.7326E-05  0.2457E-07  0.6903E-03  0.1511E-03  0.3567E+01
   -1.402516   15.37513  0.0000E+00  0.7176E-05  0.2648E-07  0.6492E-03  0.1326E-03  0.5882E+01
   -1.445015   15.37612  0.0000E+00  0.6993E-05  0.2968E-07  0.5710E-03  0.1154E-03  0.1029E+02
   -1.487515   15.37737  0.0000E+00  0.6765E-05  0.3491E-07  0.5388E-03  0.9599E-04  0.2805E+03
   -1.530014   15.37878  0.0000E+00  0.6419E-05  0.4647E-07  0.4290E-03  0.7702E-04  0.5118E+03
   -1.572512   15.38182  0.0000E+00  0.5866E-05  0.7320E-07  0.4290E-03  0.5411E-04  0.2001E+06
   -1.615011   15.38252  0.0000E+00  0.4682E-05  0.1910E-06  0.1957E-03  0.4311E-04 -0.6509E+07
   -1.657509   15.39580  0.0000E+00  0.3132E-05  0.5124E-06  0.1128E-03  0.2637E-04 -0.2430E+06
   -1.700006   15.40109  0.0000E+00  0.0000E+00  0.0000E+00  0.0000E+00  0.4039E-04  0.0000E+00
