 1 - depth, m
 2 - temperature, C
 3 - salinity, kg/kg
 4 - turbulent kinetic energy, m**2/s**2
 5 - dissipation rate, m**2/s**3
 6 - kinematic heat conductance, m**2/s
 7 - modulus of horizontal velocity, m/s
 8 - Richardson number, n/d
   -0.000000    0.00000  0.0000E+00  0.3189E-13  0.5206E-16  0.1000E-09  0.0000E+00  0.9826E+16
   -0.042497    0.15042  0.0000E+00  0.3189E-13  0.5206E-16  0.1000E-09  0.0000E+00  0.9805E+16
   -0.084995    0.30708  0.0000E+00  0.3189E-13  0.5206E-16  0.1000E-09  0.0000E+00  0.9704E+16
   -0.127493    0.46943  0.0000E+00  0.3189E-13  0.5206E-16  0.1000E-09  0.0000E+00  0.9221E+16
   -0.169992    0.63143  0.0000E+00  0.3189E-13  0.5206E-16  0.1000E-09  0.0000E+00  0.8736E+16
   -0.212491    0.79292  0.0000E+00  0.3189E-13  0.5206E-16  0.1000E-09  0.0000E+00  0.8252E+16
   -0.254990    0.95380  0.0000E+00  0.3189E-13  0.5206E-16  0.1000E-09  0.0000E+00  0.7768E+16
   -0.297490    1.11391  0.0000E+00  0.3189E-13  0.5206E-16  0.1000E-09  0.0000E+00  0.7279E+16
   -0.339989    1.27293  0.0000E+00  0.4425E-13  0.5206E-16  0.1000E-09  0.0000E+00  0.6787E+16
   -0.382490    1.43052  0.0000E+00  0.1773E-12  0.5207E-16  0.1000E-09  0.0000E+00  0.6300E+16
   -0.424990    1.58647  0.0000E+00  0.4408E-12  0.7098E-16  0.1000E-09  0.0000E+00  0.5817E+16
   -0.467490    1.74047  0.0000E+00  0.8832E-12  0.1165E-15  0.1000E-09  0.0000E+00  0.5346E+16
   -0.509991    1.89237  0.0000E+00  0.1621E-11  0.1982E-15  0.1000E-09  0.0000E+00  0.4913E+16
   -0.552492    2.04276  0.0000E+00  0.2864E-11  0.3375E-15  0.1000E-09  0.0000E+00  0.4492E+16
   -0.594993    2.19167  0.0000E+00  0.4970E-11  0.5716E-15  0.1000E-09  0.0000E+00  0.4088E+16
   -0.637494    2.33920  0.0000E+00  0.8622E-11  0.9718E-15  0.1000E-09  0.0000E+00  0.3703E+16
   -0.679995    2.48565  0.0000E+00  0.1495E-10  0.1654E-14  0.1000E-09  0.0000E+00  0.3324E+16
   -0.722497    2.63089  0.0000E+00  0.2594E-10  0.2820E-14  0.1000E-09  0.0000E+00  0.2956E+16
   -0.764998    2.77495  0.0000E+00  0.4510E-10  0.4818E-14  0.1000E-09  0.0000E+00  0.2595E+16
   -0.807499    2.91766  0.0000E+00  0.7831E-10  0.8225E-14  0.1000E-09  0.0000E+00  0.2235E+16
   -0.850001    3.05830  0.0000E+00  0.1345E-09  0.1389E-13  0.1000E-09  0.0000E+00  0.1883E+16
   -0.892502    3.19634  0.0000E+00  0.2301E-09  0.2337E-13  0.1000E-09  0.0000E+00  0.1564E+16
   -0.935004    3.33317  0.0000E+00  0.3894E-09  0.3891E-13  0.1035E-09  0.0000E+00  0.1260E+16
   -0.977505    3.46934  0.0000E+00  0.6550E-09  0.6439E-13  0.2112E-09  0.0000E+00  0.9598E+15
   -1.020006    3.60474  0.0000E+00  0.1094E-08  0.1059E-12  0.5036E-09  0.0000E+00  0.6618E+15
   -1.062508    3.73827  0.0000E+00  0.1816E-08  0.1729E-12  0.1450E-08  0.0000E+00  0.3756E+15
   -1.105009    3.86918  0.0000E+00  0.2990E-08  0.2802E-12  0.8251E-08  0.0000E+00  0.1074E+15
   -1.147510    3.99155  0.0000E+00  0.3489E-08  0.3287E-12  0.1164E-04  0.0000E+00 -0.1411E+12
   -1.190011    3.99310  0.0000E+00  0.3747E-08  0.3589E-12  0.1316E-04  0.0000E+00 -0.1527E+12
   -1.232511    3.99443  0.0000E+00  0.3989E-08  0.3929E-12  0.1421E-04  0.0000E+00 -0.1654E+12
   -1.275012    3.99566  0.0000E+00  0.4222E-08  0.4323E-12  0.1484E-04  0.0000E+00 -0.1811E+12
   -1.317512    3.99683  0.0000E+00  0.4450E-08  0.4791E-12  0.1529E-04  0.0000E+00 -0.2032E+12
   -1.360012    3.99800  0.0000E+00  0.4673E-08  0.5366E-12  0.1543E-04  0.0000E+00 -0.2338E+12
   -1.402512    3.99922  0.0000E+00  0.4895E-08  0.6107E-12  0.1477E-04  0.0000E+00 -0.2752E+12
   -1.445012    4.00052  0.0000E+00  0.5092E-08  0.7008E-12  0.1340E-04  0.0000E+00 -0.3289E+12
   -1.487511    4.00193  0.0000E+00  0.5264E-08  0.8176E-12  0.1183E-04  0.0000E+00 -0.4113E+12
   -1.530010    4.00353  0.0000E+00  0.5435E-08  0.1006E-11  0.1052E-04  0.0000E+00 -0.5910E+12
   -1.572508    4.00560  0.0000E+00  0.5616E-08  0.1406E-11  0.9293E-05  0.0000E+00 -0.1153E+13
   -1.615006    4.00909  0.0000E+00  0.5607E-08  0.2806E-11  0.3761E-05  0.0000E+00 -0.4165E+13
   -1.657504    4.01872  0.0000E+00  0.4621E-08  0.7851E-11  0.6686E-06  0.0000E+00 -0.3833E+14
   -1.700002    4.06343  0.0000E+00  0.0000E+00  0.0000E+00  0.0000E+00  0.0000E+00  0.0000E+00
