 1 - depth, m
 2 - temperature, C
 3 - salinity, kg/kg
 4 - turbulent kinetic energy, m**2/s**2
 5 - dissipation rate, m**2/s**3
 6 - kinematic heat conductance, m**2/s
 7 - modulus of horizontal velocity, m/s
 8 - Richardson number, n/d
   -0.000000   11.41173  0.0000E+00  0.3904E-02  0.1265E+00  0.2967E-03  0.1113E+01  0.1771E-03
   -0.042497   11.45151  0.0000E+00  0.1864E-02  0.9130E-01  0.3892E-03  0.2388E+00  0.8271E-02
   -0.084995   11.47555  0.0000E+00  0.1158E-02  0.2703E-01  0.5533E-03  0.1196E+00 -0.1586E+00
   -0.127493   11.48188  0.0000E+00  0.8539E-03  0.1651E-01  0.5255E-03  0.8859E-01 -0.3092E-01
   -0.169992   11.48501  0.0000E+00  0.6672E-03  0.1121E-01  0.4812E-03  0.7086E-01 -0.5709E-02
   -0.212491   11.48739  0.0000E+00  0.5229E-03  0.7368E-02  0.4435E-03  0.5706E-01 -0.1400E+00
   -0.254990   11.48939  0.0000E+00  0.4212E-03  0.5202E-02  0.4267E-03  0.4740E-01 -0.7903E-01
   -0.297490   11.49047  0.0000E+00  0.3416E-03  0.3683E-02  0.4180E-03  0.4172E-01 -0.1746E+01
   -0.339989   11.49118  0.0000E+00  0.2805E-03  0.2517E-02  0.4088E-03  0.3764E-01 -0.8126E-01
   -0.382489   11.49211  0.0000E+00  0.2367E-03  0.1758E-02  0.4076E-03  0.3343E-01  0.3314E+02
   -0.424990   11.49259  0.0000E+00  0.2039E-03  0.1250E-02  0.4061E-03  0.3106E-01  0.4566E+00
   -0.467490   11.49334  0.0000E+00  0.1782E-03  0.8858E-03  0.4016E-03  0.2788E-01  0.4100E+02
   -0.509991   11.49423  0.0000E+00  0.1564E-03  0.6222E-03  0.3983E-03  0.2469E-01  0.3806E+03
   -0.552492   11.49505  0.0000E+00  0.1388E-03  0.4333E-03  0.4096E-03  0.2183E-01  0.1361E+03
   -0.594993   11.49608  0.0000E+00  0.1235E-03  0.2993E-03  0.4004E-03  0.1891E-01  0.6275E+02
   -0.637494   11.49723  0.0000E+00  0.1106E-03  0.2030E-03  0.4097E-03  0.1639E-01  0.3458E+02
   -0.679995   11.49801  0.0000E+00  0.9978E-04  0.1347E-03  0.4133E-03  0.1461E-01  0.1147E+04
   -0.722496   11.49888  0.0000E+00  0.9012E-04  0.8756E-04  0.4175E-03  0.1300E-01 -0.4037E+02
   -0.764998   11.49961  0.0000E+00  0.8187E-04  0.5631E-04  0.4299E-03  0.1173E-01  0.1728E+03
   -0.807499   11.50005  0.0000E+00  0.7445E-04  0.3529E-04  0.4277E-03  0.1077E-01 -0.1951E+04
   -0.850001   11.50058  0.0000E+00  0.6796E-04  0.2215E-04  0.4353E-03  0.9881E-02  0.2867E+06
   -0.892502   11.50112  0.0000E+00  0.6244E-04  0.1390E-04  0.4398E-03  0.9109E-02  0.1033E+05
   -0.935003   11.50157  0.0000E+00  0.5742E-04  0.8809E-05  0.4461E-03  0.8460E-02  0.9601E+04
   -0.977505   11.50215  0.0000E+00  0.5312E-04  0.5677E-05  0.4506E-03  0.7809E-02 -0.9092E+05
   -1.020006   11.50264  0.0000E+00  0.4921E-04  0.3725E-05  0.4555E-03  0.7250E-02  0.5092E+04
   -1.062507   11.50321  0.0000E+00  0.4574E-04  0.2501E-05  0.4604E-03  0.6686E-02  0.8028E+04
   -1.105009   11.50375  0.0000E+00  0.4264E-04  0.1723E-05  0.4622E-03  0.6190E-02  0.5282E+04
   -1.147510   11.50432  0.0000E+00  0.3991E-04  0.1233E-05  0.4628E-03  0.5688E-02  0.1499E+04
   -1.190010   11.50499  0.0000E+00  0.3752E-04  0.9265E-06  0.4617E-03  0.5138E-02  0.1410E+04
   -1.232511   11.50573  0.0000E+00  0.3530E-04  0.7292E-06  0.4630E-03  0.4601E-02  0.5698E+04
   -1.275012   11.50637  0.0000E+00  0.3322E-04  0.6030E-06  0.4604E-03  0.4143E-02  0.3517E+04
   -1.317512   11.50701  0.0000E+00  0.3123E-04  0.5253E-06  0.4536E-03  0.3726E-02  0.1024E+05
   -1.360012   11.50767  0.0000E+00  0.2928E-04  0.4843E-06  0.4434E-03  0.3347E-02 -0.4026E+07
   -1.402512   11.50827  0.0000E+00  0.2729E-04  0.4776E-06  0.4248E-03  0.3011E-02 -0.1043E+09
   -1.445011   11.50894  0.0000E+00  0.2537E-04  0.5151E-06  0.3993E-03  0.2686E-02 -0.2583E+06
   -1.487510   11.50966  0.0000E+00  0.2359E-04  0.6113E-06  0.3701E-03  0.2331E-02  0.7719E+07
   -1.530009   11.51057  0.0000E+00  0.2173E-04  0.8311E-06  0.3364E-03  0.1908E-02  0.5529E+08
   -1.572508   11.51157  0.0000E+00  0.1960E-04  0.1430E-05  0.2878E-03  0.1513E-02 -0.5342E+10
   -1.615006   11.51259  0.0000E+00  0.1582E-04  0.3630E-05  0.1875E-03  0.1270E-02 -0.2970E+10
   -1.657504   11.51441  0.0000E+00  0.1061E-04  0.8471E-05  0.8235E-04  0.9886E-03 -0.2323E+10
   -1.700001   11.52590  0.0000E+00  0.0000E+00  0.0000E+00  0.0000E+00  0.1494E-02  0.0000E+00
