 1 - depth, m
 2 - temperature, C
 3 - salinity, kg/kg
 4 - turbulent kinetic energy, m**2/s**2
 5 - dissipation rate, m**2/s**3
 6 - kinematic heat conductance, m**2/s
 7 - modulus of horizontal velocity, m/s
 8 - Richardson number, n/d
   -0.000000    9.21911  0.0000E+00  0.1370E-03  0.6313E-04  0.4632E-04  0.9374E-01  0.5313E-02
   -0.042497    9.28474  0.0000E+00  0.7777E-04  0.1933E-04  0.1038E-03  0.2476E-01 -0.1749E-01
   -0.084995    9.29797  0.0000E+00  0.5626E-04  0.9160E-05  0.9953E-04  0.1696E-01 -0.1004E+00
   -0.127493    9.30845  0.0000E+00  0.4232E-04  0.4774E-05  0.9729E-04  0.1312E-01 -0.8783E-01
   -0.169992    9.31681  0.0000E+00  0.3209E-04  0.2517E-05  0.1008E-03  0.1036E-01 -0.1424E+00
   -0.212491    9.32409  0.0000E+00  0.2454E-04  0.1376E-05  0.1187E-03  0.8206E-02  0.1698E+02
   -0.254990    9.33036  0.0000E+00  0.1893E-04  0.7684E-06  0.1387E-03  0.6570E-02  0.1299E+02
   -0.297489    9.33585  0.0000E+00  0.1491E-04  0.4474E-06  0.1591E-03  0.5358E-02  0.3950E+02
   -0.339989    9.34071  0.0000E+00  0.1210E-04  0.2767E-06  0.1842E-03  0.4415E-02  0.2215E+02
   -0.382489    9.34499  0.0000E+00  0.1011E-04  0.1795E-06  0.2098E-03  0.3641E-02  0.7836E+01
   -0.424989    9.34871  0.0000E+00  0.8702E-05  0.1210E-06  0.2417E-03  0.3030E-02  0.1726E+02
   -0.467490    9.35190  0.0000E+00  0.7693E-05  0.8456E-07  0.2820E-03  0.2516E-02  0.1281E+02
   -0.509990    9.35462  0.0000E+00  0.6950E-05  0.6111E-07  0.3207E-03  0.2084E-02  0.2394E+02
   -0.552491    9.35696  0.0000E+00  0.6397E-05  0.4567E-07  0.3638E-03  0.1714E-02  0.9302E+01
   -0.594992    9.35897  0.0000E+00  0.5984E-05  0.3538E-07  0.4041E-03  0.1398E-02  0.4522E+02
   -0.637493    9.36073  0.0000E+00  0.5666E-05  0.2825E-07  0.4443E-03  0.1129E-02  0.6738E+01
   -0.679994    9.36227  0.0000E+00  0.5425E-05  0.2324E-07  0.4829E-03  0.9131E-03  0.3962E+02
   -0.722495    9.36362  0.0000E+00  0.5244E-05  0.1970E-07  0.5212E-03  0.7396E-03  0.4992E+01
   -0.764997    9.36482  0.0000E+00  0.5109E-05  0.1716E-07  0.5542E-03  0.6067E-03  0.5273E+01
   -0.807498    9.36591  0.0000E+00  0.5011E-05  0.1530E-07  0.5824E-03  0.5074E-03  0.1399E+02
   -0.850000    9.36692  0.0000E+00  0.4939E-05  0.1394E-07  0.6064E-03  0.4312E-03  0.1188E+02
   -0.892501    9.36787  0.0000E+00  0.4887E-05  0.1291E-07  0.6278E-03  0.3710E-03  0.1138E+01
   -0.935002    9.36878  0.0000E+00  0.4849E-05  0.1213E-07  0.6460E-03  0.3232E-03  0.1234E+01
   -0.977504    9.36967  0.0000E+00  0.4820E-05  0.1153E-07  0.6618E-03  0.2833E-03  0.1339E+01
   -1.020005    9.37053  0.0000E+00  0.4798E-05  0.1107E-07  0.6746E-03  0.2501E-03  0.1482E+01
   -1.062506    9.37138  0.0000E+00  0.4780E-05  0.1073E-07  0.6844E-03  0.2215E-03  0.1623E+01
   -1.105007    9.37221  0.0000E+00  0.4764E-05  0.1048E-07  0.6908E-03  0.1966E-03  0.1791E+01
   -1.147508    9.37304  0.0000E+00  0.4749E-05  0.1031E-07  0.6937E-03  0.1741E-03  0.2001E+01
   -1.190009    9.37387  0.0000E+00  0.4735E-05  0.1021E-07  0.6925E-03  0.1532E-03  0.2190E+01
   -1.232509    9.37471  0.0000E+00  0.4718E-05  0.1019E-07  0.6873E-03  0.1339E-03  0.2472E+01
   -1.275010    9.37556  0.0000E+00  0.4700E-05  0.1023E-07  0.6775E-03  0.1170E-03  0.3077E+01
   -1.317510    9.37641  0.0000E+00  0.4676E-05  0.1035E-07  0.6620E-03  0.1020E-03  0.4012E+01
   -1.360010    9.37729  0.0000E+00  0.4647E-05  0.1058E-07  0.6390E-03  0.8863E-04  0.5314E+01
   -1.402510    9.37820  0.0000E+00  0.4609E-05  0.1096E-07  0.6072E-03  0.7680E-04  0.7757E+01
   -1.445009    9.37916  0.0000E+00  0.4566E-05  0.1152E-07  0.5666E-03  0.6594E-04  0.1157E+02
   -1.487508    9.38020  0.0000E+00  0.4515E-05  0.1234E-07  0.5281E-03  0.5533E-04  0.1483E+02
   -1.530007    9.38133  0.0000E+00  0.4447E-05  0.1379E-07  0.4387E-03  0.4511E-04  0.1961E+02
   -1.572506    9.38269  0.0000E+00  0.4326E-05  0.1721E-07  0.4890E-03  0.3522E-04  0.2556E+02
   -1.615004    9.38390  0.0000E+00  0.3851E-05  0.3522E-07  0.1809E-03  0.2965E-04 -0.8497E+08
   -1.657502    9.39205  0.0000E+00  0.2462E-05  0.1122E-06  0.5720E-04  0.1854E-04 -0.8523E+04
   -1.699999    9.40238  0.0000E+00  0.0000E+00  0.0000E+00  0.0000E+00  0.2198E-04  0.0000E+00
