 1 - depth, m
 2 - temperature, C
 3 - salinity, kg/kg
 4 - turbulent kinetic energy, m**2/s**2
 5 - dissipation rate, m**2/s**3
 6 - kinematic heat conductance, m**2/s
 7 - modulus of horizontal velocity, m/s
 8 - Richardson number, n/d
   -0.000000    0.00000  0.0000E+00  0.3189E-13  0.5207E-16  0.1000E-09  0.0000E+00  0.1096E+17
   -0.042497    0.16819  0.0000E+00  0.3189E-13  0.5207E-16  0.1000E-09  0.0000E+00  0.1085E+17
   -0.084995    0.34294  0.0000E+00  0.3189E-13  0.5207E-16  0.1000E-09  0.0000E+00  0.1063E+17
   -0.127493    0.52317  0.0000E+00  0.3189E-13  0.5207E-16  0.1000E-09  0.0000E+00  0.9977E+16
   -0.169992    0.70185  0.0000E+00  0.3189E-13  0.5207E-16  0.1000E-09  0.0000E+00  0.9312E+16
   -0.212490    0.87844  0.0000E+00  0.3189E-13  0.5207E-16  0.1000E-09  0.0000E+00  0.8646E+16
   -0.254990    1.05242  0.0000E+00  0.3189E-13  0.5207E-16  0.1000E-09  0.0000E+00  0.7981E+16
   -0.297489    1.22322  0.0000E+00  0.3189E-13  0.5207E-16  0.1000E-09  0.0000E+00  0.7320E+16
   -0.339989    1.39021  0.0000E+00  0.3189E-13  0.5207E-16  0.1000E-09  0.0000E+00  0.6667E+16
   -0.382489    1.55273  0.0000E+00  0.3189E-13  0.5207E-16  0.1000E-09  0.0000E+00  0.6035E+16
   -0.424989    1.71025  0.0000E+00  0.3189E-13  0.5207E-16  0.1000E-09  0.0000E+00  0.5432E+16
   -0.467489    1.86239  0.0000E+00  0.3189E-13  0.5207E-16  0.1000E-09  0.0000E+00  0.4859E+16
   -0.509990    2.00874  0.0000E+00  0.3189E-13  0.5207E-16  0.1000E-09  0.0000E+00  0.4355E+16
   -0.552491    2.15015  0.0000E+00  0.3189E-13  0.5207E-16  0.1000E-09  0.0000E+00  0.3886E+16
   -0.594992    2.28654  0.0000E+00  0.3189E-13  0.5207E-16  0.1000E-09  0.0000E+00  0.3448E+16
   -0.637493    2.41775  0.0000E+00  0.3189E-13  0.5207E-16  0.1000E-09  0.0000E+00  0.3041E+16
   -0.679994    2.54363  0.0000E+00  0.3189E-13  0.5207E-16  0.1000E-09  0.0000E+00  0.2660E+16
   -0.722495    2.66376  0.0000E+00  0.3189E-13  0.5207E-16  0.1000E-09  0.0000E+00  0.2302E+16
   -0.764996    2.77757  0.0000E+00  0.3189E-13  0.5207E-16  0.1000E-09  0.0000E+00  0.1968E+16
   -0.807498    2.88434  0.0000E+00  0.3189E-13  0.5207E-16  0.1000E-09  0.0000E+00  0.1666E+16
   -0.849999    2.98370  0.0000E+00  0.3189E-13  0.5207E-16  0.1000E-09  0.0000E+00  0.1392E+16
   -0.892500    3.07517  0.0000E+00  0.3189E-13  0.5207E-16  0.1000E-09  0.0000E+00  0.1178E+16
   -0.935002    3.16059  0.0000E+00  0.3189E-13  0.5207E-16  0.1000E-09  0.0000E+00  0.1007E+16
   -0.977503    3.24145  0.0000E+00  0.3189E-13  0.5207E-16  0.1000E-09  0.0000E+00  0.8529E+15
   -1.020004    3.31763  0.0000E+00  0.3189E-13  0.5207E-16  0.1000E-09  0.0000E+00  0.7139E+15
   -1.062505    3.38890  0.0000E+00  0.3189E-13  0.5207E-16  0.1000E-09  0.0000E+00  0.5908E+15
   -1.105007    3.45514  0.0000E+00  0.3189E-13  0.5207E-16  0.1000E-09  0.0000E+00  0.4838E+15
   -1.147507    3.51635  0.0000E+00  0.3189E-13  0.5207E-16  0.1000E-09  0.0000E+00  0.3920E+15
   -1.190008    3.57259  0.0000E+00  0.3189E-13  0.5207E-16  0.1000E-09  0.0000E+00  0.3114E+15
   -1.232509    3.62347  0.0000E+00  0.3189E-13  0.5207E-16  0.1000E-09  0.0000E+00  0.2358E+15
   -1.275009    3.66739  0.0000E+00  0.3189E-13  0.5207E-16  0.1000E-09  0.0000E+00  0.1791E+15
   -1.317509    3.70531  0.0000E+00  0.3194E-13  0.5207E-16  0.1000E-09  0.0000E+00  0.1537E+15
   -1.360009    3.74255  0.0000E+00  0.1240E-12  0.1088E-15  0.1000E-09  0.0000E+00  0.1321E+15
   -1.402509    3.77986  0.0000E+00  0.5132E-12  0.4261E-15  0.1000E-09  0.0000E+00  0.1097E+15
   -1.445009    3.81700  0.0000E+00  0.1969E-11  0.1649E-14  0.1000E-09  0.0000E+00  0.8632E+14
   -1.487508    3.85336  0.0000E+00  0.7546E-11  0.6480E-14  0.2380E-09  0.0000E+00  0.6591E+14
   -1.530006    3.88998  0.0000E+00  0.3231E-10  0.2903E-13  0.1277E-08  0.0000E+00  0.4997E+14
   -1.572505    3.93237  0.0000E+00  0.1617E-09  0.1562E-12  0.1062E-07  0.0000E+00  0.2198E+14
   -1.615003    3.99680  0.0000E+00  0.8444E-09  0.9479E-12  0.2172E-06  0.0000E+00 -0.1914E+14
   -1.657501    4.03693  0.0000E+00  0.1777E-08  0.3341E-11  0.3168E-06  0.0000E+00 -0.5887E+14
   -1.699998    4.08674  0.0000E+00  0.0000E+00  0.0000E+00  0.0000E+00  0.0000E+00  0.0000E+00
