 1 - depth, m
 2 - temperature, C
 3 - salinity, kg/kg
 4 - turbulent kinetic energy, m**2/s**2
 5 - dissipation rate, m**2/s**3
 6 - kinematic heat conductance, m**2/s
 7 - modulus of horizontal velocity, m/s
 8 - Richardson number, n/d
   -0.000000    0.00000  0.0000E+00  0.3212E-09  0.3541E-12  0.1000E-09  0.0000E+00  0.3839E+17
   -0.042498    0.62886  0.0000E+00  0.1188E-08  0.2587E-12  0.1000E-09  0.0000E+00  0.3146E+17
   -0.084997    1.25774  0.0000E+00  0.2714E-08  0.2839E-12  0.1000E-09  0.0000E+00  0.2404E+17
   -0.127495    1.86767  0.0000E+00  0.4971E-08  0.3739E-12  0.1071E-09  0.0000E+00  0.1682E+17
   -0.169995    2.43718  0.0000E+00  0.8178E-08  0.5265E-12  0.1708E-09  0.0000E+00  0.1067E+17
   -0.212494    2.95523  0.0000E+00  0.1271E-07  0.7552E-12  0.4532E-09  0.0000E+00  0.5828E+16
   -0.254994    3.41493  0.0000E+00  0.1912E-07  0.1085E-11  0.2136E-08  0.0000E+00  0.2304E+16
   -0.297494    3.80958  0.0000E+00  0.2276E-07  0.1259E-11  0.5915E-04  0.0000E+00  0.4435E+15
   -0.339995    3.98883  0.0000E+00  0.2317E-07  0.1279E-11  0.1236E-03  0.0000E+00  0.3126E+13
   -0.382495    3.99457  0.0000E+00  0.2331E-07  0.1287E-11  0.1298E-03  0.0000E+00 -0.4120E+11
   -0.424996    3.99494  0.0000E+00  0.2344E-07  0.1297E-11  0.1323E-03  0.0000E+00 -0.4195E+11
   -0.467497    3.99528  0.0000E+00  0.2356E-07  0.1306E-11  0.1343E-03  0.0000E+00 -0.4254E+11
   -0.509999    3.99560  0.0000E+00  0.2368E-07  0.1317E-11  0.1363E-03  0.0000E+00 -0.4336E+11
   -0.552500    3.99591  0.0000E+00  0.2379E-07  0.1328E-11  0.1381E-03  0.0000E+00 -0.4429E+11
   -0.595002    3.99622  0.0000E+00  0.2390E-07  0.1340E-11  0.1397E-03  0.0000E+00 -0.4523E+11
   -0.637504    3.99651  0.0000E+00  0.2401E-07  0.1353E-11  0.1410E-03  0.0000E+00 -0.4649E+11
   -0.680005    3.99680  0.0000E+00  0.2412E-07  0.1368E-11  0.1420E-03  0.0000E+00 -0.4780E+11
   -0.722507    3.99710  0.0000E+00  0.2423E-07  0.1384E-11  0.1426E-03  0.0000E+00 -0.4963E+11
   -0.765009    3.99739  0.0000E+00  0.2434E-07  0.1402E-11  0.1424E-03  0.0000E+00 -0.5185E+11
   -0.807512    3.99768  0.0000E+00  0.2445E-07  0.1423E-11  0.1415E-03  0.0000E+00 -0.5431E+11
   -0.850014    3.99799  0.0000E+00  0.2456E-07  0.1445E-11  0.1405E-03  0.0000E+00 -0.5687E+11
   -0.892516    3.99830  0.0000E+00  0.2467E-07  0.1471E-11  0.1393E-03  0.0000E+00 -0.5932E+11
   -0.935018    3.99861  0.0000E+00  0.2478E-07  0.1498E-11  0.1379E-03  0.0000E+00 -0.6143E+11
   -0.977520    3.99893  0.0000E+00  0.2488E-07  0.1528E-11  0.1364E-03  0.0000E+00 -0.6386E+11
   -1.020022    3.99925  0.0000E+00  0.2498E-07  0.1561E-11  0.1347E-03  0.0000E+00 -0.6630E+11
   -1.062524    3.99957  0.0000E+00  0.2507E-07  0.1596E-11  0.1328E-03  0.0000E+00 -0.6912E+11
   -1.105025    3.99991  0.0000E+00  0.2516E-07  0.1635E-11  0.1307E-03  0.0000E+00 -0.7188E+11
   -1.147527    4.00024  0.0000E+00  0.2523E-07  0.1676E-11  0.1285E-03  0.0000E+00 -0.7490E+11
   -1.190029    4.00058  0.0000E+00  0.2529E-07  0.1720E-11  0.1261E-03  0.0000E+00 -0.7842E+11
   -1.232530    4.00093  0.0000E+00  0.2535E-07  0.1770E-11  0.1233E-03  0.0000E+00 -0.8321E+11
   -1.275031    4.00130  0.0000E+00  0.2540E-07  0.1828E-11  0.1201E-03  0.0000E+00 -0.8846E+11
   -1.317532    4.00167  0.0000E+00  0.2543E-07  0.1900E-11  0.1163E-03  0.0000E+00 -0.9359E+11
   -1.360033    4.00206  0.0000E+00  0.2546E-07  0.1989E-11  0.1118E-03  0.0000E+00 -0.1000E+12
   -1.402533    4.00246  0.0000E+00  0.2547E-07  0.2107E-11  0.1064E-03  0.0000E+00 -0.1078E+12
   -1.445033    4.00289  0.0000E+00  0.2547E-07  0.2248E-11  0.1007E-03  0.0000E+00 -0.1169E+12
   -1.487533    4.00333  0.0000E+00  0.2544E-07  0.2422E-11  0.9417E-04  0.0000E+00 -0.1288E+12
   -1.530033    4.00382  0.0000E+00  0.2538E-07  0.2685E-11  0.8552E-04  0.0000E+00 -0.1483E+12
   -1.572532    4.00435  0.0000E+00  0.2523E-07  0.3262E-11  0.7209E-04  0.0000E+00 -0.1926E+12
   -1.615031    4.00503  0.0000E+00  0.2446E-07  0.6022E-11  0.2293E-04  0.0000E+00 -0.6946E+12
   -1.657529    4.00732  0.0000E+00  0.1801E-07  0.3315E-10  0.1550E-05  0.0000E+00 -0.1995E+14
   -1.700027    4.04102  0.0000E+00  0.0000E+00  0.0000E+00  0.0000E+00  0.0000E+00  0.0000E+00
