 1 - depth, m
 2 - temperature, C
 3 - salinity, kg/kg
 4 - turbulent kinetic energy, m**2/s**2
 5 - dissipation rate, m**2/s**3
 6 - kinematic heat conductance, m**2/s
 7 - modulus of horizontal velocity, m/s
 8 - Richardson number, n/d
   -0.000000    0.00000  0.0000E+00  0.3189E-13  0.5207E-16  0.1000E-09  0.0000E+00  0.1135E+17
   -0.042497    0.17429  0.0000E+00  0.3189E-13  0.5207E-16  0.1000E-09  0.0000E+00  0.1126E+17
   -0.084995    0.35608  0.0000E+00  0.3189E-13  0.5207E-16  0.1000E-09  0.0000E+00  0.1105E+17
   -0.127493    0.54441  0.0000E+00  0.3189E-13  0.5207E-16  0.1000E-09  0.0000E+00  0.1028E+17
   -0.169992    0.72995  0.0000E+00  0.3189E-13  0.5207E-16  0.1000E-09  0.0000E+00  0.9519E+16
   -0.212490    0.91232  0.0000E+00  0.3189E-13  0.5207E-16  0.1000E-09  0.0000E+00  0.8763E+16
   -0.254989    1.09089  0.0000E+00  0.3189E-13  0.5207E-16  0.1000E-09  0.0000E+00  0.8019E+16
   -0.297489    1.26508  0.0000E+00  0.1230E-12  0.5207E-16  0.1000E-09  0.0000E+00  0.7320E+16
   -0.339988    1.43493  0.0000E+00  0.3465E-12  0.6102E-16  0.1000E-09  0.0000E+00  0.6676E+16
   -0.382488    1.60085  0.0000E+00  0.7306E-12  0.9538E-16  0.1000E-09  0.0000E+00  0.6059E+16
   -0.424989    1.76256  0.0000E+00  0.1362E-11  0.1594E-15  0.1000E-09  0.0000E+00  0.5501E+16
   -0.467489    1.92074  0.0000E+00  0.2404E-11  0.2680E-15  0.1000E-09  0.0000E+00  0.4967E+16
   -0.509990    2.07519  0.0000E+00  0.4136E-11  0.4484E-15  0.1000E-09  0.0000E+00  0.4506E+16
   -0.552490    2.22741  0.0000E+00  0.7033E-11  0.7467E-15  0.1000E-09  0.0000E+00  0.4068E+16
   -0.594991    2.37754  0.0000E+00  0.1188E-10  0.1238E-14  0.1000E-09  0.0000E+00  0.3641E+16
   -0.637492    2.52529  0.0000E+00  0.2014E-10  0.2063E-14  0.1000E-09  0.0000E+00  0.3220E+16
   -0.679993    2.67008  0.0000E+00  0.3420E-10  0.3445E-14  0.1000E-09  0.0000E+00  0.2816E+16
   -0.722495    2.81155  0.0000E+00  0.5822E-10  0.5766E-14  0.1000E-09  0.0000E+00  0.2423E+16
   -0.764996    2.94897  0.0000E+00  0.9936E-10  0.9680E-14  0.1000E-09  0.0000E+00  0.2049E+16
   -0.807497    3.08162  0.0000E+00  0.1695E-09  0.1624E-13  0.1000E-09  0.0000E+00  0.1708E+16
   -0.849998    3.20956  0.0000E+00  0.2861E-09  0.2699E-13  0.1000E-09  0.0000E+00  0.1394E+16
   -0.892500    3.33257  0.0000E+00  0.4812E-09  0.4467E-13  0.1247E-09  0.0000E+00  0.1127E+16
   -0.935001    3.45259  0.0000E+00  0.8012E-09  0.7322E-13  0.2593E-09  0.0000E+00  0.8884E+15
   -0.977502    3.57124  0.0000E+00  0.1326E-08  0.1193E-12  0.5708E-09  0.0000E+00  0.6576E+15
   -1.020004    3.68832  0.0000E+00  0.2180E-08  0.1931E-12  0.1397E-08  0.0000E+00  0.4349E+15
   -1.062505    3.80332  0.0000E+00  0.3557E-08  0.3105E-12  0.4392E-08  0.0000E+00  0.2224E+15
   -1.105006    3.91452  0.0000E+00  0.5690E-08  0.4901E-12  0.4024E-07  0.0000E+00  0.3833E+14
   -1.147507    4.00262  0.0000E+00  0.6112E-08  0.5284E-12  0.3083E-04  0.0000E+00 -0.1330E+12
   -1.190007    4.00313  0.0000E+00  0.6288E-08  0.5470E-12  0.3062E-04  0.0000E+00 -0.1376E+12
   -1.232508    4.00365  0.0000E+00  0.6432E-08  0.5654E-12  0.3080E-04  0.0000E+00 -0.1401E+12
   -1.275008    4.00415  0.0000E+00  0.6561E-08  0.5857E-12  0.3083E-04  0.0000E+00 -0.1435E+12
   -1.317508    4.00466  0.0000E+00  0.6675E-08  0.6089E-12  0.3065E-04  0.0000E+00 -0.1489E+12
   -1.360008    4.00517  0.0000E+00  0.6776E-08  0.6367E-12  0.3011E-04  0.0000E+00 -0.1565E+12
   -1.402508    4.00569  0.0000E+00  0.6864E-08  0.6717E-12  0.2923E-04  0.0000E+00 -0.1665E+12
   -1.445007    4.00623  0.0000E+00  0.6932E-08  0.7156E-12  0.2803E-04  0.0000E+00 -0.1791E+12
   -1.487507    4.00680  0.0000E+00  0.6975E-08  0.7757E-12  0.2512E-04  0.0000E+00 -0.2071E+12
   -1.530005    4.00744  0.0000E+00  0.6978E-08  0.8736E-12  0.2067E-04  0.0000E+00 -0.2670E+12
   -1.572504    4.00823  0.0000E+00  0.6897E-08  0.1099E-11  0.1485E-04  0.0000E+00 -0.4267E+12
   -1.615002    4.00944  0.0000E+00  0.6422E-08  0.2053E-11  0.5301E-05  0.0000E+00 -0.1450E+13
   -1.657500    4.01314  0.0000E+00  0.4569E-08  0.6634E-11  0.6117E-06  0.0000E+00 -0.2116E+14
   -1.699997    4.04482  0.0000E+00  0.0000E+00  0.0000E+00  0.0000E+00  0.0000E+00  0.0000E+00
