 1 - depth, m
 2 - temperature, C
 3 - salinity, kg/kg
 4 - turbulent kinetic energy, m**2/s**2
 5 - dissipation rate, m**2/s**3
 6 - kinematic heat conductance, m**2/s
 7 - modulus of horizontal velocity, m/s
 8 - Richardson number, n/d
   -0.000000    0.00000  0.0000E+00  0.3189E-13  0.5206E-16  0.1000E-09  0.0000E+00  0.7429E+16
   -0.042497    0.11315  0.0000E+00  0.3189E-13  0.5206E-16  0.1000E-09  0.0000E+00  0.7564E+16
   -0.084995    0.23210  0.0000E+00  0.3189E-13  0.5206E-16  0.1000E-09  0.0000E+00  0.7632E+16
   -0.127494    0.35634  0.0000E+00  0.3189E-13  0.5206E-16  0.1000E-09  0.0000E+00  0.7346E+16
   -0.169992    0.48034  0.0000E+00  0.3189E-13  0.5206E-16  0.1000E-09  0.0000E+00  0.7054E+16
   -0.212491    0.60395  0.0000E+00  0.3189E-13  0.5206E-16  0.1000E-09  0.0000E+00  0.6756E+16
   -0.254991    0.72699  0.0000E+00  0.3189E-13  0.5206E-16  0.1000E-09  0.0000E+00  0.6453E+16
   -0.297490    0.84927  0.0000E+00  0.3189E-13  0.5206E-16  0.1000E-09  0.0000E+00  0.6154E+16
   -0.339990    0.97076  0.0000E+00  0.3189E-13  0.5206E-16  0.1000E-09  0.0000E+00  0.5865E+16
   -0.382490    1.09153  0.0000E+00  0.3189E-13  0.5206E-16  0.1000E-09  0.0000E+00  0.5576E+16
   -0.424990    1.21147  0.0000E+00  0.3189E-13  0.5206E-16  0.1000E-09  0.0000E+00  0.5299E+16
   -0.467491    1.33070  0.0000E+00  0.3189E-13  0.5206E-16  0.1000E-09  0.0000E+00  0.5023E+16
   -0.509992    1.44913  0.0000E+00  0.3189E-13  0.5206E-16  0.1000E-09  0.0000E+00  0.4757E+16
   -0.552493    1.56685  0.0000E+00  0.3189E-13  0.5206E-16  0.1000E-09  0.0000E+00  0.4494E+16
   -0.594994    1.68382  0.0000E+00  0.3189E-13  0.5206E-16  0.1000E-09  0.0000E+00  0.4228E+16
   -0.637495    1.79980  0.0000E+00  0.3189E-13  0.5206E-16  0.1000E-09  0.0000E+00  0.3956E+16
   -0.679996    1.91441  0.0000E+00  0.3189E-13  0.5206E-16  0.1000E-09  0.0000E+00  0.3685E+16
   -0.722498    2.02741  0.0000E+00  0.3189E-13  0.5206E-16  0.1000E-09  0.0000E+00  0.3411E+16
   -0.764999    2.13836  0.0000E+00  0.3189E-13  0.5206E-16  0.1000E-09  0.0000E+00  0.3136E+16
   -0.807501    2.24680  0.0000E+00  0.3189E-13  0.5206E-16  0.1000E-09  0.0000E+00  0.2876E+16
   -0.850002    2.35276  0.0000E+00  0.3189E-13  0.5206E-16  0.1000E-09  0.0000E+00  0.2626E+16
   -0.892504    2.45609  0.0000E+00  0.3189E-13  0.5206E-16  0.1000E-09  0.0000E+00  0.2404E+16
   -0.935005    2.55740  0.0000E+00  0.3189E-13  0.5206E-16  0.1000E-09  0.0000E+00  0.2207E+16
   -0.977507    2.65735  0.0000E+00  0.3189E-13  0.5206E-16  0.1000E-09  0.0000E+00  0.2014E+16
   -1.020008    2.75576  0.0000E+00  0.3189E-13  0.5206E-16  0.1000E-09  0.0000E+00  0.1828E+16
   -1.062509    2.85266  0.0000E+00  0.3189E-13  0.5206E-16  0.1000E-09  0.0000E+00  0.1648E+16
   -1.105010    2.94787  0.0000E+00  0.3189E-13  0.5206E-16  0.1000E-09  0.0000E+00  0.1478E+16
   -1.147511    3.04152  0.0000E+00  0.3189E-13  0.5206E-16  0.1000E-09  0.0000E+00  0.1316E+16
   -1.190012    3.13366  0.0000E+00  0.3189E-13  0.5206E-16  0.1000E-09  0.0000E+00  0.1155E+16
   -1.232513    3.22381  0.0000E+00  0.3189E-13  0.5206E-16  0.1000E-09  0.0000E+00  0.9872E+15
   -1.275014    3.31045  0.0000E+00  0.3189E-13  0.5206E-16  0.1000E-09  0.0000E+00  0.8376E+15
   -1.317514    3.39392  0.0000E+00  0.3189E-13  0.5206E-16  0.1000E-09  0.0000E+00  0.7243E+15
   -1.360014    3.47714  0.0000E+00  0.3189E-13  0.5206E-16  0.1000E-09  0.0000E+00  0.6130E+15
   -1.402514    3.56021  0.0000E+00  0.1001E-12  0.1056E-15  0.1000E-09  0.0000E+00  0.5020E+15
   -1.445014    3.64301  0.0000E+00  0.4406E-12  0.4361E-15  0.1000E-09  0.0000E+00  0.3916E+15
   -1.487513    3.72536  0.0000E+00  0.1924E-11  0.1866E-14  0.1000E-09  0.0000E+00  0.2834E+15
   -1.530012    3.80733  0.0000E+00  0.9253E-11  0.8881E-14  0.1374E-09  0.0000E+00  0.1779E+15
   -1.572510    3.88952  0.0000E+00  0.5095E-10  0.4913E-13  0.1591E-08  0.0000E+00  0.7202E+14
   -1.615009    3.97285  0.0000E+00  0.2946E-09  0.2987E-12  0.7161E-07  0.0000E+00 -0.1366E+14
   -1.657507    4.03024  0.0000E+00  0.7679E-09  0.1196E-11  0.1736E-06  0.0000E+00 -0.4150E+14
   -1.700004    4.07135  0.0000E+00  0.0000E+00  0.0000E+00  0.0000E+00  0.0000E+00  0.0000E+00
