 1 - depth, m
 2 - temperature, C
 3 - salinity, kg/kg
 4 - turbulent kinetic energy, m**2/s**2
 5 - dissipation rate, m**2/s**3
 6 - kinematic heat conductance, m**2/s
 7 - modulus of horizontal velocity, m/s
 8 - Richardson number, n/d
   -0.000000   14.21451  0.0000E+00  0.4589E-03  0.1039E-02  0.8385E-04  0.2219E+00  0.9108E+01
   -0.042497   14.42049  0.0000E+00  0.2159E-03  0.3142E-03  0.1608E-03  0.5306E-01 -0.5215E-01
   -0.084995   14.46713  0.0000E+00  0.1442E-03  0.1364E-03  0.1477E-03  0.3150E-01  0.2314E+01
   -0.127493   14.49475  0.0000E+00  0.1045E-03  0.6677E-04  0.1423E-03  0.2392E-01  0.4449E+00
   -0.169991   14.51226  0.0000E+00  0.7745E-04  0.3436E-04  0.1685E-03  0.1887E-01  0.4284E+02
   -0.212490   14.52685  0.0000E+00  0.5799E-04  0.1775E-04  0.2037E-03  0.1489E-01  0.4612E+02
   -0.254989   14.53884  0.0000E+00  0.4409E-04  0.9130E-05  0.2424E-03  0.1192E-01  0.9096E+02
   -0.297488   14.54841  0.0000E+00  0.3448E-04  0.4731E-05  0.2811E-03  0.9843E-02  0.3336E+03
   -0.339988   14.55586  0.0000E+00  0.2810E-04  0.2472E-05  0.3172E-03  0.8276E-02  0.2144E+02
   -0.382487   14.56196  0.0000E+00  0.2371E-04  0.1290E-05  0.3619E-03  0.6910E-02  0.4733E+02
   -0.424987   14.56728  0.0000E+00  0.2082E-04  0.7514E-06  0.4110E-03  0.5861E-02  0.9783E+04
   -0.467488   14.57166  0.0000E+00  0.1885E-04  0.4728E-06  0.4630E-03  0.4957E-02  0.8615E+02
   -0.509988   14.57554  0.0000E+00  0.1746E-04  0.3178E-06  0.5138E-03  0.4203E-02  0.3719E+02
   -0.552489   14.57854  0.0000E+00  0.1645E-04  0.2324E-06  0.5605E-03  0.3579E-02  0.7329E+02
   -0.594990   14.58135  0.0000E+00  0.1566E-04  0.1791E-06  0.6096E-03  0.3037E-02  0.2015E+02
   -0.637491   14.58356  0.0000E+00  0.1499E-04  0.1436E-06  0.6637E-03  0.2573E-02  0.8030E+03
   -0.679992   14.58557  0.0000E+00  0.1441E-04  0.1187E-06  0.7234E-03  0.2178E-02 -0.1391E+03
   -0.722493   14.58729  0.0000E+00  0.1390E-04  0.1004E-06  0.7806E-03  0.1849E-02  0.3774E+02
   -0.764994   14.58887  0.0000E+00  0.1345E-04  0.8618E-07  0.8289E-03  0.1580E-02  0.3025E+01
   -0.807495   14.59029  0.0000E+00  0.1303E-04  0.7468E-07  0.8697E-03  0.1360E-02  0.2630E+01
   -0.849996   14.59161  0.0000E+00  0.1266E-04  0.6564E-07  0.8999E-03  0.1178E-02  0.5794E+01
   -0.892497   14.59286  0.0000E+00  0.1232E-04  0.5848E-07  0.9253E-03  0.1026E-02  0.3709E+01
   -0.934999   14.59405  0.0000E+00  0.1202E-04  0.5285E-07  0.9425E-03  0.8983E-03  0.3484E+01
   -0.977500   14.59520  0.0000E+00  0.1174E-04  0.4841E-07  0.9540E-03  0.7882E-03  0.3149E+01
   -1.020001   14.59632  0.0000E+00  0.1148E-04  0.4496E-07  0.9594E-03  0.6937E-03  0.3365E+01
   -1.062502   14.59743  0.0000E+00  0.1124E-04  0.4235E-07  0.9574E-03  0.6103E-03  0.3708E+01
   -1.105003   14.59852  0.0000E+00  0.1100E-04  0.4045E-07  0.9480E-03  0.5365E-03  0.3947E+01
   -1.147504   14.59962  0.0000E+00  0.1078E-04  0.3922E-07  0.9318E-03  0.4688E-03  0.4382E+01
   -1.190004   14.60074  0.0000E+00  0.1056E-04  0.3863E-07  0.9071E-03  0.4053E-03  0.5190E+01
   -1.232505   14.60189  0.0000E+00  0.1034E-04  0.3865E-07  0.8782E-03  0.3469E-03  0.2227E+02
   -1.275005   14.60307  0.0000E+00  0.1012E-04  0.3935E-07  0.8349E-03  0.2975E-03  0.6983E+01
   -1.317505   14.60432  0.0000E+00  0.9889E-05  0.4095E-07  0.7953E-03  0.2567E-03  0.1050E+02
   -1.360005   14.60564  0.0000E+00  0.9626E-05  0.4407E-07  0.7284E-03  0.2231E-03  0.1436E+02
   -1.402504   14.60714  0.0000E+00  0.9287E-05  0.5019E-07  0.6840E-03  0.1945E-03  0.3072E+02
   -1.445004   14.60886  0.0000E+00  0.8857E-05  0.6088E-07  0.5922E-03  0.1677E-03  0.4413E+04
   -1.487503   14.61145  0.0000E+00  0.8340E-05  0.7788E-07  0.5475E-03  0.1355E-03  0.2583E+04
   -1.530001   14.61416  0.0000E+00  0.7615E-05  0.1239E-06  0.4130E-03  0.1047E-03 -0.4137E+04
   -1.572500   14.62242  0.0000E+00  0.6775E-05  0.2162E-06  0.4390E-03  0.6694E-04  0.2937E+07
   -1.614998   14.61946  0.0000E+00  0.5365E-05  0.6161E-06  0.2022E-03  0.5500E-04 -0.2597E+09
   -1.657495   14.64729  0.0000E+00  0.3755E-05  0.1435E-05  0.1659E-03  0.3281E-04 -0.1792E+07
   -1.699992   14.64948  0.0000E+00  0.0000E+00  0.0000E+00  0.0000E+00  0.6454E-04  0.0000E+00
