 1 - depth, m
 2 - temperature, C
 3 - salinity, kg/kg
 4 - turbulent kinetic energy, m**2/s**2
 5 - dissipation rate, m**2/s**3
 6 - kinematic heat conductance, m**2/s
 7 - modulus of horizontal velocity, m/s
 8 - Richardson number, n/d
   -0.000000    8.57306  0.0000E+00  0.4274E-03  0.8987E-03  0.9179E-04  0.2189E+00 -0.1375E-02
   -0.042497    8.62662  0.0000E+00  0.2218E-03  0.3109E-03  0.1840E-03  0.5108E-01 -0.1057E-01
   -0.084995    8.63526  0.0000E+00  0.1538E-03  0.1357E-03  0.1602E-03  0.3209E-01 -0.4161E-01
   -0.127493    8.64123  0.0000E+00  0.1138E-03  0.6431E-04  0.1450E-03  0.2532E-01 -0.5068E-01
   -0.169992    8.64621  0.0000E+00  0.8599E-04  0.2894E-04  0.1376E-03  0.2048E-01 -0.6670E-01
   -0.212491    8.65077  0.0000E+00  0.6573E-04  0.1424E-04  0.1356E-03  0.1653E-01 -0.7558E-01
   -0.254990    8.65515  0.0000E+00  0.5083E-04  0.7379E-05  0.1385E-03  0.1342E-01  0.3317E+03
   -0.297489    8.65905  0.0000E+00  0.4053E-04  0.4020E-05  0.1452E-03  0.1109E-01  0.3218E+02
   -0.339989    8.66225  0.0000E+00  0.3318E-04  0.2280E-05  0.1584E-03  0.9382E-02  0.2699E+03
   -0.382489    8.66483  0.0000E+00  0.2774E-04  0.1355E-05  0.1722E-03  0.7994E-02  0.1301E+02
   -0.424989    8.66697  0.0000E+00  0.2367E-04  0.8435E-06  0.1865E-03  0.6934E-02  0.5257E+01
   -0.467490    8.66900  0.0000E+00  0.2049E-04  0.5580E-06  0.2071E-03  0.5946E-02  0.1399E+02
   -0.509990    8.67086  0.0000E+00  0.1799E-04  0.3950E-06  0.2246E-03  0.5071E-02  0.2810E+02
   -0.552491    8.67256  0.0000E+00  0.1594E-04  0.2941E-06  0.2427E-03  0.4311E-02  0.1958E+02
   -0.594992    8.67414  0.0000E+00  0.1422E-04  0.2260E-06  0.2613E-03  0.3642E-02  0.8328E+01
   -0.637493    8.67559  0.0000E+00  0.1272E-04  0.1764E-06  0.2818E-03  0.3065E-02  0.3611E+01
   -0.679994    8.67691  0.0000E+00  0.1141E-04  0.1393E-06  0.2981E-03  0.2586E-02  0.4057E+01
   -0.722495    8.67813  0.0000E+00  0.1027E-04  0.1108E-06  0.3163E-03  0.2185E-02  0.4264E+02
   -0.764997    8.67926  0.0000E+00  0.9276E-05  0.8865E-07  0.3351E-03  0.1858E-02  0.8165E+01
   -0.807498    8.68030  0.0000E+00  0.8405E-05  0.7113E-07  0.3566E-03  0.1596E-02  0.1741E+02
   -0.849999    8.68127  0.0000E+00  0.7662E-05  0.5749E-07  0.3774E-03  0.1378E-02  0.1713E+03
   -0.892501    8.68219  0.0000E+00  0.7022E-05  0.4673E-07  0.4020E-03  0.1194E-02  0.1781E+03
   -0.935002    8.68305  0.0000E+00  0.6480E-05  0.3831E-07  0.4259E-03  0.1040E-02  0.3791E+02
   -0.977504    8.68388  0.0000E+00  0.6022E-05  0.3173E-07  0.4522E-03  0.9045E-03  0.1509E+03
   -1.020005    8.68466  0.0000E+00  0.5637E-05  0.2658E-07  0.4805E-03  0.7887E-03  0.5598E+02
   -1.062506    8.68540  0.0000E+00  0.5317E-05  0.2258E-07  0.5089E-03  0.6863E-03  0.1453E+02
   -1.105007    8.68611  0.0000E+00  0.5050E-05  0.1947E-07  0.5277E-03  0.5967E-03  0.1788E+02
   -1.147508    8.68682  0.0000E+00  0.4830E-05  0.1711E-07  0.5377E-03  0.5140E-03  0.1986E+02
   -1.190009    8.68753  0.0000E+00  0.4648E-05  0.1533E-07  0.5425E-03  0.4353E-03  0.2116E+02
   -1.232509    8.68826  0.0000E+00  0.4490E-05  0.1397E-07  0.5456E-03  0.3615E-03  0.2302E+02
   -1.275010    8.68899  0.0000E+00  0.4353E-05  0.1296E-07  0.5448E-03  0.2985E-03  0.2822E+02
   -1.317510    8.68973  0.0000E+00  0.4233E-05  0.1223E-07  0.5388E-03  0.2457E-03  0.3675E+02
   -1.360010    8.69049  0.0000E+00  0.4126E-05  0.1177E-07  0.5266E-03  0.2027E-03  0.4466E+02
   -1.402510    8.69127  0.0000E+00  0.4027E-05  0.1158E-07  0.5074E-03  0.1688E-03  0.6871E+02
   -1.445009    8.69210  0.0000E+00  0.3939E-05  0.1174E-07  0.4799E-03  0.1406E-03  0.2960E+03
   -1.487508    8.69302  0.0000E+00  0.3854E-05  0.1234E-07  0.4501E-03  0.1145E-03  0.2026E+03
   -1.530007    8.69407  0.0000E+00  0.3751E-05  0.1395E-07  0.3969E-03  0.8957E-04  0.1727E+03
   -1.572506    8.69538  0.0000E+00  0.3594E-05  0.1780E-07  0.3623E-03  0.6572E-04  0.3229E+03
   -1.615004    8.69670  0.0000E+00  0.3180E-05  0.3490E-07  0.2066E-03  0.5160E-04 -0.2615E+05
   -1.657502    8.70116  0.0000E+00  0.2082E-05  0.1025E-06  0.3854E-04  0.3483E-04 -0.1076E+08
   -1.699999    8.71922  0.0000E+00  0.0000E+00  0.0000E+00  0.0000E+00  0.4454E-04  0.0000E+00
