 1 - depth, m
 2 - temperature, C
 3 - salinity, kg/kg
 4 - turbulent kinetic energy, m**2/s**2
 5 - dissipation rate, m**2/s**3
 6 - kinematic heat conductance, m**2/s
 7 - modulus of horizontal velocity, m/s
 8 - Richardson number, n/d
   -0.000000    0.00000  0.0000E+00  0.3189E-13  0.5206E-16  0.1000E-09  0.0000E+00  0.8718E+16
   -0.042497    0.13315  0.0000E+00  0.3189E-13  0.5206E-16  0.1000E-09  0.0000E+00  0.8793E+16
   -0.084995    0.27262  0.0000E+00  0.3189E-13  0.5206E-16  0.1000E-09  0.0000E+00  0.8786E+16
   -0.127493    0.41776  0.0000E+00  0.3189E-13  0.5206E-16  0.1000E-09  0.0000E+00  0.8368E+16
   -0.169992    0.56208  0.0000E+00  0.3189E-13  0.5206E-16  0.1000E-09  0.0000E+00  0.7948E+16
   -0.212491    0.70537  0.0000E+00  0.3189E-13  0.5206E-16  0.1000E-09  0.0000E+00  0.7522E+16
   -0.254990    0.84735  0.0000E+00  0.3189E-13  0.5206E-16  0.1000E-09  0.0000E+00  0.7094E+16
   -0.297490    0.98775  0.0000E+00  0.3189E-13  0.5206E-16  0.1000E-09  0.0000E+00  0.6677E+16
   -0.339989    1.12652  0.0000E+00  0.3189E-13  0.5206E-16  0.1000E-09  0.0000E+00  0.6276E+16
   -0.382489    1.26373  0.0000E+00  0.3189E-13  0.5206E-16  0.1000E-09  0.0000E+00  0.5881E+16
   -0.424990    1.39921  0.0000E+00  0.3189E-13  0.5206E-16  0.1000E-09  0.0000E+00  0.5507E+16
   -0.467490    1.53315  0.0000E+00  0.3189E-13  0.5206E-16  0.1000E-09  0.0000E+00  0.5139E+16
   -0.509991    1.66540  0.0000E+00  0.3189E-13  0.5206E-16  0.1000E-09  0.0000E+00  0.4796E+16
   -0.552492    1.79632  0.0000E+00  0.3189E-13  0.5206E-16  0.1000E-09  0.0000E+00  0.4462E+16
   -0.594993    1.92586  0.0000E+00  0.3189E-13  0.5206E-16  0.1000E-09  0.0000E+00  0.4130E+16
   -0.637494    2.05375  0.0000E+00  0.3189E-13  0.5206E-16  0.1000E-09  0.0000E+00  0.3796E+16
   -0.679995    2.17955  0.0000E+00  0.3189E-13  0.5206E-16  0.1000E-09  0.0000E+00  0.3469E+16
   -0.722496    2.30295  0.0000E+00  0.3189E-13  0.5206E-16  0.1000E-09  0.0000E+00  0.3143E+16
   -0.764998    2.42338  0.0000E+00  0.3189E-13  0.5206E-16  0.1000E-09  0.0000E+00  0.2822E+16
   -0.807499    2.54026  0.0000E+00  0.3189E-13  0.5206E-16  0.1000E-09  0.0000E+00  0.2522E+16
   -0.850001    2.65359  0.0000E+00  0.3189E-13  0.5206E-16  0.1000E-09  0.0000E+00  0.2239E+16
   -0.892502    2.76316  0.0000E+00  0.3189E-13  0.5206E-16  0.1000E-09  0.0000E+00  0.1991E+16
   -0.935003    2.86981  0.0000E+00  0.3189E-13  0.5206E-16  0.1000E-09  0.0000E+00  0.1773E+16
   -0.977505    2.97441  0.0000E+00  0.3247E-13  0.5206E-16  0.1000E-09  0.0000E+00  0.1564E+16
   -1.020006    3.07672  0.0000E+00  0.1578E-12  0.6319E-16  0.1000E-09  0.0000E+00  0.1365E+16
   -1.062507    3.17675  0.0000E+00  0.4475E-12  0.1349E-15  0.1000E-09  0.0000E+00  0.1176E+16
   -1.105008    3.27427  0.0000E+00  0.1089E-11  0.3053E-15  0.1000E-09  0.0000E+00  0.1001E+16
   -1.147509    3.36939  0.0000E+00  0.2504E-11  0.6782E-15  0.1000E-09  0.0000E+00  0.8368E+15
   -1.190010    3.46217  0.0000E+00  0.5640E-11  0.1487E-14  0.1000E-09  0.0000E+00  0.6792E+15
   -1.232511    3.55196  0.0000E+00  0.1290E-10  0.3318E-14  0.1000E-09  0.0000E+00  0.5233E+15
   -1.275011    3.63666  0.0000E+00  0.2973E-10  0.7464E-14  0.1000E-09  0.0000E+00  0.3903E+15
   -1.317512    3.71675  0.0000E+00  0.6881E-10  0.1687E-13  0.1839E-09  0.0000E+00  0.2870E+15
   -1.360012    3.79615  0.0000E+00  0.1604E-09  0.3843E-13  0.6440E-09  0.0000E+00  0.1862E+15
   -1.402512    3.87475  0.0000E+00  0.3767E-09  0.8829E-13  0.3107E-08  0.0000E+00  0.8799E+14
   -1.445011    3.95129  0.0000E+00  0.8229E-09  0.1896E-12  0.6910E-07  0.0000E+00  0.7403E+13
   -1.487510    4.00327  0.0000E+00  0.1446E-08  0.3399E-12  0.2888E-05  0.0000E+00 -0.1064E+13
   -1.530009    4.00689  0.0000E+00  0.1757E-08  0.4539E-12  0.2988E-05  0.0000E+00 -0.1257E+13
   -1.572508    4.01048  0.0000E+00  0.1967E-08  0.6352E-12  0.2501E-05  0.0000E+00 -0.1915E+13
   -1.615006    4.01510  0.0000E+00  0.2057E-08  0.1140E-11  0.1241E-05  0.0000E+00 -0.5109E+13
   -1.657504    4.02479  0.0000E+00  0.1780E-08  0.2571E-11  0.3206E-06  0.0000E+00 -0.2928E+14
   -1.700001    4.05858  0.0000E+00  0.0000E+00  0.0000E+00  0.0000E+00  0.0000E+00  0.0000E+00
