 1 - depth, m
 2 - temperature, C
 3 - salinity, kg/kg
 4 - turbulent kinetic energy, m**2/s**2
 5 - dissipation rate, m**2/s**3
 6 - kinematic heat conductance, m**2/s
 7 - modulus of horizontal velocity, m/s
 8 - Richardson number, n/d
   -0.000000   16.00242  0.0000E+00  0.4558E-04  0.9545E-05  0.3590E-04  0.4596E-01 -0.1169E-01
   -0.042497   16.03486  0.0000E+00  0.2635E-04  0.2577E-05  0.4736E-04  0.1730E-01 -0.2725E-01
   -0.084995   16.04488  0.0000E+00  0.1869E-04  0.1032E-05  0.5527E-04  0.1163E-01 -0.5629E-01
   -0.127493   16.05218  0.0000E+00  0.1386E-04  0.4839E-06  0.6455E-04  0.8302E-02 -0.8341E-01
   -0.169992   16.05814  0.0000E+00  0.1064E-04  0.2503E-06  0.7516E-04  0.6015E-02 -0.3839E-01
   -0.212490   16.06319  0.0000E+00  0.8419E-05  0.1385E-06  0.9193E-04  0.4360E-02  0.1651E+01
   -0.254989   16.06732  0.0000E+00  0.6953E-05  0.8212E-07  0.1415E-03  0.3194E-02  0.7119E+04
   -0.297489   16.07035  0.0000E+00  0.6057E-05  0.5306E-07  0.1980E-03  0.2432E-02  0.1489E+03
   -0.339989   16.07244  0.0000E+00  0.5554E-05  0.3795E-07  0.2659E-03  0.1931E-02  0.3543E+03
   -0.382489   16.07388  0.0000E+00  0.5280E-05  0.2955E-07  0.3211E-03  0.1590E-02  0.1449E+02
   -0.424989   16.07498  0.0000E+00  0.5136E-05  0.2439E-07  0.3608E-03  0.1346E-02  0.2967E+01
   -0.467489   16.07591  0.0000E+00  0.5066E-05  0.2089E-07  0.4034E-03  0.1140E-02  0.1626E+01
   -0.509990   16.07672  0.0000E+00  0.5040E-05  0.1837E-07  0.4463E-03  0.9625E-03  0.1710E+01
   -0.552490   16.07744  0.0000E+00  0.5041E-05  0.1647E-07  0.4909E-03  0.8072E-03  0.4574E+01
   -0.594991   16.07810  0.0000E+00  0.5057E-05  0.1501E-07  0.5365E-03  0.6710E-03  0.1597E+01
   -0.637492   16.07870  0.0000E+00  0.5081E-05  0.1387E-07  0.5834E-03  0.5544E-03  0.1484E+01
   -0.679994   16.07924  0.0000E+00  0.5107E-05  0.1298E-07  0.6294E-03  0.4596E-03  0.1388E+01
   -0.722495   16.07974  0.0000E+00  0.5133E-05  0.1228E-07  0.6726E-03  0.3840E-03  0.1272E+01
   -0.764996   16.08020  0.0000E+00  0.5159E-05  0.1175E-07  0.7091E-03  0.3256E-03  0.1163E+01
   -0.807497   16.08062  0.0000E+00  0.5183E-05  0.1134E-07  0.7392E-03  0.2818E-03  0.1102E+01
   -0.849999   16.08103  0.0000E+00  0.5205E-05  0.1104E-07  0.7628E-03  0.2479E-03  0.1057E+01
   -0.892500   16.08142  0.0000E+00  0.5224E-05  0.1082E-07  0.7813E-03  0.2210E-03  0.1060E+01
   -0.935001   16.08180  0.0000E+00  0.5242E-05  0.1066E-07  0.7956E-03  0.1992E-03  0.1144E+01
   -0.977503   16.08217  0.0000E+00  0.5258E-05  0.1055E-07  0.8068E-03  0.1806E-03  0.1258E+01
   -1.020004   16.08254  0.0000E+00  0.5273E-05  0.1049E-07  0.8147E-03  0.1643E-03  0.1440E+01
   -1.062505   16.08291  0.0000E+00  0.5286E-05  0.1048E-07  0.8193E-03  0.1497E-03  0.1634E+01
   -1.105006   16.08329  0.0000E+00  0.5296E-05  0.1050E-07  0.8199E-03  0.1362E-03  0.1880E+01
   -1.147507   16.08367  0.0000E+00  0.5302E-05  0.1057E-07  0.8165E-03  0.1234E-03  0.2163E+01
   -1.190008   16.08407  0.0000E+00  0.5304E-05  0.1068E-07  0.8085E-03  0.1111E-03  0.2447E+01
   -1.232508   16.08448  0.0000E+00  0.5301E-05  0.1085E-07  0.7957E-03  0.9934E-04  0.2817E+01
   -1.275009   16.08490  0.0000E+00  0.5291E-05  0.1109E-07  0.7766E-03  0.8841E-04  0.3573E+01
   -1.317509   16.08533  0.0000E+00  0.5274E-05  0.1143E-07  0.7510E-03  0.7833E-04  0.4674E+01
   -1.360009   16.08578  0.0000E+00  0.5247E-05  0.1193E-07  0.7145E-03  0.6907E-04  0.6314E+01
   -1.402509   16.08626  0.0000E+00  0.5207E-05  0.1267E-07  0.6732E-03  0.6066E-04  0.9364E+01
   -1.445008   16.08678  0.0000E+00  0.5155E-05  0.1375E-07  0.6135E-03  0.5278E-04  0.1650E+02
   -1.487507   16.08738  0.0000E+00  0.5087E-05  0.1533E-07  0.5718E-03  0.4462E-04  0.3062E+02
   -1.530006   16.08804  0.0000E+00  0.4983E-05  0.1829E-07  0.4563E-03  0.3667E-04  0.3786E+01
   -1.572504   16.08903  0.0000E+00  0.4797E-05  0.2505E-07  0.5241E-03  0.2824E-04 -0.1306E+04
   -1.615002   16.08960  0.0000E+00  0.4208E-05  0.5758E-07  0.1898E-03  0.2391E-04 -0.8689E+07
   -1.657500   16.09526  0.0000E+00  0.2729E-05  0.1740E-06  0.7095E-04  0.1497E-04 -0.6421E+05
   -1.699997   16.10090  0.0000E+00  0.0000E+00  0.0000E+00  0.0000E+00  0.1866E-04  0.0000E+00
