 1 - depth, m
 2 - temperature, C
 3 - salinity, kg/kg
 4 - turbulent kinetic energy, m**2/s**2
 5 - dissipation rate, m**2/s**3
 6 - kinematic heat conductance, m**2/s
 7 - modulus of horizontal velocity, m/s
 8 - Richardson number, n/d
   -0.000000    7.13450  0.0000E+00  0.2056E-03  0.3180E-03  0.7434E-04  0.1391E+00  0.2021E-02
   -0.042497    7.22092  0.0000E+00  0.1110E-03  0.1487E-03  0.1131E-03  0.3540E-01  0.1986E-01
   -0.084995    7.23439  0.0000E+00  0.7805E-04  0.8637E-04  0.1006E-03  0.2403E-01 -0.6678E-01
   -0.127493    7.24643  0.0000E+00  0.5665E-04  0.4905E-04  0.9364E-04  0.1864E-01 -0.1414E+00
   -0.169992    7.25705  0.0000E+00  0.4141E-04  0.2738E-04  0.9056E-04  0.1472E-01 -0.6312E-01
   -0.212491    7.26703  0.0000E+00  0.3018E-04  0.1436E-04  0.9005E-04  0.1154E-01 -0.1612E+00
   -0.254990    7.27690  0.0000E+00  0.2211E-04  0.6589E-05  0.9203E-04  0.9035E-02  0.3625E-02
   -0.297489    7.28652  0.0000E+00  0.1652E-04  0.2444E-05  0.9634E-04  0.7151E-02  0.3059E+01
   -0.339989    7.29516  0.0000E+00  0.1275E-04  0.7449E-06  0.1029E-03  0.5731E-02  0.4785E+02
   -0.382489    7.30277  0.0000E+00  0.1019E-04  0.2516E-06  0.1142E-03  0.4599E-02  0.7638E+02
   -0.424989    7.30937  0.0000E+00  0.8456E-05  0.1272E-06  0.1300E-03  0.3734E-02  0.7086E+01
   -0.467489    7.31503  0.0000E+00  0.7214E-05  0.8161E-07  0.1548E-03  0.3013E-02  0.1773E+03
   -0.509990    7.31984  0.0000E+00  0.6301E-05  0.5681E-07  0.1885E-03  0.2417E-02  0.3067E+02
   -0.552491    7.32383  0.0000E+00  0.5622E-05  0.4141E-07  0.2269E-03  0.1931E-02  0.6849E+02
   -0.594992    7.32714  0.0000E+00  0.5109E-05  0.3139E-07  0.2697E-03  0.1529E-02  0.2147E+02
   -0.637493    7.32984  0.0000E+00  0.4712E-05  0.2455E-07  0.3082E-03  0.1207E-02  0.7504E+02
   -0.679994    7.33210  0.0000E+00  0.4405E-05  0.1977E-07  0.3422E-03  0.9573E-03  0.2748E+02
   -0.722495    7.33404  0.0000E+00  0.4166E-05  0.1637E-07  0.3707E-03  0.7628E-03  0.3939E+02
   -0.764996    7.33576  0.0000E+00  0.3980E-05  0.1390E-07  0.3961E-03  0.6154E-03  0.2458E+02
   -0.807498    7.33732  0.0000E+00  0.3837E-05  0.1208E-07  0.4193E-03  0.5071E-03  0.9882E+01
   -0.849999    7.33874  0.0000E+00  0.3728E-05  0.1074E-07  0.4395E-03  0.4250E-03  0.6712E+01
   -0.892501    7.34007  0.0000E+00  0.3642E-05  0.9718E-08  0.4578E-03  0.3612E-03  0.2288E+01
   -0.935002    7.34133  0.0000E+00  0.3575E-05  0.8928E-08  0.4751E-03  0.3108E-03  0.2238E+02
   -0.977503    7.34251  0.0000E+00  0.3520E-05  0.8309E-08  0.4902E-03  0.2697E-03  0.2602E+01
   -1.020004    7.34364  0.0000E+00  0.3474E-05  0.7810E-08  0.5035E-03  0.2358E-03  0.3000E+01
   -1.062506    7.34471  0.0000E+00  0.3435E-05  0.7405E-08  0.5153E-03  0.2066E-03  0.3334E+01
   -1.105007    7.34574  0.0000E+00  0.3400E-05  0.7076E-08  0.5253E-03  0.1813E-03  0.3721E+01
   -1.147508    7.34672  0.0000E+00  0.3369E-05  0.6817E-08  0.5333E-03  0.1585E-03  0.4132E+01
   -1.190008    7.34766  0.0000E+00  0.3342E-05  0.6620E-08  0.5385E-03  0.1373E-03  0.4555E+01
   -1.232509    7.34856  0.0000E+00  0.3316E-05  0.6470E-08  0.5412E-03  0.1179E-03  0.5143E+01
   -1.275009    7.34945  0.0000E+00  0.3291E-05  0.6361E-08  0.5411E-03  0.1011E-03  0.6533E+01
   -1.317510    7.35031  0.0000E+00  0.3265E-05  0.6293E-08  0.5377E-03  0.8633E-04  0.8526E+01
   -1.360010    7.35117  0.0000E+00  0.3237E-05  0.6271E-08  0.5300E-03  0.7351E-04  0.1138E+02
   -1.402509    7.35203  0.0000E+00  0.3207E-05  0.6305E-08  0.5174E-03  0.6255E-04  0.1624E+02
   -1.445009    7.35290  0.0000E+00  0.3176E-05  0.6408E-08  0.5007E-03  0.5280E-04  0.2368E+02
   -1.487508    7.35377  0.0000E+00  0.3145E-05  0.6601E-08  0.4782E-03  0.4365E-04  0.2856E+02
   -1.530007    7.35466  0.0000E+00  0.3110E-05  0.6980E-08  0.4455E-03  0.3505E-04  0.3349E+02
   -1.572505    7.35559  0.0000E+00  0.3054E-05  0.7895E-08  0.3755E-03  0.2758E-04  0.5969E+02
   -1.615003    7.35671  0.0000E+00  0.2907E-05  0.1102E-07  0.2923E-03  0.2203E-04  0.2987E+03
   -1.657501    7.35813  0.0000E+00  0.1993E-05  0.3958E-07  0.1554E-04  0.1797E-04 -0.8615E+05
   -1.699998    7.38417  0.0000E+00  0.0000E+00  0.0000E+00  0.0000E+00  0.1797E-04  0.0000E+00
