 1 - depth, m
 2 - temperature, C
 3 - salinity, kg/kg
 4 - turbulent kinetic energy, m**2/s**2
 5 - dissipation rate, m**2/s**3
 6 - kinematic heat conductance, m**2/s
 7 - modulus of horizontal velocity, m/s
 8 - Richardson number, n/d
   -0.000000    0.00000  0.0000E+00  0.3189E-13  0.5207E-16  0.1000E-09  0.0000E+00  0.1191E+17
   -0.042497    0.18312  0.0000E+00  0.3189E-13  0.5207E-16  0.1000E-09  0.0000E+00  0.1171E+17
   -0.084995    0.37291  0.0000E+00  0.3189E-13  0.5207E-16  0.1000E-09  0.0000E+00  0.1140E+17
   -0.127493    0.56833  0.0000E+00  0.3189E-13  0.5207E-16  0.1000E-09  0.0000E+00  0.1051E+17
   -0.169991    0.75964  0.0000E+00  0.3189E-13  0.5207E-16  0.1000E-09  0.0000E+00  0.9652E+16
   -0.212490    0.94652  0.0000E+00  0.4025E-13  0.5207E-16  0.1000E-09  0.0000E+00  0.8814E+16
   -0.254989    1.12842  0.0000E+00  0.1788E-12  0.5207E-16  0.1000E-09  0.0000E+00  0.8003E+16
   -0.297488    1.30479  0.0000E+00  0.4562E-12  0.6516E-16  0.1000E-09  0.0000E+00  0.7254E+16
   -0.339988    1.47583  0.0000E+00  0.9059E-12  0.1003E-15  0.1000E-09  0.0000E+00  0.6579E+16
   -0.382488    1.64220  0.0000E+00  0.1622E-11  0.1626E-15  0.1000E-09  0.0000E+00  0.5939E+16
   -0.424988    1.80372  0.0000E+00  0.2762E-11  0.2641E-15  0.1000E-09  0.0000E+00  0.5373E+16
   -0.467488    1.96134  0.0000E+00  0.4581E-11  0.4262E-15  0.1000E-09  0.0000E+00  0.4835E+16
   -0.509988    2.11490  0.0000E+00  0.7501E-11  0.6840E-15  0.1000E-09  0.0000E+00  0.4386E+16
   -0.552489    2.26640  0.0000E+00  0.1220E-10  0.1094E-14  0.1000E-09  0.0000E+00  0.3961E+16
   -0.594990    2.41609  0.0000E+00  0.1976E-10  0.1742E-14  0.1000E-09  0.0000E+00  0.3545E+16
   -0.637491    2.56375  0.0000E+00  0.3217E-10  0.2792E-14  0.1000E-09  0.0000E+00  0.3136E+16
   -0.679992    2.70891  0.0000E+00  0.5251E-10  0.4486E-14  0.1000E-09  0.0000E+00  0.2742E+16
   -0.722493    2.85126  0.0000E+00  0.8594E-10  0.7230E-14  0.1000E-09  0.0000E+00  0.2359E+16
   -0.764994    2.99022  0.0000E+00  0.1411E-09  0.1169E-13  0.1000E-09  0.0000E+00  0.1992E+16
   -0.807495    3.12517  0.0000E+00  0.2318E-09  0.1892E-13  0.1000E-09  0.0000E+00  0.1654E+16
   -0.849997    3.25622  0.0000E+00  0.3773E-09  0.3034E-13  0.1000E-09  0.0000E+00  0.1340E+16
   -0.892498    3.38323  0.0000E+00  0.6120E-09  0.4848E-13  0.1429E-09  0.0000E+00  0.1067E+16
   -0.934999    3.50817  0.0000E+00  0.9834E-09  0.7679E-13  0.2959E-09  0.0000E+00  0.8163E+15
   -0.977500    3.63264  0.0000E+00  0.1571E-08  0.1209E-12  0.6693E-09  0.0000E+00  0.5684E+15
   -1.020001    3.75641  0.0000E+00  0.2495E-08  0.1893E-12  0.1838E-08  0.0000E+00  0.3240E+15
   -1.062502    3.87858  0.0000E+00  0.3926E-08  0.2939E-12  0.1019E-07  0.0000E+00  0.9059E+14
   -1.105003    3.99339  0.0000E+00  0.4314E-08  0.3243E-12  0.2070E-04  0.0000E+00 -0.9747E+11
   -1.147504    3.99422  0.0000E+00  0.4501E-08  0.3413E-12  0.2247E-04  0.0000E+00 -0.9967E+11
   -1.190005    3.99499  0.0000E+00  0.4663E-08  0.3587E-12  0.2423E-04  0.0000E+00 -0.1011E+12
   -1.232505    3.99570  0.0000E+00  0.4808E-08  0.3773E-12  0.2573E-04  0.0000E+00 -0.1037E+12
   -1.275006    3.99638  0.0000E+00  0.4938E-08  0.3975E-12  0.2595E-04  0.0000E+00 -0.1111E+12
   -1.317506    3.99706  0.0000E+00  0.5054E-08  0.4202E-12  0.2578E-04  0.0000E+00 -0.1195E+12
   -1.360006    3.99775  0.0000E+00  0.5159E-08  0.4474E-12  0.2527E-04  0.0000E+00 -0.1301E+12
   -1.402505    3.99845  0.0000E+00  0.5260E-08  0.4833E-12  0.2436E-04  0.0000E+00 -0.1438E+12
   -1.445004    3.99919  0.0000E+00  0.5342E-08  0.5275E-12  0.2204E-04  0.0000E+00 -0.1694E+12
   -1.487503    4.00000  0.0000E+00  0.5396E-08  0.5832E-12  0.1944E-04  0.0000E+00 -0.2058E+12
   -1.530002    4.00093  0.0000E+00  0.5415E-08  0.6705E-12  0.1633E-04  0.0000E+00 -0.2688E+12
   -1.572500    4.00206  0.0000E+00  0.5367E-08  0.8702E-12  0.1161E-04  0.0000E+00 -0.4488E+12
   -1.614998    4.00378  0.0000E+00  0.5002E-08  0.1723E-11  0.3951E-05  0.0000E+00 -0.1726E+13
   -1.657496    4.00924  0.0000E+00  0.3716E-08  0.5422E-11  0.5486E-06  0.0000E+00 -0.2466E+14
   -1.699993    4.04694  0.0000E+00  0.0000E+00  0.0000E+00  0.0000E+00  0.0000E+00  0.0000E+00
