 1 - depth, m
 2 - temperature, C
 3 - salinity, kg/kg
 4 - turbulent kinetic energy, m**2/s**2
 5 - dissipation rate, m**2/s**3
 6 - kinematic heat conductance, m**2/s
 7 - modulus of horizontal velocity, m/s
 8 - Richardson number, n/d
   -0.000000   13.90856  0.0000E+00  0.1549E-02  0.9056E-02  0.8705E-04  0.4957E+00 -0.1283E-02
   -0.042498   13.96858  0.0000E+00  0.7450E-03  0.4069E-02  0.3246E-03  0.9976E-01 -0.5683E+00
   -0.084996   13.98792  0.0000E+00  0.5192E-03  0.2241E-02  0.3853E-03  0.5871E-01 -0.4652E+00
   -0.127494   13.99657  0.0000E+00  0.4037E-03  0.1526E-02  0.3247E-03  0.4739E-01 -0.6170E+00
   -0.169993   14.00198  0.0000E+00  0.3097E-03  0.8494E-03  0.2913E-03  0.3961E-01 -0.7299E+00
   -0.212492   14.00637  0.0000E+00  0.2411E-03  0.5222E-03  0.2685E-03  0.3283E-01  0.2008E-01
   -0.254991   14.00994  0.0000E+00  0.1864E-03  0.3343E-03  0.2593E-03  0.2757E-01 -0.2423E+00
   -0.297491   14.01360  0.0000E+00  0.1491E-03  0.2251E-03  0.2588E-03  0.2374E-01 -0.1529E+02
   -0.339991   14.01668  0.0000E+00  0.1203E-03  0.1526E-03  0.2594E-03  0.2091E-01  0.1582E+01
   -0.382491   14.01936  0.0000E+00  0.9860E-04  0.1038E-03  0.2668E-03  0.1817E-01  0.2291E+02
   -0.424991   14.02166  0.0000E+00  0.8300E-04  0.6961E-04  0.2740E-03  0.1623E-01  0.2849E+02
   -0.467492   14.02383  0.0000E+00  0.7105E-04  0.4563E-04  0.2826E-03  0.1413E-01  0.6026E+01
   -0.509993   14.02576  0.0000E+00  0.6183E-04  0.2959E-04  0.2959E-03  0.1214E-01  0.6288E+02
   -0.552494   14.02752  0.0000E+00  0.5439E-04  0.1903E-04  0.3091E-03  0.1045E-01  0.3260E+02
   -0.594995   14.02919  0.0000E+00  0.4831E-04  0.1197E-04  0.3247E-03  0.8900E-02  0.5058E+02
   -0.637496   14.03066  0.0000E+00  0.4313E-04  0.7216E-05  0.3430E-03  0.7595E-02  0.9547E+01
   -0.679997   14.03197  0.0000E+00  0.3873E-04  0.4184E-05  0.3624E-03  0.6592E-02  0.1090E+03
   -0.722499   14.03317  0.0000E+00  0.3495E-04  0.2420E-05  0.3827E-03  0.5753E-02  0.5700E+02
   -0.765000   14.03425  0.0000E+00  0.3170E-04  0.1461E-05  0.4036E-03  0.5080E-02  0.6486E+02
   -0.807502   14.03520  0.0000E+00  0.2887E-04  0.9477E-06  0.4231E-03  0.4550E-02 -0.1317E+03
   -0.850003   14.03606  0.0000E+00  0.2641E-04  0.6687E-06  0.4403E-03  0.4099E-02  0.3591E+02
   -0.892505   14.03687  0.0000E+00  0.2423E-04  0.5031E-06  0.4654E-03  0.3708E-02  0.2200E+04
   -0.935007   14.03760  0.0000E+00  0.2233E-04  0.3968E-06  0.4847E-03  0.3373E-02  0.7866E+04
   -0.977508   14.03830  0.0000E+00  0.2066E-04  0.3228E-06  0.5076E-03  0.3066E-02  0.1384E+03
   -1.020010   14.03895  0.0000E+00  0.1917E-04  0.2678E-06  0.5294E-03  0.2794E-02  0.1091E+03
   -1.062511   14.03956  0.0000E+00  0.1785E-04  0.2255E-06  0.5504E-03  0.2538E-02  0.3366E+03
   -1.105012   14.04014  0.0000E+00  0.1667E-04  0.1921E-06  0.5652E-03  0.2303E-02  0.1864E+03
   -1.147513   14.04070  0.0000E+00  0.1564E-04  0.1662E-06  0.5741E-03  0.2075E-02  0.1604E+03
   -1.190014   14.04124  0.0000E+00  0.1475E-04  0.1463E-06  0.5785E-03  0.1847E-02  0.8312E+03
   -1.232515   14.04176  0.0000E+00  0.1394E-04  0.1305E-06  0.5827E-03  0.1627E-02  0.9954E+03
   -1.275016   14.04226  0.0000E+00  0.1319E-04  0.1177E-06  0.5808E-03  0.1430E-02  0.6959E+02
   -1.317516   14.04276  0.0000E+00  0.1249E-04  0.1080E-06  0.5739E-03  0.1255E-02  0.2957E+04
   -1.360016   14.04324  0.0000E+00  0.1183E-04  0.1010E-06  0.5607E-03  0.1100E-02  0.9025E+02
   -1.402516   14.04374  0.0000E+00  0.1115E-04  0.9718E-07  0.5349E-03  0.9649E-03  0.1810E+03
   -1.445016   14.04425  0.0000E+00  0.1052E-04  0.9831E-07  0.4974E-03  0.8397E-03  0.2822E+03
   -1.487515   14.04481  0.0000E+00  0.9947E-05  0.1070E-06  0.4565E-03  0.7133E-03  0.5228E+03
   -1.530014   14.04542  0.0000E+00  0.9333E-05  0.1313E-06  0.3970E-03  0.5796E-03  0.3336E+06
   -1.572513   14.04618  0.0000E+00  0.8557E-05  0.2017E-06  0.3667E-03  0.4483E-03  0.8150E+03
   -1.615011   14.04692  0.0000E+00  0.6997E-05  0.4720E-06  0.2062E-03  0.3648E-03 -0.4421E+07
   -1.657509   14.04932  0.0000E+00  0.4598E-05  0.1150E-05  0.6478E-04  0.2760E-03 -0.2081E+08
   -1.700007   14.05674  0.0000E+00  0.0000E+00  0.0000E+00  0.0000E+00  0.3943E-03  0.0000E+00
