 1 - depth, m
 2 - temperature, C
 3 - salinity, kg/kg
 4 - turbulent kinetic energy, m**2/s**2
 5 - dissipation rate, m**2/s**3
 6 - kinematic heat conductance, m**2/s
 7 - modulus of horizontal velocity, m/s
 8 - Richardson number, n/d
   -0.000000   30.22730  0.5808E-13  0.4534E-05  0.2602E-06  0.4441E-04  0.4214E-03  0.2683E+06
   -0.049997   30.25989  0.5808E-13  0.8097E-05  0.1167E-06  0.1955E-03  0.2309E-03  0.1939E+06
   -0.099994   30.26882  0.5808E-13  0.9685E-05  0.8310E-07  0.3988E-03  0.1728E-03  0.9680E+03
   -0.149992   30.27188  0.5808E-13  0.1072E-04  0.7036E-07  0.4900E-03  0.1529E-03  0.4942E+03
   -0.199991   30.27424  0.5808E-13  0.1152E-04  0.6281E-07  0.6446E-03  0.1368E-03  0.3282E+03
   -0.249989   30.27598  0.5808E-13  0.1216E-04  0.5780E-07  0.7694E-03  0.1247E-03  0.2430E+03
   -0.299989   30.27741  0.5808E-13  0.1269E-04  0.5420E-07  0.8906E-03  0.1146E-03  0.1959E+03
   -0.349988   30.27860  0.5808E-13  0.1312E-04  0.5149E-07  0.1001E-02  0.1059E-03  0.1664E+03
   -0.399988   30.27964  0.5808E-13  0.1349E-04  0.4937E-07  0.1102E-02  0.9817E-04  0.1497E+03
   -0.449988   30.28057  0.5808E-13  0.1380E-04  0.4764E-07  0.1196E-02  0.9139E-04  0.1390E+03
   -0.499988   30.28140  0.5808E-13  0.1408E-04  0.4621E-07  0.1282E-02  0.8535E-04  0.1368E+03
   -0.549989   30.28217  0.5808E-13  0.1431E-04  0.4501E-07  0.1361E-02  0.7997E-04  0.1331E+03
   -0.599990   30.28288  0.5808E-13  0.1452E-04  0.4399E-07  0.1432E-02  0.7507E-04  0.1348E+03
   -0.649991   30.28354  0.5808E-13  0.1469E-04  0.4313E-07  0.1497E-02  0.7063E-04  0.1344E+03
   -0.699992   30.28416  0.5808E-13  0.1484E-04  0.4241E-07  0.1553E-02  0.6651E-04  0.1393E+03
   -0.749993   30.28475  0.5808E-13  0.1496E-04  0.4180E-07  0.1603E-02  0.6273E-04  0.1415E+03
   -0.799995   30.28532  0.5808E-13  0.1506E-04  0.4130E-07  0.1645E-02  0.5919E-04  0.1494E+03
   -0.849996   30.28586  0.5808E-13  0.1514E-04  0.4089E-07  0.1679E-02  0.5591E-04  0.1544E+03
   -0.899998   30.28639  0.5808E-13  0.1520E-04  0.4058E-07  0.1706E-02  0.5280E-04  0.1660E+03
   -0.950000   30.28691  0.5808E-13  0.1524E-04  0.4036E-07  0.1725E-02  0.4990E-04  0.1746E+03
   -1.000001   30.28741  0.5808E-13  0.1526E-04  0.4023E-07  0.1735E-02  0.4713E-04  0.1912E+03
   -1.050003   30.28791  0.5808E-13  0.1526E-04  0.4020E-07  0.1737E-02  0.4452E-04  0.2129E+03
   -1.100005   30.28840  0.5808E-13  0.1524E-04  0.4026E-07  0.1820E-02  0.4201E-04  0.7158E+03
   -1.150007   30.28887  0.5808E-13  0.1520E-04  0.4045E-07  0.1660E-02  0.3978E-04  0.1622E+04
   -1.200008   30.28938  0.5808E-13  0.1513E-04  0.4076E-07  0.1682E-02  0.3747E-04  0.3062E+03
   -1.250010   30.28987  0.5808E-13  0.1504E-04  0.4122E-07  0.1653E-02  0.3525E-04  0.3303E+03
   -1.300011   30.29038  0.5808E-13  0.1493E-04  0.4187E-07  0.1605E-02  0.3314E-04  0.3801E+03
   -1.350012   30.29090  0.5808E-13  0.1478E-04  0.4275E-07  0.1548E-02  0.3106E-04  0.4609E+03
   -1.400013   30.29143  0.5808E-13  0.1461E-04  0.4394E-07  0.1474E-02  0.2906E-04  0.5607E+03
   -1.450014   30.29199  0.5808E-13  0.1439E-04  0.4556E-07  0.1398E-02  0.2709E-04  0.7230E+03
   -1.500015   30.29258  0.5808E-13  0.1413E-04  0.4778E-07  0.1290E-02  0.2516E-04  0.9717E+03
   -1.550015   30.29323  0.5808E-13  0.1380E-04  0.5091E-07  0.1206E-02  0.2321E-04  0.1393E+04
   -1.600015   30.29393  0.5808E-13  0.1341E-04  0.5564E-07  0.1064E-02  0.2132E-04  0.2624E+04
   -1.650015   30.29476  0.5808E-13  0.1289E-04  0.6291E-07  0.9845E-03  0.1930E-04  0.1253E+06
   -1.700014   30.29570  0.5808E-13  0.1220E-04  0.7594E-07  0.8057E-03  0.1734E-04 -0.8501E+04
   -1.750013   30.29731  0.5808E-13  0.1125E-04  0.9749E-07  0.7233E-03  0.1477E-04  0.1853E+10
   -1.800012   30.29879  0.5808E-13  0.9969E-05  0.1411E-06  0.5161E-03  0.1266E-04  0.9018E+07
   -1.850010   30.30395  0.5808E-13  0.8475E-05  0.2243E-06  0.4598E-03  0.9155E-05  0.2390E+10
   -1.900008   30.30352  0.5808E-13  0.6675E-05  0.4693E-06  0.2104E-03  0.7383E-05 -0.1377E+08
   -1.950006   30.32083  0.5808E-13  0.4631E-05  0.1192E-05  0.1783E-03  0.3942E-05 -0.1969E+10
   -2.000003   30.32361  0.5808E-13  0.0000E+00  0.0000E+00  0.0000E+00  0.7171E-05  0.0000E+00
