 1 - depth, m
 2 - temperature, C
 3 - salinity, kg/kg
 4 - turbulent kinetic energy, m**2/s**2
 5 - dissipation rate, m**2/s**3
 6 - kinematic heat conductance, m**2/s
 7 - modulus of horizontal velocity, m/s
 8 - Richardson number, n/d
   -0.000000   30.32178  0.1322E-13  0.4633E-05  0.2707E-06  0.4524E-04  0.4189E-03  0.5139E+06
   -0.049997   30.35468  0.1322E-13  0.8270E-05  0.1211E-06  0.1963E-03  0.2306E-03  0.8359E+05
   -0.099994   30.36393  0.1322E-13  0.9906E-05  0.8602E-07  0.4046E-03  0.1722E-03  0.9727E+03
   -0.149992   30.36702  0.1322E-13  0.1097E-04  0.7283E-07  0.4946E-03  0.1524E-03  0.4963E+03
   -0.199991   30.36943  0.1322E-13  0.1179E-04  0.6502E-07  0.6522E-03  0.1365E-03  0.3296E+03
   -0.249989   30.37121  0.1322E-13  0.1245E-04  0.5984E-07  0.7783E-03  0.1245E-03  0.2443E+03
   -0.299989   30.37266  0.1322E-13  0.1299E-04  0.5613E-07  0.9014E-03  0.1144E-03  0.1970E+03
   -0.349988   30.37388  0.1322E-13  0.1344E-04  0.5333E-07  0.1013E-02  0.1058E-03  0.1673E+03
   -0.399988   30.37494  0.1322E-13  0.1382E-04  0.5115E-07  0.1116E-02  0.9811E-04  0.1506E+03
   -0.449988   30.37588  0.1322E-13  0.1414E-04  0.4937E-07  0.1211E-02  0.9139E-04  0.1398E+03
   -0.499988   30.37674  0.1322E-13  0.1443E-04  0.4790E-07  0.1298E-02  0.8539E-04  0.1375E+03
   -0.549989   30.37752  0.1322E-13  0.1467E-04  0.4667E-07  0.1378E-02  0.8005E-04  0.1337E+03
   -0.599990   30.37824  0.1322E-13  0.1488E-04  0.4563E-07  0.1450E-02  0.7517E-04  0.1354E+03
   -0.649991   30.37892  0.1322E-13  0.1506E-04  0.4476E-07  0.1515E-02  0.7076E-04  0.1348E+03
   -0.699992   30.37955  0.1322E-13  0.1522E-04  0.4402E-07  0.1573E-02  0.6666E-04  0.1397E+03
   -0.749993   30.38016  0.1322E-13  0.1534E-04  0.4340E-07  0.1622E-02  0.6291E-04  0.1416E+03
   -0.799995   30.38074  0.1322E-13  0.1545E-04  0.4289E-07  0.1665E-02  0.5938E-04  0.1496E+03
   -0.849996   30.38130  0.1322E-13  0.1553E-04  0.4248E-07  0.1699E-02  0.5612E-04  0.1542E+03
   -0.899998   30.38184  0.1322E-13  0.1560E-04  0.4217E-07  0.1726E-02  0.5302E-04  0.1659E+03
   -0.950000   30.38237  0.1322E-13  0.1564E-04  0.4195E-07  0.1745E-02  0.5013E-04  0.1739E+03
   -1.000001   30.38289  0.1322E-13  0.1566E-04  0.4183E-07  0.1756E-02  0.4737E-04  0.1906E+03
   -1.050003   30.38340  0.1322E-13  0.1566E-04  0.4180E-07  0.1757E-02  0.4477E-04  0.2114E+03
   -1.100005   30.38390  0.1322E-13  0.1563E-04  0.4189E-07  0.1843E-02  0.4226E-04  0.7145E+03
   -1.150006   30.38438  0.1322E-13  0.1559E-04  0.4210E-07  0.1674E-02  0.4004E-04  0.1593E+04
   -1.200008   30.38491  0.1322E-13  0.1552E-04  0.4243E-07  0.1700E-02  0.3773E-04  0.3019E+03
   -1.250010   30.38542  0.1322E-13  0.1543E-04  0.4293E-07  0.1670E-02  0.3551E-04  0.3260E+03
   -1.300011   30.38594  0.1322E-13  0.1531E-04  0.4362E-07  0.1621E-02  0.3339E-04  0.3728E+03
   -1.350012   30.38648  0.1322E-13  0.1517E-04  0.4456E-07  0.1563E-02  0.3131E-04  0.4516E+03
   -1.400013   30.38703  0.1322E-13  0.1498E-04  0.4583E-07  0.1487E-02  0.2931E-04  0.5442E+03
   -1.450014   30.38761  0.1322E-13  0.1476E-04  0.4754E-07  0.1410E-02  0.2732E-04  0.6998E+03
   -1.500015   30.38822  0.1322E-13  0.1448E-04  0.4991E-07  0.1299E-02  0.2539E-04  0.9251E+03
   -1.550015   30.38889  0.1322E-13  0.1415E-04  0.5324E-07  0.1214E-02  0.2343E-04  0.1316E+04
   -1.600015   30.38961  0.1322E-13  0.1373E-04  0.5826E-07  0.1071E-02  0.2152E-04  0.2176E+04
   -1.650015   30.39048  0.1322E-13  0.1320E-04  0.6598E-07  0.9927E-03  0.1947E-04  0.7774E+05
   -1.700014   30.39145  0.1322E-13  0.1247E-04  0.7994E-07  0.8121E-03  0.1749E-04 -0.3600E+04
   -1.750013   30.39316  0.1322E-13  0.1148E-04  0.1029E-06  0.7311E-03  0.1481E-04  0.8328E+06
   -1.800012   30.39463  0.1322E-13  0.1013E-04  0.1517E-06  0.5084E-03  0.1272E-04  0.4255E+07
   -1.850010   30.40036  0.1322E-13  0.8605E-05  0.2424E-06  0.4668E-03  0.9040E-05  0.4162E+09
   -1.900008   30.39957  0.1322E-13  0.6790E-05  0.5059E-06  0.2078E-03  0.7354E-05  0.1699E+08
   -1.950006   30.41801  0.1322E-13  0.4745E-05  0.1278E-05  0.1854E-03  0.3909E-05 -0.2441E+08
   -2.000003   30.41991  0.1322E-13  0.0000E+00  0.0000E+00  0.0000E+00  0.7227E-05  0.0000E+00
