 1 - depth, m
 2 - temperature, C
 3 - salinity, kg/kg
 4 - turbulent kinetic energy, m**2/s**2
 5 - dissipation rate, m**2/s**3
 6 - kinematic heat conductance, m**2/s
 7 - modulus of horizontal velocity, m/s
 8 - Richardson number, n/d
   -0.000000   28.56004  0.4010E-13  0.9766E-05  0.4743E-06  0.3366E-04  0.1205E-01 -0.2373E+00
   -0.049997   28.60899  0.4010E-13  0.1168E-04  0.1871E-06  0.2418E-03  0.6630E-02  0.8010E+02
   -0.099994   28.61585  0.4010E-13  0.1282E-04  0.1394E-06  0.3683E-03  0.5793E-02  0.1773E+01
   -0.149992   28.61987  0.4010E-13  0.1390E-04  0.1162E-06  0.4839E-03  0.5281E-02  0.2198E+01
   -0.199990   28.62279  0.4010E-13  0.1507E-04  0.1008E-06  0.6505E-03  0.4792E-02  0.2634E+01
   -0.249989   28.62490  0.4010E-13  0.1623E-04  0.8978E-07  0.7544E-03  0.4332E-02  0.2938E+01
   -0.299988   28.62667  0.4010E-13  0.1734E-04  0.8143E-07  0.8243E-03  0.3890E-02  0.3207E+01
   -0.349988   28.62825  0.4010E-13  0.1835E-04  0.7478E-07  0.9079E-03  0.3462E-02  0.3494E+01
   -0.399987   28.62965  0.4010E-13  0.1923E-04  0.6932E-07  0.1024E-02  0.3042E-02  0.3239E+01
   -0.449987   28.63086  0.4010E-13  0.1995E-04  0.6480E-07  0.1152E-02  0.2661E-02  0.2874E+01
   -0.499988   28.63192  0.4010E-13  0.2053E-04  0.6109E-07  0.1280E-02  0.2327E-02  0.2589E+01
   -0.549988   28.63285  0.4010E-13  0.2096E-04  0.5808E-07  0.1399E-02  0.2036E-02  0.2355E+01
   -0.599989   28.63369  0.4010E-13  0.2125E-04  0.5566E-07  0.1504E-02  0.1783E-02  0.2169E+01
   -0.649990   28.63446  0.4010E-13  0.2142E-04  0.5375E-07  0.1594E-02  0.1564E-02  0.2013E+01
   -0.699991   28.63517  0.4010E-13  0.2148E-04  0.5229E-07  0.1669E-02  0.1374E-02  0.1881E+01
   -0.749992   28.63584  0.4010E-13  0.2145E-04  0.5124E-07  0.1736E-02  0.1209E-02  0.1767E+01
   -0.799994   28.63648  0.4010E-13  0.2133E-04  0.5054E-07  0.1798E-02  0.1067E-02  0.1665E+01
   -0.849995   28.63709  0.4010E-13  0.2114E-04  0.5017E-07  0.1862E-02  0.9451E-03  0.1574E+01
   -0.899997   28.63767  0.4010E-13  0.2090E-04  0.5009E-07  0.1931E-02  0.8397E-03  0.1492E+01
   -0.949998   28.63823  0.4010E-13  0.2061E-04  0.5029E-07  0.2008E-02  0.7486E-03  0.1419E+01
   -1.000000   28.63876  0.4010E-13  0.2029E-04  0.5075E-07  0.2084E-02  0.6699E-03  0.1351E+01
   -1.050002   28.63926  0.4010E-13  0.1995E-04  0.5143E-07  0.2033E-02  0.6017E-03  0.1245E+01
   -1.100003   28.63978  0.4010E-13  0.1973E-04  0.5198E-07  0.2503E-02  0.5416E-03  0.1126E+01
   -1.150005   28.64020  0.4010E-13  0.1954E-04  0.5263E-07  0.1952E-02  0.5200E-03  0.3093E+01
   -1.200007   28.64074  0.4010E-13  0.1926E-04  0.5366E-07  0.2123E-02  0.4947E-03  0.1120E+01
   -1.250008   28.64123  0.4010E-13  0.1888E-04  0.5533E-07  0.1903E-02  0.4562E-03  0.1045E+01
   -1.300009   28.64178  0.4010E-13  0.1850E-04  0.5729E-07  0.1790E-02  0.4230E-03  0.1040E+01
   -1.350010   28.64236  0.4010E-13  0.1810E-04  0.5981E-07  0.1680E-02  0.3939E-03  0.1124E+01
   -1.400011   28.64299  0.4010E-13  0.1766E-04  0.6317E-07  0.1568E-02  0.3672E-03  0.1338E+01
   -1.450012   28.64367  0.4010E-13  0.1717E-04  0.6787E-07  0.1461E-02  0.3423E-03  0.1863E+01
   -1.500013   28.64444  0.4010E-13  0.1658E-04  0.7463E-07  0.1352E-02  0.3178E-03  0.1096E+02
   -1.550013   28.64533  0.4010E-13  0.1586E-04  0.8503E-07  0.1248E-02  0.2930E-03  0.2023E+04
   -1.600013   28.64661  0.4010E-13  0.1492E-04  0.1007E-06  0.1118E-02  0.2652E-03  0.7265E+03
   -1.650013   28.64814  0.4010E-13  0.1378E-04  0.1246E-06  0.9710E-03  0.2353E-03  0.1447E+05
   -1.700012   28.64985  0.4010E-13  0.1228E-04  0.1807E-06  0.7782E-03  0.2043E-03  0.1191E+05
   -1.750011   28.65366  0.4010E-13  0.1090E-04  0.2529E-06  0.6997E-03  0.1610E-03  0.3485E+05
   -1.800010   28.65417  0.4010E-13  0.9291E-05  0.4215E-06  0.4838E-03  0.1413E-03  0.6009E+04
   -1.850008   28.66936  0.4010E-13  0.7903E-05  0.7105E-06  0.4816E-03  0.8887E-04  0.1780E+10
   -1.900006   28.65880  0.4010E-13  0.6379E-05  0.1500E-05  0.2524E-03  0.7821E-04 -0.1287E+06
   -1.950003   28.68954  0.4010E-13  0.4706E-05  0.3226E-05  0.2937E-03  0.3922E-04 -0.2846E+05
   -2.000000   28.68916  0.4010E-13  0.0000E+00  0.0000E+00  0.0000E+00  0.9890E-04  0.0000E+00
