 1 - depth, m
 2 - temperature, C
 3 - salinity, kg/kg
 4 - turbulent kinetic energy, m**2/s**2
 5 - dissipation rate, m**2/s**3
 6 - kinematic heat conductance, m**2/s
 7 - modulus of horizontal velocity, m/s
 8 - Richardson number, n/d
   -0.000000   30.53178  0.2972E-13  0.4778E-05  0.2926E-06  0.5040E-04  0.1876E-02  0.4650E+04
   -0.049997   30.56073  0.2972E-13  0.8113E-05  0.1301E-06  0.1758E-03  0.1066E-02  0.6462E+04
   -0.099994   30.57190  0.2972E-13  0.9831E-05  0.8941E-07  0.3945E-03  0.7821E-03  0.1406E+02
   -0.149992   30.57502  0.2972E-13  0.1091E-04  0.7495E-07  0.4760E-03  0.6902E-03  0.6892E+01
   -0.199991   30.57750  0.2972E-13  0.1176E-04  0.6651E-07  0.6358E-03  0.6160E-03  0.4419E+01
   -0.249989   30.57931  0.2972E-13  0.1243E-04  0.6100E-07  0.7607E-03  0.5604E-03  0.3264E+01
   -0.299988   30.58078  0.2972E-13  0.1298E-04  0.5708E-07  0.8850E-03  0.5143E-03  0.2595E+01
   -0.349988   30.58201  0.2972E-13  0.1344E-04  0.5415E-07  0.9976E-03  0.4747E-03  0.2224E+01
   -0.399988   30.58309  0.2972E-13  0.1382E-04  0.5188E-07  0.1101E-02  0.4398E-03  0.1980E+01
   -0.449988   30.58404  0.2972E-13  0.1416E-04  0.5004E-07  0.1197E-02  0.4090E-03  0.1866E+01
   -0.499988   30.58489  0.2972E-13  0.1445E-04  0.4852E-07  0.1285E-02  0.3818E-03  0.1814E+01
   -0.549989   30.58568  0.2972E-13  0.1470E-04  0.4726E-07  0.1367E-02  0.3575E-03  0.1797E+01
   -0.599989   30.58640  0.2972E-13  0.1492E-04  0.4620E-07  0.1440E-02  0.3354E-03  0.1794E+01
   -0.649990   30.58708  0.2972E-13  0.1511E-04  0.4531E-07  0.1507E-02  0.3153E-03  0.1822E+01
   -0.699992   30.58772  0.2972E-13  0.1528E-04  0.4457E-07  0.1565E-02  0.2969E-03  0.1858E+01
   -0.749993   30.58833  0.2972E-13  0.1541E-04  0.4395E-07  0.1616E-02  0.2799E-03  0.1924E+01
   -0.799995   30.58891  0.2972E-13  0.1553E-04  0.4345E-07  0.1659E-02  0.2641E-03  0.2000E+01
   -0.849996   30.58947  0.2972E-13  0.1562E-04  0.4306E-07  0.1695E-02  0.2493E-03  0.2110E+01
   -0.899998   30.59002  0.2972E-13  0.1569E-04  0.4276E-07  0.1722E-02  0.2355E-03  0.2235E+01
   -0.949999   30.59055  0.2972E-13  0.1574E-04  0.4256E-07  0.1742E-02  0.2225E-03  0.2401E+01
   -1.000001   30.59107  0.2972E-13  0.1577E-04  0.4247E-07  0.1753E-02  0.2102E-03  0.2590E+01
   -1.050003   30.59159  0.2972E-13  0.1577E-04  0.4247E-07  0.1755E-02  0.1985E-03  0.2948E+01
   -1.100005   30.59210  0.2972E-13  0.1576E-04  0.4259E-07  0.1838E-02  0.1873E-03  0.9791E+01
   -1.150006   30.59259  0.2972E-13  0.1572E-04  0.4283E-07  0.1678E-02  0.1774E-03  0.2202E+02
   -1.200008   30.59312  0.2972E-13  0.1567E-04  0.4321E-07  0.1700E-02  0.1671E-03  0.4266E+01
   -1.250009   30.59364  0.2972E-13  0.1558E-04  0.4375E-07  0.1669E-02  0.1573E-03  0.4549E+01
   -1.300011   30.59417  0.2972E-13  0.1547E-04  0.4450E-07  0.1621E-02  0.1478E-03  0.5340E+01
   -1.350012   30.59472  0.2972E-13  0.1533E-04  0.4550E-07  0.1563E-02  0.1386E-03  0.6383E+01
   -1.400013   30.59528  0.2972E-13  0.1515E-04  0.4684E-07  0.1487E-02  0.1296E-03  0.7905E+01
   -1.450014   30.59588  0.2972E-13  0.1493E-04  0.4865E-07  0.1411E-02  0.1209E-03  0.1005E+02
   -1.500014   30.59651  0.2972E-13  0.1466E-04  0.5113E-07  0.1300E-02  0.1122E-03  0.1368E+02
   -1.550015   30.59720  0.2972E-13  0.1433E-04  0.5462E-07  0.1219E-02  0.1036E-03  0.1943E+02
   -1.600015   30.59794  0.2972E-13  0.1392E-04  0.5995E-07  0.1070E-02  0.9512E-04  0.3857E+02
   -1.650014   30.59886  0.2972E-13  0.1338E-04  0.6808E-07  0.9963E-03  0.8600E-04  0.2994E+03
   -1.700014   30.59986  0.2972E-13  0.1265E-04  0.8257E-07  0.8085E-03  0.7725E-04 -0.4451E+04
   -1.750013   30.60167  0.2972E-13  0.1167E-04  0.1064E-06  0.7371E-03  0.6556E-04  0.6406E+05
   -1.800012   30.60313  0.2972E-13  0.1033E-04  0.1569E-06  0.5118E-03  0.5651E-04  0.3352E+05
   -1.850010   30.60926  0.2972E-13  0.8806E-05  0.2517E-06  0.4743E-03  0.4064E-04  0.4957E+07
   -1.900008   30.60826  0.2972E-13  0.7005E-05  0.5191E-06  0.2130E-03  0.3311E-04  0.9403E+05
   -1.950005   30.62768  0.2972E-13  0.4883E-05  0.1321E-05  0.1837E-03  0.1794E-04 -0.5147E+06
   -2.000002   30.63014  0.2972E-13  0.0000E+00  0.0000E+00  0.0000E+00  0.3213E-04  0.0000E+00
