 1 - depth, m
 2 - temperature, C
 3 - salinity, kg/kg
 4 - turbulent kinetic energy, m**2/s**2
 5 - dissipation rate, m**2/s**3
 6 - kinematic heat conductance, m**2/s
 7 - modulus of horizontal velocity, m/s
 8 - Richardson number, n/d
   -0.000000   25.89018  0.2508E-13  0.1054E-04  0.5101E-06  0.3034E-04  0.1400E-01 -0.1694E+00
   -0.049997   25.93851  0.2508E-13  0.1186E-04  0.1925E-06  0.2060E-03  0.7893E-02  0.5541E+02
   -0.099994   25.94628  0.2508E-13  0.1282E-04  0.1384E-06  0.3883E-03  0.6706E-02  0.2307E+01
   -0.149992   25.94980  0.2508E-13  0.1373E-04  0.1144E-06  0.4896E-03  0.6124E-02  0.2789E+01
   -0.199991   25.95249  0.2508E-13  0.1477E-04  0.9826E-07  0.6443E-03  0.5540E-02  0.3367E+01
   -0.249989   25.95448  0.2508E-13  0.1581E-04  0.8695E-07  0.7146E-03  0.5001E-02  0.3745E+01
   -0.299989   25.95623  0.2508E-13  0.1678E-04  0.7846E-07  0.7844E-03  0.4488E-02  0.4169E+01
   -0.349988   25.95778  0.2508E-13  0.1767E-04  0.7172E-07  0.8645E-03  0.3992E-02  0.4652E+01
   -0.399988   25.95916  0.2508E-13  0.1842E-04  0.6612E-07  0.9742E-03  0.3506E-02  0.4164E+01
   -0.449988   25.96037  0.2508E-13  0.1903E-04  0.6143E-07  0.1095E-02  0.3065E-02  0.3531E+01
   -0.499988   25.96142  0.2508E-13  0.1951E-04  0.5752E-07  0.1216E-02  0.2676E-02  0.3071E+01
   -0.549989   25.96235  0.2508E-13  0.1986E-04  0.5429E-07  0.1331E-02  0.2336E-02  0.2718E+01
   -0.599990   25.96318  0.2508E-13  0.2009E-04  0.5165E-07  0.1431E-02  0.2038E-02  0.2447E+01
   -0.649991   25.96395  0.2508E-13  0.2021E-04  0.4953E-07  0.1514E-02  0.1778E-02  0.2233E+01
   -0.699992   25.96466  0.2508E-13  0.2023E-04  0.4786E-07  0.1579E-02  0.1553E-02  0.2057E+01
   -0.749993   25.96534  0.2508E-13  0.2016E-04  0.4661E-07  0.1632E-02  0.1358E-02  0.1910E+01
   -0.799995   25.96599  0.2508E-13  0.2001E-04  0.4573E-07  0.1678E-02  0.1190E-02  0.1782E+01
   -0.849996   25.96661  0.2508E-13  0.1980E-04  0.4518E-07  0.1723E-02  0.1045E-02  0.1670E+01
   -0.899998   25.96721  0.2508E-13  0.1953E-04  0.4493E-07  0.1773E-02  0.9200E-03  0.1570E+01
   -0.950000   25.96779  0.2508E-13  0.1922E-04  0.4497E-07  0.1831E-02  0.8127E-03  0.1480E+01
   -1.000001   25.96835  0.2508E-13  0.1889E-04  0.4528E-07  0.1903E-02  0.7202E-03  0.1402E+01
   -1.050003   25.96888  0.2508E-13  0.1853E-04  0.4582E-07  0.1892E-02  0.6406E-03  0.1287E+01
   -1.100005   25.96941  0.2508E-13  0.1832E-04  0.4626E-07  0.2400E-02  0.5702E-03  0.1093E+01
   -1.150006   25.96983  0.2508E-13  0.1813E-04  0.4677E-07  0.1926E-02  0.5464E-03  0.2623E+01
   -1.200008   25.97035  0.2508E-13  0.1787E-04  0.4762E-07  0.2047E-02  0.5203E-03  0.1143E+01
   -1.250009   25.97084  0.2508E-13  0.1748E-04  0.4910E-07  0.1819E-02  0.4758E-03  0.1049E+01
   -1.300011   25.97139  0.2508E-13  0.1711E-04  0.5078E-07  0.1705E-02  0.4386E-03  0.9996E+00
   -1.350012   25.97198  0.2508E-13  0.1673E-04  0.5284E-07  0.1598E-02  0.4065E-03  0.1032E+01
   -1.400013   25.97261  0.2508E-13  0.1631E-04  0.5559E-07  0.1503E-02  0.3780E-03  0.1203E+01
   -1.450014   25.97329  0.2508E-13  0.1585E-04  0.5946E-07  0.1369E-02  0.3515E-03  0.1593E+01
   -1.500015   25.97406  0.2508E-13  0.1531E-04  0.6493E-07  0.1286E-02  0.3256E-03  0.5811E+01
   -1.550015   25.97492  0.2508E-13  0.1466E-04  0.7327E-07  0.1164E-02  0.3003E-03  0.1132E+02
   -1.600015   25.97611  0.2508E-13  0.1382E-04  0.8582E-07  0.1075E-02  0.2727E-03  0.2007E+03
   -1.650015   25.97747  0.2508E-13  0.1271E-04  0.1076E-06  0.9064E-03  0.2437E-03  0.1387E+04
   -1.700014   25.97946  0.2508E-13  0.1083E-04  0.2255E-06  0.6597E-03  0.2085E-03  0.7542E+05
   -1.750013   25.98383  0.2508E-13  0.9522E-05  0.3018E-06  0.6564E-03  0.1549E-03  0.3983E+05
   -1.800012   25.98327  0.2508E-13  0.8102E-05  0.4747E-06  0.4401E-03  0.1438E-03  0.1569E+03
   -1.850010   26.00067  0.2508E-13  0.6848E-05  0.8120E-06  0.4732E-03  0.8235E-04  0.8554E+07
   -1.900008   25.98672  0.2508E-13  0.5640E-05  0.1680E-05  0.2447E-03  0.7708E-04 -0.6854E+05
   -1.950006   26.01893  0.2508E-13  0.4128E-05  0.3489E-05  0.3279E-03  0.3698E-04 -0.3133E+05
   -2.000003   26.01622  0.2508E-13  0.0000E+00  0.0000E+00  0.0000E+00  0.1030E-03  0.0000E+00
