 1 - depth, m
 2 - temperature, C
 3 - salinity, kg/kg
 4 - turbulent kinetic energy, m**2/s**2
 5 - dissipation rate, m**2/s**3
 6 - kinematic heat conductance, m**2/s
 7 - modulus of horizontal velocity, m/s
 8 - Richardson number, n/d
   -0.000000   29.80718  0.8787E-14  0.4557E-05  0.2735E-06  0.4919E-04  0.1671E-02  0.6942E+04
   -0.049997   29.83561  0.8787E-14  0.7792E-05  0.1219E-06  0.1718E-03  0.9535E-03  0.4483E+04
   -0.099994   29.84664  0.8787E-14  0.9454E-05  0.8377E-07  0.3898E-03  0.6953E-03  0.1654E+02
   -0.149992   29.84969  0.8787E-14  0.1049E-04  0.7034E-07  0.4691E-03  0.6135E-03  0.8038E+01
   -0.199991   29.85213  0.8787E-14  0.1130E-04  0.6246E-07  0.6259E-03  0.5472E-03  0.5168E+01
   -0.249989   29.85390  0.8787E-14  0.1194E-04  0.5730E-07  0.7487E-03  0.4976E-03  0.3810E+01
   -0.299989   29.85534  0.8787E-14  0.1247E-04  0.5362E-07  0.8705E-03  0.4563E-03  0.3031E+01
   -0.349988   29.85656  0.8787E-14  0.1291E-04  0.5086E-07  0.9811E-03  0.4209E-03  0.2591E+01
   -0.399988   29.85760  0.8787E-14  0.1328E-04  0.4872E-07  0.1082E-02  0.3897E-03  0.2310E+01
   -0.449988   29.85854  0.8787E-14  0.1359E-04  0.4697E-07  0.1177E-02  0.3622E-03  0.2169E+01
   -0.499988   29.85938  0.8787E-14  0.1387E-04  0.4553E-07  0.1263E-02  0.3379E-03  0.2111E+01
   -0.549989   29.86014  0.8787E-14  0.1411E-04  0.4433E-07  0.1343E-02  0.3162E-03  0.2083E+01
   -0.599990   29.86085  0.8787E-14  0.1431E-04  0.4331E-07  0.1415E-02  0.2966E-03  0.2085E+01
   -0.649991   29.86152  0.8787E-14  0.1449E-04  0.4245E-07  0.1480E-02  0.2787E-03  0.2111E+01
   -0.699992   29.86214  0.8787E-14  0.1464E-04  0.4172E-07  0.1538E-02  0.2622E-03  0.2159E+01
   -0.749993   29.86274  0.8787E-14  0.1477E-04  0.4112E-07  0.1588E-02  0.2471E-03  0.2230E+01
   -0.799995   29.86330  0.8787E-14  0.1488E-04  0.4061E-07  0.1631E-02  0.2330E-03  0.2323E+01
   -0.849996   29.86385  0.8787E-14  0.1496E-04  0.4020E-07  0.1667E-02  0.2198E-03  0.2441E+01
   -0.899998   29.86438  0.8787E-14  0.1502E-04  0.3989E-07  0.1694E-02  0.2075E-03  0.2587E+01
   -0.950000   29.86489  0.8787E-14  0.1507E-04  0.3966E-07  0.1714E-02  0.1959E-03  0.2767E+01
   -1.000002   29.86540  0.8787E-14  0.1509E-04  0.3952E-07  0.1727E-02  0.1849E-03  0.2983E+01
   -1.050003   29.86589  0.8787E-14  0.1509E-04  0.3947E-07  0.1730E-02  0.1745E-03  0.3379E+01
   -1.100005   29.86639  0.8787E-14  0.1508E-04  0.3953E-07  0.1806E-02  0.1646E-03  0.1132E+02
   -1.150007   29.86685  0.8787E-14  0.1504E-04  0.3970E-07  0.1664E-02  0.1557E-03  0.2472E+02
   -1.200008   29.86736  0.8787E-14  0.1498E-04  0.3998E-07  0.1681E-02  0.1466E-03  0.4822E+01
   -1.250010   29.86785  0.8787E-14  0.1490E-04  0.4041E-07  0.1653E-02  0.1379E-03  0.5131E+01
   -1.300011   29.86836  0.8787E-14  0.1479E-04  0.4101E-07  0.1608E-02  0.1295E-03  0.5971E+01
   -1.350012   29.86887  0.8787E-14  0.1465E-04  0.4184E-07  0.1552E-02  0.1214E-03  0.7096E+01
   -1.400013   29.86940  0.8787E-14  0.1449E-04  0.4296E-07  0.1481E-02  0.1135E-03  0.8670E+01
   -1.450014   29.86995  0.8787E-14  0.1428E-04  0.4446E-07  0.1406E-02  0.1058E-03  0.1092E+02
   -1.500015   29.87054  0.8787E-14  0.1403E-04  0.4653E-07  0.1302E-02  0.9819E-04  0.1449E+02
   -1.550015   29.87117  0.8787E-14  0.1373E-04  0.4943E-07  0.1215E-02  0.9063E-04  0.2014E+02
   -1.600015   29.87185  0.8787E-14  0.1335E-04  0.5373E-07  0.1077E-02  0.8320E-04  0.3289E+02
   -1.650015   29.87265  0.8787E-14  0.1287E-04  0.6030E-07  0.9938E-03  0.7543E-04  0.5557E+03
   -1.700015   29.87355  0.8787E-14  0.1222E-04  0.7205E-07  0.8197E-03  0.6782E-04  0.4580E+04
   -1.750014   29.87503  0.8787E-14  0.1133E-04  0.9152E-07  0.7357E-03  0.5815E-04  0.6116E+04
   -1.800012   29.87646  0.8787E-14  0.1009E-04  0.1316E-06  0.5215E-03  0.4997E-04 -0.3462E+04
   -1.850011   29.88118  0.8787E-14  0.8614E-05  0.2073E-06  0.4683E-03  0.3675E-04  0.1985E+07
   -1.900009   29.88117  0.8787E-14  0.6778E-05  0.4272E-06  0.2099E-03  0.2953E-04  0.1540E+07
   -1.950006   29.89765  0.8787E-14  0.4677E-05  0.1097E-05  0.1731E-03  0.1602E-04 -0.8750E+06
   -2.000003   29.90024  0.8787E-14  0.0000E+00  0.0000E+00  0.0000E+00  0.2803E-04  0.0000E+00
