 1 - depth, m
 2 - temperature, C
 3 - salinity, kg/kg
 4 - turbulent kinetic energy, m**2/s**2
 5 - dissipation rate, m**2/s**3
 6 - kinematic heat conductance, m**2/s
 7 - modulus of horizontal velocity, m/s
 8 - Richardson number, n/d
   -0.000000   27.24925  0.5391E-13  0.9565E-05  0.4387E-06  0.2978E-04  0.1263E-01 -0.1931E+00
   -0.049997   27.29384  0.5391E-13  0.1101E-04  0.1688E-06  0.2157E-03  0.7022E-02  0.9923E+02
   -0.099994   27.30049  0.5391E-13  0.1198E-04  0.1234E-06  0.3761E-03  0.6008E-02  0.2061E+01
   -0.149992   27.30379  0.5391E-13  0.1287E-04  0.1025E-06  0.4781E-03  0.5480E-02  0.2493E+01
   -0.199991   27.30629  0.5391E-13  0.1387E-04  0.8850E-07  0.6386E-03  0.4959E-02  0.3022E+01
   -0.249989   27.30810  0.5391E-13  0.1486E-04  0.7856E-07  0.7183E-03  0.4476E-02  0.3364E+01
   -0.299988   27.30967  0.5391E-13  0.1580E-04  0.7105E-07  0.7855E-03  0.4015E-02  0.3709E+01
   -0.349988   27.31107  0.5391E-13  0.1666E-04  0.6507E-07  0.8627E-03  0.3570E-02  0.4091E+01
   -0.399988   27.31232  0.5391E-13  0.1739E-04  0.6013E-07  0.9698E-03  0.3133E-02  0.3716E+01
   -0.449988   27.31340  0.5391E-13  0.1801E-04  0.5601E-07  0.1088E-02  0.2738E-02  0.3214E+01
   -0.499988   27.31435  0.5391E-13  0.1849E-04  0.5260E-07  0.1207E-02  0.2391E-02  0.2838E+01
   -0.549989   27.31519  0.5391E-13  0.1886E-04  0.4979E-07  0.1320E-02  0.2088E-02  0.2542E+01
   -0.599990   27.31595  0.5391E-13  0.1912E-04  0.4750E-07  0.1422E-02  0.1824E-02  0.2311E+01
   -0.649991   27.31664  0.5391E-13  0.1928E-04  0.4567E-07  0.1510E-02  0.1594E-02  0.2125E+01
   -0.699992   27.31728  0.5391E-13  0.1935E-04  0.4424E-07  0.1584E-02  0.1395E-02  0.1970E+01
   -0.749993   27.31789  0.5391E-13  0.1933E-04  0.4316E-07  0.1649E-02  0.1223E-02  0.1838E+01
   -0.799995   27.31846  0.5391E-13  0.1924E-04  0.4240E-07  0.1707E-02  0.1074E-02  0.1724E+01
   -0.849996   27.31901  0.5391E-13  0.1910E-04  0.4193E-07  0.1766E-02  0.9457E-03  0.1624E+01
   -0.899998   27.31954  0.5391E-13  0.1890E-04  0.4172E-07  0.1828E-02  0.8351E-03  0.1534E+01
   -0.950000   27.32004  0.5391E-13  0.1866E-04  0.4174E-07  0.1897E-02  0.7398E-03  0.1454E+01
   -1.000001   27.32052  0.5391E-13  0.1839E-04  0.4200E-07  0.1977E-02  0.6574E-03  0.1383E+01
   -1.050003   27.32097  0.5391E-13  0.1811E-04  0.4245E-07  0.1974E-02  0.5861E-03  0.1275E+01
   -1.100005   27.32143  0.5391E-13  0.1793E-04  0.4282E-07  0.2468E-02  0.5229E-03  0.1100E+01
   -1.150006   27.32179  0.5391E-13  0.1778E-04  0.4325E-07  0.2026E-02  0.5013E-03  0.2510E+01
   -1.200008   27.32224  0.5391E-13  0.1756E-04  0.4397E-07  0.2154E-02  0.4780E-03  0.1149E+01
   -1.250009   27.32265  0.5391E-13  0.1723E-04  0.4523E-07  0.1926E-02  0.4372E-03  0.1057E+01
   -1.300011   27.32311  0.5391E-13  0.1691E-04  0.4665E-07  0.1812E-02  0.4029E-03  0.1002E+01
   -1.350012   27.32360  0.5391E-13  0.1659E-04  0.4837E-07  0.1705E-02  0.3732E-03  0.1006E+01
   -1.400013   27.32412  0.5391E-13  0.1624E-04  0.5055E-07  0.1593E-02  0.3470E-03  0.1091E+01
   -1.450014   27.32468  0.5391E-13  0.1586E-04  0.5343E-07  0.1492E-02  0.3231E-03  0.1328E+01
   -1.500014   27.32529  0.5391E-13  0.1543E-04  0.5739E-07  0.1378E-02  0.3005E-03  0.1888E+01
   -1.550015   27.32596  0.5391E-13  0.1491E-04  0.6323E-07  0.1278E-02  0.2782E-03  0.5775E+01
   -1.600015   27.32678  0.5391E-13  0.1425E-04  0.7253E-07  0.1136E-02  0.2551E-03 -0.2438E+03
   -1.650015   27.32785  0.5391E-13  0.1340E-04  0.8707E-07  0.1023E-02  0.2292E-03  0.7299E+03
   -1.700014   27.32916  0.5391E-13  0.1225E-04  0.1170E-06  0.8316E-03  0.2018E-03  0.7765E+04
   -1.750013   27.33150  0.5391E-13  0.1101E-04  0.1577E-06  0.7283E-03  0.1665E-03  0.1270E+06
   -1.800012   27.33275  0.5391E-13  0.9472E-05  0.2521E-06  0.5155E-03  0.1432E-03  0.4458E+05
   -1.850010   27.34184  0.5391E-13  0.8024E-05  0.4186E-06  0.4746E-03  0.9735E-04  0.1410E+08
   -1.900008   27.33720  0.5391E-13  0.6325E-05  0.8954E-06  0.2294E-03  0.8151E-04 -0.4066E+05
   -1.950006   27.36029  0.5391E-13  0.4563E-05  0.2039E-05  0.2420E-03  0.4230E-04  0.8000E+04
   -2.000003   27.36025  0.5391E-13  0.0000E+00  0.0000E+00  0.0000E+00  0.9296E-04  0.0000E+00
