 1 - depth, m
 2 - temperature, C
 3 - salinity, kg/kg
 4 - turbulent kinetic energy, m**2/s**2
 5 - dissipation rate, m**2/s**3
 6 - kinematic heat conductance, m**2/s
 7 - modulus of horizontal velocity, m/s
 8 - Richardson number, n/d
   -0.000000   29.76974  0.4793E-13  0.8842E-05  0.3925E-06  0.2989E-04  0.1114E-01 -0.2585E+00
   -0.049997   29.81396  0.4793E-13  0.1058E-04  0.1574E-06  0.2388E-03  0.6077E-02  0.7010E+02
   -0.099994   29.81960  0.4793E-13  0.1160E-04  0.1184E-06  0.3532E-03  0.5314E-02  0.1743E+01
   -0.149992   29.82308  0.4793E-13  0.1255E-04  0.9912E-07  0.4647E-03  0.4840E-02  0.2163E+01
   -0.199991   29.82562  0.4793E-13  0.1357E-04  0.8614E-07  0.6224E-03  0.4387E-02  0.2601E+01
   -0.249989   29.82746  0.4793E-13  0.1459E-04  0.7680E-07  0.7402E-03  0.3964E-02  0.2912E+01
   -0.299989   29.82895  0.4793E-13  0.1554E-04  0.6967E-07  0.8045E-03  0.3558E-02  0.3166E+01
   -0.349988   29.83030  0.4793E-13  0.1642E-04  0.6398E-07  0.8792E-03  0.3164E-02  0.3440E+01
   -0.399988   29.83149  0.4793E-13  0.1717E-04  0.5929E-07  0.9842E-03  0.2779E-02  0.3189E+01
   -0.449988   29.83253  0.4793E-13  0.1780E-04  0.5539E-07  0.1101E-02  0.2431E-02  0.2837E+01
   -0.499988   29.83345  0.4793E-13  0.1830E-04  0.5218E-07  0.1218E-02  0.2126E-02  0.2563E+01
   -0.549989   29.83425  0.4793E-13  0.1868E-04  0.4955E-07  0.1330E-02  0.1861E-02  0.2339E+01
   -0.599990   29.83498  0.4793E-13  0.1894E-04  0.4741E-07  0.1432E-02  0.1630E-02  0.2158E+01
   -0.649991   29.83565  0.4793E-13  0.1910E-04  0.4569E-07  0.1522E-02  0.1430E-02  0.2007E+01
   -0.699992   29.83626  0.4793E-13  0.1916E-04  0.4434E-07  0.1603E-02  0.1256E-02  0.1879E+01
   -0.749993   29.83683  0.4793E-13  0.1915E-04  0.4332E-07  0.1677E-02  0.1106E-02  0.1767E+01
   -0.799995   29.83737  0.4793E-13  0.1906E-04  0.4259E-07  0.1747E-02  0.9764E-03  0.1669E+01
   -0.849996   29.83788  0.4793E-13  0.1891E-04  0.4212E-07  0.1818E-02  0.8644E-03  0.1580E+01
   -0.899998   29.83837  0.4793E-13  0.1871E-04  0.4189E-07  0.1893E-02  0.7676E-03  0.1501E+01
   -0.950000   29.83883  0.4793E-13  0.1848E-04  0.4189E-07  0.1974E-02  0.6838E-03  0.1429E+01
   -1.000002   29.83926  0.4793E-13  0.1821E-04  0.4209E-07  0.2059E-02  0.6112E-03  0.1363E+01
   -1.050003   29.83967  0.4793E-13  0.1793E-04  0.4248E-07  0.2026E-02  0.5482E-03  0.1261E+01
   -1.100005   29.84009  0.4793E-13  0.1774E-04  0.4282E-07  0.2428E-02  0.4924E-03  0.1133E+01
   -1.150007   29.84043  0.4793E-13  0.1758E-04  0.4323E-07  0.1955E-02  0.4723E-03  0.2880E+01
   -1.200008   29.84086  0.4793E-13  0.1735E-04  0.4392E-07  0.2109E-02  0.4495E-03  0.1121E+01
   -1.250010   29.84125  0.4793E-13  0.1703E-04  0.4507E-07  0.1891E-02  0.4135E-03  0.1031E+01
   -1.300011   29.84168  0.4793E-13  0.1671E-04  0.4639E-07  0.1784E-02  0.3827E-03  0.9864E+00
   -1.350012   29.84213  0.4793E-13  0.1638E-04  0.4803E-07  0.1685E-02  0.3560E-03  0.1014E+01
   -1.400013   29.84261  0.4793E-13  0.1603E-04  0.5016E-07  0.1573E-02  0.3320E-03  0.1140E+01
   -1.450014   29.84312  0.4793E-13  0.1563E-04  0.5301E-07  0.1473E-02  0.3096E-03  0.1423E+01
   -1.500015   29.84368  0.4793E-13  0.1518E-04  0.5698E-07  0.1351E-02  0.2882E-03  0.2108E+01
   -1.550015   29.84430  0.4793E-13  0.1464E-04  0.6282E-07  0.1257E-02  0.2667E-03  0.3837E+01
   -1.600015   29.84501  0.4793E-13  0.1395E-04  0.7247E-07  0.1110E-02  0.2447E-03  0.1161E+04
   -1.650015   29.84604  0.4793E-13  0.1306E-04  0.8773E-07  0.9944E-03  0.2190E-03  0.8715E+02
   -1.700015   29.84728  0.4793E-13  0.1184E-04  0.1164E-06  0.8095E-03  0.1919E-03  0.3931E+04
   -1.750014   29.84946  0.4793E-13  0.1052E-04  0.1579E-06  0.7007E-03  0.1571E-03  0.8947E+05
   -1.800012   29.85073  0.4793E-13  0.8901E-05  0.2514E-06  0.4949E-03  0.1339E-03  0.5083E+05
   -1.850011   29.85920  0.4793E-13  0.7490E-05  0.4200E-06  0.4584E-03  0.8898E-04  0.8371E+07
   -1.900009   29.85462  0.4793E-13  0.5870E-05  0.9104E-06  0.2167E-03  0.7473E-04 -0.2414E+05
   -1.950006   29.87596  0.4793E-13  0.4281E-05  0.2035E-05  0.2527E-03  0.3782E-04 -0.4509E+04
   -2.000003   29.87321  0.4793E-13  0.0000E+00  0.0000E+00  0.0000E+00  0.8793E-04  0.0000E+00
