 1 - depth, m
 2 - temperature, C
 3 - salinity, kg/kg
 4 - turbulent kinetic energy, m**2/s**2
 5 - dissipation rate, m**2/s**3
 6 - kinematic heat conductance, m**2/s
 7 - modulus of horizontal velocity, m/s
 8 - Richardson number, n/d
   -0.000000   30.72687  0.4719E-13  0.4839E-05  0.3012E-06  0.4941E-04  0.1041E-02  0.2991E+04
   -0.049997   30.75834  0.4719E-13  0.8390E-05  0.1339E-06  0.1834E-03  0.5847E-03  0.6881E+02
   -0.099994   30.76979  0.4719E-13  0.1016E-04  0.9276E-07  0.4039E-03  0.4313E-03  0.4491E+02
   -0.149992   30.77301  0.4719E-13  0.1128E-04  0.7800E-07  0.4874E-03  0.3812E-03  0.2210E+02
   -0.199991   30.77557  0.4719E-13  0.1214E-04  0.6934E-07  0.6499E-03  0.3407E-03  0.1422E+02
   -0.249989   30.77744  0.4719E-13  0.1283E-04  0.6366E-07  0.7759E-03  0.3104E-03  0.1053E+02
   -0.299988   30.77896  0.4719E-13  0.1340E-04  0.5961E-07  0.9019E-03  0.2851E-03  0.8385E+01
   -0.349988   30.78023  0.4719E-13  0.1387E-04  0.5657E-07  0.1016E-02  0.2634E-03  0.7177E+01
   -0.399988   30.78134  0.4719E-13  0.1426E-04  0.5421E-07  0.1120E-02  0.2443E-03  0.6394E+01
   -0.449988   30.78232  0.4719E-13  0.1460E-04  0.5229E-07  0.1217E-02  0.2274E-03  0.6002E+01
   -0.499988   30.78320  0.4719E-13  0.1489E-04  0.5071E-07  0.1305E-02  0.2124E-03  0.5834E+01
   -0.549989   30.78401  0.4719E-13  0.1515E-04  0.4939E-07  0.1387E-02  0.1991E-03  0.5757E+01
   -0.599989   30.78476  0.4719E-13  0.1536E-04  0.4827E-07  0.1460E-02  0.1870E-03  0.5754E+01
   -0.649990   30.78546  0.4719E-13  0.1555E-04  0.4734E-07  0.1526E-02  0.1759E-03  0.5829E+01
   -0.699992   30.78612  0.4719E-13  0.1571E-04  0.4655E-07  0.1585E-02  0.1658E-03  0.5954E+01
   -0.749993   30.78674  0.4719E-13  0.1585E-04  0.4589E-07  0.1635E-02  0.1564E-03  0.6157E+01
   -0.799994   30.78734  0.4719E-13  0.1596E-04  0.4536E-07  0.1678E-02  0.1476E-03  0.6407E+01
   -0.849996   30.78792  0.4719E-13  0.1604E-04  0.4493E-07  0.1713E-02  0.1395E-03  0.6747E+01
   -0.899998   30.78848  0.4719E-13  0.1611E-04  0.4460E-07  0.1740E-02  0.1318E-03  0.7147E+01
   -0.949999   30.78903  0.4719E-13  0.1615E-04  0.4438E-07  0.1759E-02  0.1246E-03  0.7664E+01
   -1.000001   30.78956  0.4719E-13  0.1617E-04  0.4427E-07  0.1769E-02  0.1178E-03  0.8268E+01
   -1.050003   30.79009  0.4719E-13  0.1617E-04  0.4426E-07  0.1770E-02  0.1113E-03  0.9389E+01
   -1.100004   30.79062  0.4719E-13  0.1615E-04  0.4436E-07  0.1859E-02  0.1051E-03  0.3099E+02
   -1.150006   30.79111  0.4719E-13  0.1611E-04  0.4461E-07  0.1682E-02  0.9956E-04  0.7110E+02
   -1.200008   30.79166  0.4719E-13  0.1604E-04  0.4499E-07  0.1709E-02  0.9380E-04  0.1364E+02
   -1.250009   30.79220  0.4719E-13  0.1594E-04  0.4556E-07  0.1679E-02  0.8831E-04  0.1453E+02
   -1.300010   30.79274  0.4719E-13  0.1582E-04  0.4633E-07  0.1628E-02  0.8302E-04  0.1708E+02
   -1.350012   30.79330  0.4719E-13  0.1566E-04  0.4739E-07  0.1568E-02  0.7789E-04  0.2046E+02
   -1.400013   30.79388  0.4719E-13  0.1546E-04  0.4881E-07  0.1489E-02  0.7288E-04  0.2544E+02
   -1.450013   30.79449  0.4719E-13  0.1523E-04  0.5074E-07  0.1412E-02  0.6796E-04  0.3254E+02
   -1.500014   30.79513  0.4719E-13  0.1493E-04  0.5342E-07  0.1298E-02  0.6313E-04  0.4471E+02
   -1.550014   30.79585  0.4719E-13  0.1458E-04  0.5721E-07  0.1217E-02  0.5826E-04  0.6473E+02
   -1.600014   30.79661  0.4719E-13  0.1413E-04  0.6312E-07  0.1069E-02  0.5350E-04  0.1408E+03
   -1.650014   30.79758  0.4719E-13  0.1354E-04  0.7223E-07  0.9915E-03  0.4829E-04  0.1390E+03
   -1.700014   30.79865  0.4719E-13  0.1274E-04  0.8831E-07  0.8045E-03  0.4328E-04  0.2266E+05
   -1.750013   30.80059  0.4719E-13  0.1170E-04  0.1147E-06  0.7327E-03  0.3653E-04  0.2561E+06
   -1.800011   30.80207  0.4719E-13  0.1032E-04  0.1715E-06  0.5031E-03  0.3149E-04  0.1180E+07
   -1.850010   30.80882  0.4719E-13  0.8784E-05  0.2781E-06  0.4706E-03  0.2242E-04  0.7321E+08
   -1.900008   30.80720  0.4719E-13  0.6972E-05  0.5786E-06  0.2132E-03  0.1834E-04  0.2868E+05
   -1.950005   30.82763  0.4719E-13  0.4893E-05  0.1431E-05  0.1935E-03  0.9848E-05 -0.1286E+07
   -2.000002   30.82925  0.4719E-13  0.0000E+00  0.0000E+00  0.0000E+00  0.1817E-04  0.0000E+00
