 1 - depth, m
 2 - temperature, C
 3 - salinity, kg/kg
 4 - turbulent kinetic energy, m**2/s**2
 5 - dissipation rate, m**2/s**3
 6 - kinematic heat conductance, m**2/s
 7 - modulus of horizontal velocity, m/s
 8 - Richardson number, n/d
   -0.000000   30.13612  0.2506E-14  0.4666E-05  0.2855E-06  0.4852E-04  0.9403E-03  0.5773E+03
   -0.049997   30.16664  0.2506E-14  0.8135E-05  0.1266E-06  0.1814E-03  0.5273E-03  0.5898E+02
   -0.099994   30.17784  0.2506E-14  0.9859E-05  0.8776E-07  0.4027E-03  0.3874E-03  0.5203E+02
   -0.149992   30.18095  0.2506E-14  0.1094E-04  0.7394E-07  0.4846E-03  0.3426E-03  0.2556E+02
   -0.199991   30.18343  0.2506E-14  0.1178E-04  0.6581E-07  0.6453E-03  0.3062E-03  0.1650E+02
   -0.249989   30.18524  0.2506E-14  0.1245E-04  0.6047E-07  0.7699E-03  0.2789E-03  0.1223E+02
   -0.299989   30.18672  0.2506E-14  0.1300E-04  0.5666E-07  0.8945E-03  0.2561E-03  0.9762E+01
   -0.349988   30.18796  0.2506E-14  0.1346E-04  0.5381E-07  0.1007E-02  0.2366E-03  0.8361E+01
   -0.399988   30.18904  0.2506E-14  0.1384E-04  0.5158E-07  0.1110E-02  0.2193E-03  0.7465E+01
   -0.449988   30.19000  0.2506E-14  0.1417E-04  0.4978E-07  0.1206E-02  0.2041E-03  0.7009E+01
   -0.499988   30.19086  0.2506E-14  0.1446E-04  0.4829E-07  0.1294E-02  0.1906E-03  0.6828E+01
   -0.549989   30.19166  0.2506E-14  0.1471E-04  0.4704E-07  0.1374E-02  0.1785E-03  0.6734E+01
   -0.599990   30.19239  0.2506E-14  0.1492E-04  0.4599E-07  0.1447E-02  0.1676E-03  0.6746E+01
   -0.649991   30.19307  0.2506E-14  0.1511E-04  0.4511E-07  0.1513E-02  0.1577E-03  0.6827E+01
   -0.699992   30.19372  0.2506E-14  0.1527E-04  0.4437E-07  0.1571E-02  0.1485E-03  0.6991E+01
   -0.749993   30.19433  0.2506E-14  0.1540E-04  0.4374E-07  0.1621E-02  0.1401E-03  0.7216E+01
   -0.799995   30.19492  0.2506E-14  0.1551E-04  0.4323E-07  0.1664E-02  0.1322E-03  0.7528E+01
   -0.849996   30.19549  0.2506E-14  0.1560E-04  0.4283E-07  0.1699E-02  0.1248E-03  0.7909E+01
   -0.899998   30.19604  0.2506E-14  0.1566E-04  0.4251E-07  0.1726E-02  0.1179E-03  0.8395E+01
   -0.950000   30.19657  0.2506E-14  0.1570E-04  0.4230E-07  0.1745E-02  0.1114E-03  0.8978E+01
   -1.000001   30.19710  0.2506E-14  0.1573E-04  0.4218E-07  0.1757E-02  0.1053E-03  0.9700E+01
   -1.050003   30.19762  0.2506E-14  0.1573E-04  0.4216E-07  0.1758E-02  0.9946E-04  0.1098E+02
   -1.100005   30.19813  0.2506E-14  0.1571E-04  0.4224E-07  0.1843E-02  0.9389E-04  0.3662E+02
   -1.150006   30.19861  0.2506E-14  0.1567E-04  0.4246E-07  0.1678E-02  0.8892E-04  0.8142E+02
   -1.200008   30.19915  0.2506E-14  0.1560E-04  0.4280E-07  0.1702E-02  0.8377E-04  0.1578E+02
   -1.250010   30.19967  0.2506E-14  0.1552E-04  0.4330E-07  0.1672E-02  0.7885E-04  0.1685E+02
   -1.300011   30.20019  0.2506E-14  0.1540E-04  0.4400E-07  0.1624E-02  0.7411E-04  0.1966E+02
   -1.350012   30.20074  0.2506E-14  0.1525E-04  0.4494E-07  0.1565E-02  0.6950E-04  0.2347E+02
   -1.400013   30.20129  0.2506E-14  0.1507E-04  0.4622E-07  0.1490E-02  0.6503E-04  0.2884E+02
   -1.450014   30.20188  0.2506E-14  0.1485E-04  0.4794E-07  0.1412E-02  0.6063E-04  0.3655E+02
   -1.500015   30.20250  0.2506E-14  0.1457E-04  0.5030E-07  0.1302E-02  0.5632E-04  0.4905E+02
   -1.550015   30.20318  0.2506E-14  0.1424E-04  0.5363E-07  0.1216E-02  0.5199E-04  0.6891E+02
   -1.600015   30.20391  0.2506E-14  0.1382E-04  0.5863E-07  0.1071E-02  0.4775E-04  0.1207E+03
   -1.650015   30.20479  0.2506E-14  0.1329E-04  0.6630E-07  0.9928E-03  0.4324E-04  0.7206E+05
   -1.700014   30.20577  0.2506E-14  0.1257E-04  0.8004E-07  0.8095E-03  0.3886E-04  0.1222E+05
   -1.750013   30.20746  0.2506E-14  0.1160E-04  0.1028E-06  0.7316E-03  0.3310E-04  0.3068E+05
   -1.800012   30.20899  0.2506E-14  0.1024E-04  0.1506E-06  0.5144E-03  0.2842E-04  0.6002E+05
   -1.850010   30.21458  0.2506E-14  0.8676E-05  0.2397E-06  0.4611E-03  0.2052E-04  0.3524E+08
   -1.900008   30.21408  0.2506E-14  0.6795E-05  0.4974E-06  0.2083E-03  0.1651E-04 -0.6337E+06
   -1.950006   30.23279  0.2506E-14  0.4751E-05  0.1258E-05  0.1835E-03  0.8815E-05 -0.8421E+06
   -2.000003   30.23451  0.2506E-14  0.0000E+00  0.0000E+00  0.0000E+00  0.1608E-04  0.0000E+00
