 1 - depth, m
 2 - temperature, C
 3 - salinity, kg/kg
 4 - turbulent kinetic energy, m**2/s**2
 5 - dissipation rate, m**2/s**3
 6 - kinematic heat conductance, m**2/s
 7 - modulus of horizontal velocity, m/s
 8 - Richardson number, n/d
   -0.000000   29.67792  0.5485E-14  0.4358E-05  0.2525E-06  0.4615E-04  0.9794E-03  0.1102E+05
   -0.049997   29.70696  0.5485E-14  0.7620E-05  0.1125E-06  0.1782E-03  0.5422E-03  0.5984E+02
   -0.099994   29.71705  0.5485E-14  0.9204E-05  0.7857E-07  0.3883E-03  0.4017E-03  0.5299E+02
   -0.149992   29.72000  0.5485E-14  0.1020E-04  0.6629E-07  0.4723E-03  0.3544E-03  0.2587E+02
   -0.199991   29.72232  0.5485E-14  0.1098E-04  0.5904E-07  0.6251E-03  0.3165E-03  0.1682E+02
   -0.249989   29.72403  0.5485E-14  0.1160E-04  0.5426E-07  0.7464E-03  0.2879E-03  0.1243E+02
   -0.299989   29.72542  0.5485E-14  0.1210E-04  0.5083E-07  0.8659E-03  0.2641E-03  0.9938E+01
   -0.349988   29.72659  0.5485E-14  0.1252E-04  0.4825E-07  0.9745E-03  0.2437E-03  0.8481E+01
   -0.399988   29.72761  0.5485E-14  0.1288E-04  0.4624E-07  0.1074E-02  0.2256E-03  0.7592E+01
   -0.449988   29.72851  0.5485E-14  0.1318E-04  0.4460E-07  0.1166E-02  0.2097E-03  0.7106E+01
   -0.499988   29.72932  0.5485E-14  0.1344E-04  0.4324E-07  0.1251E-02  0.1956E-03  0.6951E+01
   -0.549989   29.73006  0.5485E-14  0.1367E-04  0.4209E-07  0.1329E-02  0.1830E-03  0.6830E+01
   -0.599990   29.73075  0.5485E-14  0.1387E-04  0.4113E-07  0.1400E-02  0.1716E-03  0.6869E+01
   -0.649991   29.73139  0.5485E-14  0.1404E-04  0.4031E-07  0.1463E-02  0.1612E-03  0.6917E+01
   -0.699992   29.73200  0.5485E-14  0.1418E-04  0.3961E-07  0.1520E-02  0.1516E-03  0.7111E+01
   -0.749993   29.73258  0.5485E-14  0.1430E-04  0.3902E-07  0.1569E-02  0.1428E-03  0.7297E+01
   -0.799995   29.73313  0.5485E-14  0.1440E-04  0.3853E-07  0.1611E-02  0.1346E-03  0.7641E+01
   -0.849997   29.73365  0.5485E-14  0.1447E-04  0.3812E-07  0.1646E-02  0.1270E-03  0.7975E+01
   -0.899998   29.73417  0.5485E-14  0.1453E-04  0.3780E-07  0.1673E-02  0.1198E-03  0.8494E+01
   -0.950000   29.73466  0.5485E-14  0.1456E-04  0.3757E-07  0.1693E-02  0.1131E-03  0.9016E+01
   -1.000002   29.73515  0.5485E-14  0.1458E-04  0.3742E-07  0.1705E-02  0.1067E-03  0.9772E+01
   -1.050003   29.73563  0.5485E-14  0.1458E-04  0.3735E-07  0.1708E-02  0.1007E-03  0.1098E+02
   -1.100005   29.73610  0.5485E-14  0.1456E-04  0.3737E-07  0.1783E-02  0.9494E-04  0.3708E+02
   -1.150007   29.73655  0.5485E-14  0.1452E-04  0.3750E-07  0.1644E-02  0.8979E-04  0.8052E+02
   -1.200008   29.73703  0.5485E-14  0.1446E-04  0.3774E-07  0.1661E-02  0.8452E-04  0.1560E+02
   -1.250010   29.73751  0.5485E-14  0.1437E-04  0.3812E-07  0.1633E-02  0.7945E-04  0.1667E+02
   -1.300011   29.73799  0.5485E-14  0.1426E-04  0.3865E-07  0.1589E-02  0.7459E-04  0.1922E+02
   -1.350013   29.73848  0.5485E-14  0.1413E-04  0.3940E-07  0.1534E-02  0.6987E-04  0.2293E+02
   -1.400014   29.73898  0.5485E-14  0.1396E-04  0.4041E-07  0.1465E-02  0.6530E-04  0.2776E+02
   -1.450014   29.73951  0.5485E-14  0.1376E-04  0.4178E-07  0.1391E-02  0.6081E-04  0.3505E+02
   -1.500015   29.74006  0.5485E-14  0.1352E-04  0.4367E-07  0.1288E-02  0.5643E-04  0.4614E+02
   -1.550015   29.74066  0.5485E-14  0.1322E-04  0.4632E-07  0.1204E-02  0.5205E-04  0.6403E+02
   -1.600016   29.74130  0.5485E-14  0.1285E-04  0.5027E-07  0.1066E-02  0.4776E-04  0.1042E+03
   -1.650015   29.74205  0.5485E-14  0.1239E-04  0.5627E-07  0.9896E-03  0.4327E-04  0.2760E+03
   -1.700015   29.74287  0.5485E-14  0.1177E-04  0.6717E-07  0.8109E-03  0.3894E-04  0.2886E+04
   -1.750014   29.74427  0.5485E-14  0.1091E-04  0.8532E-07  0.7326E-03  0.3331E-04  0.1680E+06
   -1.800013   29.74555  0.5485E-14  0.9708E-05  0.1233E-06  0.5122E-03  0.2865E-04  0.1098E+07
   -1.850011   29.75006  0.5485E-14  0.8278E-05  0.1939E-06  0.4669E-03  0.2092E-04  0.4259E+07
   -1.900009   29.74986  0.5485E-14  0.6552E-05  0.4000E-06  0.2078E-03  0.1689E-04  0.7303E+05
   -1.950006   29.76506  0.5485E-14  0.4491E-05  0.1032E-05  0.1686E-03  0.9175E-05 -0.1572E+07
   -2.000003   29.76728  0.5485E-14  0.0000E+00  0.0000E+00  0.0000E+00  0.1602E-04  0.0000E+00
