 1 - depth, m
 2 - temperature, C
 3 - salinity, kg/kg
 4 - turbulent kinetic energy, m**2/s**2
 5 - dissipation rate, m**2/s**3
 6 - kinematic heat conductance, m**2/s
 7 - modulus of horizontal velocity, m/s
 8 - Richardson number, n/d
   -0.000000   28.35465  0.5171E-13  0.6931E-05  0.2703E-06  0.2794E-04  0.7313E-02 -0.5040E+00
   -0.049997   28.40073  0.5171E-13  0.9377E-05  0.1177E-06  0.2726E-03  0.3690E-02  0.4765E+01
   -0.099994   28.40531  0.5171E-13  0.1036E-04  0.9288E-07  0.3471E-03  0.3292E-02  0.1458E+01
   -0.149992   28.40878  0.5171E-13  0.1124E-04  0.7975E-07  0.4605E-03  0.2995E-02  0.1500E+01
   -0.199991   28.41131  0.5171E-13  0.1211E-04  0.7087E-07  0.5945E-03  0.2733E-02  0.1735E+01
   -0.249989   28.41322  0.5171E-13  0.1298E-04  0.6424E-07  0.7553E-03  0.2483E-02  0.1947E+01
   -0.299988   28.41468  0.5171E-13  0.1381E-04  0.5906E-07  0.8938E-03  0.2242E-02  0.2106E+01
   -0.349988   28.41589  0.5171E-13  0.1459E-04  0.5490E-07  0.9797E-03  0.2007E-02  0.2233E+01
   -0.399988   28.41697  0.5171E-13  0.1529E-04  0.5151E-07  0.1074E-02  0.1776E-02  0.2160E+01
   -0.449988   28.41793  0.5171E-13  0.1589E-04  0.4876E-07  0.1184E-02  0.1568E-02  0.2040E+01
   -0.499988   28.41879  0.5171E-13  0.1640E-04  0.4655E-07  0.1299E-02  0.1386E-02  0.1937E+01
   -0.549988   28.41955  0.5171E-13  0.1680E-04  0.4479E-07  0.1412E-02  0.1227E-02  0.1841E+01
   -0.599989   28.42025  0.5171E-13  0.1711E-04  0.4341E-07  0.1524E-02  0.1090E-02  0.1757E+01
   -0.649990   28.42088  0.5171E-13  0.1734E-04  0.4235E-07  0.1633E-02  0.9698E-03  0.1682E+01
   -0.699991   28.42146  0.5171E-13  0.1750E-04  0.4156E-07  0.1741E-02  0.8658E-03  0.1614E+01
   -0.749993   28.42200  0.5171E-13  0.1758E-04  0.4101E-07  0.1850E-02  0.7753E-03  0.1553E+01
   -0.799994   28.42250  0.5171E-13  0.1761E-04  0.4067E-07  0.1959E-02  0.6965E-03  0.1496E+01
   -0.849996   28.42297  0.5171E-13  0.1760E-04  0.4053E-07  0.2060E-02  0.6279E-03  0.1444E+01
   -0.899997   28.42341  0.5171E-13  0.1754E-04  0.4055E-07  0.2138E-02  0.5680E-03  0.1392E+01
   -0.949999   28.42383  0.5171E-13  0.1744E-04  0.4074E-07  0.2176E-02  0.5157E-03  0.1339E+01
   -1.000001   28.42424  0.5171E-13  0.1732E-04  0.4108E-07  0.2160E-02  0.4700E-03  0.1282E+01
   -1.050002   28.42465  0.5171E-13  0.1717E-04  0.4155E-07  0.2051E-02  0.4298E-03  0.1200E+01
   -1.100004   28.42509  0.5171E-13  0.1705E-04  0.4199E-07  0.2305E-02  0.3946E-03  0.1577E+01
   -1.150006   28.42547  0.5171E-13  0.1693E-04  0.4252E-07  0.1817E-02  0.3777E-03  0.4390E+01
   -1.200007   28.42596  0.5171E-13  0.1677E-04  0.4325E-07  0.1961E-02  0.3575E-03  0.1094E+01
   -1.250009   28.42641  0.5171E-13  0.1657E-04  0.4430E-07  0.1847E-02  0.3340E-03  0.1053E+01
   -1.300010   28.42688  0.5171E-13  0.1635E-04  0.4555E-07  0.1762E-02  0.3128E-03  0.1103E+01
   -1.350011   28.42738  0.5171E-13  0.1610E-04  0.4712E-07  0.1679E-02  0.2935E-03  0.1255E+01
   -1.400012   28.42791  0.5171E-13  0.1582E-04  0.4917E-07  0.1573E-02  0.2753E-03  0.1555E+01
   -1.450013   28.42847  0.5171E-13  0.1548E-04  0.5190E-07  0.1477E-02  0.2576E-03  0.2067E+01
   -1.500014   28.42908  0.5171E-13  0.1509E-04  0.5572E-07  0.1343E-02  0.2400E-03  0.3027E+01
   -1.550014   28.42977  0.5171E-13  0.1461E-04  0.6127E-07  0.1249E-02  0.2221E-03  0.4099E+01
   -1.600014   28.43056  0.5171E-13  0.1400E-04  0.7019E-07  0.1094E-02  0.2039E-03 -0.4426E+02
   -1.650014   28.43164  0.5171E-13  0.1320E-04  0.8421E-07  0.9932E-03  0.1831E-03  0.6298E+03
   -1.700013   28.43299  0.5171E-13  0.1210E-04  0.1096E-06  0.8057E-03  0.1612E-03  0.1755E+04
   -1.750012   28.43533  0.5171E-13  0.1085E-04  0.1472E-06  0.7148E-03  0.1327E-03  0.8747E+05
   -1.800011   28.43675  0.5171E-13  0.9265E-05  0.2336E-06  0.4868E-03  0.1136E-03  0.2955E+06
   -1.850009   28.44609  0.5171E-13  0.7803E-05  0.3902E-06  0.4599E-03  0.7594E-04  0.6115E+07
   -1.900007   28.44171  0.5171E-13  0.6145E-05  0.8280E-06  0.2138E-03  0.6340E-04 -0.1999E+07
   -1.950005   28.46623  0.5171E-13  0.4467E-05  0.1918E-05  0.2368E-03  0.3235E-04 -0.6395E+05
   -2.000002   28.46469  0.5171E-13  0.0000E+00  0.0000E+00  0.0000E+00  0.7123E-04  0.0000E+00
