 1 - depth, m
 2 - temperature, C
 3 - salinity, kg/kg
 4 - turbulent kinetic energy, m**2/s**2
 5 - dissipation rate, m**2/s**3
 6 - kinematic heat conductance, m**2/s
 7 - modulus of horizontal velocity, m/s
 8 - Richardson number, n/d
   -0.000000   30.82314  0.8369E-14  0.4815E-05  0.3010E-06  0.5019E-04  0.1177E-02  0.9277E+04
   -0.049997   30.85342  0.8369E-14  0.8325E-05  0.1338E-06  0.1795E-03  0.6680E-03  0.5581E+02
   -0.099994   30.86503  0.8369E-14  0.1011E-04  0.9215E-07  0.4056E-03  0.4889E-03  0.4634E+02
   -0.149992   30.86819  0.8369E-14  0.1122E-04  0.7747E-07  0.4854E-03  0.4319E-03  0.2277E+02
   -0.199991   30.87072  0.8369E-14  0.1209E-04  0.6886E-07  0.6492E-03  0.3857E-03  0.1471E+02
   -0.249989   30.87256  0.8369E-14  0.1278E-04  0.6323E-07  0.7753E-03  0.3511E-03  0.1096E+02
   -0.299988   30.87405  0.8369E-14  0.1335E-04  0.5922E-07  0.9015E-03  0.3224E-03  0.8735E+01
   -0.349988   30.87531  0.8369E-14  0.1382E-04  0.5623E-07  0.1016E-02  0.2977E-03  0.7529E+01
   -0.399988   30.87640  0.8369E-14  0.1421E-04  0.5390E-07  0.1120E-02  0.2760E-03  0.6696E+01
   -0.449988   30.87737  0.8369E-14  0.1456E-04  0.5201E-07  0.1217E-02  0.2569E-03  0.6330E+01
   -0.499988   30.87825  0.8369E-14  0.1485E-04  0.5046E-07  0.1306E-02  0.2399E-03  0.6131E+01
   -0.549989   30.87905  0.8369E-14  0.1511E-04  0.4916E-07  0.1388E-02  0.2248E-03  0.6094E+01
   -0.599989   30.87979  0.8369E-14  0.1534E-04  0.4808E-07  0.1461E-02  0.2111E-03  0.6068E+01
   -0.649990   30.88048  0.8369E-14  0.1553E-04  0.4717E-07  0.1528E-02  0.1985E-03  0.6195E+01
   -0.699992   30.88114  0.8369E-14  0.1569E-04  0.4641E-07  0.1586E-02  0.1871E-03  0.6303E+01
   -0.749993   30.88176  0.8369E-14  0.1583E-04  0.4578E-07  0.1637E-02  0.1764E-03  0.6570E+01
   -0.799994   30.88235  0.8369E-14  0.1595E-04  0.4527E-07  0.1680E-02  0.1665E-03  0.6811E+01
   -0.849996   30.88293  0.8369E-14  0.1604E-04  0.4487E-07  0.1715E-02  0.1573E-03  0.7231E+01
   -0.899998   30.88349  0.8369E-14  0.1611E-04  0.4457E-07  0.1742E-02  0.1486E-03  0.7628E+01
   -0.949999   30.88403  0.8369E-14  0.1616E-04  0.4438E-07  0.1761E-02  0.1404E-03  0.8247E+01
   -1.000001   30.88457  0.8369E-14  0.1619E-04  0.4429E-07  0.1771E-02  0.1327E-03  0.8861E+01
   -1.050003   30.88509  0.8369E-14  0.1619E-04  0.4431E-07  0.1772E-02  0.1254E-03  0.1015E+02
   -1.100004   30.88562  0.8369E-14  0.1618E-04  0.4444E-07  0.1861E-02  0.1184E-03  0.3344E+02
   -1.150006   30.88612  0.8369E-14  0.1614E-04  0.4472E-07  0.1685E-02  0.1122E-03  0.7589E+02
   -1.200008   30.88666  0.8369E-14  0.1607E-04  0.4513E-07  0.1712E-02  0.1057E-03  0.1475E+02
   -1.250009   30.88720  0.8369E-14  0.1598E-04  0.4572E-07  0.1681E-02  0.9948E-04  0.1569E+02
   -1.300010   30.88775  0.8369E-14  0.1586E-04  0.4653E-07  0.1630E-02  0.9350E-04  0.1855E+02
   -1.350012   30.88831  0.8369E-14  0.1571E-04  0.4761E-07  0.1570E-02  0.8771E-04  0.2213E+02
   -1.400013   30.88889  0.8369E-14  0.1552E-04  0.4907E-07  0.1492E-02  0.8205E-04  0.2759E+02
   -1.450013   30.88951  0.8369E-14  0.1529E-04  0.5103E-07  0.1414E-02  0.7651E-04  0.3510E+02
   -1.500014   30.89016  0.8369E-14  0.1500E-04  0.5374E-07  0.1300E-02  0.7105E-04  0.4808E+02
   -1.550014   30.89088  0.8369E-14  0.1465E-04  0.5756E-07  0.1217E-02  0.6557E-04  0.6855E+02
   -1.600014   30.89165  0.8369E-14  0.1421E-04  0.6340E-07  0.1071E-02  0.6019E-04  0.1326E+03
   -1.650014   30.89261  0.8369E-14  0.1363E-04  0.7242E-07  0.9923E-03  0.5439E-04  0.5520E+03
   -1.700014   30.89369  0.8369E-14  0.1284E-04  0.8850E-07  0.8079E-03  0.4871E-04 -0.8302E+02
   -1.750013   30.89565  0.8369E-14  0.1179E-04  0.1146E-06  0.7320E-03  0.4106E-04  0.2202E+06
   -1.800011   30.89718  0.8369E-14  0.1040E-04  0.1705E-06  0.5044E-03  0.3538E-04  0.6375E+05
   -1.850010   30.90393  0.8369E-14  0.8852E-05  0.2760E-06  0.4722E-03  0.2511E-04  0.2966E+08
   -1.900008   30.90254  0.8369E-14  0.7043E-05  0.5783E-06  0.2139E-03  0.2058E-04 -0.2277E+06
   -1.950005   30.92315  0.8369E-14  0.4942E-05  0.1438E-05  0.1920E-03  0.1107E-04 -0.1630E+07
   -2.000002   30.92516  0.8369E-14  0.0000E+00  0.0000E+00  0.0000E+00  0.2043E-04  0.0000E+00
