 1 - depth, m
 2 - temperature, C
 3 - salinity, kg/kg
 4 - turbulent kinetic energy, m**2/s**2
 5 - dissipation rate, m**2/s**3
 6 - kinematic heat conductance, m**2/s
 7 - modulus of horizontal velocity, m/s
 8 - Richardson number, n/d
   -0.000000   25.85684  0.2876E-14  0.1909E-04  0.1520E-05  0.3039E-04  0.2532E-01 -0.7054E-01
   -0.049997   25.92221  0.2876E-14  0.1759E-04  0.4655E-06  0.1195E-03  0.1385E-01 -0.2395E+00
   -0.099994   25.93698  0.2876E-14  0.1806E-04  0.2745E-06  0.3400E-03  0.1117E-01  0.1204E+03
   -0.149992   25.94262  0.2876E-14  0.1878E-04  0.2083E-06  0.5454E-03  0.9923E-02  0.6320E+01
   -0.199990   25.94555  0.2876E-14  0.1968E-04  0.1729E-06  0.6325E-03  0.9036E-02  0.7154E+01
   -0.249989   25.94799  0.2876E-14  0.2069E-04  0.1488E-06  0.7138E-03  0.8168E-02  0.7252E+01
   -0.299988   25.95010  0.2876E-14  0.2166E-04  0.1314E-06  0.7803E-03  0.7364E-02  0.8094E+01
   -0.349987   25.95198  0.2876E-14  0.2253E-04  0.1179E-06  0.8583E-03  0.6592E-02  0.9786E+01
   -0.399987   25.95365  0.2876E-14  0.2322E-04  0.1066E-06  0.9607E-03  0.5837E-02  0.7875E+01
   -0.449987   25.95512  0.2876E-14  0.2375E-04  0.9704E-07  0.1076E-02  0.5145E-02  0.5937E+01
   -0.499987   25.95640  0.2876E-14  0.2413E-04  0.8886E-07  0.1201E-02  0.4526E-02  0.4765E+01
   -0.549988   25.95753  0.2876E-14  0.2437E-04  0.8189E-07  0.1331E-02  0.3971E-02  0.3962E+01
   -0.599989   25.95853  0.2876E-14  0.2448E-04  0.7595E-07  0.1456E-02  0.3474E-02  0.3391E+01
   -0.649990   25.95943  0.2876E-14  0.2446E-04  0.7095E-07  0.1564E-02  0.3032E-02  0.2969E+01
   -0.699991   25.96025  0.2876E-14  0.2432E-04  0.6677E-07  0.1639E-02  0.2640E-02  0.2652E+01
   -0.749992   25.96103  0.2876E-14  0.2406E-04  0.6334E-07  0.1680E-02  0.2294E-02  0.2407E+01
   -0.799994   25.96177  0.2876E-14  0.2371E-04  0.6059E-07  0.1689E-02  0.1990E-02  0.2208E+01
   -0.849995   25.96251  0.2876E-14  0.2326E-04  0.5848E-07  0.1678E-02  0.1725E-02  0.2038E+01
   -0.899997   25.96324  0.2876E-14  0.2273E-04  0.5696E-07  0.1661E-02  0.1495E-02  0.1887E+01
   -0.949998   25.96396  0.2876E-14  0.2213E-04  0.5598E-07  0.1645E-02  0.1296E-02  0.1749E+01
   -1.000000   25.96469  0.2876E-14  0.2149E-04  0.5552E-07  0.1648E-02  0.1124E-02  0.1628E+01
   -1.050002   25.96541  0.2876E-14  0.2082E-04  0.5552E-07  0.1576E-02  0.9760E-03  0.1467E+01
   -1.100003   25.96615  0.2876E-14  0.2045E-04  0.5576E-07  0.2456E-02  0.8431E-03  0.1236E+01
   -1.150005   25.96662  0.2876E-14  0.2019E-04  0.5614E-07  0.2045E-02  0.8022E-03  0.1536E+01
   -1.200006   25.96719  0.2876E-14  0.1981E-04  0.5694E-07  0.1898E-02  0.7692E-03  0.1203E+01
   -1.250008   25.96779  0.2876E-14  0.1912E-04  0.5873E-07  0.1763E-02  0.6872E-03  0.1118E+01
   -1.300009   25.96844  0.2876E-14  0.1851E-04  0.6071E-07  0.1622E-02  0.6225E-03  0.1013E+01
   -1.350010   25.96915  0.2876E-14  0.1792E-04  0.6306E-07  0.1493E-02  0.5688E-03  0.9391E+00
   -1.400011   25.96992  0.2876E-14  0.1732E-04  0.6634E-07  0.1415E-02  0.5242E-03  0.1056E+01
   -1.450012   25.97075  0.2876E-14  0.1668E-04  0.7113E-07  0.1218E-02  0.4837E-03  0.1281E+01
   -1.500012   25.97173  0.2876E-14  0.1596E-04  0.7836E-07  0.1233E-02  0.4455E-03  0.1837E+01
   -1.550013   25.97275  0.2876E-14  0.1510E-04  0.9054E-07  0.1026E-02  0.4099E-03  0.3429E+01
   -1.600013   25.97427  0.2876E-14  0.1395E-04  0.1086E-06  0.1067E-02  0.3702E-03  0.3154E+02
   -1.650012   25.97571  0.2876E-14  0.1229E-04  0.1501E-06  0.8047E-03  0.3325E-03 -0.3409E+02
   -1.700012   25.97931  0.2876E-14  0.9003E-05  0.5409E-06  0.4073E-03  0.2683E-03  0.4225E+03
   -1.750011   25.98697  0.2876E-14  0.7759E-05  0.7076E-06  0.5815E-03  0.1660E-03  0.2536E+03
   -1.800010   25.98235  0.2876E-14  0.6525E-05  0.1085E-05  0.3565E-03  0.1845E-03 -0.3125E+03
   -1.850008   26.01169  0.2876E-14  0.5574E-05  0.1843E-05  0.5023E-03  0.7634E-04  0.5013E+06
   -1.900006   25.98245  0.2876E-14  0.5020E-05  0.3698E-05  0.3061E-03  0.9206E-04 -0.3772E+05
   -1.950003   26.02326  0.2876E-14  0.3676E-05  0.7147E-05  0.4951E-03  0.3795E-04 -0.2833E+02
   -2.000000   26.02544  0.2876E-14  0.0000E+00  0.0000E+00  0.0000E+00  0.1551E-03  0.0000E+00
