 1 - depth, m
 2 - temperature, C
 3 - salinity, kg/kg
 4 - turbulent kinetic energy, m**2/s**2
 5 - dissipation rate, m**2/s**3
 6 - kinematic heat conductance, m**2/s
 7 - modulus of horizontal velocity, m/s
 8 - Richardson number, n/d
   -0.000000   25.84607  0.1518E-13  0.1424E-04  0.8574E-06  0.3017E-04  0.1946E-01 -0.9591E-01
   -0.049997   25.89621  0.1518E-13  0.1442E-04  0.2878E-06  0.1293E-03  0.1108E-01 -0.2726E+00
   -0.099994   25.90741  0.1518E-13  0.1499E-04  0.1856E-06  0.3913E-03  0.9025E-02  0.4730E+03
   -0.149992   25.91101  0.1518E-13  0.1575E-04  0.1482E-06  0.5178E-03  0.8172E-02  0.4202E+01
   -0.199991   25.91354  0.1518E-13  0.1665E-04  0.1249E-06  0.6335E-03  0.7399E-02  0.5193E+01
   -0.249989   25.91555  0.1518E-13  0.1759E-04  0.1089E-06  0.6985E-03  0.6682E-02  0.5749E+01
   -0.299988   25.91733  0.1518E-13  0.1847E-04  0.9716E-07  0.7657E-03  0.6009E-02  0.6582E+01
   -0.349988   25.91892  0.1518E-13  0.1926E-04  0.8788E-07  0.8402E-03  0.5363E-02  0.7781E+01
   -0.399987   25.92034  0.1518E-13  0.1989E-04  0.8011E-07  0.9399E-03  0.4730E-02  0.6510E+01
   -0.449987   25.92158  0.1518E-13  0.2038E-04  0.7349E-07  0.1049E-02  0.4153E-02  0.5081E+01
   -0.499988   25.92267  0.1518E-13  0.2075E-04  0.6787E-07  0.1164E-02  0.3639E-02  0.4166E+01
   -0.549988   25.92364  0.1518E-13  0.2099E-04  0.6311E-07  0.1276E-02  0.3183E-02  0.3523E+01
   -0.599989   25.92451  0.1518E-13  0.2112E-04  0.5911E-07  0.1379E-02  0.2777E-02  0.3060E+01
   -0.649990   25.92530  0.1518E-13  0.2114E-04  0.5578E-07  0.1463E-02  0.2420E-02  0.2712E+01
   -0.699991   25.92604  0.1518E-13  0.2105E-04  0.5306E-07  0.1524E-02  0.2105E-02  0.2442E+01
   -0.749993   25.92674  0.1518E-13  0.2088E-04  0.5089E-07  0.1562E-02  0.1830E-02  0.2226E+01
   -0.799994   25.92742  0.1518E-13  0.2063E-04  0.4923E-07  0.1583E-02  0.1590E-02  0.2046E+01
   -0.849996   25.92808  0.1518E-13  0.2030E-04  0.4803E-07  0.1597E-02  0.1382E-02  0.1890E+01
   -0.899997   25.92873  0.1518E-13  0.1991E-04  0.4726E-07  0.1610E-02  0.1203E-02  0.1754E+01
   -0.949999   25.92937  0.1518E-13  0.1948E-04  0.4689E-07  0.1630E-02  0.1048E-02  0.1631E+01
   -1.000001   25.92999  0.1518E-13  0.1901E-04  0.4688E-07  0.1667E-02  0.9156E-03  0.1526E+01
   -1.050002   25.93060  0.1518E-13  0.1852E-04  0.4721E-07  0.1640E-02  0.8018E-03  0.1383E+01
   -1.100004   25.93122  0.1518E-13  0.1824E-04  0.4756E-07  0.2299E-02  0.7005E-03  0.1157E+01
   -1.150006   25.93166  0.1518E-13  0.1803E-04  0.4800E-07  0.1882E-02  0.6681E-03  0.2017E+01
   -1.200007   25.93219  0.1518E-13  0.1772E-04  0.4882E-07  0.1955E-02  0.6377E-03  0.1189E+01
   -1.250008   25.93270  0.1518E-13  0.1721E-04  0.5040E-07  0.1690E-02  0.5751E-03  0.1084E+01
   -1.300010   25.93329  0.1518E-13  0.1675E-04  0.5214E-07  0.1557E-02  0.5246E-03  0.9884E+00
   -1.350011   25.93394  0.1518E-13  0.1629E-04  0.5416E-07  0.1451E-02  0.4825E-03  0.9455E+00
   -1.400012   25.93464  0.1518E-13  0.1582E-04  0.5696E-07  0.1385E-02  0.4469E-03  0.1117E+01
   -1.450013   25.93539  0.1518E-13  0.1529E-04  0.6104E-07  0.1193E-02  0.4138E-03  0.1437E+01
   -1.500013   25.93627  0.1518E-13  0.1469E-04  0.6692E-07  0.1192E-02  0.3816E-03  0.2072E+01
   -1.550014   25.93721  0.1518E-13  0.1397E-04  0.7631E-07  0.9898E-03  0.3514E-03  0.3827E+01
   -1.600014   25.93857  0.1518E-13  0.1301E-04  0.8986E-07  0.1031E-02  0.3178E-03  0.1688E+02
   -1.650013   25.93974  0.1518E-13  0.1160E-04  0.1205E-06  0.7649E-03  0.2872E-03 -0.6419E+02
   -1.700013   25.94283  0.1518E-13  0.8496E-05  0.4275E-06  0.4102E-03  0.2342E-03  0.1270E+03
   -1.750012   25.94943  0.1518E-13  0.7215E-05  0.5588E-06  0.5735E-03  0.1452E-03  0.6880E+05
   -1.800011   25.94577  0.1518E-13  0.6072E-05  0.8655E-06  0.3558E-03  0.1589E-03 -0.3956E+03
   -1.850009   25.97304  0.1518E-13  0.5109E-05  0.1485E-05  0.4836E-03  0.6611E-04  0.2387E+06
   -1.900007   25.94571  0.1518E-13  0.4592E-05  0.3000E-05  0.2838E-03  0.7926E-04 -0.4959E+05
   -1.950004   25.98628  0.1518E-13  0.3383E-05  0.5892E-05  0.4618E-03  0.3264E-04  0.1173E+02
   -2.000001   25.98256  0.1518E-13  0.0000E+00  0.0000E+00  0.0000E+00  0.1323E-03  0.0000E+00
