 1 - depth, m
 2 - temperature, C
 3 - salinity, kg/kg
 4 - turbulent kinetic energy, m**2/s**2
 5 - dissipation rate, m**2/s**3
 6 - kinematic heat conductance, m**2/s
 7 - modulus of horizontal velocity, m/s
 8 - Richardson number, n/d
   -0.000000   26.13459  0.1223E-13  0.1235E-04  0.6613E-06  0.3019E-04  0.1671E-01 -0.1260E+00
   -0.049997   26.18232  0.1223E-13  0.1318E-04  0.2328E-06  0.1609E-03  0.9548E-02  0.2680E+02
   -0.099994   26.19174  0.1223E-13  0.1389E-04  0.1584E-06  0.4113E-03  0.7909E-02  0.3795E+01
   -0.149992   26.19495  0.1223E-13  0.1471E-04  0.1296E-06  0.5023E-03  0.7236E-02  0.3315E+01
   -0.199991   26.19750  0.1223E-13  0.1570E-04  0.1103E-06  0.6418E-03  0.6538E-02  0.4263E+01
   -0.249989   26.19945  0.1223E-13  0.1668E-04  0.9688E-07  0.7031E-03  0.5905E-02  0.4777E+01
   -0.299989   26.20118  0.1223E-13  0.1760E-04  0.8689E-07  0.7733E-03  0.5304E-02  0.5429E+01
   -0.349988   26.20272  0.1223E-13  0.1843E-04  0.7898E-07  0.8512E-03  0.4727E-02  0.6248E+01
   -0.399988   26.20408  0.1223E-13  0.1911E-04  0.7236E-07  0.9566E-03  0.4161E-02  0.5386E+01
   -0.449988   26.20527  0.1223E-13  0.1965E-04  0.6674E-07  0.1072E-02  0.3645E-02  0.4354E+01
   -0.499988   26.20632  0.1223E-13  0.2006E-04  0.6199E-07  0.1191E-02  0.3188E-02  0.3658E+01
   -0.549989   26.20724  0.1223E-13  0.2035E-04  0.5799E-07  0.1306E-02  0.2784E-02  0.3152E+01
   -0.599990   26.20807  0.1223E-13  0.2052E-04  0.5466E-07  0.1409E-02  0.2428E-02  0.2779E+01
   -0.649991   26.20883  0.1223E-13  0.2058E-04  0.5191E-07  0.1492E-02  0.2116E-02  0.2494E+01
   -0.699992   26.20953  0.1223E-13  0.2054E-04  0.4968E-07  0.1553E-02  0.1842E-02  0.2269E+01
   -0.749993   26.21020  0.1223E-13  0.2041E-04  0.4793E-07  0.1595E-02  0.1604E-02  0.2084E+01
   -0.799995   26.21085  0.1223E-13  0.2020E-04  0.4661E-07  0.1626E-02  0.1398E-02  0.1929E+01
   -0.849996   26.21147  0.1223E-13  0.1992E-04  0.4569E-07  0.1651E-02  0.1220E-02  0.1793E+01
   -0.899998   26.21208  0.1223E-13  0.1959E-04  0.4512E-07  0.1679E-02  0.1066E-02  0.1673E+01
   -0.950000   26.21268  0.1223E-13  0.1921E-04  0.4489E-07  0.1713E-02  0.9337E-03  0.1565E+01
   -1.000001   26.21325  0.1223E-13  0.1880E-04  0.4498E-07  0.1763E-02  0.8198E-03  0.1471E+01
   -1.050003   26.21381  0.1223E-13  0.1837E-04  0.4534E-07  0.1751E-02  0.7221E-03  0.1341E+01
   -1.100005   26.21437  0.1223E-13  0.1812E-04  0.4569E-07  0.2366E-02  0.6352E-03  0.1128E+01
   -1.150007   26.21478  0.1223E-13  0.1792E-04  0.4611E-07  0.1933E-02  0.6070E-03  0.2150E+01
   -1.200008   26.21528  0.1223E-13  0.1764E-04  0.4688E-07  0.2029E-02  0.5792E-03  0.1169E+01
   -1.250010   26.21575  0.1223E-13  0.1718E-04  0.4833E-07  0.1769E-02  0.5249E-03  0.1067E+01
   -1.300011   26.21630  0.1223E-13  0.1676E-04  0.4992E-07  0.1642E-02  0.4805E-03  0.9796E+00
   -1.350012   26.21688  0.1223E-13  0.1634E-04  0.5180E-07  0.1535E-02  0.4431E-03  0.9492E+00
   -1.400013   26.21751  0.1223E-13  0.1591E-04  0.5433E-07  0.1457E-02  0.4111E-03  0.1091E+01
   -1.450014   26.21818  0.1223E-13  0.1542E-04  0.5796E-07  0.1290E-02  0.3814E-03  0.1380E+01
   -1.500015   26.21896  0.1223E-13  0.1487E-04  0.6311E-07  0.1248E-02  0.3526E-03  0.1954E+01
   -1.550015   26.21979  0.1223E-13  0.1421E-04  0.7109E-07  0.1082E-02  0.3254E-03  0.3636E+01
   -1.600015   26.22093  0.1223E-13  0.1336E-04  0.8289E-07  0.1065E-02  0.2957E-03  0.8476E+00
   -1.650015   26.22205  0.1223E-13  0.1215E-04  0.1073E-06  0.8437E-03  0.2668E-03 -0.8136E+02
   -1.700014   26.22446  0.1223E-13  0.9703E-05  0.3107E-06  0.5495E-03  0.2230E-03  0.2077E+04
   -1.750013   26.22946  0.1223E-13  0.8405E-05  0.4076E-06  0.6202E-03  0.1538E-03  0.3912E+05
   -1.800012   26.22775  0.1223E-13  0.7071E-05  0.6328E-06  0.4024E-03  0.1527E-03  0.4401E+04
   -1.850011   26.24793  0.1223E-13  0.5928E-05  0.1081E-05  0.4730E-03  0.7677E-04  0.4358E+06
   -1.900008   26.22936  0.1223E-13  0.5008E-05  0.2205E-05  0.2602E-03  0.7912E-04 -0.6070E+05
   -1.950006   26.26354  0.1223E-13  0.3676E-05  0.4433E-05  0.3861E-03  0.3522E-04 -0.5406E+04
   -2.000003   26.25780  0.1223E-13  0.0000E+00  0.0000E+00  0.0000E+00  0.1171E-03  0.0000E+00
