 1 - depth, m
 2 - temperature, C
 3 - salinity, kg/kg
 4 - turbulent kinetic energy, m**2/s**2
 5 - dissipation rate, m**2/s**3
 6 - kinematic heat conductance, m**2/s
 7 - modulus of horizontal velocity, m/s
 8 - Richardson number, n/d
   -0.000000   28.52978  0.5166E-13  0.9727E-05  0.4689E-06  0.3327E-04  0.1207E-01 -0.2374E+00
   -0.049997   28.57856  0.5166E-13  0.1156E-04  0.1855E-06  0.2391E-03  0.6658E-02  0.9222E+02
   -0.099994   28.58546  0.5166E-13  0.1269E-04  0.1383E-06  0.3640E-03  0.5817E-02  0.1784E+01
   -0.149992   28.58949  0.5166E-13  0.1375E-04  0.1152E-06  0.4782E-03  0.5302E-02  0.2235E+01
   -0.199990   28.59243  0.5166E-13  0.1489E-04  0.9989E-07  0.6425E-03  0.4809E-02  0.2677E+01
   -0.249989   28.59455  0.5166E-13  0.1603E-04  0.8894E-07  0.7464E-03  0.4346E-02  0.2989E+01
   -0.299988   28.59632  0.5166E-13  0.1710E-04  0.8064E-07  0.8144E-03  0.3902E-02  0.3264E+01
   -0.349988   28.59791  0.5166E-13  0.1808E-04  0.7405E-07  0.8947E-03  0.3472E-02  0.3560E+01
   -0.399987   28.59932  0.5166E-13  0.1891E-04  0.6862E-07  0.1006E-02  0.3049E-02  0.3294E+01
   -0.449987   28.60054  0.5166E-13  0.1959E-04  0.6413E-07  0.1128E-02  0.2666E-02  0.2918E+01
   -0.499988   28.60161  0.5166E-13  0.2012E-04  0.6044E-07  0.1248E-02  0.2331E-02  0.2625E+01
   -0.549988   28.60256  0.5166E-13  0.2051E-04  0.5745E-07  0.1360E-02  0.2039E-02  0.2386E+01
   -0.599989   28.60342  0.5166E-13  0.2076E-04  0.5504E-07  0.1458E-02  0.1785E-02  0.2194E+01
   -0.649990   28.60420  0.5166E-13  0.2088E-04  0.5315E-07  0.1541E-02  0.1564E-02  0.2034E+01
   -0.699991   28.60493  0.5166E-13  0.2090E-04  0.5171E-07  0.1612E-02  0.1374E-02  0.1898E+01
   -0.749992   28.60562  0.5166E-13  0.2082E-04  0.5067E-07  0.1676E-02  0.1209E-02  0.1780E+01
   -0.799994   28.60628  0.5166E-13  0.2066E-04  0.4999E-07  0.1737E-02  0.1067E-02  0.1675E+01
   -0.849995   28.60690  0.5166E-13  0.2043E-04  0.4963E-07  0.1800E-02  0.9448E-03  0.1582E+01
   -0.899997   28.60750  0.5166E-13  0.2015E-04  0.4958E-07  0.1870E-02  0.8396E-03  0.1498E+01
   -0.949998   28.60807  0.5166E-13  0.1983E-04  0.4980E-07  0.1950E-02  0.7489E-03  0.1422E+01
   -1.000000   28.60861  0.5166E-13  0.1947E-04  0.5029E-07  0.2042E-02  0.6708E-03  0.1355E+01
   -1.050002   28.60912  0.5166E-13  0.1910E-04  0.5101E-07  0.1950E-02  0.6033E-03  0.1245E+01
   -1.100003   28.60965  0.5166E-13  0.1887E-04  0.5160E-07  0.2318E-02  0.5442E-03  0.1141E+01
   -1.150005   28.61010  0.5166E-13  0.1865E-04  0.5231E-07  0.1737E-02  0.5221E-03  0.3496E+01
   -1.200007   28.61069  0.5166E-13  0.1835E-04  0.5340E-07  0.1916E-02  0.4950E-03  0.1087E+01
   -1.250008   28.61123  0.5166E-13  0.1796E-04  0.5505E-07  0.1710E-02  0.4581E-03  0.9925E+00
   -1.300009   28.61183  0.5166E-13  0.1756E-04  0.5703E-07  0.1611E-02  0.4265E-03  0.1008E+01
   -1.350010   28.61247  0.5166E-13  0.1714E-04  0.5954E-07  0.1487E-02  0.3983E-03  0.1123E+01
   -1.400011   28.61316  0.5166E-13  0.1668E-04  0.6297E-07  0.1444E-02  0.3723E-03  0.1438E+01
   -1.450012   28.61389  0.5166E-13  0.1613E-04  0.6802E-07  0.1220E-02  0.3474E-03  0.2068E+01
   -1.500013   28.61480  0.5166E-13  0.1550E-04  0.7491E-07  0.1230E-02  0.3210E-03  0.3033E+01
   -1.550013   28.61573  0.5166E-13  0.1473E-04  0.8529E-07  0.1017E-02  0.2967E-03  0.5807E+01
   -1.600013   28.61710  0.5166E-13  0.1371E-04  0.1003E-06  0.1060E-02  0.2685E-03  0.2786E+02
   -1.650013   28.61832  0.5166E-13  0.1224E-04  0.1334E-06  0.7862E-03  0.2424E-03 -0.9813E+02
   -1.700012   28.62137  0.5166E-13  0.9018E-05  0.4958E-06  0.4269E-03  0.1977E-03  0.3960E+03
   -1.750011   28.62807  0.5166E-13  0.7723E-05  0.6444E-06  0.5935E-03  0.1230E-03  0.3163E+05
   -1.800010   28.62437  0.5166E-13  0.6521E-05  0.9870E-06  0.3606E-03  0.1341E-03 -0.5119E+03
   -1.850008   28.65125  0.5166E-13  0.5533E-05  0.1680E-05  0.4932E-03  0.5667E-04  0.4759E+06
   -1.900006   28.62452  0.5166E-13  0.4941E-05  0.3354E-05  0.2879E-03  0.6672E-04 -0.7735E+05
   -1.950003   28.66427  0.5166E-13  0.3659E-05  0.6513E-05  0.4770E-03  0.2764E-04 -0.6008E+02
   -2.000000   28.66175  0.5166E-13  0.0000E+00  0.0000E+00  0.0000E+00  0.1100E-03  0.0000E+00
