 1 - depth, m
 2 - temperature, C
 3 - salinity, kg/kg
 4 - turbulent kinetic energy, m**2/s**2
 5 - dissipation rate, m**2/s**3
 6 - kinematic heat conductance, m**2/s
 7 - modulus of horizontal velocity, m/s
 8 - Richardson number, n/d
   -0.000000   28.92239  0.9877E-14  0.8195E-05  0.3436E-06  0.2902E-04  0.9232E-02 -0.3819E+00
   -0.049997   28.97277  0.9877E-14  0.1053E-04  0.1472E-06  0.2734E-03  0.4887E-02  0.4032E+01
   -0.099994   28.97797  0.9877E-14  0.1161E-04  0.1153E-06  0.3444E-03  0.4390E-02  0.1393E+01
   -0.149992   28.98196  0.9877E-14  0.1267E-04  0.9813E-07  0.4684E-03  0.4000E-02  0.1751E+01
   -0.199991   28.98481  0.9877E-14  0.1375E-04  0.8643E-07  0.6255E-03  0.3640E-02  0.2087E+01
   -0.249989   28.98688  0.9878E-14  0.1483E-04  0.7784E-07  0.7992E-03  0.3299E-02  0.2355E+01
   -0.299988   28.98847  0.9878E-14  0.1586E-04  0.7123E-07  0.8639E-03  0.2968E-02  0.2521E+01
   -0.349988   28.98990  0.9878E-14  0.1680E-04  0.6595E-07  0.9369E-03  0.2647E-02  0.2690E+01
   -0.399988   28.99119  0.9878E-14  0.1763E-04  0.6165E-07  0.1042E-02  0.2332E-02  0.2562E+01
   -0.449988   28.99233  0.9878E-14  0.1833E-04  0.5814E-07  0.1160E-02  0.2047E-02  0.2364E+01
   -0.499988   28.99333  0.9878E-14  0.1889E-04  0.5532E-07  0.1278E-02  0.1799E-02  0.2199E+01
   -0.549989   28.99423  0.9878E-14  0.1932E-04  0.5306E-07  0.1391E-02  0.1583E-02  0.2054E+01
   -0.599989   28.99503  0.9878E-14  0.1963E-04  0.5129E-07  0.1496E-02  0.1395E-02  0.1931E+01
   -0.649990   28.99577  0.9878E-14  0.1983E-04  0.4993E-07  0.1593E-02  0.1233E-02  0.1823E+01
   -0.699991   28.99646  0.9878E-14  0.1993E-04  0.4893E-07  0.1685E-02  0.1093E-02  0.1728E+01
   -0.749993   28.99710  0.9878E-14  0.1994E-04  0.4825E-07  0.1774E-02  0.9710E-03  0.1642E+01
   -0.799994   28.99770  0.9878E-14  0.1988E-04  0.4785E-07  0.1863E-02  0.8659E-03  0.1565E+01
   -0.849996   28.99827  0.9878E-14  0.1976E-04  0.4770E-07  0.1956E-02  0.7750E-03  0.1495E+01
   -0.899997   28.99880  0.9878E-14  0.1959E-04  0.4779E-07  0.2055E-02  0.6962E-03  0.1433E+01
   -0.949999   28.99931  0.9878E-14  0.1938E-04  0.4809E-07  0.2147E-02  0.6278E-03  0.1374E+01
   -1.000001   28.99978  0.9878E-14  0.1914E-04  0.4860E-07  0.2174E-02  0.5685E-03  0.1312E+01
   -1.050003   29.00025  0.9878E-14  0.1887E-04  0.4928E-07  0.2036E-02  0.5169E-03  0.1212E+01
   -1.100004   29.00075  0.9878E-14  0.1868E-04  0.4988E-07  0.2362E-02  0.4718E-03  0.1319E+01
   -1.150006   29.00118  0.9878E-14  0.1849E-04  0.5060E-07  0.1770E-02  0.4525E-03  0.4187E+01
   -1.200007   29.00176  0.9878E-14  0.1825E-04  0.5162E-07  0.1951E-02  0.4284E-03  0.1085E+01
   -1.250009   29.00227  0.9878E-14  0.1794E-04  0.5312E-07  0.1801E-02  0.3993E-03  0.1036E+01
   -1.300010   29.00283  0.9878E-14  0.1761E-04  0.5496E-07  0.1702E-02  0.3733E-03  0.1093E+01
   -1.350011   29.00342  0.9878E-14  0.1725E-04  0.5733E-07  0.1592E-02  0.3497E-03  0.1259E+01
   -1.400012   29.00406  0.9878E-14  0.1684E-04  0.6049E-07  0.1501E-02  0.3274E-03  0.1596E+01
   -1.450013   29.00475  0.9878E-14  0.1636E-04  0.6489E-07  0.1365E-02  0.3059E-03  0.2301E+01
   -1.500014   29.00553  0.9878E-14  0.1580E-04  0.7114E-07  0.1281E-02  0.2839E-03  0.3581E+01
   -1.550014   29.00641  0.9878E-14  0.1510E-04  0.8059E-07  0.1146E-02  0.2620E-03  0.1634E+03
   -1.600014   29.00762  0.9878E-14  0.1419E-04  0.9522E-07  0.1059E-02  0.2376E-03  0.3169E+03
   -1.650014   29.00904  0.9878E-14  0.1298E-04  0.1204E-06  0.8815E-03  0.2118E-03  0.2073E+04
   -1.700013   29.01112  0.9878E-14  0.1097E-04  0.2600E-06  0.6376E-03  0.1803E-03  0.4956E+04
   -1.750012   29.01564  0.9878E-14  0.9579E-05  0.3489E-06  0.6454E-03  0.1323E-03  0.5711E+06
   -1.800011   29.01511  0.9878E-14  0.8092E-05  0.5537E-06  0.4229E-03  0.1232E-03  0.2662E+05
   -1.850009   29.03342  0.9878E-14  0.6786E-05  0.9439E-06  0.4674E-03  0.6830E-04  0.7663E+08
   -1.900007   29.01850  0.9878E-14  0.5576E-05  0.1936E-05  0.2433E-03  0.6472E-04 -0.2047E+06
   -1.950005   29.05196  0.9878E-14  0.4147E-05  0.3989E-05  0.3465E-03  0.2989E-04 -0.3679E+05
   -2.000002   29.04948  0.9878E-14  0.0000E+00  0.0000E+00  0.0000E+00  0.8961E-04  0.0000E+00
