 1 - depth, m
 2 - temperature, C
 3 - salinity, kg/kg
 4 - turbulent kinetic energy, m**2/s**2
 5 - dissipation rate, m**2/s**3
 6 - kinematic heat conductance, m**2/s
 7 - modulus of horizontal velocity, m/s
 8 - Richardson number, n/d
   -0.000000   27.35421  0.1240E-12  0.9448E-05  0.4350E-06  0.3017E-04  0.1233E-01 -0.2085E+00
   -0.049997   27.40004  0.1240E-12  0.1095E-04  0.1685E-06  0.2198E-03  0.6828E-02  0.5850E+02
   -0.099994   27.40673  0.1240E-12  0.1193E-04  0.1238E-06  0.3691E-03  0.5866E-02  0.1997E+01
   -0.149992   27.41020  0.1240E-12  0.1283E-04  0.1029E-06  0.4722E-03  0.5348E-02  0.2438E+01
   -0.199991   27.41280  0.1240E-12  0.1382E-04  0.8887E-07  0.6299E-03  0.4840E-02  0.2936E+01
   -0.249989   27.41468  0.1240E-12  0.1481E-04  0.7887E-07  0.7207E-03  0.4368E-02  0.3270E+01
   -0.299988   27.41628  0.1240E-12  0.1574E-04  0.7131E-07  0.7863E-03  0.3918E-02  0.3590E+01
   -0.349988   27.41771  0.1240E-12  0.1658E-04  0.6528E-07  0.8618E-03  0.3482E-02  0.3944E+01
   -0.399988   27.41898  0.1240E-12  0.1731E-04  0.6030E-07  0.9668E-03  0.3056E-02  0.3596E+01
   -0.449988   27.42009  0.1240E-12  0.1791E-04  0.5614E-07  0.1083E-02  0.2671E-02  0.3129E+01
   -0.499988   27.42106  0.1240E-12  0.1838E-04  0.5270E-07  0.1199E-02  0.2333E-02  0.2776E+01
   -0.549989   27.42192  0.1240E-12  0.1873E-04  0.4987E-07  0.1310E-02  0.2038E-02  0.2497E+01
   -0.599989   27.42269  0.1240E-12  0.1897E-04  0.4756E-07  0.1409E-02  0.1781E-02  0.2278E+01
   -0.649990   27.42339  0.1240E-12  0.1910E-04  0.4571E-07  0.1496E-02  0.1557E-02  0.2099E+01
   -0.699992   27.42404  0.1240E-12  0.1915E-04  0.4425E-07  0.1571E-02  0.1364E-02  0.1950E+01
   -0.749993   27.42465  0.1240E-12  0.1912E-04  0.4315E-07  0.1637E-02  0.1197E-02  0.1823E+01
   -0.799994   27.42523  0.1240E-12  0.1901E-04  0.4236E-07  0.1698E-02  0.1052E-02  0.1712E+01
   -0.849996   27.42578  0.1240E-12  0.1885E-04  0.4186E-07  0.1760E-02  0.9279E-03  0.1613E+01
   -0.899998   27.42631  0.1240E-12  0.1864E-04  0.4162E-07  0.1826E-02  0.8205E-03  0.1526E+01
   -0.949999   27.42681  0.1240E-12  0.1839E-04  0.4162E-07  0.1898E-02  0.7279E-03  0.1447E+01
   -1.000001   27.42728  0.1240E-12  0.1811E-04  0.4185E-07  0.1979E-02  0.6478E-03  0.1377E+01
   -1.050003   27.42774  0.1240E-12  0.1781E-04  0.4228E-07  0.1959E-02  0.5785E-03  0.1271E+01
   -1.100005   27.42819  0.1240E-12  0.1763E-04  0.4264E-07  0.2404E-02  0.5172E-03  0.1114E+01
   -1.150006   27.42856  0.1240E-12  0.1746E-04  0.4307E-07  0.1948E-02  0.4957E-03  0.2742E+01
   -1.200008   27.42901  0.1240E-12  0.1724E-04  0.4380E-07  0.2082E-02  0.4719E-03  0.1134E+01
   -1.250009   27.42944  0.1240E-12  0.1690E-04  0.4503E-07  0.1865E-02  0.4326E-03  0.1044E+01
   -1.300011   27.42991  0.1240E-12  0.1658E-04  0.4643E-07  0.1756E-02  0.3993E-03  0.9993E+00
   -1.350012   27.43040  0.1240E-12  0.1625E-04  0.4818E-07  0.1656E-02  0.3705E-03  0.1030E+01
   -1.400013   27.43093  0.1240E-12  0.1589E-04  0.5045E-07  0.1539E-02  0.3448E-03  0.1159E+01
   -1.450014   27.43150  0.1240E-12  0.1549E-04  0.5349E-07  0.1447E-02  0.3209E-03  0.1460E+01
   -1.500014   27.43212  0.1240E-12  0.1503E-04  0.5778E-07  0.1319E-02  0.2982E-03  0.2251E+01
   -1.550015   27.43283  0.1240E-12  0.1447E-04  0.6416E-07  0.1240E-02  0.2754E-03 -0.8122E+02
   -1.600015   27.43368  0.1240E-12  0.1377E-04  0.7455E-07  0.1080E-02  0.2520E-03  0.5656E+02
   -1.650014   27.43488  0.1240E-12  0.1285E-04  0.9050E-07  0.9804E-03  0.2242E-03  0.1101E+04
   -1.700014   27.43618  0.1240E-12  0.1160E-04  0.1245E-06  0.7668E-03  0.1971E-03  0.5850E+03
   -1.750013   27.43902  0.1240E-12  0.1029E-04  0.1702E-06  0.7031E-03  0.1575E-03  0.4132E+05
   -1.800012   27.43986  0.1240E-12  0.8780E-05  0.2683E-06  0.4716E-03  0.1372E-03  0.1713E+05
   -1.850010   27.45073  0.1240E-12  0.7385E-05  0.4565E-06  0.4626E-03  0.8836E-04  0.8132E+07
   -1.900008   27.44416  0.1240E-12  0.5898E-05  0.9645E-06  0.2248E-03  0.7622E-04 -0.2259E+06
   -1.950005   27.46915  0.1240E-12  0.4283E-05  0.2183E-05  0.2541E-03  0.3847E-04 -0.2235E+05
   -2.000002   27.46872  0.1240E-12  0.0000E+00  0.0000E+00  0.0000E+00  0.9057E-04  0.0000E+00
