 1 - depth, m
 2 - temperature, C
 3 - salinity, kg/kg
 4 - turbulent kinetic energy, m**2/s**2
 5 - dissipation rate, m**2/s**3
 6 - kinematic heat conductance, m**2/s
 7 - modulus of horizontal velocity, m/s
 8 - Richardson number, n/d
   -0.000000   25.70756  0.9397E-14  0.1810E-04  0.1375E-05  0.2944E-04  0.2460E-01 -0.6591E-01
   -0.049997   25.76369  0.9397E-14  0.1663E-04  0.4249E-06  0.1063E-03  0.1361E-01 -0.2269E+00
   -0.099994   25.77726  0.9397E-14  0.1689E-04  0.2485E-06  0.3102E-03  0.1087E-01  0.1018E+03
   -0.149992   25.78255  0.9397E-14  0.1744E-04  0.1872E-06  0.5311E-03  0.9594E-02  0.3494E+02
   -0.199990   25.78511  0.9397E-14  0.1816E-04  0.1550E-06  0.6175E-03  0.8730E-02  0.9095E+01
   -0.249989   25.78723  0.9397E-14  0.1900E-04  0.1331E-06  0.6953E-03  0.7883E-02  0.8348E+01
   -0.299988   25.78906  0.9397E-14  0.1981E-04  0.1174E-06  0.7558E-03  0.7102E-02  0.9057E+01
   -0.349988   25.79072  0.9397E-14  0.2053E-04  0.1052E-06  0.8243E-03  0.6354E-02  0.1111E+02
   -0.399987   25.79220  0.9397E-14  0.2110E-04  0.9502E-07  0.9138E-03  0.5626E-02  0.8660E+01
   -0.449987   25.79352  0.9397E-14  0.2153E-04  0.8639E-07  0.1012E-02  0.4960E-02  0.6351E+01
   -0.499988   25.79468  0.9397E-14  0.2183E-04  0.7903E-07  0.1117E-02  0.4365E-02  0.5029E+01
   -0.549988   25.79572  0.9397E-14  0.2203E-04  0.7275E-07  0.1226E-02  0.3832E-02  0.4151E+01
   -0.599989   25.79665  0.9397E-14  0.2211E-04  0.6741E-07  0.1332E-02  0.3355E-02  0.3535E+01
   -0.649990   25.79749  0.9397E-14  0.2209E-04  0.6290E-07  0.1427E-02  0.2929E-02  0.3081E+01
   -0.699991   25.79827  0.9397E-14  0.2198E-04  0.5913E-07  0.1500E-02  0.2551E-02  0.2736E+01
   -0.749993   25.79900  0.9397E-14  0.2177E-04  0.5603E-07  0.1548E-02  0.2216E-02  0.2466E+01
   -0.799994   25.79970  0.9397E-14  0.2148E-04  0.5355E-07  0.1573E-02  0.1923E-02  0.2250E+01
   -0.849996   25.80038  0.9397E-14  0.2111E-04  0.5163E-07  0.1579E-02  0.1666E-02  0.2067E+01
   -0.899997   25.80106  0.9397E-14  0.2067E-04  0.5024E-07  0.1578E-02  0.1442E-02  0.1909E+01
   -0.949999   25.80172  0.9397E-14  0.2018E-04  0.4933E-07  0.1577E-02  0.1248E-02  0.1768E+01
   -1.000000   25.80239  0.9397E-14  0.1964E-04  0.4887E-07  0.1591E-02  0.1081E-02  0.1646E+01
   -1.050002   25.80304  0.9397E-14  0.1908E-04  0.4883E-07  0.1533E-02  0.9373E-03  0.1483E+01
   -1.100004   25.80371  0.9397E-14  0.1876E-04  0.4902E-07  0.2341E-02  0.8077E-03  0.1235E+01
   -1.150005   25.80415  0.9397E-14  0.1854E-04  0.4934E-07  0.1980E-02  0.7678E-03  0.1604E+01
   -1.200007   25.80467  0.9397E-14  0.1822E-04  0.5001E-07  0.1842E-02  0.7351E-03  0.1223E+01
   -1.250008   25.80522  0.9397E-14  0.1763E-04  0.5152E-07  0.1711E-02  0.6550E-03  0.1141E+01
   -1.300010   25.80582  0.9397E-14  0.1710E-04  0.5322E-07  0.1582E-02  0.5918E-03  0.1035E+01
   -1.350011   25.80647  0.9397E-14  0.1659E-04  0.5523E-07  0.1462E-02  0.5393E-03  0.9598E+00
   -1.400012   25.80717  0.9397E-14  0.1607E-04  0.5794E-07  0.1376E-02  0.4958E-03  0.1051E+01
   -1.450013   25.80793  0.9397E-14  0.1552E-04  0.6178E-07  0.1210E-02  0.4567E-03  0.1261E+01
   -1.500013   25.80882  0.9397E-14  0.1490E-04  0.6749E-07  0.1194E-02  0.4204E-03  0.1790E+01
   -1.550014   25.80975  0.9397E-14  0.1417E-04  0.7684E-07  0.1009E-02  0.3863E-03  0.3280E+01
   -1.600014   25.81108  0.9397E-14  0.1320E-04  0.9105E-07  0.1027E-02  0.3494E-03  0.3670E+02
   -1.650013   25.81235  0.9397E-14  0.1178E-04  0.1225E-06  0.7825E-03  0.3142E-03 -0.3119E+02
   -1.700013   25.81536  0.9397E-14  0.8843E-05  0.4036E-06  0.4451E-03  0.2577E-03  0.1016E+03
   -1.750012   25.82171  0.9397E-14  0.7535E-05  0.5299E-06  0.5801E-03  0.1645E-03  0.4003E+05
   -1.800010   25.81839  0.9397E-14  0.6349E-05  0.8248E-06  0.3691E-03  0.1757E-03  0.4295E+04
   -1.850009   25.84469  0.9397E-14  0.5334E-05  0.1416E-05  0.4828E-03  0.7692E-04  0.2592E+06
   -1.900007   25.81871  0.9397E-14  0.4727E-05  0.2876E-05  0.2813E-03  0.8885E-04 -0.3883E+05
   -1.950004   25.85747  0.9397E-14  0.3476E-05  0.5693E-05  0.4433E-03  0.3738E-04 -0.6413E+03
   -2.000001   25.85799  0.9397E-14  0.0000E+00  0.0000E+00  0.0000E+00  0.1451E-03  0.0000E+00
