 1 - depth, m
 2 - temperature, C
 3 - salinity, kg/kg
 4 - turbulent kinetic energy, m**2/s**2
 5 - dissipation rate, m**2/s**3
 6 - kinematic heat conductance, m**2/s
 7 - modulus of horizontal velocity, m/s
 8 - Richardson number, n/d
   -0.000000   30.31083  0.1162E-13  0.4562E-05  0.2773E-06  0.4955E-04  0.1225E-02  0.1026E+05
   -0.049997   30.33922  0.1162E-13  0.7895E-05  0.1234E-06  0.1730E-03  0.6993E-03  0.1400E+04
   -0.099994   30.35046  0.1162E-13  0.9596E-05  0.8485E-07  0.3978E-03  0.5085E-03  0.3099E+02
   -0.149992   30.35346  0.1162E-13  0.1065E-04  0.7141E-07  0.4750E-03  0.4493E-03  0.1505E+02
   -0.199991   30.35589  0.1162E-13  0.1148E-04  0.6351E-07  0.6349E-03  0.4011E-03  0.9708E+01
   -0.249989   30.35765  0.1162E-13  0.1213E-04  0.5833E-07  0.7587E-03  0.3650E-03  0.7169E+01
   -0.299988   30.35908  0.1162E-13  0.1267E-04  0.5464E-07  0.8818E-03  0.3350E-03  0.5719E+01
   -0.349988   30.36028  0.1162E-13  0.1312E-04  0.5188E-07  0.9934E-03  0.3093E-03  0.4888E+01
   -0.399988   30.36133  0.1162E-13  0.1349E-04  0.4973E-07  0.1096E-02  0.2865E-03  0.4365E+01
   -0.449988   30.36226  0.1162E-13  0.1382E-04  0.4798E-07  0.1190E-02  0.2665E-03  0.4092E+01
   -0.499988   30.36309  0.1162E-13  0.1410E-04  0.4654E-07  0.1278E-02  0.2487E-03  0.3989E+01
   -0.549989   30.36386  0.1162E-13  0.1435E-04  0.4534E-07  0.1358E-02  0.2329E-03  0.3929E+01
   -0.599990   30.36457  0.1162E-13  0.1456E-04  0.4433E-07  0.1430E-02  0.2185E-03  0.3940E+01
   -0.649991   30.36523  0.1162E-13  0.1474E-04  0.4348E-07  0.1495E-02  0.2055E-03  0.3982E+01
   -0.699992   30.36586  0.1162E-13  0.1490E-04  0.4276E-07  0.1553E-02  0.1935E-03  0.4081E+01
   -0.749993   30.36646  0.1162E-13  0.1503E-04  0.4216E-07  0.1604E-02  0.1824E-03  0.4207E+01
   -0.799995   30.36702  0.1162E-13  0.1514E-04  0.4167E-07  0.1647E-02  0.1720E-03  0.4392E+01
   -0.849996   30.36757  0.1162E-13  0.1523E-04  0.4128E-07  0.1682E-02  0.1624E-03  0.4607E+01
   -0.899998   30.36810  0.1162E-13  0.1530E-04  0.4098E-07  0.1709E-02  0.1534E-03  0.4895E+01
   -0.950000   30.36862  0.1162E-13  0.1534E-04  0.4078E-07  0.1729E-02  0.1449E-03  0.5225E+01
   -1.000001   30.36913  0.1162E-13  0.1537E-04  0.4066E-07  0.1741E-02  0.1368E-03  0.5651E+01
   -1.050003   30.36963  0.1162E-13  0.1537E-04  0.4065E-07  0.1743E-02  0.1292E-03  0.6386E+01
   -1.100005   30.37013  0.1162E-13  0.1536E-04  0.4073E-07  0.1823E-02  0.1219E-03  0.2140E+02
   -1.150006   30.37060  0.1162E-13  0.1532E-04  0.4094E-07  0.1670E-02  0.1154E-03  0.4713E+02
   -1.200008   30.37111  0.1162E-13  0.1526E-04  0.4126E-07  0.1691E-02  0.1087E-03  0.9143E+01
   -1.250009   30.37162  0.1162E-13  0.1518E-04  0.4175E-07  0.1661E-02  0.1022E-03  0.9774E+01
   -1.300011   30.37213  0.1162E-13  0.1507E-04  0.4242E-07  0.1614E-02  0.9607E-04  0.1136E+02
   -1.350012   30.37265  0.1162E-13  0.1493E-04  0.4332E-07  0.1557E-02  0.9007E-04  0.1357E+02
   -1.400013   30.37319  0.1162E-13  0.1476E-04  0.4453E-07  0.1484E-02  0.8424E-04  0.1659E+02
   -1.450014   30.37376  0.1162E-13  0.1455E-04  0.4616E-07  0.1408E-02  0.7852E-04  0.2100E+02
   -1.500014   30.37436  0.1162E-13  0.1429E-04  0.4840E-07  0.1300E-02  0.7291E-04  0.2799E+02
   -1.550015   30.37501  0.1162E-13  0.1398E-04  0.5153E-07  0.1215E-02  0.6730E-04  0.3914E+02
   -1.600015   30.37572  0.1162E-13  0.1358E-04  0.5619E-07  0.1072E-02  0.6179E-04  0.6587E+02
   -1.650015   30.37655  0.1162E-13  0.1309E-04  0.6328E-07  0.9972E-03  0.5598E-04  0.1274E+03
   -1.700014   30.37748  0.1162E-13  0.1241E-04  0.7607E-07  0.8143E-03  0.5038E-04 -0.6678E+04
   -1.750013   30.37905  0.1162E-13  0.1147E-04  0.9739E-07  0.7366E-03  0.4302E-04  0.6385E+05
   -1.800012   30.38056  0.1162E-13  0.1016E-04  0.1417E-06  0.5156E-03  0.3692E-04  0.1837E+06
   -1.850010   30.38567  0.1162E-13  0.8639E-05  0.2235E-06  0.4717E-03  0.2677E-04  0.2335E+08
   -1.900008   30.38539  0.1162E-13  0.6824E-05  0.4649E-06  0.2096E-03  0.2165E-04 -0.3625E+06
   -1.950006   30.40300  0.1162E-13  0.4742E-05  0.1192E-05  0.1782E-03  0.1166E-04 -0.5350E+06
   -2.000003   30.40513  0.1162E-13  0.0000E+00  0.0000E+00  0.0000E+00  0.2079E-04  0.0000E+00
