 1 - depth, m
 2 - temperature, C
 3 - salinity, kg/kg
 4 - turbulent kinetic energy, m**2/s**2
 5 - dissipation rate, m**2/s**3
 6 - kinematic heat conductance, m**2/s
 7 - modulus of horizontal velocity, m/s
 8 - Richardson number, n/d
   -0.000000   30.89367  0.2864E-13  0.4878E-05  0.3076E-06  0.5046E-04  0.6325E-03  0.4345E+05
   -0.049997   30.92522  0.2864E-13  0.8562E-05  0.1364E-06  0.1831E-03  0.3609E-03  0.2098E+04
   -0.099994   30.93691  0.2864E-13  0.1038E-04  0.9418E-07  0.4184E-03  0.2625E-03  0.1388E+03
   -0.149992   30.94009  0.2864E-13  0.1150E-04  0.7949E-07  0.4934E-03  0.2328E-03  0.6837E+02
   -0.199991   30.94267  0.2864E-13  0.1238E-04  0.7080E-07  0.6605E-03  0.2083E-03  0.4470E+02
   -0.249989   30.94455  0.2864E-13  0.1308E-04  0.6509E-07  0.7875E-03  0.1899E-03  0.3315E+02
   -0.299988   30.94608  0.2864E-13  0.1366E-04  0.6102E-07  0.9143E-03  0.1746E-03  0.2659E+02
   -0.349988   30.94736  0.2864E-13  0.1413E-04  0.5796E-07  0.1029E-02  0.1615E-03  0.2268E+02
   -0.399988   30.94848  0.2864E-13  0.1453E-04  0.5557E-07  0.1134E-02  0.1499E-03  0.2032E+02
   -0.449988   30.94947  0.2864E-13  0.1487E-04  0.5364E-07  0.1231E-02  0.1396E-03  0.1897E+02
   -0.499988   30.95037  0.2864E-13  0.1517E-04  0.5204E-07  0.1320E-02  0.1306E-03  0.1855E+02
   -0.549989   30.95119  0.2864E-13  0.1543E-04  0.5071E-07  0.1401E-02  0.1224E-03  0.1818E+02
   -0.599989   30.95195  0.2864E-13  0.1565E-04  0.4959E-07  0.1475E-02  0.1150E-03  0.1830E+02
   -0.649990   30.95266  0.2864E-13  0.1584E-04  0.4865E-07  0.1540E-02  0.1083E-03  0.1839E+02
   -0.699992   30.95333  0.2864E-13  0.1601E-04  0.4786E-07  0.1598E-02  0.1021E-03  0.1895E+02
   -0.749993   30.95396  0.2864E-13  0.1614E-04  0.4721E-07  0.1649E-02  0.9641E-04  0.1943E+02
   -0.799994   30.95457  0.2864E-13  0.1625E-04  0.4668E-07  0.1691E-02  0.9107E-04  0.2040E+02
   -0.849996   30.95516  0.2864E-13  0.1634E-04  0.4626E-07  0.1725E-02  0.8609E-04  0.2130E+02
   -0.899998   30.95573  0.2864E-13  0.1640E-04  0.4594E-07  0.1751E-02  0.8140E-04  0.2279E+02
   -0.949999   30.95629  0.2864E-13  0.1644E-04  0.4574E-07  0.1768E-02  0.7698E-04  0.2424E+02
   -1.000001   30.95684  0.2864E-13  0.1646E-04  0.4564E-07  0.1778E-02  0.7279E-04  0.2641E+02
   -1.050003   30.95738  0.2864E-13  0.1646E-04  0.4566E-07  0.1776E-02  0.6882E-04  0.2976E+02
   -1.100004   30.95792  0.2864E-13  0.1643E-04  0.4579E-07  0.1873E-02  0.6501E-04  0.9829E+02
   -1.150006   30.95842  0.2864E-13  0.1638E-04  0.4608E-07  0.1676E-02  0.6164E-04  0.2322E+03
   -1.200007   30.95899  0.2864E-13  0.1631E-04  0.4651E-07  0.1709E-02  0.5808E-04  0.4366E+02
   -1.250009   30.95954  0.2864E-13  0.1621E-04  0.4714E-07  0.1677E-02  0.5470E-04  0.4696E+02
   -1.300010   30.96010  0.2864E-13  0.1607E-04  0.4800E-07  0.1624E-02  0.5144E-04  0.5500E+02
   -1.350011   30.96067  0.2864E-13  0.1590E-04  0.4916E-07  0.1562E-02  0.4827E-04  0.6684E+02
   -1.400012   30.96127  0.2864E-13  0.1570E-04  0.5073E-07  0.1480E-02  0.4518E-04  0.8324E+02
   -1.450013   30.96191  0.2864E-13  0.1544E-04  0.5286E-07  0.1401E-02  0.4213E-04  0.1083E+03
   -1.500014   30.96258  0.2864E-13  0.1513E-04  0.5584E-07  0.1284E-02  0.3914E-04  0.1507E+03
   -1.550014   30.96333  0.2864E-13  0.1475E-04  0.6009E-07  0.1203E-02  0.3610E-04  0.2242E+03
   -1.600014   30.96414  0.2864E-13  0.1426E-04  0.6674E-07  0.1055E-02  0.3314E-04  0.6222E+03
   -1.650014   30.96518  0.2864E-13  0.1363E-04  0.7711E-07  0.9760E-03  0.2988E-04  0.6186E+03
   -1.700013   30.96635  0.2864E-13  0.1276E-04  0.9552E-07  0.7899E-03  0.2667E-04  0.1504E+05
   -1.750013   30.96854  0.2864E-13  0.1164E-04  0.1255E-06  0.7160E-03  0.2234E-04  0.1346E+07
   -1.800011   30.97011  0.2864E-13  0.1021E-04  0.1895E-06  0.4941E-03  0.1918E-04  0.3549E+06
   -1.850010   30.97774  0.2864E-13  0.8662E-05  0.3111E-06  0.4611E-03  0.1347E-04  0.1018E+09
   -1.900007   30.97548  0.2864E-13  0.6897E-05  0.6515E-06  0.2115E-03  0.1103E-04  0.4993E+06
   -1.950005   30.99740  0.2864E-13  0.4878E-05  0.1590E-05  0.2006E-03  0.5883E-05 -0.8502E+07
   -2.000002   30.99939  0.2864E-13  0.0000E+00  0.0000E+00  0.0000E+00  0.1123E-04  0.0000E+00
