 1 - depth, m
 2 - temperature, C
 3 - salinity, kg/kg
 4 - turbulent kinetic energy, m**2/s**2
 5 - dissipation rate, m**2/s**3
 6 - kinematic heat conductance, m**2/s
 7 - modulus of horizontal velocity, m/s
 8 - Richardson number, n/d
   -0.000000   28.02851  0.2362E-14  0.7857E-05  0.3204E-06  0.2845E-04  0.8974E-02 -0.3735E+00
   -0.049997   28.07713  0.2362E-14  0.1005E-04  0.1370E-06  0.2683E-03  0.4718E-02  0.4209E+01
   -0.099994   28.08214  0.2362E-14  0.1107E-04  0.1072E-06  0.3390E-03  0.4229E-02  0.1378E+01
   -0.149992   28.08598  0.2362E-14  0.1207E-04  0.9124E-07  0.4595E-03  0.3852E-02  0.1728E+01
   -0.199991   28.08873  0.2362E-14  0.1309E-04  0.8034E-07  0.6124E-03  0.3503E-02  0.2062E+01
   -0.249989   28.09074  0.2362E-14  0.1411E-04  0.7236E-07  0.7876E-03  0.3173E-02  0.2332E+01
   -0.299988   28.09227  0.2362E-14  0.1509E-04  0.6622E-07  0.8563E-03  0.2855E-02  0.2498E+01
   -0.349988   28.09364  0.2362E-14  0.1600E-04  0.6132E-07  0.9272E-03  0.2545E-02  0.2665E+01
   -0.399988   28.09488  0.2362E-14  0.1680E-04  0.5733E-07  0.1030E-02  0.2242E-02  0.2538E+01
   -0.449988   28.09597  0.2362E-14  0.1747E-04  0.5408E-07  0.1146E-02  0.1968E-02  0.2344E+01
   -0.499988   28.09694  0.2362E-14  0.1803E-04  0.5147E-07  0.1264E-02  0.1728E-02  0.2181E+01
   -0.549989   28.09780  0.2362E-14  0.1846E-04  0.4938E-07  0.1377E-02  0.1521E-02  0.2038E+01
   -0.599990   28.09857  0.2362E-14  0.1878E-04  0.4774E-07  0.1484E-02  0.1341E-02  0.1917E+01
   -0.649991   28.09929  0.2362E-14  0.1900E-04  0.4647E-07  0.1584E-02  0.1185E-02  0.1811E+01
   -0.699992   28.09994  0.2362E-14  0.1913E-04  0.4554E-07  0.1679E-02  0.1050E-02  0.1718E+01
   -0.749993   28.10055  0.2362E-14  0.1918E-04  0.4490E-07  0.1772E-02  0.9329E-03  0.1634E+01
   -0.799995   28.10113  0.2362E-14  0.1915E-04  0.4451E-07  0.1864E-02  0.8318E-03  0.1559E+01
   -0.849996   28.10167  0.2362E-14  0.1907E-04  0.4436E-07  0.1960E-02  0.7442E-03  0.1492E+01
   -0.899998   28.10218  0.2362E-14  0.1895E-04  0.4441E-07  0.2061E-02  0.6682E-03  0.1430E+01
   -0.949999   28.10265  0.2362E-14  0.1878E-04  0.4467E-07  0.2153E-02  0.6022E-03  0.1373E+01
   -1.000001   28.10311  0.2362E-14  0.1858E-04  0.4510E-07  0.2194E-02  0.5448E-03  0.1314E+01
   -1.050003   28.10355  0.2362E-14  0.1836E-04  0.4570E-07  0.2090E-02  0.4948E-03  0.1218E+01
   -1.100005   28.10402  0.2362E-14  0.1820E-04  0.4622E-07  0.2396E-02  0.4509E-03  0.1309E+01
   -1.150006   28.10442  0.2362E-14  0.1804E-04  0.4682E-07  0.1860E-02  0.4324E-03  0.3853E+01
   -1.200008   28.10494  0.2362E-14  0.1783E-04  0.4770E-07  0.2029E-02  0.4101E-03  0.1101E+01
   -1.250009   28.10542  0.2362E-14  0.1756E-04  0.4903E-07  0.1868E-02  0.3813E-03  0.1044E+01
   -1.300011   28.10593  0.2362E-14  0.1728E-04  0.5060E-07  0.1769E-02  0.3559E-03  0.1065E+01
   -1.350012   28.10648  0.2362E-14  0.1696E-04  0.5258E-07  0.1673E-02  0.3331E-03  0.1182E+01
   -1.400013   28.10706  0.2362E-14  0.1661E-04  0.5517E-07  0.1564E-02  0.3119E-03  0.1441E+01
   -1.450014   28.10768  0.2362E-14  0.1621E-04  0.5868E-07  0.1466E-02  0.2915E-03  0.1961E+01
   -1.500014   28.10837  0.2362E-14  0.1573E-04  0.6360E-07  0.1340E-02  0.2714E-03  0.3335E+01
   -1.550015   28.10914  0.2362E-14  0.1514E-04  0.7101E-07  0.1246E-02  0.2510E-03 -0.2564E+03
   -1.600015   28.11012  0.2362E-14  0.1439E-04  0.8292E-07  0.1086E-02  0.2293E-03 -0.3130E+03
   -1.650014   28.11146  0.2362E-14  0.1341E-04  0.1011E-06  0.9916E-03  0.2042E-03  0.2037E+04
   -1.700014   28.11295  0.2362E-14  0.1207E-04  0.1426E-06  0.7719E-03  0.1789E-03  0.5368E+04
   -1.750013   28.11621  0.2362E-14  0.1072E-04  0.1956E-06  0.7009E-03  0.1426E-03  0.2869E+05
   -1.800012   28.11701  0.2362E-14  0.9136E-05  0.3128E-06  0.4718E-03  0.1244E-03  0.4548E+04
   -1.850010   28.12969  0.2362E-14  0.7678E-05  0.5321E-06  0.4648E-03  0.7952E-04  0.3030E+08
   -1.900008   28.12191  0.2362E-14  0.6127E-05  0.1119E-05  0.2306E-03  0.6835E-04  0.1200E+05
   -1.950005   28.14991  0.2362E-14  0.4490E-05  0.2499E-05  0.2666E-03  0.3423E-04 -0.2381E+06
   -2.000002   28.14819  0.2362E-14  0.0000E+00  0.0000E+00  0.0000E+00  0.8242E-04  0.0000E+00
