 1 - depth, m
 2 - temperature, C
 3 - salinity, kg/kg
 4 - turbulent kinetic energy, m**2/s**2
 5 - dissipation rate, m**2/s**3
 6 - kinematic heat conductance, m**2/s
 7 - modulus of horizontal velocity, m/s
 8 - Richardson number, n/d
   -0.000000   30.27074  0.1007E-13  0.5857E-05  0.2977E-06  0.4232E-04  0.3544E-02  0.1592E+03
   -0.049997   30.30925  0.1007E-13  0.9481E-05  0.1279E-06  0.2615E-03  0.1737E-02  0.1567E+02
   -0.099994   30.31596  0.1007E-13  0.1088E-04  0.9614E-07  0.3972E-03  0.1445E-02  0.3926E+01
   -0.149992   30.31936  0.1007E-13  0.1187E-04  0.8204E-07  0.5228E-03  0.1291E-02  0.2205E+01
   -0.199991   30.32187  0.1007E-13  0.1266E-04  0.7362E-07  0.6513E-03  0.1175E-02  0.1537E+01
   -0.249989   30.32382  0.1007E-13  0.1332E-04  0.6792E-07  0.7631E-03  0.1081E-02  0.1306E+01
   -0.299988   30.32544  0.1007E-13  0.1390E-04  0.6360E-07  0.8800E-03  0.9985E-03  0.1289E+01
   -0.349988   30.32680  0.1007E-13  0.1443E-04  0.6009E-07  0.1009E-02  0.9193E-03  0.1345E+01
   -0.399988   30.32796  0.1007E-13  0.1492E-04  0.5717E-07  0.1145E-02  0.8422E-03  0.1365E+01
   -0.449988   30.32896  0.1007E-13  0.1536E-04  0.5471E-07  0.1277E-02  0.7708E-03  0.1372E+01
   -0.499988   30.32985  0.1007E-13  0.1575E-04  0.5267E-07  0.1401E-02  0.7064E-03  0.1375E+01
   -0.549989   30.33063  0.1007E-13  0.1608E-04  0.5098E-07  0.1513E-02  0.6487E-03  0.1367E+01
   -0.599989   30.33135  0.1007E-13  0.1636E-04  0.4958E-07  0.1614E-02  0.5969E-03  0.1357E+01
   -0.649991   30.33201  0.1007E-13  0.1659E-04  0.4842E-07  0.1701E-02  0.5504E-03  0.1340E+01
   -0.699992   30.33263  0.1007E-13  0.1677E-04  0.4749E-07  0.1775E-02  0.5087E-03  0.1322E+01
   -0.749993   30.33321  0.1007E-13  0.1690E-04  0.4674E-07  0.1834E-02  0.4713E-03  0.1298E+01
   -0.799995   30.33377  0.1007E-13  0.1700E-04  0.4617E-07  0.1878E-02  0.4377E-03  0.1273E+01
   -0.849996   30.33430  0.1007E-13  0.1706E-04  0.4575E-07  0.1908E-02  0.4075E-03  0.1245E+01
   -0.899998   30.33482  0.1007E-13  0.1709E-04  0.4547E-07  0.1926E-02  0.3803E-03  0.1219E+01
   -0.949999   30.33534  0.1007E-13  0.1709E-04  0.4532E-07  0.1930E-02  0.3559E-03  0.1193E+01
   -1.000001   30.33584  0.1007E-13  0.1707E-04  0.4529E-07  0.1924E-02  0.3339E-03  0.1175E+01
   -1.050003   30.33634  0.1007E-13  0.1702E-04  0.4538E-07  0.1903E-02  0.3141E-03  0.1191E+01
   -1.100005   30.33684  0.1007E-13  0.1695E-04  0.4557E-07  0.2061E-02  0.2962E-03  0.3319E+01
   -1.150006   30.33730  0.1007E-13  0.1685E-04  0.4591E-07  0.1719E-02  0.2820E-03  0.8633E+01
   -1.200008   30.33784  0.1007E-13  0.1674E-04  0.4639E-07  0.1802E-02  0.2659E-03  0.1559E+01
   -1.250009   30.33836  0.1007E-13  0.1659E-04  0.4707E-07  0.1764E-02  0.2510E-03  0.1652E+01
   -1.300011   30.33888  0.1007E-13  0.1641E-04  0.4800E-07  0.1700E-02  0.2366E-03  0.1947E+01
   -1.350012   30.33942  0.1007E-13  0.1620E-04  0.4926E-07  0.1625E-02  0.2225E-03  0.2368E+01
   -1.400013   30.33998  0.1007E-13  0.1594E-04  0.5096E-07  0.1532E-02  0.2087E-03  0.2979E+01
   -1.450014   30.34058  0.1007E-13  0.1564E-04  0.5329E-07  0.1440E-02  0.1951E-03  0.3912E+01
   -1.500014   30.34122  0.1007E-13  0.1527E-04  0.5656E-07  0.1317E-02  0.1815E-03  0.5520E+01
   -1.550015   30.34193  0.1007E-13  0.1483E-04  0.6132E-07  0.1223E-02  0.1677E-03  0.8942E+01
   -1.600015   30.34271  0.1007E-13  0.1427E-04  0.6880E-07  0.1077E-02  0.1540E-03  0.4352E+01
   -1.650014   30.34372  0.1007E-13  0.1355E-04  0.8072E-07  0.9819E-03  0.1389E-03  0.4236E+03
   -1.700014   30.34497  0.1007E-13  0.1255E-04  0.1022E-06  0.8012E-03  0.1230E-03  0.1846E+05
   -1.750013   30.34711  0.1007E-13  0.1134E-04  0.1352E-06  0.7129E-03  0.1026E-03  0.3710E+05
   -1.800012   30.34860  0.1007E-13  0.9794E-05  0.2080E-06  0.4876E-03  0.8792E-04  0.9440E+04
   -1.850010   30.35692  0.1007E-13  0.8249E-05  0.3448E-06  0.4568E-03  0.6024E-04  0.3890E+07
   -1.900008   30.35350  0.1007E-13  0.6528E-05  0.7278E-06  0.2145E-03  0.4984E-04 -0.4528E+05
   -1.950005   30.37549  0.1007E-13  0.4660E-05  0.1725E-05  0.2176E-03  0.2607E-04 -0.4100E+05
   -2.000002   30.37439  0.1007E-13  0.0000E+00  0.0000E+00  0.0000E+00  0.5342E-04  0.0000E+00
