 1 - depth, m
 2 - temperature, C
 3 - salinity, kg/kg
 4 - turbulent kinetic energy, m**2/s**2
 5 - dissipation rate, m**2/s**3
 6 - kinematic heat conductance, m**2/s
 7 - modulus of horizontal velocity, m/s
 8 - Richardson number, n/d
   -0.000000   29.76338  0.1054E-13  0.4339E-05  0.2543E-06  0.4780E-04  0.1283E-02  0.5050E+04
   -0.049997   29.79058  0.1054E-13  0.7525E-05  0.1133E-06  0.1719E-03  0.7246E-03  0.2771E+03
   -0.099994   29.80094  0.1054E-13  0.9134E-05  0.7831E-07  0.3888E-03  0.5288E-03  0.2676E+02
   -0.149992   29.80380  0.1054E-13  0.1014E-04  0.6596E-07  0.4689E-03  0.4665E-03  0.1303E+02
   -0.199991   29.80608  0.1054E-13  0.1093E-04  0.5872E-07  0.6242E-03  0.4162E-03  0.8421E+01
   -0.249989   29.80774  0.1054E-13  0.1156E-04  0.5398E-07  0.7464E-03  0.3785E-03  0.6233E+01
   -0.299989   29.80910  0.1054E-13  0.1208E-04  0.5061E-07  0.8671E-03  0.3471E-03  0.4977E+01
   -0.349988   29.81025  0.1054E-13  0.1251E-04  0.4809E-07  0.9768E-03  0.3201E-03  0.4271E+01
   -0.399988   29.81124  0.1054E-13  0.1288E-04  0.4614E-07  0.1077E-02  0.2963E-03  0.3815E+01
   -0.449988   29.81213  0.1054E-13  0.1320E-04  0.4456E-07  0.1171E-02  0.2754E-03  0.3590E+01
   -0.499988   29.81293  0.1054E-13  0.1348E-04  0.4327E-07  0.1257E-02  0.2569E-03  0.3500E+01
   -0.549989   29.81366  0.1054E-13  0.1372E-04  0.4219E-07  0.1335E-02  0.2403E-03  0.3463E+01
   -0.599990   29.81434  0.1054E-13  0.1393E-04  0.4129E-07  0.1407E-02  0.2253E-03  0.3472E+01
   -0.649991   29.81498  0.1054E-13  0.1411E-04  0.4054E-07  0.1471E-02  0.2117E-03  0.3527E+01
   -0.699992   29.81558  0.1054E-13  0.1427E-04  0.3992E-07  0.1528E-02  0.1992E-03  0.3616E+01
   -0.749993   29.81615  0.1054E-13  0.1441E-04  0.3941E-07  0.1578E-02  0.1876E-03  0.3748E+01
   -0.799995   29.81670  0.1054E-13  0.1453E-04  0.3900E-07  0.1621E-02  0.1769E-03  0.3916E+01
   -0.849996   29.81723  0.1054E-13  0.1462E-04  0.3868E-07  0.1656E-02  0.1669E-03  0.4131E+01
   -0.899998   29.81774  0.1054E-13  0.1470E-04  0.3845E-07  0.1683E-02  0.1575E-03  0.4394E+01
   -0.950000   29.81825  0.1054E-13  0.1475E-04  0.3831E-07  0.1703E-02  0.1486E-03  0.4718E+01
   -1.000002   29.81874  0.1054E-13  0.1479E-04  0.3825E-07  0.1714E-02  0.1403E-03  0.5109E+01
   -1.050003   29.81923  0.1054E-13  0.1481E-04  0.3829E-07  0.1717E-02  0.1323E-03  0.5817E+01
   -1.100005   29.81971  0.1054E-13  0.1480E-04  0.3842E-07  0.1792E-02  0.1248E-03  0.1954E+02
   -1.150007   29.82018  0.1054E-13  0.1478E-04  0.3867E-07  0.1653E-02  0.1180E-03  0.4296E+02
   -1.200008   29.82068  0.1054E-13  0.1474E-04  0.3903E-07  0.1668E-02  0.1111E-03  0.8409E+01
   -1.250010   29.82117  0.1054E-13  0.1467E-04  0.3953E-07  0.1639E-02  0.1045E-03  0.9011E+01
   -1.300011   29.82168  0.1054E-13  0.1458E-04  0.4022E-07  0.1594E-02  0.9809E-04  0.1055E+02
   -1.350012   29.82219  0.1054E-13  0.1446E-04  0.4113E-07  0.1539E-02  0.9190E-04  0.1261E+02
   -1.400013   29.82273  0.1054E-13  0.1431E-04  0.4233E-07  0.1467E-02  0.8588E-04  0.1553E+02
   -1.450014   29.82329  0.1054E-13  0.1412E-04  0.4392E-07  0.1393E-02  0.7999E-04  0.1969E+02
   -1.500015   29.82389  0.1054E-13  0.1389E-04  0.4609E-07  0.1289E-02  0.7422E-04  0.2643E+02
   -1.550015   29.82454  0.1054E-13  0.1360E-04  0.4910E-07  0.1206E-02  0.6844E-04  0.3710E+02
   -1.600015   29.82525  0.1054E-13  0.1323E-04  0.5359E-07  0.1065E-02  0.6280E-04  0.6518E+02
   -1.650015   29.82609  0.1054E-13  0.1277E-04  0.6036E-07  0.9876E-03  0.5682E-04  0.1155E+03
   -1.700015   29.82702  0.1054E-13  0.1213E-04  0.7246E-07  0.8088E-03  0.5109E-04  0.5856E+05
   -1.750014   29.82863  0.1054E-13  0.1125E-04  0.9253E-07  0.7309E-03  0.4359E-04  0.3820E+06
   -1.800012   29.83009  0.1054E-13  0.1005E-04  0.1331E-06  0.5159E-03  0.3749E-04  0.4357E+06
   -1.850011   29.83515  0.1054E-13  0.8598E-05  0.2106E-06  0.4635E-03  0.2749E-04  0.1215E+09
   -1.900009   29.83498  0.1054E-13  0.6830E-05  0.4395E-06  0.2128E-03  0.2211E-04  0.7647E+06
   -1.950006   29.85237  0.1054E-13  0.4718E-05  0.1122E-05  0.1712E-03  0.1216E-04 -0.8298E+05
   -2.000003   29.85563  0.1054E-13  0.0000E+00  0.0000E+00  0.0000E+00  0.2103E-04  0.0000E+00
