 1 - depth, m
 2 - temperature, C
 3 - salinity, kg/kg
 4 - turbulent kinetic energy, m**2/s**2
 5 - dissipation rate, m**2/s**3
 6 - kinematic heat conductance, m**2/s
 7 - modulus of horizontal velocity, m/s
 8 - Richardson number, n/d
   -0.000000   25.95681  0.1128E-14  0.1119E-04  0.5763E-06  0.3189E-04  0.1456E-01 -0.1723E+00
   -0.049997   26.00983  0.1128E-14  0.1262E-04  0.2163E-06  0.2180E-03  0.8203E-02  0.7401E+02
   -0.099994   26.01830  0.1128E-14  0.1369E-04  0.1553E-06  0.3918E-03  0.7012E-02  0.2254E+01
   -0.149992   26.02228  0.1128E-14  0.1469E-04  0.1280E-06  0.4985E-03  0.6405E-02  0.2795E+01
   -0.199991   26.02529  0.1128E-14  0.1584E-04  0.1099E-06  0.6532E-03  0.5801E-02  0.3328E+01
   -0.249989   26.02752  0.1128E-14  0.1697E-04  0.9722E-07  0.7261E-03  0.5241E-02  0.3698E+01
   -0.299988   26.02947  0.1128E-14  0.1804E-04  0.8769E-07  0.7987E-03  0.4707E-02  0.4120E+01
   -0.349988   26.03120  0.1128E-14  0.1900E-04  0.8013E-07  0.8832E-03  0.4190E-02  0.4597E+01
   -0.399988   26.03273  0.1128E-14  0.1981E-04  0.7385E-07  0.9985E-03  0.3682E-02  0.4132E+01
   -0.449988   26.03405  0.1128E-14  0.2047E-04  0.6858E-07  0.1125E-02  0.3220E-02  0.3520E+01
   -0.499988   26.03521  0.1128E-14  0.2097E-04  0.6419E-07  0.1250E-02  0.2813E-02  0.3070E+01
   -0.549989   26.03623  0.1128E-14  0.2132E-04  0.6056E-07  0.1367E-02  0.2455E-02  0.2724E+01
   -0.599989   26.03714  0.1128E-14  0.2153E-04  0.5758E-07  0.1466E-02  0.2143E-02  0.2458E+01
   -0.649990   26.03799  0.1128E-14  0.2161E-04  0.5518E-07  0.1545E-02  0.1870E-02  0.2246E+01
   -0.699992   26.03877  0.1128E-14  0.2158E-04  0.5330E-07  0.1604E-02  0.1634E-02  0.2072E+01
   -0.749993   26.03952  0.1128E-14  0.2144E-04  0.5188E-07  0.1649E-02  0.1429E-02  0.1924E+01
   -0.799994   26.04024  0.1128E-14  0.2122E-04  0.5087E-07  0.1687E-02  0.1253E-02  0.1795E+01
   -0.849996   26.04093  0.1128E-14  0.2093E-04  0.5025E-07  0.1725E-02  0.1100E-02  0.1680E+01
   -0.899998   26.04160  0.1128E-14  0.2058E-04  0.4997E-07  0.1769E-02  0.9696E-03  0.1577E+01
   -0.949999   26.04225  0.1128E-14  0.2018E-04  0.5002E-07  0.1823E-02  0.8571E-03  0.1484E+01
   -1.000001   26.04287  0.1128E-14  0.1975E-04  0.5038E-07  0.1892E-02  0.7604E-03  0.1403E+01
   -1.050003   26.04347  0.1128E-14  0.1930E-04  0.5100E-07  0.1878E-02  0.6772E-03  0.1285E+01
   -1.100004   26.04406  0.1128E-14  0.1904E-04  0.5151E-07  0.2344E-02  0.6039E-03  0.1074E+01
   -1.150006   26.04453  0.1128E-14  0.1881E-04  0.5213E-07  0.1806E-02  0.5790E-03  0.2820E+01
   -1.200008   26.04514  0.1128E-14  0.1849E-04  0.5315E-07  0.1979E-02  0.5506E-03  0.1119E+01
   -1.250009   26.04569  0.1128E-14  0.1802E-04  0.5486E-07  0.1710E-02  0.5051E-03  0.1011E+01
   -1.300010   26.04633  0.1128E-14  0.1758E-04  0.5679E-07  0.1596E-02  0.4671E-03  0.9609E+00
   -1.350012   26.04702  0.1128E-14  0.1713E-04  0.5915E-07  0.1487E-02  0.4344E-03  0.1007E+01
   -1.400013   26.04775  0.1128E-14  0.1663E-04  0.6244E-07  0.1442E-02  0.4053E-03  0.1271E+01
   -1.450013   26.04853  0.1128E-14  0.1607E-04  0.6742E-07  0.1215E-02  0.3774E-03  0.1769E+01
   -1.500014   26.04949  0.1128E-14  0.1541E-04  0.7437E-07  0.1226E-02  0.3486E-03  0.2591E+01
   -1.550014   26.05047  0.1128E-14  0.1463E-04  0.8515E-07  0.1014E-02  0.3219E-03  0.4927E+01
   -1.600014   26.05194  0.1128E-14  0.1358E-04  0.1003E-06  0.1057E-02  0.2912E-03  0.2946E+02
   -1.650014   26.05327  0.1128E-14  0.1209E-04  0.1337E-06  0.7889E-03  0.2626E-03 -0.8545E+02
   -1.700014   26.05654  0.1128E-14  0.8801E-05  0.4930E-06  0.4092E-03  0.2136E-03  0.3396E+03
   -1.750013   26.06383  0.1128E-14  0.7527E-05  0.6421E-06  0.5834E-03  0.1315E-03  0.9940E+03
   -1.800011   26.05964  0.1128E-14  0.6323E-05  0.9829E-06  0.3521E-03  0.1449E-03 -0.4928E+03
   -1.850010   26.08798  0.1128E-14  0.5373E-05  0.1674E-05  0.4911E-03  0.5994E-04  0.4625E+06
   -1.900008   26.05979  0.1128E-14  0.4829E-05  0.3351E-05  0.2928E-03  0.7177E-04 -0.6354E+05
   -1.950005   26.10217  0.1128E-14  0.3561E-05  0.6494E-05  0.4833E-03  0.2949E-04  0.6052E+02
   -2.000002   26.09413  0.1128E-14  0.0000E+00  0.0000E+00  0.0000E+00  0.1194E-03  0.0000E+00
