 1 - depth, m
 2 - temperature, C
 3 - salinity, kg/kg
 4 - turbulent kinetic energy, m**2/s**2
 5 - dissipation rate, m**2/s**3
 6 - kinematic heat conductance, m**2/s
 7 - modulus of horizontal velocity, m/s
 8 - Richardson number, n/d
   -0.000000   30.38741  0.5784E-13  0.4480E-05  0.2559E-06  0.4417E-04  0.2767E-03  0.3137E+06
   -0.049997   30.41935  0.5784E-13  0.8056E-05  0.1143E-06  0.1966E-03  0.1477E-03  0.1981E+06
   -0.099994   30.42786  0.5784E-13  0.9630E-05  0.8123E-07  0.4051E-03  0.1112E-03  0.5988E+03
   -0.149992   30.43079  0.5784E-13  0.1065E-04  0.6896E-07  0.4923E-03  0.9833E-04  0.3008E+03
   -0.199991   30.43308  0.5784E-13  0.1144E-04  0.6165E-07  0.6478E-03  0.8803E-04  0.2000E+03
   -0.249989   30.43478  0.5784E-13  0.1208E-04  0.5679E-07  0.7722E-03  0.8020E-04  0.1501E+03
   -0.299989   30.43616  0.5784E-13  0.1259E-04  0.5329E-07  0.8932E-03  0.7368E-04  0.1207E+03
   -0.349988   30.43733  0.5784E-13  0.1303E-04  0.5066E-07  0.1004E-02  0.6805E-04  0.1040E+03
   -0.399988   30.43835  0.5784E-13  0.1339E-04  0.4860E-07  0.1104E-02  0.6307E-04  0.9299E+02
   -0.449988   30.43925  0.5784E-13  0.1371E-04  0.4692E-07  0.1198E-02  0.5868E-04  0.8766E+02
   -0.499988   30.44007  0.5784E-13  0.1398E-04  0.4554E-07  0.1284E-02  0.5479E-04  0.8539E+02
   -0.549989   30.44082  0.5784E-13  0.1422E-04  0.4437E-07  0.1363E-02  0.5130E-04  0.8454E+02
   -0.599990   30.44151  0.5784E-13  0.1442E-04  0.4340E-07  0.1434E-02  0.4815E-04  0.8466E+02
   -0.649991   30.44216  0.5784E-13  0.1460E-04  0.4257E-07  0.1498E-02  0.4526E-04  0.8601E+02
   -0.699992   30.44277  0.5784E-13  0.1475E-04  0.4188E-07  0.1555E-02  0.4262E-04  0.8803E+02
   -0.749993   30.44335  0.5784E-13  0.1488E-04  0.4130E-07  0.1604E-02  0.4016E-04  0.9124E+02
   -0.799995   30.44390  0.5784E-13  0.1498E-04  0.4083E-07  0.1646E-02  0.3789E-04  0.9513E+02
   -0.849996   30.44444  0.5784E-13  0.1507E-04  0.4045E-07  0.1681E-02  0.3576E-04  0.1004E+03
   -0.899998   30.44496  0.5784E-13  0.1513E-04  0.4016E-07  0.1707E-02  0.3377E-04  0.1065E+03
   -0.950000   30.44547  0.5784E-13  0.1517E-04  0.3996E-07  0.1726E-02  0.3188E-04  0.1144E+03
   -1.000001   30.44597  0.5784E-13  0.1520E-04  0.3986E-07  0.1737E-02  0.3011E-04  0.1236E+03
   -1.050003   30.44646  0.5784E-13  0.1520E-04  0.3985E-07  0.1739E-02  0.2842E-04  0.1406E+03
   -1.100005   30.44694  0.5784E-13  0.1519E-04  0.3994E-07  0.1820E-02  0.2681E-04  0.4697E+03
   -1.150006   30.44741  0.5784E-13  0.1515E-04  0.4015E-07  0.1664E-02  0.2538E-04  0.1041E+04
   -1.200008   30.44791  0.5784E-13  0.1509E-04  0.4048E-07  0.1685E-02  0.2389E-04  0.2030E+03
   -1.250010   30.44840  0.5784E-13  0.1501E-04  0.4096E-07  0.1656E-02  0.2248E-04  0.2167E+03
   -1.300011   30.44891  0.5784E-13  0.1490E-04  0.4162E-07  0.1609E-02  0.2111E-04  0.2540E+03
   -1.350012   30.44942  0.5784E-13  0.1476E-04  0.4252E-07  0.1552E-02  0.1979E-04  0.3028E+03
   -1.400013   30.44995  0.5784E-13  0.1459E-04  0.4373E-07  0.1479E-02  0.1849E-04  0.3734E+03
   -1.450014   30.45051  0.5784E-13  0.1439E-04  0.4535E-07  0.1403E-02  0.1723E-04  0.4723E+03
   -1.500015   30.45110  0.5784E-13  0.1413E-04  0.4757E-07  0.1296E-02  0.1599E-04  0.6355E+03
   -1.550015   30.45175  0.5784E-13  0.1382E-04  0.5068E-07  0.1210E-02  0.1476E-04  0.8912E+03
   -1.600015   30.45245  0.5784E-13  0.1343E-04  0.5536E-07  0.1071E-02  0.1354E-04  0.1589E+04
   -1.650015   30.45327  0.5784E-13  0.1293E-04  0.6253E-07  0.9891E-03  0.1226E-04  0.2442E+05
   -1.700014   30.45421  0.5784E-13  0.1225E-04  0.7531E-07  0.8149E-03  0.1100E-04 -0.6579E+05
   -1.750013   30.45580  0.5784E-13  0.1132E-04  0.9656E-07  0.7290E-03  0.9384E-05  0.1208E+07
   -1.800012   30.45730  0.5784E-13  0.1005E-04  0.1402E-06  0.5162E-03  0.8020E-05  0.7792E+06
   -1.850010   30.46238  0.5784E-13  0.8578E-05  0.2218E-06  0.4629E-03  0.5832E-05  0.2116E+09
   -1.900008   30.46197  0.5784E-13  0.6816E-05  0.4583E-06  0.2156E-03  0.4694E-05  0.3581E+07
   -1.950006   30.47915  0.5784E-13  0.4728E-05  0.1169E-05  0.1756E-03  0.2557E-05 -0.2827E+08
   -2.000003   30.48213  0.5784E-13  0.0000E+00  0.0000E+00  0.0000E+00  0.4565E-05  0.0000E+00
