 1 - depth, m
 2 - temperature, C
 3 - salinity, kg/kg
 4 - turbulent kinetic energy, m**2/s**2
 5 - dissipation rate, m**2/s**3
 6 - kinematic heat conductance, m**2/s
 7 - modulus of horizontal velocity, m/s
 8 - Richardson number, n/d
   -0.000000   30.02508  0.7452E-13  0.4584E-05  0.2819E-06  0.4998E-04  0.9117E-03  0.7895E+04
   -0.049997   30.05433  0.7453E-13  0.7977E-05  0.1250E-06  0.1716E-03  0.5238E-03  0.2646E+02
   -0.099994   30.06618  0.7453E-13  0.9700E-05  0.8572E-07  0.4039E-03  0.3774E-03  0.5582E+02
   -0.149992   30.06924  0.7453E-13  0.1076E-04  0.7226E-07  0.4765E-03  0.3341E-03  0.2699E+02
   -0.199991   30.07174  0.7453E-13  0.1158E-04  0.6430E-07  0.6375E-03  0.2983E-03  0.1747E+02
   -0.249989   30.07355  0.7453E-13  0.1223E-04  0.5905E-07  0.7609E-03  0.2715E-03  0.1293E+02
   -0.299989   30.07502  0.7453E-13  0.1277E-04  0.5530E-07  0.8837E-03  0.2492E-03  0.1031E+02
   -0.349988   30.07626  0.7453E-13  0.1321E-04  0.5248E-07  0.9950E-03  0.2301E-03  0.8820E+01
   -0.399988   30.07733  0.7453E-13  0.1358E-04  0.5027E-07  0.1097E-02  0.2132E-03  0.7861E+01
   -0.449988   30.07828  0.7453E-13  0.1390E-04  0.4848E-07  0.1191E-02  0.1983E-03  0.7381E+01
   -0.499988   30.07914  0.7453E-13  0.1417E-04  0.4699E-07  0.1278E-02  0.1851E-03  0.7179E+01
   -0.549989   30.07992  0.7453E-13  0.1441E-04  0.4575E-07  0.1357E-02  0.1733E-03  0.7082E+01
   -0.599990   30.08064  0.7453E-13  0.1462E-04  0.4469E-07  0.1430E-02  0.1626E-03  0.7082E+01
   -0.649991   30.08132  0.7453E-13  0.1479E-04  0.4380E-07  0.1494E-02  0.1529E-03  0.7167E+01
   -0.699992   30.08196  0.7453E-13  0.1494E-04  0.4305E-07  0.1552E-02  0.1439E-03  0.7324E+01
   -0.749993   30.08256  0.7453E-13  0.1507E-04  0.4241E-07  0.1602E-02  0.1357E-03  0.7562E+01
   -0.799995   30.08314  0.7453E-13  0.1517E-04  0.4188E-07  0.1644E-02  0.1280E-03  0.7871E+01
   -0.849996   30.08369  0.7453E-13  0.1525E-04  0.4146E-07  0.1679E-02  0.1208E-03  0.8271E+01
   -0.899998   30.08423  0.7453E-13  0.1531E-04  0.4112E-07  0.1706E-02  0.1141E-03  0.8758E+01
   -0.950000   30.08476  0.7453E-13  0.1535E-04  0.4088E-07  0.1725E-02  0.1077E-03  0.9368E+01
   -1.000001   30.08527  0.7453E-13  0.1536E-04  0.4073E-07  0.1737E-02  0.1017E-03  0.1010E+02
   -1.050003   30.08577  0.7453E-13  0.1536E-04  0.4068E-07  0.1739E-02  0.9604E-04  0.1143E+02
   -1.100005   30.08627  0.7453E-13  0.1534E-04  0.4074E-07  0.1820E-02  0.9062E-04  0.3803E+02
   -1.150006   30.08675  0.7453E-13  0.1529E-04  0.4091E-07  0.1663E-02  0.8578E-04  0.8496E+02
   -1.200008   30.08726  0.7453E-13  0.1523E-04  0.4120E-07  0.1685E-02  0.8078E-04  0.1641E+02
   -1.250010   30.08777  0.7453E-13  0.1514E-04  0.4166E-07  0.1656E-02  0.7599E-04  0.1744E+02
   -1.300011   30.08828  0.7453E-13  0.1502E-04  0.4229E-07  0.1609E-02  0.7139E-04  0.2036E+02
   -1.350012   30.08880  0.7453E-13  0.1487E-04  0.4317E-07  0.1552E-02  0.6692E-04  0.2425E+02
   -1.400013   30.08935  0.7453E-13  0.1469E-04  0.4436E-07  0.1478E-02  0.6258E-04  0.2982E+02
   -1.450014   30.08991  0.7453E-13  0.1447E-04  0.4597E-07  0.1403E-02  0.5832E-04  0.3774E+02
   -1.500015   30.09051  0.7453E-13  0.1421E-04  0.4820E-07  0.1294E-02  0.5414E-04  0.5079E+02
   -1.550015   30.09116  0.7453E-13  0.1388E-04  0.5134E-07  0.1211E-02  0.4996E-04  0.7134E+02
   -1.600015   30.09186  0.7453E-13  0.1348E-04  0.5611E-07  0.1070E-02  0.4586E-04  0.1278E+03
   -1.650015   30.09270  0.7453E-13  0.1296E-04  0.6346E-07  0.9900E-03  0.4151E-04  0.8456E+03
   -1.700014   30.09364  0.7453E-13  0.1226E-04  0.7664E-07  0.8112E-03  0.3726E-04 -0.6658E+03
   -1.750013   30.09527  0.7453E-13  0.1131E-04  0.9832E-07  0.7311E-03  0.3170E-04  0.4097E+06
   -1.800012   30.09667  0.7453E-13  0.1002E-04  0.1439E-06  0.5132E-03  0.2726E-04  0.4348E+05
   -1.850010   30.10200  0.7453E-13  0.8543E-05  0.2294E-06  0.4683E-03  0.1973E-04  0.1276E+08
   -1.900008   30.10141  0.7453E-13  0.6775E-05  0.4770E-06  0.2148E-03  0.1598E-04  0.4956E+06
   -1.950006   30.11861  0.7453E-13  0.4705E-05  0.1207E-05  0.1787E-03  0.8714E-05 -0.4519E+07
   -2.000003   30.12146  0.7453E-13  0.0000E+00  0.0000E+00  0.0000E+00  0.1551E-04  0.0000E+00
