 1 - depth, m
 2 - temperature, C
 3 - salinity, kg/kg
 4 - turbulent kinetic energy, m**2/s**2
 5 - dissipation rate, m**2/s**3
 6 - kinematic heat conductance, m**2/s
 7 - modulus of horizontal velocity, m/s
 8 - Richardson number, n/d
   -0.000000   26.48328  0.5819E-14  0.1611E-04  0.1108E-05  0.2989E-04  0.2196E-01 -0.8110E-01
   -0.049997   26.53823  0.5819E-14  0.1560E-04  0.3557E-06  0.1265E-03  0.1222E-01 -0.2075E+00
   -0.099994   26.55062  0.5819E-14  0.1617E-04  0.2191E-06  0.3540E-03  0.9889E-02  0.6639E+03
   -0.149992   26.55500  0.5819E-14  0.1691E-04  0.1702E-06  0.5332E-03  0.8840E-02  0.5037E+01
   -0.199990   26.55759  0.5819E-14  0.1779E-04  0.1426E-06  0.6300E-03  0.8032E-02  0.5880E+01
   -0.249989   26.55970  0.5819E-14  0.1873E-04  0.1236E-06  0.7042E-03  0.7256E-02  0.6283E+01
   -0.299988   26.56155  0.5819E-14  0.1964E-04  0.1097E-06  0.7694E-03  0.6533E-02  0.7120E+01
   -0.349988   26.56321  0.5819E-14  0.2045E-04  0.9885E-07  0.8442E-03  0.5838E-02  0.8529E+01
   -0.399987   26.56469  0.5819E-14  0.2110E-04  0.8980E-07  0.9437E-03  0.5158E-02  0.7038E+01
   -0.449987   26.56599  0.5819E-14  0.2160E-04  0.8208E-07  0.1054E-02  0.4536E-02  0.5418E+01
   -0.499988   26.56713  0.5819E-14  0.2196E-04  0.7552E-07  0.1171E-02  0.3981E-02  0.4405E+01
   -0.549988   26.56813  0.5819E-14  0.2221E-04  0.6996E-07  0.1289E-02  0.3486E-02  0.3701E+01
   -0.599989   26.56903  0.5819E-14  0.2233E-04  0.6526E-07  0.1399E-02  0.3045E-02  0.3196E+01
   -0.649990   26.56985  0.5819E-14  0.2234E-04  0.6133E-07  0.1491E-02  0.2655E-02  0.2819E+01
   -0.699991   26.57061  0.5819E-14  0.2224E-04  0.5809E-07  0.1556E-02  0.2310E-02  0.2529E+01
   -0.749992   26.57133  0.5819E-14  0.2204E-04  0.5549E-07  0.1595E-02  0.2007E-02  0.2300E+01
   -0.799994   26.57202  0.5819E-14  0.2175E-04  0.5346E-07  0.1611E-02  0.1743E-02  0.2111E+01
   -0.849995   26.57270  0.5819E-14  0.2139E-04  0.5196E-07  0.1616E-02  0.1513E-02  0.1948E+01
   -0.899997   26.57337  0.5819E-14  0.2095E-04  0.5095E-07  0.1619E-02  0.1314E-02  0.1804E+01
   -0.949999   26.57403  0.5819E-14  0.2047E-04  0.5039E-07  0.1626E-02  0.1142E-02  0.1675E+01
   -1.000000   26.57468  0.5819E-14  0.1995E-04  0.5027E-07  0.1651E-02  0.9946E-03  0.1563E+01
   -1.050002   26.57532  0.5819E-14  0.1940E-04  0.5052E-07  0.1608E-02  0.8681E-03  0.1412E+01
   -1.100004   26.57598  0.5819E-14  0.1909E-04  0.5086E-07  0.2351E-02  0.7552E-03  0.1187E+01
   -1.150005   26.57642  0.5819E-14  0.1886E-04  0.5130E-07  0.1937E-02  0.7195E-03  0.1820E+01
   -1.200007   26.57696  0.5819E-14  0.1853E-04  0.5213E-07  0.1949E-02  0.6879E-03  0.1199E+01
   -1.250008   26.57749  0.5819E-14  0.1796E-04  0.5384E-07  0.1718E-02  0.6182E-03  0.1099E+01
   -1.300009   26.57810  0.5819E-14  0.1744E-04  0.5571E-07  0.1578E-02  0.5624E-03  0.1000E+01
   -1.350011   26.57877  0.5819E-14  0.1694E-04  0.5790E-07  0.1462E-02  0.5159E-03  0.9461E+00
   -1.400012   26.57948  0.5819E-14  0.1643E-04  0.6092E-07  0.1393E-02  0.4770E-03  0.1093E+01
   -1.450012   26.58026  0.5819E-14  0.1586E-04  0.6534E-07  0.1200E-02  0.4411E-03  0.1377E+01
   -1.500013   26.58118  0.5819E-14  0.1522E-04  0.7182E-07  0.1206E-02  0.4066E-03  0.1983E+01
   -1.550013   26.58214  0.5819E-14  0.1445E-04  0.8236E-07  0.1003E-02  0.3745E-03  0.3705E+01
   -1.600013   26.58356  0.5819E-14  0.1342E-04  0.9770E-07  0.1042E-02  0.3385E-03  0.2113E+02
   -1.650013   26.58483  0.5819E-14  0.1191E-04  0.1326E-06  0.7801E-03  0.3050E-03 -0.4841E+02
   -1.700012   26.58812  0.5819E-14  0.8715E-05  0.4778E-06  0.4055E-03  0.2477E-03  0.1626E+03
   -1.750011   26.59515  0.5819E-14  0.7453E-05  0.6248E-06  0.5749E-03  0.1528E-03  0.6013E+03
   -1.800010   26.59106  0.5819E-14  0.6273E-05  0.9625E-06  0.3536E-03  0.1687E-03 -0.3684E+03
   -1.850008   26.61931  0.5819E-14  0.5325E-05  0.1644E-05  0.4897E-03  0.6985E-04  0.3435E+06
   -1.900006   26.59112  0.5819E-14  0.4791E-05  0.3305E-05  0.2920E-03  0.8392E-04 -0.4679E+05
   -1.950004   26.63317  0.5819E-14  0.3529E-05  0.6430E-05  0.4777E-03  0.3450E-04  0.2694E+02
   -2.000000   26.62733  0.5819E-14  0.0000E+00  0.0000E+00  0.0000E+00  0.1398E-03  0.0000E+00
