 1 - depth, m
 2 - temperature, C
 3 - salinity, kg/kg
 4 - turbulent kinetic energy, m**2/s**2
 5 - dissipation rate, m**2/s**3
 6 - kinematic heat conductance, m**2/s
 7 - modulus of horizontal velocity, m/s
 8 - Richardson number, n/d
   -0.000000   26.03879  0.1799E-14  0.1462E-04  0.8961E-06  0.3139E-04  0.1944E-01 -0.1069E+00
   -0.049997   26.09462  0.1799E-14  0.1506E-04  0.3050E-06  0.1590E-03  0.1106E-01  0.5418E+01
   -0.099994   26.10593  0.1799E-14  0.1582E-04  0.2015E-06  0.4173E-03  0.9142E-02  0.1224E+04
   -0.149992   26.10968  0.1799E-14  0.1673E-04  0.1624E-06  0.5228E-03  0.8339E-02  0.4055E+01
   -0.199991   26.11260  0.1799E-14  0.1781E-04  0.1371E-06  0.6473E-03  0.7546E-02  0.4814E+01
   -0.249989   26.11487  0.1799E-14  0.1892E-04  0.1198E-06  0.7147E-03  0.6823E-02  0.5277E+01
   -0.299988   26.11688  0.1799E-14  0.1995E-04  0.1070E-06  0.7890E-03  0.6137E-02  0.6035E+01
   -0.349988   26.11866  0.1799E-14  0.2088E-04  0.9695E-07  0.8735E-03  0.5479E-02  0.7033E+01
   -0.399987   26.12023  0.1799E-14  0.2163E-04  0.8850E-07  0.9868E-03  0.4832E-02  0.5988E+01
   -0.449987   26.12159  0.1799E-14  0.2222E-04  0.8130E-07  0.1113E-02  0.4241E-02  0.4762E+01
   -0.499988   26.12277  0.1799E-14  0.2266E-04  0.7519E-07  0.1245E-02  0.3714E-02  0.3949E+01
   -0.549988   26.12381  0.1799E-14  0.2294E-04  0.7002E-07  0.1374E-02  0.3247E-02  0.3365E+01
   -0.599989   26.12473  0.1799E-14  0.2309E-04  0.6568E-07  0.1488E-02  0.2833E-02  0.2942E+01
   -0.649990   26.12557  0.1799E-14  0.2312E-04  0.6208E-07  0.1577E-02  0.2468E-02  0.2624E+01
   -0.699991   26.12636  0.1799E-14  0.2302E-04  0.5914E-07  0.1634E-02  0.2148E-02  0.2377E+01
   -0.749993   26.12710  0.1799E-14  0.2281E-04  0.5680E-07  0.1664E-02  0.1868E-02  0.2178E+01
   -0.799994   26.12782  0.1799E-14  0.2250E-04  0.5501E-07  0.1675E-02  0.1625E-02  0.2011E+01
   -0.849996   26.12853  0.1799E-14  0.2211E-04  0.5372E-07  0.1678E-02  0.1415E-02  0.1864E+01
   -0.899997   26.12923  0.1799E-14  0.2166E-04  0.5290E-07  0.1683E-02  0.1233E-02  0.1733E+01
   -0.949999   26.12992  0.1799E-14  0.2115E-04  0.5252E-07  0.1696E-02  0.1077E-02  0.1613E+01
   -1.000001   26.13059  0.1799E-14  0.2061E-04  0.5254E-07  0.1727E-02  0.9421E-03  0.1509E+01
   -1.050002   26.13125  0.1799E-14  0.2004E-04  0.5294E-07  0.1692E-02  0.8269E-03  0.1368E+01
   -1.100004   26.13192  0.1799E-14  0.1972E-04  0.5335E-07  0.2406E-02  0.7244E-03  0.1156E+01
   -1.150006   26.13238  0.1799E-14  0.1947E-04  0.5385E-07  0.1936E-02  0.6916E-03  0.1986E+01
   -1.200007   26.13296  0.1799E-14  0.1912E-04  0.5479E-07  0.2026E-02  0.6607E-03  0.1171E+01
   -1.250009   26.13350  0.1799E-14  0.1854E-04  0.5660E-07  0.1737E-02  0.5974E-03  0.1063E+01
   -1.300010   26.13414  0.1799E-14  0.1801E-04  0.5858E-07  0.1600E-02  0.5462E-03  0.9689E+00
   -1.350011   26.13484  0.1799E-14  0.1749E-04  0.6089E-07  0.1489E-02  0.5034E-03  0.9326E+00
   -1.400012   26.13558  0.1799E-14  0.1695E-04  0.6417E-07  0.1431E-02  0.4671E-03  0.1116E+01
   -1.450013   26.13638  0.1799E-14  0.1635E-04  0.6910E-07  0.1217E-02  0.4331E-03  0.1453E+01
   -1.500013   26.13734  0.1799E-14  0.1566E-04  0.7629E-07  0.1229E-02  0.3996E-03  0.2105E+01
   -1.550014   26.13833  0.1799E-14  0.1484E-04  0.8796E-07  0.1021E-02  0.3684E-03  0.4002E+01
   -1.600014   26.13983  0.1799E-14  0.1374E-04  0.1047E-06  0.1062E-02  0.3331E-03  0.3175E+02
   -1.650013   26.14122  0.1799E-14  0.1215E-04  0.1422E-06  0.7979E-03  0.2996E-03 -0.4801E+02
   -1.700013   26.14465  0.1799E-14  0.8879E-05  0.5183E-06  0.4068E-03  0.2426E-03  0.4911E+03
   -1.750012   26.15216  0.1799E-14  0.7632E-05  0.6768E-06  0.5803E-03  0.1497E-03  0.3689E+03
   -1.800011   26.14774  0.1799E-14  0.6405E-05  0.1035E-05  0.3507E-03  0.1656E-03 -0.3816E+03
   -1.850009   26.17657  0.1799E-14  0.5469E-05  0.1761E-05  0.4941E-03  0.6839E-04  0.4601E+06
   -1.900007   26.14794  0.1799E-14  0.4920E-05  0.3526E-05  0.2991E-03  0.8205E-04 -0.4901E+05
   -1.950004   26.19058  0.1799E-14  0.3619E-05  0.6804E-05  0.4913E-03  0.3372E-04  0.3882E+02
   -2.000001   26.18337  0.1799E-14  0.0000E+00  0.0000E+00  0.0000E+00  0.1368E-03  0.0000E+00
