 1 - depth, m
 2 - temperature, C
 3 - salinity, kg/kg
 4 - turbulent kinetic energy, m**2/s**2
 5 - dissipation rate, m**2/s**3
 6 - kinematic heat conductance, m**2/s
 7 - modulus of horizontal velocity, m/s
 8 - Richardson number, n/d
   -0.000000   30.50207  0.8550E-13  0.4898E-05  0.2922E-06  0.5036E-04  0.2242E-02  0.3819E+04
   -0.049997   30.53171  0.8550E-13  0.8216E-05  0.1295E-06  0.1825E-03  0.1244E-02  0.4888E+04
   -0.099994   30.54221  0.8550E-13  0.9865E-05  0.8993E-07  0.3882E-03  0.9350E-03  0.1022E+02
   -0.149992   30.54543  0.8550E-13  0.1092E-04  0.7537E-07  0.4761E-03  0.8252E-03  0.5046E+01
   -0.199991   30.54793  0.8550E-13  0.1174E-04  0.6685E-07  0.6297E-03  0.7381E-03  0.3248E+01
   -0.249989   30.54977  0.8550E-13  0.1239E-04  0.6125E-07  0.7533E-03  0.6722E-03  0.2389E+01
   -0.299988   30.55126  0.8550E-13  0.1293E-04  0.5727E-07  0.8737E-03  0.6174E-03  0.1906E+01
   -0.349988   30.55252  0.8550E-13  0.1337E-04  0.5428E-07  0.9816E-03  0.5704E-03  0.1642E+01
   -0.399988   30.55360  0.8550E-13  0.1375E-04  0.5192E-07  0.1082E-02  0.5283E-03  0.1508E+01
   -0.449988   30.55457  0.8550E-13  0.1408E-04  0.4998E-07  0.1181E-02  0.4906E-03  0.1451E+01
   -0.499988   30.55544  0.8550E-13  0.1437E-04  0.4835E-07  0.1274E-02  0.4566E-03  0.1436E+01
   -0.549989   30.55623  0.8550E-13  0.1463E-04  0.4699E-07  0.1360E-02  0.4260E-03  0.1420E+01
   -0.599989   30.55695  0.8550E-13  0.1485E-04  0.4584E-07  0.1438E-02  0.3982E-03  0.1421E+01
   -0.649990   30.55762  0.8550E-13  0.1503E-04  0.4487E-07  0.1508E-02  0.3730E-03  0.1420E+01
   -0.699992   30.55826  0.8550E-13  0.1519E-04  0.4406E-07  0.1568E-02  0.3501E-03  0.1435E+01
   -0.749993   30.55886  0.8550E-13  0.1532E-04  0.4339E-07  0.1621E-02  0.3291E-03  0.1448E+01
   -0.799994   30.55943  0.8550E-13  0.1542E-04  0.4284E-07  0.1664E-02  0.3098E-03  0.1486E+01
   -0.849996   30.55998  0.8550E-13  0.1550E-04  0.4240E-07  0.1698E-02  0.2921E-03  0.1529E+01
   -0.899998   30.56052  0.8550E-13  0.1556E-04  0.4207E-07  0.1724E-02  0.2757E-03  0.1608E+01
   -0.949999   30.56104  0.8550E-13  0.1560E-04  0.4183E-07  0.1741E-02  0.2604E-03  0.1700E+01
   -1.000001   30.56155  0.8550E-13  0.1561E-04  0.4170E-07  0.1752E-02  0.2460E-03  0.1838E+01
   -1.050003   30.56205  0.8550E-13  0.1561E-04  0.4166E-07  0.1752E-02  0.2323E-03  0.2071E+01
   -1.100004   30.56255  0.8550E-13  0.1558E-04  0.4173E-07  0.1839E-02  0.2193E-03  0.6892E+01
   -1.150006   30.56302  0.8550E-13  0.1553E-04  0.4193E-07  0.1667E-02  0.2077E-03  0.1566E+02
   -1.200008   30.56354  0.8550E-13  0.1546E-04  0.4226E-07  0.1694E-02  0.1957E-03  0.2991E+01
   -1.250009   30.56405  0.8550E-13  0.1537E-04  0.4274E-07  0.1663E-02  0.1841E-03  0.3197E+01
   -1.300010   30.56456  0.8550E-13  0.1525E-04  0.4343E-07  0.1614E-02  0.1730E-03  0.3724E+01
   -1.350012   30.56509  0.8550E-13  0.1509E-04  0.4437E-07  0.1556E-02  0.1623E-03  0.4474E+01
   -1.400013   30.56564  0.8550E-13  0.1491E-04  0.4564E-07  0.1479E-02  0.1518E-03  0.5500E+01
   -1.450013   30.56621  0.8550E-13  0.1468E-04  0.4736E-07  0.1402E-02  0.1415E-03  0.7039E+01
   -1.500014   30.56682  0.8550E-13  0.1440E-04  0.4974E-07  0.1291E-02  0.1314E-03  0.9517E+01
   -1.550014   30.56748  0.8550E-13  0.1406E-04  0.5311E-07  0.1207E-02  0.1212E-03  0.1359E+02
   -1.600014   30.56820  0.8550E-13  0.1364E-04  0.5823E-07  0.1063E-02  0.1113E-03  0.2545E+02
   -1.650014   30.56907  0.8550E-13  0.1310E-04  0.6613E-07  0.9839E-03  0.1007E-03  0.4306E+02
   -1.700014   30.57005  0.8550E-13  0.1236E-04  0.8030E-07  0.8025E-03  0.9028E-04  0.1015E+03
   -1.750013   30.57179  0.8550E-13  0.1138E-04  0.1035E-06  0.7270E-03  0.7656E-04  0.3397E+05
   -1.800011   30.57322  0.8550E-13  0.1004E-04  0.1526E-06  0.5004E-03  0.6585E-04  0.2918E+05
   -1.850010   30.57917  0.8550E-13  0.8515E-05  0.2450E-06  0.4630E-03  0.4719E-04  0.1407E+08
   -1.900008   30.57815  0.8550E-13  0.6725E-05  0.5127E-06  0.2052E-03  0.3824E-04  0.1011E+07
   -1.950005   30.59679  0.8550E-13  0.4696E-05  0.1289E-05  0.1847E-03  0.2049E-04 -0.4354E+06
   -2.000002   30.59911  0.8550E-13  0.0000E+00  0.0000E+00  0.0000E+00  0.3737E-04  0.0000E+00
