 1 - depth, m
 2 - temperature, C
 3 - salinity, kg/kg
 4 - turbulent kinetic energy, m**2/s**2
 5 - dissipation rate, m**2/s**3
 6 - kinematic heat conductance, m**2/s
 7 - modulus of horizontal velocity, m/s
 8 - Richardson number, n/d
   -0.000000   29.71284  0.4011E-13  0.7589E-05  0.3224E-06  0.3150E-04  0.7245E-02 -0.5787E+00
   -0.049997   29.76255  0.4011E-13  0.1064E-04  0.1409E-06  0.2901E-03  0.3707E-02  0.4379E+01
   -0.099994   29.76772  0.4011E-13  0.1181E-04  0.1117E-06  0.3702E-03  0.3317E-02  0.1453E+01
   -0.149992   29.77163  0.4011E-13  0.1284E-04  0.9626E-07  0.4893E-03  0.3026E-02  0.1441E+01
   -0.199990   29.77449  0.4011E-13  0.1384E-04  0.8581E-07  0.6313E-03  0.2771E-02  0.1651E+01
   -0.249989   29.77665  0.4011E-13  0.1484E-04  0.7795E-07  0.8036E-03  0.2525E-02  0.1845E+01
   -0.299988   29.77829  0.4011E-13  0.1580E-04  0.7178E-07  0.9641E-03  0.2287E-02  0.1993E+01
   -0.349988   29.77963  0.4011E-13  0.1670E-04  0.6679E-07  0.1042E-02  0.2053E-02  0.2103E+01
   -0.399987   29.78084  0.4011E-13  0.1751E-04  0.6274E-07  0.1140E-02  0.1824E-02  0.2049E+01
   -0.449987   29.78192  0.4011E-13  0.1821E-04  0.5944E-07  0.1257E-02  0.1616E-02  0.1956E+01
   -0.499988   29.78289  0.4011E-13  0.1879E-04  0.5680E-07  0.1378E-02  0.1434E-02  0.1873E+01
   -0.549988   29.78375  0.4011E-13  0.1925E-04  0.5470E-07  0.1496E-02  0.1274E-02  0.1793E+01
   -0.599989   29.78452  0.4011E-13  0.1960E-04  0.5304E-07  0.1612E-02  0.1135E-02  0.1721E+01
   -0.649990   29.78523  0.4011E-13  0.1985E-04  0.5178E-07  0.1726E-02  0.1014E-02  0.1654E+01
   -0.699991   29.78589  0.4011E-13  0.2002E-04  0.5084E-07  0.1837E-02  0.9085E-03  0.1592E+01
   -0.749992   29.78649  0.4011E-13  0.2010E-04  0.5019E-07  0.1948E-02  0.8163E-03  0.1535E+01
   -0.799994   29.78706  0.4011E-13  0.2012E-04  0.4980E-07  0.2060E-02  0.7358E-03  0.1482E+01
   -0.849995   29.78758  0.4011E-13  0.2008E-04  0.4964E-07  0.2172E-02  0.6655E-03  0.1432E+01
   -0.899997   29.78808  0.4011E-13  0.1999E-04  0.4969E-07  0.2261E-02  0.6040E-03  0.1383E+01
   -0.949999   29.78855  0.4011E-13  0.1986E-04  0.4994E-07  0.2301E-02  0.5501E-03  0.1331E+01
   -1.000000   29.78901  0.4011E-13  0.1970E-04  0.5038E-07  0.2278E-02  0.5029E-03  0.1273E+01
   -1.050002   29.78947  0.4011E-13  0.1951E-04  0.5098E-07  0.2144E-02  0.4614E-03  0.1189E+01
   -1.100003   29.78996  0.4011E-13  0.1935E-04  0.5154E-07  0.2444E-02  0.4249E-03  0.1515E+01
   -1.150005   29.79038  0.4011E-13  0.1919E-04  0.5223E-07  0.1868E-02  0.4075E-03  0.4566E+01
   -1.200007   29.79094  0.4011E-13  0.1899E-04  0.5319E-07  0.2045E-02  0.3860E-03  0.1100E+01
   -1.250008   29.79145  0.4011E-13  0.1874E-04  0.5458E-07  0.1924E-02  0.3614E-03  0.1070E+01
   -1.300009   29.79198  0.4011E-13  0.1845E-04  0.5628E-07  0.1826E-02  0.3391E-03  0.1132E+01
   -1.350010   29.79254  0.4011E-13  0.1814E-04  0.5845E-07  0.1734E-02  0.3186E-03  0.1294E+01
   -1.400011   29.79314  0.4011E-13  0.1778E-04  0.6130E-07  0.1625E-02  0.2992E-03  0.1618E+01
   -1.450012   29.79378  0.4011E-13  0.1736E-04  0.6520E-07  0.1529E-02  0.2802E-03  0.2266E+01
   -1.500013   29.79449  0.4011E-13  0.1686E-04  0.7080E-07  0.1397E-02  0.2614E-03  0.4822E+01
   -1.550013   29.79530  0.4011E-13  0.1624E-04  0.7918E-07  0.1301E-02  0.2418E-03  0.3749E+03
   -1.600013   29.79631  0.4011E-13  0.1544E-04  0.9248E-07  0.1149E-02  0.2211E-03  0.4595E+02
   -1.650013   29.79770  0.4011E-13  0.1443E-04  0.1127E-06  0.1016E-02  0.1973E-03  0.1786E+04
   -1.700012   29.79925  0.4011E-13  0.1309E-04  0.1546E-06  0.8143E-03  0.1732E-03  0.9564E+04
   -1.750011   29.80237  0.4011E-13  0.1173E-04  0.2124E-06  0.7433E-03  0.1401E-03  0.1206E+07
   -1.800010   29.80332  0.4011E-13  0.1011E-04  0.3387E-06  0.5176E-03  0.1223E-03  0.2779E+05
   -1.850008   29.81530  0.4011E-13  0.8624E-05  0.5725E-06  0.4977E-03  0.8084E-04  0.1765E+09
   -1.900006   29.80835  0.4011E-13  0.6918E-05  0.1221E-05  0.2443E-03  0.6924E-04 -0.1410E+06
   -1.950003   29.83592  0.4011E-13  0.5062E-05  0.2702E-05  0.2678E-03  0.3600E-04  0.2801E+05
   -2.000000   29.83568  0.4011E-13  0.0000E+00  0.0000E+00  0.0000E+00  0.8161E-04  0.0000E+00
