 1 - depth, m
 2 - temperature, C
 3 - salinity, kg/kg
 4 - turbulent kinetic energy, m**2/s**2
 5 - dissipation rate, m**2/s**3
 6 - kinematic heat conductance, m**2/s
 7 - modulus of horizontal velocity, m/s
 8 - Richardson number, n/d
   -0.000000   30.36881  0.9238E-14  0.4961E-05  0.3035E-06  0.4785E-04  0.4148E-03  0.3293E+06
   -0.049997   30.40440  0.9238E-14  0.8795E-05  0.1357E-06  0.1963E-03  0.2300E-03  0.9109E+03
   -0.099994   30.41481  0.9238E-14  0.1054E-04  0.9561E-07  0.4142E-03  0.1717E-03  0.3320E+03
   -0.149992   30.41823  0.9238E-14  0.1166E-04  0.8105E-07  0.4973E-03  0.1524E-03  0.1668E+03
   -0.199991   30.42094  0.9238E-14  0.1252E-04  0.7241E-07  0.6569E-03  0.1366E-03  0.1108E+03
   -0.249989   30.42295  0.9238E-14  0.1320E-04  0.6669E-07  0.7815E-03  0.1247E-03  0.8316E+02
   -0.299988   30.42458  0.9238E-14  0.1376E-04  0.6259E-07  0.9027E-03  0.1148E-03  0.6695E+02
   -0.349988   30.42596  0.9238E-14  0.1421E-04  0.5950E-07  0.1012E-02  0.1062E-03  0.5771E+02
   -0.399988   30.42717  0.9238E-14  0.1459E-04  0.5709E-07  0.1111E-02  0.9860E-04  0.5184E+02
   -0.449988   30.42824  0.9238E-14  0.1491E-04  0.5513E-07  0.1201E-02  0.9188E-04  0.4905E+02
   -0.499988   30.42921  0.9238E-14  0.1518E-04  0.5350E-07  0.1283E-02  0.8591E-04  0.4815E+02
   -0.549989   30.43010  0.9238E-14  0.1541E-04  0.5215E-07  0.1357E-02  0.8056E-04  0.4790E+02
   -0.599989   30.43093  0.9238E-14  0.1560E-04  0.5101E-07  0.1422E-02  0.7570E-04  0.4838E+02
   -0.649990   30.43171  0.9238E-14  0.1576E-04  0.5006E-07  0.1479E-02  0.7126E-04  0.4943E+02
   -0.699992   30.43245  0.9238E-14  0.1589E-04  0.4926E-07  0.1528E-02  0.6716E-04  0.5109E+02
   -0.749993   30.43316  0.9238E-14  0.1598E-04  0.4860E-07  0.1567E-02  0.6337E-04  0.5334E+02
   -0.799994   30.43383  0.9238E-14  0.1605E-04  0.4807E-07  0.1598E-02  0.5984E-04  0.5629E+02
   -0.849996   30.43449  0.9238E-14  0.1609E-04  0.4767E-07  0.1620E-02  0.5652E-04  0.5997E+02
   -0.899998   30.43513  0.9238E-14  0.1610E-04  0.4738E-07  0.1633E-02  0.5341E-04  0.6461E+02
   -0.949999   30.43576  0.9238E-14  0.1608E-04  0.4722E-07  0.1636E-02  0.5046E-04  0.7035E+02
   -1.000001   30.43638  0.9238E-14  0.1604E-04  0.4719E-07  0.1631E-02  0.4766E-04  0.7756E+02
   -1.050003   30.43699  0.9238E-14  0.1597E-04  0.4730E-07  0.1610E-02  0.4500E-04  0.8960E+02
   -1.100004   30.43761  0.9238E-14  0.1587E-04  0.4756E-07  0.1765E-02  0.4244E-04  0.2714E+03
   -1.150006   30.43817  0.9238E-14  0.1574E-04  0.4805E-07  0.1401E-02  0.4027E-04  0.8671E+03
   -1.200007   30.43887  0.9238E-14  0.1558E-04  0.4873E-07  0.1479E-02  0.3774E-04  0.1475E+03
   -1.250009   30.43952  0.9238E-14  0.1538E-04  0.4970E-07  0.1437E-02  0.3543E-04  0.1605E+03
   -1.300010   30.44020  0.9238E-14  0.1513E-04  0.5104E-07  0.1356E-02  0.3320E-04  0.1992E+03
   -1.350011   30.44091  0.9238E-14  0.1484E-04  0.5290E-07  0.1286E-02  0.3102E-04  0.2549E+03
   -1.400012   30.44166  0.9238E-14  0.1448E-04  0.5551E-07  0.1155E-02  0.2888E-04  0.3492E+03
   -1.450013   30.44250  0.9238E-14  0.1405E-04  0.5923E-07  0.1105E-02  0.2671E-04  0.4891E+03
   -1.500014   30.44340  0.9238E-14  0.1352E-04  0.6477E-07  0.9181E-03  0.2461E-04  0.8037E+03
   -1.550014   30.44453  0.9238E-14  0.1287E-04  0.7294E-07  0.9281E-03  0.2232E-04  0.1335E+04
   -1.600014   30.44568  0.9238E-14  0.1205E-04  0.8772E-07  0.7166E-03  0.2028E-04  0.4390E+04
   -1.650014   30.44760  0.9238E-14  0.1085E-04  0.1094E-06  0.7133E-03  0.1748E-04 -0.2844E+04
   -1.700013   30.44949  0.9238E-14  0.9188E-05  0.1511E-06  0.4549E-03  0.1510E-04 -0.1042E+05
   -1.750013   30.45584  0.9238E-14  0.7314E-05  0.2194E-06  0.4859E-03  0.1014E-04  0.5672E+06
   -1.800011   30.45587  0.9238E-14  0.5838E-05  0.3620E-06  0.2695E-03  0.8936E-05 -0.1508E+06
   -1.850010   30.47994  0.9238E-14  0.4583E-05  0.6655E-06  0.3355E-03  0.4075E-05  0.4818E+09
   -1.900007   30.46027  0.9238E-14  0.3909E-05  0.1430E-05  0.1702E-03  0.4065E-05 -0.1779E+08
   -1.950005   30.49917  0.9238E-14  0.3043E-05  0.3128E-05  0.3007E-03  0.1620E-05  0.7956E+04
   -2.000002   30.49552  0.9238E-14  0.0000E+00  0.0000E+00  0.0000E+00  0.6385E-05  0.0000E+00
