 1 - depth, m
 2 - temperature, C
 3 - salinity, kg/kg
 4 - turbulent kinetic energy, m**2/s**2
 5 - dissipation rate, m**2/s**3
 6 - kinematic heat conductance, m**2/s
 7 - modulus of horizontal velocity, m/s
 8 - Richardson number, n/d
   -0.000000   30.60308  0.3989E-14  0.4727E-05  0.2944E-06  0.4978E-04  0.8657E-03  0.2386E+04
   -0.049997   30.63313  0.3989E-14  0.8248E-05  0.1305E-06  0.1797E-03  0.4903E-03  0.5573E+02
   -0.099994   30.64467  0.3989E-14  0.1002E-04  0.8997E-07  0.4089E-03  0.3572E-03  0.6058E+02
   -0.149992   30.64776  0.3989E-14  0.1112E-04  0.7580E-07  0.4871E-03  0.3161E-03  0.2969E+02
   -0.199991   30.65025  0.3989E-14  0.1198E-04  0.6746E-07  0.6514E-03  0.2825E-03  0.1918E+02
   -0.249989   30.65206  0.3989E-14  0.1267E-04  0.6200E-07  0.7772E-03  0.2574E-03  0.1422E+02
   -0.299988   30.65354  0.3989E-14  0.1323E-04  0.5811E-07  0.9034E-03  0.2364E-03  0.1135E+02
   -0.349988   30.65478  0.3989E-14  0.1370E-04  0.5520E-07  0.1017E-02  0.2184E-03  0.9731E+01
   -0.399988   30.65586  0.3989E-14  0.1410E-04  0.5294E-07  0.1122E-02  0.2026E-03  0.8681E+01
   -0.449988   30.65681  0.3989E-14  0.1444E-04  0.5110E-07  0.1219E-02  0.1886E-03  0.8154E+01
   -0.499988   30.65768  0.3989E-14  0.1473E-04  0.4959E-07  0.1308E-02  0.1762E-03  0.7931E+01
   -0.549989   30.65847  0.3989E-14  0.1499E-04  0.4833E-07  0.1390E-02  0.1651E-03  0.7827E+01
   -0.599989   30.65920  0.3989E-14  0.1522E-04  0.4727E-07  0.1464E-02  0.1551E-03  0.7830E+01
   -0.649990   30.65989  0.3989E-14  0.1541E-04  0.4639E-07  0.1530E-02  0.1459E-03  0.7930E+01
   -0.699992   30.66054  0.3989E-14  0.1558E-04  0.4565E-07  0.1589E-02  0.1375E-03  0.8109E+01
   -0.749993   30.66115  0.3989E-14  0.1572E-04  0.4503E-07  0.1640E-02  0.1297E-03  0.8381E+01
   -0.799994   30.66174  0.3989E-14  0.1584E-04  0.4453E-07  0.1684E-02  0.1224E-03  0.8730E+01
   -0.849996   30.66231  0.3989E-14  0.1593E-04  0.4414E-07  0.1720E-02  0.1157E-03  0.9187E+01
   -0.899998   30.66286  0.3989E-14  0.1600E-04  0.4384E-07  0.1747E-02  0.1093E-03  0.9737E+01
   -0.949999   30.66340  0.3989E-14  0.1605E-04  0.4365E-07  0.1767E-02  0.1033E-03  0.1043E+02
   -1.000001   30.66393  0.3989E-14  0.1608E-04  0.4356E-07  0.1779E-02  0.9767E-04  0.1126E+02
   -1.050003   30.66445  0.3989E-14  0.1609E-04  0.4357E-07  0.1780E-02  0.9229E-04  0.1277E+02
   -1.100005   30.66497  0.3989E-14  0.1608E-04  0.4369E-07  0.1864E-02  0.8716E-04  0.4253E+02
   -1.150006   30.66546  0.3989E-14  0.1604E-04  0.4395E-07  0.1702E-02  0.8258E-04  0.9475E+02
   -1.200008   30.66599  0.3989E-14  0.1599E-04  0.4433E-07  0.1725E-02  0.7783E-04  0.1838E+02
   -1.250009   30.66652  0.3989E-14  0.1590E-04  0.4489E-07  0.1695E-02  0.7328E-04  0.1960E+02
   -1.300011   30.66706  0.3989E-14  0.1579E-04  0.4566E-07  0.1646E-02  0.6891E-04  0.2293E+02
   -1.350012   30.66761  0.3989E-14  0.1565E-04  0.4668E-07  0.1589E-02  0.6466E-04  0.2738E+02
   -1.400013   30.66818  0.3989E-14  0.1547E-04  0.4806E-07  0.1512E-02  0.6052E-04  0.3378E+02
   -1.450014   30.66878  0.3989E-14  0.1525E-04  0.4990E-07  0.1438E-02  0.5646E-04  0.4285E+02
   -1.500014   30.66941  0.3989E-14  0.1498E-04  0.5244E-07  0.1324E-02  0.5247E-04  0.5819E+02
   -1.550015   30.67010  0.3989E-14  0.1465E-04  0.5600E-07  0.1246E-02  0.4846E-04  0.8214E+02
   -1.600015   30.67085  0.3989E-14  0.1423E-04  0.6149E-07  0.1095E-02  0.4456E-04  0.1751E+03
   -1.650014   30.67178  0.3989E-14  0.1369E-04  0.6980E-07  0.1021E-02  0.4029E-04  0.7553E+04
   -1.700014   30.67277  0.3989E-14  0.1295E-04  0.8453E-07  0.8311E-03  0.3627E-04  0.4613E+05
   -1.750013   30.67461  0.3989E-14  0.1197E-04  0.1087E-06  0.7584E-03  0.3079E-04  0.1561E+06
   -1.800012   30.67598  0.3989E-14  0.1067E-04  0.1588E-06  0.5345E-03  0.2667E-04  0.6881E+05
   -1.850010   30.68194  0.3989E-14  0.9175E-05  0.2547E-06  0.4890E-03  0.1940E-04  0.3884E+08
   -1.900008   30.68106  0.3989E-14  0.7356E-05  0.5219E-06  0.2298E-03  0.1586E-04  0.1770E+07
   -1.950005   30.69944  0.3989E-14  0.5115E-05  0.1325E-05  0.1815E-03  0.8829E-05 -0.8222E+06
   -2.000002   30.70326  0.3989E-14  0.0000E+00  0.0000E+00  0.0000E+00  0.1537E-04  0.0000E+00
