 1 - depth, m
 2 - temperature, C
 3 - salinity, kg/kg
 4 - turbulent kinetic energy, m**2/s**2
 5 - dissipation rate, m**2/s**3
 6 - kinematic heat conductance, m**2/s
 7 - modulus of horizontal velocity, m/s
 8 - Richardson number, n/d
   -0.000000   28.59060  0.2843E-14  0.1181E-04  0.6396E-06  0.3344E-04  0.1515E-01 -0.1667E+00
   -0.049997   28.64134  0.2843E-14  0.1330E-04  0.2380E-06  0.2212E-03  0.8525E-02  0.5167E+02
   -0.099994   28.64964  0.2843E-14  0.1444E-04  0.1697E-06  0.3996E-03  0.7289E-02  0.2344E+01
   -0.149992   28.65348  0.2843E-14  0.1552E-04  0.1394E-06  0.5104E-03  0.6661E-02  0.2824E+01
   -0.199990   28.65637  0.2843E-14  0.1676E-04  0.1195E-06  0.6647E-03  0.6037E-02  0.3297E+01
   -0.249989   28.65852  0.2843E-14  0.1801E-04  0.1056E-06  0.7416E-03  0.5460E-02  0.3662E+01
   -0.299988   28.66039  0.2843E-14  0.1919E-04  0.9525E-07  0.8194E-03  0.4907E-02  0.4096E+01
   -0.349988   28.66205  0.2843E-14  0.2028E-04  0.8704E-07  0.9129E-03  0.4373E-02  0.4582E+01
   -0.399987   28.66351  0.2843E-14  0.2121E-04  0.8023E-07  0.1042E-02  0.3846E-02  0.4114E+01
   -0.449987   28.66476  0.2843E-14  0.2197E-04  0.7452E-07  0.1186E-02  0.3367E-02  0.3492E+01
   -0.499988   28.66584  0.2843E-14  0.2257E-04  0.6979E-07  0.1332E-02  0.2943E-02  0.3035E+01
   -0.549988   28.66679  0.2843E-14  0.2302E-04  0.6588E-07  0.1470E-02  0.2571E-02  0.2685E+01
   -0.599989   28.66763  0.2843E-14  0.2332E-04  0.6270E-07  0.1588E-02  0.2245E-02  0.2419E+01
   -0.649990   28.66840  0.2843E-14  0.2349E-04  0.6015E-07  0.1680E-02  0.1961E-02  0.2210E+01
   -0.699991   28.66912  0.2843E-14  0.2354E-04  0.5817E-07  0.1745E-02  0.1714E-02  0.2041E+01
   -0.749992   28.66980  0.2843E-14  0.2347E-04  0.5669E-07  0.1790E-02  0.1500E-02  0.1899E+01
   -0.799994   28.67046  0.2843E-14  0.2331E-04  0.5567E-07  0.1823E-02  0.1314E-02  0.1776E+01
   -0.849995   28.67110  0.2843E-14  0.2307E-04  0.5506E-07  0.1855E-02  0.1154E-02  0.1666E+01
   -0.899997   28.67173  0.2843E-14  0.2276E-04  0.5484E-07  0.1891E-02  0.1017E-02  0.1567E+01
   -0.949998   28.67233  0.2843E-14  0.2241E-04  0.5496E-07  0.1936E-02  0.8980E-03  0.1478E+01
   -1.000000   28.67292  0.2843E-14  0.2201E-04  0.5542E-07  0.1996E-02  0.7956E-03  0.1399E+01
   -1.050002   28.67349  0.2843E-14  0.2160E-04  0.5616E-07  0.1967E-02  0.7074E-03  0.1280E+01
   -1.100003   28.67406  0.2843E-14  0.2135E-04  0.5675E-07  0.2666E-02  0.6293E-03  0.1123E+01
   -1.150005   28.67448  0.2843E-14  0.2114E-04  0.5741E-07  0.2141E-02  0.6033E-03  0.2327E+01
   -1.200007   28.67502  0.2843E-14  0.2084E-04  0.5850E-07  0.2199E-02  0.5767E-03  0.1154E+01
   -1.250008   28.67553  0.2843E-14  0.2038E-04  0.6048E-07  0.2005E-02  0.5265E-03  0.1073E+01
   -1.300009   28.67610  0.2843E-14  0.1994E-04  0.6272E-07  0.1883E-02  0.4848E-03  0.1038E+01
   -1.350010   28.67670  0.2843E-14  0.1948E-04  0.6554E-07  0.1756E-02  0.4486E-03  0.1071E+01
   -1.400011   28.67735  0.2843E-14  0.1899E-04  0.6927E-07  0.1641E-02  0.4164E-03  0.1206E+01
   -1.450012   28.67806  0.2843E-14  0.1845E-04  0.7456E-07  0.1529E-02  0.3871E-03  0.1656E+01
   -1.500013   28.67887  0.2843E-14  0.1782E-04  0.8236E-07  0.1416E-02  0.3589E-03  0.7310E+01
   -1.550013   28.67984  0.2843E-14  0.1704E-04  0.9425E-07  0.1327E-02  0.3304E-03  0.6075E+03
   -1.600013   28.68121  0.2843E-14  0.1606E-04  0.1117E-06  0.1180E-02  0.2994E-03  0.5954E+03
   -1.650013   28.68280  0.2843E-14  0.1490E-04  0.1385E-06  0.1009E-02  0.2668E-03  0.1825E+07
   -1.700012   28.68467  0.2843E-14  0.1344E-04  0.1958E-06  0.8368E-03  0.2317E-03  0.8597E+04
   -1.750011   28.68826  0.2843E-14  0.1207E-04  0.2750E-06  0.7384E-03  0.1877E-03  0.1874E+06
   -1.800010   28.68957  0.2843E-14  0.1042E-04  0.4507E-06  0.5526E-03  0.1624E-03  0.7165E+04
   -1.850008   28.70332  0.2843E-14  0.8961E-05  0.7489E-06  0.5096E-03  0.1089E-03  0.3960E+08
   -1.900006   28.69429  0.2843E-14  0.7176E-05  0.1619E-05  0.2678E-03  0.9332E-04 -0.1170E+06
   -1.950003   28.72608  0.2843E-14  0.5292E-05  0.3445E-05  0.2947E-03  0.4823E-04 -0.1322E+05
   -2.000000   28.72649  0.2843E-14  0.0000E+00  0.0000E+00  0.0000E+00  0.1153E-03  0.0000E+00
