 1 - depth, m
 2 - temperature, C
 3 - salinity, kg/kg
 4 - turbulent kinetic energy, m**2/s**2
 5 - dissipation rate, m**2/s**3
 6 - kinematic heat conductance, m**2/s
 7 - modulus of horizontal velocity, m/s
 8 - Richardson number, n/d
   -0.000000   28.42065  0.3129E-13  0.1566E-04  0.1042E-05  0.3246E-04  0.2036E-01 -0.1092E+00
   -0.049997   28.48045  0.3129E-13  0.1603E-04  0.3528E-06  0.1894E-03  0.1134E-01  0.9282E+02
   -0.099994   28.49174  0.3129E-13  0.1700E-04  0.2324E-06  0.4137E-03  0.9467E-02  0.7200E+04
   -0.149992   28.49592  0.3129E-13  0.1805E-04  0.1848E-06  0.5341E-03  0.8608E-02  0.4238E+01
   -0.199990   28.49898  0.3129E-13  0.1931E-04  0.1557E-06  0.6602E-03  0.7803E-02  0.4476E+01
   -0.249989   28.50137  0.3129E-13  0.2060E-04  0.1359E-06  0.7356E-03  0.7062E-02  0.4861E+01
   -0.299988   28.50346  0.3129E-13  0.2183E-04  0.1213E-06  0.8167E-03  0.6359E-02  0.5532E+01
   -0.349987   28.50530  0.3129E-13  0.2295E-04  0.1098E-06  0.9142E-03  0.5680E-02  0.6392E+01
   -0.399987   28.50691  0.3129E-13  0.2389E-04  0.1003E-06  0.1048E-02  0.5012E-02  0.5514E+01
   -0.449987   28.50828  0.3129E-13  0.2464E-04  0.9216E-07  0.1201E-02  0.4401E-02  0.4444E+01
   -0.499987   28.50945  0.3129E-13  0.2523E-04  0.8530E-07  0.1368E-02  0.3856E-02  0.3710E+01
   -0.549988   28.51046  0.3129E-13  0.2565E-04  0.7951E-07  0.1537E-02  0.3372E-02  0.3173E+01
   -0.599988   28.51135  0.3129E-13  0.2591E-04  0.7468E-07  0.1688E-02  0.2944E-02  0.2783E+01
   -0.649989   28.51214  0.3129E-13  0.2603E-04  0.7068E-07  0.1803E-02  0.2567E-02  0.2494E+01
   -0.699990   28.51287  0.3129E-13  0.2600E-04  0.6744E-07  0.1872E-02  0.2236E-02  0.2274E+01
   -0.749992   28.51357  0.3129E-13  0.2585E-04  0.6486E-07  0.1900E-02  0.1948E-02  0.2100E+01
   -0.799993   28.51424  0.3129E-13  0.2560E-04  0.6290E-07  0.1901E-02  0.1696E-02  0.1953E+01
   -0.849995   28.51491  0.3129E-13  0.2524E-04  0.6150E-07  0.1890E-02  0.1478E-02  0.1823E+01
   -0.899996   28.51557  0.3129E-13  0.2480E-04  0.6062E-07  0.1879E-02  0.1290E-02  0.1705E+01
   -0.949998   28.51624  0.3129E-13  0.2430E-04  0.6022E-07  0.1876E-02  0.1127E-02  0.1596E+01
   -0.999999   28.51689  0.3129E-13  0.2376E-04  0.6027E-07  0.1893E-02  0.9871E-03  0.1499E+01
   -1.050001   28.51753  0.3129E-13  0.2319E-04  0.6072E-07  0.1837E-02  0.8664E-03  0.1363E+01
   -1.100003   28.51819  0.3129E-13  0.2286E-04  0.6118E-07  0.2815E-02  0.7585E-03  0.1192E+01
   -1.150004   28.51861  0.3129E-13  0.2262E-04  0.6170E-07  0.2335E-02  0.7247E-03  0.1631E+01
   -1.200006   28.51914  0.3129E-13  0.2227E-04  0.6269E-07  0.2147E-02  0.6959E-03  0.1184E+01
   -1.250007   28.51969  0.3129E-13  0.2166E-04  0.6478E-07  0.2037E-02  0.6271E-03  0.1105E+01
   -1.300008   28.52027  0.3129E-13  0.2109E-04  0.6710E-07  0.1943E-02  0.5717E-03  0.1038E+01
   -1.350009   28.52089  0.3129E-13  0.2053E-04  0.7000E-07  0.1804E-02  0.5246E-03  0.1018E+01
   -1.400010   28.52156  0.3129E-13  0.1996E-04  0.7384E-07  0.1674E-02  0.4838E-03  0.1079E+01
   -1.450011   28.52228  0.3129E-13  0.1934E-04  0.7939E-07  0.1556E-02  0.4475E-03  0.1402E+01
   -1.500012   28.52310  0.3129E-13  0.1863E-04  0.8796E-07  0.1446E-02  0.4137E-03  0.3520E+01
   -1.550012   28.52409  0.3129E-13  0.1778E-04  0.1014E-06  0.1344E-02  0.3802E-03 -0.1664E+03
   -1.600012   28.52550  0.3129E-13  0.1671E-04  0.1211E-06  0.1216E-02  0.3442E-03 -0.9680E+02
   -1.650011   28.52713  0.3129E-13  0.1548E-04  0.1510E-06  0.1038E-02  0.3064E-03  0.2429E+05
   -1.700011   28.52914  0.3129E-13  0.1399E-04  0.2057E-06  0.8661E-03  0.2660E-03  0.4355E+04
   -1.750010   28.53241  0.3129E-13  0.1256E-04  0.2907E-06  0.7518E-03  0.2188E-03  0.1938E+06
   -1.800008   28.53446  0.3129E-13  0.1077E-04  0.5017E-06  0.5713E-03  0.1866E-03  0.1245E+05
   -1.850007   28.54721  0.3129E-13  0.9265E-05  0.8183E-06  0.5236E-03  0.1269E-03  0.5607E+08
   -1.900004   28.53896  0.3129E-13  0.7357E-05  0.1803E-05  0.2731E-03  0.1080E-03 -0.6790E+05
   -1.950002   28.57022  0.3129E-13  0.5473E-05  0.3731E-05  0.3094E-03  0.5590E-04 -0.5266E+04
   -1.999999   28.56913  0.3129E-13  0.0000E+00  0.0000E+00  0.0000E+00  0.1352E-03  0.0000E+00
