 1 - depth, m
 2 - temperature, C
 3 - salinity, kg/kg
 4 - turbulent kinetic energy, m**2/s**2
 5 - dissipation rate, m**2/s**3
 6 - kinematic heat conductance, m**2/s
 7 - modulus of horizontal velocity, m/s
 8 - Richardson number, n/d
   -0.000000   30.07814  0.1173E-14  0.6430E-05  0.3300E-06  0.4698E-04  0.4555E-02  0.1405E+02
   -0.049997   30.11735  0.1173E-14  0.1004E-04  0.1405E-06  0.2599E-03  0.2304E-02  0.1398E+03
   -0.099994   30.12444  0.1173E-14  0.1144E-04  0.1059E-06  0.3991E-03  0.1947E-02  0.2649E+01
   -0.149992   30.12812  0.1173E-14  0.1246E-04  0.9066E-07  0.5130E-03  0.1755E-02  0.1553E+01
   -0.199991   30.13088  0.1173E-14  0.1330E-04  0.8151E-07  0.6287E-03  0.1607E-02  0.1256E+01
   -0.249989   30.13307  0.1173E-14  0.1405E-04  0.7501E-07  0.7484E-03  0.1482E-02  0.1330E+01
   -0.299988   30.13485  0.1173E-14  0.1476E-04  0.6984E-07  0.8937E-03  0.1361E-02  0.1432E+01
   -0.349988   30.13631  0.1173E-14  0.1544E-04  0.6558E-07  0.1053E-02  0.1243E-02  0.1530E+01
   -0.399988   30.13752  0.1173E-14  0.1606E-04  0.6207E-07  0.1219E-02  0.1127E-02  0.1551E+01
   -0.449988   30.13854  0.1173E-14  0.1662E-04  0.5917E-07  0.1380E-02  0.1020E-02  0.1547E+01
   -0.499988   30.13943  0.1173E-14  0.1710E-04  0.5681E-07  0.1528E-02  0.9248E-03  0.1537E+01
   -0.549988   30.14021  0.1173E-14  0.1750E-04  0.5488E-07  0.1660E-02  0.8400E-03  0.1516E+01
   -0.599989   30.14092  0.1173E-14  0.1783E-04  0.5333E-07  0.1777E-02  0.7647E-03  0.1493E+01
   -0.649990   30.14157  0.1173E-14  0.1809E-04  0.5210E-07  0.1876E-02  0.6978E-03  0.1465E+01
   -0.699991   30.14218  0.1173E-14  0.1829E-04  0.5113E-07  0.1957E-02  0.6383E-03  0.1435E+01
   -0.749993   30.14275  0.1173E-14  0.1842E-04  0.5040E-07  0.2016E-02  0.5854E-03  0.1401E+01
   -0.799994   30.14330  0.1173E-14  0.1851E-04  0.4988E-07  0.2055E-02  0.5384E-03  0.1365E+01
   -0.849996   30.14384  0.1173E-14  0.1854E-04  0.4956E-07  0.2076E-02  0.4966E-03  0.1327E+01
   -0.899997   30.14436  0.1173E-14  0.1854E-04  0.4940E-07  0.2080E-02  0.4594E-03  0.1286E+01
   -0.949999   30.14487  0.1173E-14  0.1850E-04  0.4941E-07  0.2067E-02  0.4262E-03  0.1243E+01
   -1.000001   30.14539  0.1173E-14  0.1843E-04  0.4957E-07  0.2041E-02  0.3968E-03  0.1196E+01
   -1.050003   30.14590  0.1173E-14  0.1834E-04  0.4988E-07  0.1986E-02  0.3705E-03  0.1147E+01
   -1.100004   30.14643  0.1173E-14  0.1823E-04  0.5027E-07  0.2212E-02  0.3474E-03  0.2405E+01
   -1.150006   30.14689  0.1173E-14  0.1810E-04  0.5084E-07  0.1727E-02  0.3318E-03  0.7053E+01
   -1.200007   30.14749  0.1173E-14  0.1794E-04  0.5158E-07  0.1856E-02  0.3130E-03  0.1256E+01
   -1.250009   30.14804  0.1173E-14  0.1775E-04  0.5260E-07  0.1810E-02  0.2955E-03  0.1307E+01
   -1.300010   30.14860  0.1173E-14  0.1752E-04  0.5394E-07  0.1731E-02  0.2788E-03  0.1539E+01
   -1.350011   30.14919  0.1173E-14  0.1725E-04  0.5571E-07  0.1647E-02  0.2626E-03  0.1901E+01
   -1.400012   30.14980  0.1173E-14  0.1693E-04  0.5813E-07  0.1539E-02  0.2467E-03  0.2467E+01
   -1.450013   30.15047  0.1173E-14  0.1655E-04  0.6146E-07  0.1439E-02  0.2307E-03  0.3359E+01
   -1.500014   30.15119  0.1173E-14  0.1609E-04  0.6621E-07  0.1309E-02  0.2147E-03  0.5109E+01
   -1.550014   30.15201  0.1173E-14  0.1552E-04  0.7328E-07  0.1215E-02  0.1983E-03  0.3698E+02
   -1.600014   30.15296  0.1173E-14  0.1480E-04  0.8474E-07  0.1065E-02  0.1816E-03 -0.7607E+01
   -1.650014   30.15431  0.1173E-14  0.1385E-04  0.1028E-06  0.9617E-03  0.1621E-03  0.3156E+04
   -1.700013   30.15591  0.1173E-14  0.1256E-04  0.1370E-06  0.7777E-03  0.1419E-03  0.3457E+04
   -1.750012   30.15884  0.1173E-14  0.1118E-04  0.1871E-06  0.6913E-03  0.1152E-03  0.6834E+06
   -1.800011   30.16036  0.1173E-14  0.9481E-05  0.3020E-06  0.4624E-03  0.9871E-04  0.1750E+06
   -1.850009   30.17207  0.1173E-14  0.7976E-05  0.5075E-06  0.4547E-03  0.6410E-04  0.6368E+07
   -1.900007   30.16548  0.1173E-14  0.6341E-05  0.1064E-05  0.2116E-03  0.5451E-04 -0.6717E+05
   -1.950005   30.19380  0.1173E-14  0.4667E-05  0.2396E-05  0.2594E-03  0.2738E-04 -0.8836E+05
   -2.000002   30.18984  0.1173E-14  0.0000E+00  0.0000E+00  0.0000E+00  0.6333E-04  0.0000E+00
