 1 - depth, m
 2 - temperature, C
 3 - salinity, kg/kg
 4 - turbulent kinetic energy, m**2/s**2
 5 - dissipation rate, m**2/s**3
 6 - kinematic heat conductance, m**2/s
 7 - modulus of horizontal velocity, m/s
 8 - Richardson number, n/d
   -0.000000   30.36820  0.4491E-13  0.4582E-05  0.2526E-06  0.4107E-04  0.1120E-03  0.6832E+06
   -0.049997   30.40378  0.4492E-13  0.8326E-05  0.1144E-06  0.2125E-03  0.5745E-04  0.9322E+06
   -0.099994   30.41110  0.4492E-13  0.9854E-05  0.8383E-07  0.3983E-03  0.4446E-04  0.9538E+04
   -0.149992   30.41420  0.4492E-13  0.1090E-04  0.7118E-07  0.5034E-03  0.3924E-04  0.4981E+04
   -0.199990   30.41651  0.4492E-13  0.1171E-04  0.6367E-07  0.6556E-03  0.3519E-04  0.3333E+04
   -0.249989   30.41825  0.4492E-13  0.1236E-04  0.5867E-07  0.7833E-03  0.3208E-04  0.2449E+04
   -0.299988   30.41966  0.4492E-13  0.1289E-04  0.5508E-07  0.9052E-03  0.2949E-04  0.1996E+04
   -0.349987   30.42085  0.4492E-13  0.1333E-04  0.5237E-07  0.1017E-02  0.2727E-04  0.1671E+04
   -0.399987   30.42189  0.4492E-13  0.1370E-04  0.5025E-07  0.1119E-02  0.2529E-04  0.1522E+04
   -0.449987   30.42281  0.4492E-13  0.1403E-04  0.4853E-07  0.1214E-02  0.2354E-04  0.1384E+04
   -0.499988   30.42364  0.4492E-13  0.1431E-04  0.4710E-07  0.1301E-02  0.2200E-04  0.1385E+04
   -0.549988   30.42441  0.4492E-13  0.1455E-04  0.4591E-07  0.1380E-02  0.2061E-04  0.1315E+04
   -0.599989   30.42512  0.4492E-13  0.1476E-04  0.4490E-07  0.1453E-02  0.1936E-04  0.1358E+04
   -0.649990   30.42578  0.4492E-13  0.1494E-04  0.4406E-07  0.1517E-02  0.1821E-04  0.1318E+04
   -0.699991   30.42640  0.4492E-13  0.1510E-04  0.4334E-07  0.1575E-02  0.1716E-04  0.1395E+04
   -0.749992   30.42700  0.4492E-13  0.1523E-04  0.4275E-07  0.1625E-02  0.1618E-04  0.1381E+04
   -0.799994   30.42757  0.4492E-13  0.1534E-04  0.4227E-07  0.1667E-02  0.1527E-04  0.1488E+04
   -0.849995   30.42812  0.4492E-13  0.1543E-04  0.4188E-07  0.1702E-02  0.1443E-04  0.1504E+04
   -0.899997   30.42865  0.4492E-13  0.1549E-04  0.4159E-07  0.1729E-02  0.1363E-04  0.1645E+04
   -0.949998   30.42917  0.4492E-13  0.1554E-04  0.4139E-07  0.1748E-02  0.1288E-04  0.1698E+04
   -1.000000   30.42968  0.4492E-13  0.1556E-04  0.4129E-07  0.1759E-02  0.1217E-04  0.1884E+04
   -1.050002   30.43018  0.4492E-13  0.1557E-04  0.4128E-07  0.1761E-02  0.1150E-04  0.2064E+04
   -1.100003   30.43068  0.4492E-13  0.1555E-04  0.4138E-07  0.1844E-02  0.1085E-04  0.6899E+04
   -1.150005   30.43115  0.4492E-13  0.1552E-04  0.4161E-07  0.1683E-02  0.1028E-04  0.1631E+05
   -1.200006   30.43167  0.4492E-13  0.1546E-04  0.4195E-07  0.1706E-02  0.9686E-05  0.2991E+04
   -1.250008   30.43217  0.4492E-13  0.1538E-04  0.4246E-07  0.1676E-02  0.9116E-05  0.3226E+04
   -1.300009   30.43269  0.4492E-13  0.1527E-04  0.4315E-07  0.1629E-02  0.8570E-05  0.3690E+04
   -1.350010   30.43322  0.4492E-13  0.1513E-04  0.4409E-07  0.1571E-02  0.8038E-05  0.4497E+04
   -1.400011   30.43376  0.4492E-13  0.1495E-04  0.4535E-07  0.1497E-02  0.7522E-05  0.5468E+04
   -1.450012   30.43433  0.4492E-13  0.1474E-04  0.4705E-07  0.1421E-02  0.7015E-05  0.7082E+04
   -1.500013   30.43494  0.4492E-13  0.1448E-04  0.4937E-07  0.1312E-02  0.6518E-05  0.9603E+04
   -1.550013   30.43560  0.4492E-13  0.1416E-04  0.5263E-07  0.1229E-02  0.6020E-05  0.1385E+05
   -1.600013   30.43631  0.4492E-13  0.1376E-04  0.5757E-07  0.1085E-02  0.5533E-05  0.3090E+05
   -1.650013   30.43717  0.4492E-13  0.1325E-04  0.6511E-07  0.1005E-02  0.5015E-05  0.1260E+06
   -1.700012   30.43813  0.4492E-13  0.1255E-04  0.7846E-07  0.8233E-03  0.4514E-05 -0.9088E+09
   -1.750011   30.43978  0.4492E-13  0.1161E-04  0.1004E-06  0.7451E-03  0.3870E-05  0.1954E+08
   -1.800010   30.44121  0.4492E-13  0.1034E-04  0.1458E-06  0.5266E-03  0.3335E-05  0.1445E+08
   -1.850008   30.44646  0.4492E-13  0.8849E-05  0.2322E-06  0.4749E-03  0.2467E-05  0.3330E+10
   -1.900006   30.44608  0.4492E-13  0.7034E-05  0.4832E-06  0.2198E-03  0.1993E-05 -0.2669E+08
   -1.950003   30.46339  0.4492E-13  0.4877E-05  0.1231E-05  0.1774E-03  0.1109E-05 -0.2161E+09
   -2.000000   30.46735  0.4492E-13  0.0000E+00  0.0000E+00  0.0000E+00  0.1882E-05  0.0000E+00
