 1 - depth, m
 2 - temperature, C
 3 - salinity, kg/kg
 4 - turbulent kinetic energy, m**2/s**2
 5 - dissipation rate, m**2/s**3
 6 - kinematic heat conductance, m**2/s
 7 - modulus of horizontal velocity, m/s
 8 - Richardson number, n/d
   -0.000000   26.28384  0.6948E-13  0.1614E-04  0.1121E-05  0.3011E-04  0.2192E-01 -0.8397E-01
   -0.049997   26.34135  0.6948E-13  0.1567E-04  0.3596E-06  0.1318E-03  0.1216E-01  0.4263E+01
   -0.099994   26.35401  0.6948E-13  0.1630E-04  0.2222E-06  0.3646E-03  0.9875E-02  0.2414E+03
   -0.149992   26.35844  0.6948E-13  0.1707E-04  0.1727E-06  0.5326E-03  0.8843E-02  0.5111E+01
   -0.199991   26.36115  0.6948E-13  0.1798E-04  0.1447E-06  0.6319E-03  0.8032E-02  0.5705E+01
   -0.249989   26.36336  0.6948E-13  0.1895E-04  0.1254E-06  0.7057E-03  0.7258E-02  0.6112E+01
   -0.299988   26.36529  0.6948E-13  0.1987E-04  0.1114E-06  0.7722E-03  0.6534E-02  0.6929E+01
   -0.349988   26.36701  0.6948E-13  0.2070E-04  0.1003E-06  0.8485E-03  0.5838E-02  0.8254E+01
   -0.399987   26.36853  0.6948E-13  0.2136E-04  0.9111E-07  0.9499E-03  0.5157E-02  0.6855E+01
   -0.449988   26.36987  0.6948E-13  0.2186E-04  0.8325E-07  0.1062E-02  0.4535E-02  0.5317E+01
   -0.499988   26.37104  0.6948E-13  0.2223E-04  0.7655E-07  0.1182E-02  0.3980E-02  0.4343E+01
   -0.549988   26.37207  0.6948E-13  0.2247E-04  0.7086E-07  0.1302E-02  0.3485E-02  0.3661E+01
   -0.599989   26.37299  0.6948E-13  0.2258E-04  0.6604E-07  0.1414E-02  0.3044E-02  0.3169E+01
   -0.649990   26.37382  0.6948E-13  0.2257E-04  0.6199E-07  0.1507E-02  0.2653E-02  0.2801E+01
   -0.699991   26.37459  0.6948E-13  0.2246E-04  0.5864E-07  0.1573E-02  0.2309E-02  0.2519E+01
   -0.749993   26.37531  0.6948E-13  0.2224E-04  0.5591E-07  0.1611E-02  0.2007E-02  0.2295E+01
   -0.799994   26.37601  0.6948E-13  0.2193E-04  0.5376E-07  0.1627E-02  0.1743E-02  0.2110E+01
   -0.849996   26.37670  0.6948E-13  0.2154E-04  0.5213E-07  0.1630E-02  0.1513E-02  0.1950E+01
   -0.899997   26.37737  0.6948E-13  0.2108E-04  0.5099E-07  0.1631E-02  0.1315E-02  0.1809E+01
   -0.949999   26.37803  0.6948E-13  0.2056E-04  0.5031E-07  0.1636E-02  0.1143E-02  0.1680E+01
   -1.000001   26.37869  0.6948E-13  0.2001E-04  0.5004E-07  0.1658E-02  0.9953E-03  0.1569E+01
   -1.050002   26.37933  0.6948E-13  0.1943E-04  0.5016E-07  0.1609E-02  0.8686E-03  0.1419E+01
   -1.100004   26.37998  0.6948E-13  0.1911E-04  0.5043E-07  0.2375E-02  0.7551E-03  0.1192E+01
   -1.150006   26.38042  0.6948E-13  0.1887E-04  0.5080E-07  0.1960E-02  0.7194E-03  0.1768E+01
   -1.200007   26.38095  0.6948E-13  0.1853E-04  0.5156E-07  0.1955E-02  0.6882E-03  0.1190E+01
   -1.250009   26.38148  0.6948E-13  0.1794E-04  0.5314E-07  0.1736E-02  0.6182E-03  0.1095E+01
   -1.300010   26.38207  0.6948E-13  0.1740E-04  0.5489E-07  0.1592E-02  0.5622E-03  0.9933E+00
   -1.350011   26.38272  0.6948E-13  0.1688E-04  0.5696E-07  0.1474E-02  0.5155E-03  0.9332E+00
   -1.400012   26.38341  0.6948E-13  0.1635E-04  0.5984E-07  0.1402E-02  0.4764E-03  0.1066E+01
   -1.450013   26.38416  0.6948E-13  0.1578E-04  0.6406E-07  0.1209E-02  0.4405E-03  0.1325E+01
   -1.500014   26.38504  0.6948E-13  0.1512E-04  0.7029E-07  0.1215E-02  0.4062E-03  0.1896E+01
   -1.550014   26.38595  0.6948E-13  0.1435E-04  0.8052E-07  0.1012E-02  0.3742E-03  0.3524E+01
   -1.600014   26.38730  0.6948E-13  0.1331E-04  0.9562E-07  0.1050E-02  0.3384E-03  0.2100E+02
   -1.650014   26.38853  0.6948E-13  0.1180E-04  0.1301E-06  0.7892E-03  0.3049E-03 -0.4496E+02
   -1.700013   26.39165  0.6948E-13  0.8611E-05  0.4571E-06  0.4046E-03  0.2476E-03  0.1525E+03
   -1.750012   26.39834  0.6948E-13  0.7354E-05  0.5983E-06  0.5751E-03  0.1533E-03  0.5261E+03
   -1.800011   26.39444  0.6948E-13  0.6171E-05  0.9223E-06  0.3563E-03  0.1691E-03 -0.3405E+03
   -1.850009   26.42067  0.6948E-13  0.5221E-05  0.1576E-05  0.4911E-03  0.7027E-04  0.3152E+06
   -1.900007   26.39448  0.6948E-13  0.4694E-05  0.3182E-05  0.2937E-03  0.8445E-04 -0.4267E+05
   -1.950004   26.43353  0.6948E-13  0.3439E-05  0.6207E-05  0.4744E-03  0.3481E-04  0.2703E+02
   -2.000001   26.42774  0.6948E-13  0.0000E+00  0.0000E+00  0.0000E+00  0.1410E-03  0.0000E+00
