 1 - depth, m
 2 - temperature, C
 3 - salinity, kg/kg
 4 - turbulent kinetic energy, m**2/s**2
 5 - dissipation rate, m**2/s**3
 6 - kinematic heat conductance, m**2/s
 7 - modulus of horizontal velocity, m/s
 8 - Richardson number, n/d
   -0.000000   28.50431  0.4570E-14  0.1571E-04  0.1051E-05  0.3258E-04  0.2038E-01 -0.1098E+00
   -0.049997   28.56477  0.4570E-14  0.1610E-04  0.3564E-06  0.1928E-03  0.1133E-01  0.8922E+02
   -0.099994   28.57606  0.4570E-14  0.1710E-04  0.2350E-06  0.4135E-03  0.9469E-02  0.3937E+05
   -0.149992   28.58030  0.4570E-14  0.1817E-04  0.1866E-06  0.5355E-03  0.8608E-02  0.4217E+01
   -0.199990   28.58339  0.4570E-14  0.1945E-04  0.1573E-06  0.6623E-03  0.7804E-02  0.4400E+01
   -0.249989   28.58581  0.4570E-14  0.2076E-04  0.1373E-06  0.7382E-03  0.7064E-02  0.4793E+01
   -0.299988   28.58792  0.4570E-14  0.2202E-04  0.1226E-06  0.8202E-03  0.6360E-02  0.5450E+01
   -0.349987   28.58978  0.4570E-14  0.2316E-04  0.1110E-06  0.9192E-03  0.5682E-02  0.6287E+01
   -0.399987   28.59140  0.4570E-14  0.2412E-04  0.1014E-06  0.1055E-02  0.5014E-02  0.5436E+01
   -0.449987   28.59278  0.4570E-14  0.2490E-04  0.9321E-07  0.1212E-02  0.4402E-02  0.4392E+01
   -0.499987   28.59396  0.4570E-14  0.2550E-04  0.8630E-07  0.1383E-02  0.3857E-02  0.3672E+01
   -0.549988   28.59497  0.4570E-14  0.2594E-04  0.8049E-07  0.1556E-02  0.3373E-02  0.3143E+01
   -0.599988   28.59586  0.4570E-14  0.2621E-04  0.7563E-07  0.1710E-02  0.2945E-02  0.2760E+01
   -0.649989   28.59665  0.4570E-14  0.2634E-04  0.7163E-07  0.1827E-02  0.2568E-02  0.2475E+01
   -0.699990   28.59739  0.4570E-14  0.2632E-04  0.6838E-07  0.1896E-02  0.2237E-02  0.2260E+01
   -0.749992   28.59809  0.4570E-14  0.2618E-04  0.6581E-07  0.1923E-02  0.1949E-02  0.2088E+01
   -0.799993   28.59877  0.4570E-14  0.2592E-04  0.6386E-07  0.1922E-02  0.1698E-02  0.1945E+01
   -0.849995   28.59944  0.4570E-14  0.2556E-04  0.6247E-07  0.1909E-02  0.1480E-02  0.1817E+01
   -0.899996   28.60011  0.4570E-14  0.2513E-04  0.6161E-07  0.1896E-02  0.1292E-02  0.1700E+01
   -0.949998   28.60077  0.4570E-14  0.2463E-04  0.6123E-07  0.1892E-02  0.1129E-02  0.1592E+01
   -0.999999   28.60143  0.4570E-14  0.2408E-04  0.6131E-07  0.1909E-02  0.9892E-03  0.1496E+01
   -1.050001   28.60208  0.4570E-14  0.2350E-04  0.6180E-07  0.1853E-02  0.8686E-03  0.1361E+01
   -1.100003   28.60274  0.4570E-14  0.2317E-04  0.6227E-07  0.2844E-02  0.7608E-03  0.1193E+01
   -1.150004   28.60317  0.4570E-14  0.2293E-04  0.6282E-07  0.2356E-02  0.7271E-03  0.1627E+01
   -1.200006   28.60369  0.4570E-14  0.2258E-04  0.6383E-07  0.2160E-02  0.6984E-03  0.1185E+01
   -1.250007   28.60425  0.4570E-14  0.2196E-04  0.6598E-07  0.2051E-02  0.6295E-03  0.1105E+01
   -1.300008   28.60484  0.4570E-14  0.2139E-04  0.6836E-07  0.1963E-02  0.5740E-03  0.1041E+01
   -1.350009   28.60545  0.4570E-14  0.2083E-04  0.7134E-07  0.1823E-02  0.5268E-03  0.1022E+01
   -1.400010   28.60612  0.4570E-14  0.2024E-04  0.7529E-07  0.1692E-02  0.4859E-03  0.1082E+01
   -1.450011   28.60685  0.4570E-14  0.1961E-04  0.8099E-07  0.1578E-02  0.4495E-03  0.1372E+01
   -1.500011   28.60767  0.4570E-14  0.1890E-04  0.8979E-07  0.1458E-02  0.4156E-03  0.1275E+03
   -1.550012   28.60867  0.4570E-14  0.1803E-04  0.1034E-06  0.1382E-02  0.3817E-03 -0.2554E+03
   -1.600012   28.61004  0.4570E-14  0.1696E-04  0.1237E-06  0.1219E-02  0.3463E-03  0.1758E+04
   -1.650011   28.61174  0.4570E-14  0.1571E-04  0.1553E-06  0.1045E-02  0.3080E-03  0.8887E+03
   -1.700011   28.61385  0.4570E-14  0.1420E-04  0.2138E-06  0.8828E-03  0.2666E-03  0.1403E+05
   -1.750010   28.61708  0.4570E-14  0.1279E-04  0.2993E-06  0.7708E-03  0.2198E-03  0.3410E+05
   -1.800008   28.61870  0.4570E-14  0.1104E-04  0.5177E-06  0.5814E-03  0.1894E-03  0.1375E+06
   -1.850007   28.63184  0.4570E-14  0.9509E-05  0.8470E-06  0.5351E-03  0.1286E-03  0.2324E+09
   -1.900004   28.62356  0.4570E-14  0.7587E-05  0.1846E-05  0.2847E-03  0.1099E-03 -0.5951E+05
   -1.950002   28.65437  0.4570E-14  0.5613E-05  0.3839E-05  0.3088E-03  0.5760E-04 -0.1377E+05
   -1.999999   28.65525  0.4570E-14  0.0000E+00  0.0000E+00  0.0000E+00  0.1368E-03  0.0000E+00
