 1 - depth, m
 2 - temperature, C
 3 - salinity, kg/kg
 4 - turbulent kinetic energy, m**2/s**2
 5 - dissipation rate, m**2/s**3
 6 - kinematic heat conductance, m**2/s
 7 - modulus of horizontal velocity, m/s
 8 - Richardson number, n/d
   -0.000000   29.70781  0.1881E-14  0.9109E-05  0.4040E-06  0.3117E-04  0.1011E-01 -0.3694E+00
   -0.049997   29.76152  0.1881E-14  0.1160E-04  0.1729E-06  0.2798E-03  0.5497E-02  0.3872E+01
   -0.099994   29.76729  0.1881E-14  0.1280E-04  0.1351E-06  0.3533E-03  0.4954E-02  0.1470E+01
   -0.149992   29.77171  0.1881E-14  0.1400E-04  0.1146E-06  0.4868E-03  0.4514E-02  0.1868E+01
   -0.199991   29.77482  0.1881E-14  0.1524E-04  0.1007E-06  0.6553E-03  0.4108E-02  0.2229E+01
   -0.249989   29.77706  0.1881E-14  0.1646E-04  0.9050E-07  0.8038E-03  0.3722E-02  0.2494E+01
   -0.299988   29.77884  0.1881E-14  0.1761E-04  0.8269E-07  0.8713E-03  0.3349E-02  0.2677E+01
   -0.349988   29.78045  0.1881E-14  0.1867E-04  0.7644E-07  0.9518E-03  0.2986E-02  0.2867E+01
   -0.399987   29.78188  0.1881E-14  0.1958E-04  0.7134E-07  0.1065E-02  0.2630E-02  0.2715E+01
   -0.449988   29.78313  0.1881E-14  0.2034E-04  0.6715E-07  0.1189E-02  0.2307E-02  0.2486E+01
   -0.499988   29.78423  0.1881E-14  0.2093E-04  0.6377E-07  0.1312E-02  0.2025E-02  0.2297E+01
   -0.549988   29.78521  0.1881E-14  0.2137E-04  0.6105E-07  0.1426E-02  0.1779E-02  0.2133E+01
   -0.599989   29.78610  0.1881E-14  0.2166E-04  0.5891E-07  0.1528E-02  0.1566E-02  0.1996E+01
   -0.649990   29.78691  0.1881E-14  0.2182E-04  0.5725E-07  0.1619E-02  0.1382E-02  0.1877E+01
   -0.699991   29.78767  0.1881E-14  0.2186E-04  0.5603E-07  0.1702E-02  0.1222E-02  0.1772E+01
   -0.749993   29.78838  0.1881E-14  0.2181E-04  0.5518E-07  0.1779E-02  0.1084E-02  0.1678E+01
   -0.799994   29.78905  0.1881E-14  0.2167E-04  0.5468E-07  0.1856E-02  0.9645E-03  0.1593E+01
   -0.849996   29.78968  0.1881E-14  0.2146E-04  0.5449E-07  0.1938E-02  0.8615E-03  0.1515E+01
   -0.899997   29.79028  0.1881E-14  0.2119E-04  0.5459E-07  0.2026E-02  0.7725E-03  0.1445E+01
   -0.949999   29.79084  0.1881E-14  0.2088E-04  0.5496E-07  0.2125E-02  0.6955E-03  0.1382E+01
   -1.000001   29.79138  0.1881E-14  0.2054E-04  0.5558E-07  0.2185E-02  0.6288E-03  0.1317E+01
   -1.050002   29.79190  0.1881E-14  0.2018E-04  0.5642E-07  0.2004E-02  0.5711E-03  0.1210E+01
   -1.100004   29.79246  0.1881E-14  0.1993E-04  0.5714E-07  0.2366E-02  0.5206E-03  0.1246E+01
   -1.150006   29.79292  0.1881E-14  0.1969E-04  0.5802E-07  0.1694E-02  0.4998E-03  0.4164E+01
   -1.200007   29.79358  0.1881E-14  0.1938E-04  0.5927E-07  0.1898E-02  0.4730E-03  0.1052E+01
   -1.250009   29.79416  0.1881E-14  0.1899E-04  0.6107E-07  0.1740E-02  0.4413E-03  0.9864E+00
   -1.300010   29.79479  0.1881E-14  0.1857E-04  0.6335E-07  0.1647E-02  0.4133E-03  0.1069E+01
   -1.350011   29.79546  0.1881E-14  0.1813E-04  0.6635E-07  0.1498E-02  0.3875E-03  0.1253E+01
   -1.400012   29.79619  0.1881E-14  0.1762E-04  0.7042E-07  0.1464E-02  0.3628E-03  0.1620E+01
   -1.450013   29.79697  0.1881E-14  0.1702E-04  0.7637E-07  0.1226E-02  0.3391E-03  0.2404E+01
   -1.500013   29.79794  0.1881E-14  0.1632E-04  0.8448E-07  0.1248E-02  0.3134E-03  0.3556E+01
   -1.550014   29.79894  0.1881E-14  0.1548E-04  0.9659E-07  0.1027E-02  0.2899E-03  0.6737E+01
   -1.600014   29.80041  0.1881E-14  0.1435E-04  0.1142E-06  0.1069E-02  0.2622E-03  0.4341E+02
   -1.650014   29.80179  0.1881E-14  0.1274E-04  0.1526E-06  0.7952E-03  0.2360E-03  0.2715E+02
   -1.700013   29.80510  0.1881E-14  0.9323E-05  0.5905E-06  0.4203E-03  0.1915E-03  0.2416E+04
   -1.750012   29.81255  0.1881E-14  0.8026E-05  0.7656E-06  0.5986E-03  0.1176E-03  0.7766E+03
   -1.800011   29.80822  0.1881E-14  0.6772E-05  0.1162E-05  0.3536E-03  0.1299E-03 -0.6951E+03
   -1.850009   29.83683  0.1881E-14  0.5802E-05  0.1966E-05  0.4994E-03  0.5374E-04  0.8286E+06
   -1.900007   29.80846  0.1881E-14  0.5207E-05  0.3889E-05  0.2977E-03  0.6401E-04 -0.8847E+05
   -1.950004   29.84966  0.1881E-14  0.3864E-05  0.7453E-05  0.5035E-03  0.2624E-04  0.8630E+02
   -2.000001   29.84722  0.1881E-14  0.0000E+00  0.0000E+00  0.0000E+00  0.1067E-03  0.0000E+00
