 1 - depth, m
 2 - temperature, C
 3 - salinity, kg/kg
 4 - turbulent kinetic energy, m**2/s**2
 5 - dissipation rate, m**2/s**3
 6 - kinematic heat conductance, m**2/s
 7 - modulus of horizontal velocity, m/s
 8 - Richardson number, n/d
   -0.000000   30.13295  0.2152E-13  0.4794E-05  0.2984E-06  0.5024E-04  0.1274E-02  0.2907E+04
   -0.049997   30.16363  0.2152E-13  0.8264E-05  0.1328E-06  0.1779E-03  0.7257E-03  0.5416E+03
   -0.099994   30.17551  0.2152E-13  0.1003E-04  0.9147E-07  0.4019E-03  0.5307E-03  0.2961E+02
   -0.149992   30.17875  0.2152E-13  0.1114E-04  0.7687E-07  0.4817E-03  0.4690E-03  0.1449E+02
   -0.199991   30.18134  0.2152E-13  0.1200E-04  0.6830E-07  0.6439E-03  0.4189E-03  0.9314E+01
   -0.249989   30.18323  0.2152E-13  0.1268E-04  0.6269E-07  0.7691E-03  0.3815E-03  0.6883E+01
   -0.299988   30.18476  0.2152E-13  0.1324E-04  0.5868E-07  0.8943E-03  0.3503E-03  0.5478E+01
   -0.349988   30.18605  0.2152E-13  0.1370E-04  0.5568E-07  0.1007E-02  0.3235E-03  0.4686E+01
   -0.399988   30.18716  0.2152E-13  0.1408E-04  0.5334E-07  0.1111E-02  0.2999E-03  0.4176E+01
   -0.449988   30.18815  0.2152E-13  0.1442E-04  0.5144E-07  0.1207E-02  0.2791E-03  0.3921E+01
   -0.499988   30.18905  0.2152E-13  0.1471E-04  0.4987E-07  0.1295E-02  0.2607E-03  0.3814E+01
   -0.549989   30.18986  0.2152E-13  0.1496E-04  0.4855E-07  0.1376E-02  0.2442E-03  0.3763E+01
   -0.599990   30.19062  0.2152E-13  0.1517E-04  0.4744E-07  0.1449E-02  0.2293E-03  0.3763E+01
   -0.649991   30.19133  0.2152E-13  0.1535E-04  0.4651E-07  0.1514E-02  0.2157E-03  0.3810E+01
   -0.699992   30.19199  0.2152E-13  0.1551E-04  0.4572E-07  0.1572E-02  0.2032E-03  0.3894E+01
   -0.749993   30.19262  0.2152E-13  0.1564E-04  0.4505E-07  0.1622E-02  0.1916E-03  0.4022E+01
   -0.799995   30.19323  0.2152E-13  0.1574E-04  0.4450E-07  0.1665E-02  0.1808E-03  0.4187E+01
   -0.849996   30.19381  0.2152E-13  0.1582E-04  0.4406E-07  0.1699E-02  0.1708E-03  0.4403E+01
   -0.899998   30.19438  0.2152E-13  0.1588E-04  0.4372E-07  0.1726E-02  0.1614E-03  0.4663E+01
   -0.950000   30.19493  0.2152E-13  0.1592E-04  0.4348E-07  0.1744E-02  0.1525E-03  0.4993E+01
   -1.000001   30.19547  0.2152E-13  0.1593E-04  0.4333E-07  0.1755E-02  0.1441E-03  0.5383E+01
   -1.050003   30.19600  0.2152E-13  0.1593E-04  0.4330E-07  0.1755E-02  0.1361E-03  0.6100E+01
   -1.100005   30.19652  0.2152E-13  0.1590E-04  0.4337E-07  0.1845E-02  0.1285E-03  0.2012E+02
   -1.150006   30.19702  0.2152E-13  0.1585E-04  0.4358E-07  0.1666E-02  0.1217E-03  0.4614E+02
   -1.200008   30.19757  0.2152E-13  0.1577E-04  0.4392E-07  0.1695E-02  0.1146E-03  0.8819E+01
   -1.250009   30.19810  0.2152E-13  0.1567E-04  0.4443E-07  0.1664E-02  0.1079E-03  0.9388E+01
   -1.300011   30.19864  0.2152E-13  0.1554E-04  0.4515E-07  0.1614E-02  0.1014E-03  0.1099E+02
   -1.350012   30.19919  0.2152E-13  0.1538E-04  0.4614E-07  0.1554E-02  0.9510E-04  0.1317E+02
   -1.400013   30.19977  0.2152E-13  0.1518E-04  0.4748E-07  0.1476E-02  0.8896E-04  0.1630E+02
   -1.450014   30.20037  0.2152E-13  0.1494E-04  0.4931E-07  0.1397E-02  0.8293E-04  0.2083E+02
   -1.500014   30.20101  0.2152E-13  0.1464E-04  0.5186E-07  0.1285E-02  0.7701E-04  0.2840E+02
   -1.550015   30.20171  0.2152E-13  0.1428E-04  0.5548E-07  0.1200E-02  0.7104E-04  0.4082E+02
   -1.600015   30.20247  0.2152E-13  0.1384E-04  0.6101E-07  0.1057E-02  0.6520E-04  0.3258E+03
   -1.650015   30.20339  0.2152E-13  0.1326E-04  0.6966E-07  0.9756E-03  0.5894E-04  0.1951E+05
   -1.700014   30.20445  0.2152E-13  0.1247E-04  0.8517E-07  0.7975E-03  0.5274E-04 -0.2839E+04
   -1.750013   30.20631  0.2152E-13  0.1142E-04  0.1106E-06  0.7157E-03  0.4459E-04  0.2161E+05
   -1.800012   30.20791  0.2152E-13  0.1001E-04  0.1640E-06  0.4989E-03  0.3815E-04  0.1984E+06
   -1.850010   30.21421  0.2152E-13  0.8463E-05  0.2644E-06  0.4571E-03  0.2713E-04  0.3150E+08
   -1.900008   30.21294  0.2152E-13  0.6649E-05  0.5587E-06  0.2039E-03  0.2202E-04 -0.7056E+07
   -1.950006   30.23273  0.2152E-13  0.4678E-05  0.1388E-05  0.1936E-03  0.1167E-04 -0.1010E+07
   -2.000003   30.23395  0.2152E-13  0.0000E+00  0.0000E+00  0.0000E+00  0.2199E-04  0.0000E+00
