 1 - depth, m
 2 - temperature, C
 3 - salinity, kg/kg
 4 - turbulent kinetic energy, m**2/s**2
 5 - dissipation rate, m**2/s**3
 6 - kinematic heat conductance, m**2/s
 7 - modulus of horizontal velocity, m/s
 8 - Richardson number, n/d
   -0.000000   28.63777  0.1100E-14  0.1306E-04  0.7592E-06  0.3343E-04  0.1683E-01 -0.1477E+00
   -0.049997   28.69243  0.1100E-14  0.1425E-04  0.2752E-06  0.2140E-03  0.9465E-02  0.9473E+02
   -0.099994   28.70179  0.1100E-14  0.1536E-04  0.1922E-06  0.4030E-03  0.8047E-02  0.3027E+01
   -0.149992   28.70587  0.1100E-14  0.1645E-04  0.1562E-06  0.5152E-03  0.7347E-02  0.3233E+01
   -0.199990   28.70892  0.1100E-14  0.1772E-04  0.1330E-06  0.6609E-03  0.6655E-02  0.3644E+01
   -0.249989   28.71122  0.1100E-14  0.1899E-04  0.1170E-06  0.7357E-03  0.6018E-02  0.4028E+01
   -0.299988   28.71323  0.1100E-14  0.2020E-04  0.1050E-06  0.8149E-03  0.5411E-02  0.4532E+01
   -0.349987   28.71499  0.1100E-14  0.2130E-04  0.9559E-07  0.9097E-03  0.4823E-02  0.5115E+01
   -0.399987   28.71654  0.1100E-14  0.2222E-04  0.8774E-07  0.1039E-02  0.4245E-02  0.4539E+01
   -0.449987   28.71786  0.1100E-14  0.2297E-04  0.8113E-07  0.1185E-02  0.3718E-02  0.3795E+01
   -0.499987   28.71900  0.1100E-14  0.2355E-04  0.7558E-07  0.1336E-02  0.3251E-02  0.3260E+01
   -0.549988   28.71999  0.1100E-14  0.2396E-04  0.7097E-07  0.1479E-02  0.2840E-02  0.2856E+01
   -0.599989   28.72086  0.1100E-14  0.2422E-04  0.6715E-07  0.1602E-02  0.2479E-02  0.2553E+01
   -0.649990   28.72166  0.1100E-14  0.2433E-04  0.6404E-07  0.1695E-02  0.2162E-02  0.2320E+01
   -0.699991   28.72241  0.1100E-14  0.2432E-04  0.6156E-07  0.1756E-02  0.1887E-02  0.2134E+01
   -0.749992   28.72311  0.1100E-14  0.2418E-04  0.5965E-07  0.1792E-02  0.1647E-02  0.1980E+01
   -0.799994   28.72380  0.1100E-14  0.2395E-04  0.5825E-07  0.1813E-02  0.1440E-02  0.1847E+01
   -0.849995   28.72447  0.1100E-14  0.2362E-04  0.5732E-07  0.1829E-02  0.1261E-02  0.1727E+01
   -0.899997   28.72512  0.1100E-14  0.2323E-04  0.5682E-07  0.1849E-02  0.1107E-02  0.1619E+01
   -0.949998   28.72576  0.1100E-14  0.2279E-04  0.5671E-07  0.1878E-02  0.9738E-03  0.1521E+01
   -1.000000   28.72638  0.1100E-14  0.2230E-04  0.5699E-07  0.1925E-02  0.8593E-03  0.1433E+01
   -1.050002   28.72698  0.1100E-14  0.2179E-04  0.5759E-07  0.1899E-02  0.7607E-03  0.1310E+01
   -1.100003   28.72758  0.1100E-14  0.2150E-04  0.5811E-07  0.2639E-02  0.6732E-03  0.1128E+01
   -1.150005   28.72802  0.1100E-14  0.2126E-04  0.5871E-07  0.2113E-02  0.6448E-03  0.2149E+01
   -1.200006   28.72856  0.1100E-14  0.2092E-04  0.5976E-07  0.2144E-02  0.6167E-03  0.1151E+01
   -1.250008   28.72909  0.1100E-14  0.2038E-04  0.6173E-07  0.1938E-02  0.5612E-03  0.1057E+01
   -1.300009   28.72968  0.1100E-14  0.1988E-04  0.6394E-07  0.1818E-02  0.5156E-03  0.9995E+00
   -1.350010   28.73030  0.1100E-14  0.1937E-04  0.6667E-07  0.1690E-02  0.4766E-03  0.1007E+01
   -1.400011   28.73098  0.1100E-14  0.1883E-04  0.7036E-07  0.1597E-02  0.4423E-03  0.1150E+01
   -1.450012   28.73170  0.1100E-14  0.1824E-04  0.7575E-07  0.1435E-02  0.4108E-03  0.1517E+01
   -1.500012   28.73254  0.1100E-14  0.1755E-04  0.8369E-07  0.1373E-02  0.3802E-03  0.4510E+01
   -1.550013   28.73350  0.1100E-14  0.1673E-04  0.9594E-07  0.1228E-02  0.3506E-03  0.1700E+02
   -1.600013   28.73484  0.1100E-14  0.1567E-04  0.1138E-06  0.1169E-02  0.3180E-03  0.2047E+03
   -1.650012   28.73635  0.1100E-14  0.1432E-04  0.1454E-06  0.9463E-03  0.2845E-03  0.5751E+03
   -1.700012   28.73881  0.1100E-14  0.1213E-04  0.3355E-06  0.7012E-03  0.2408E-03  0.3839E+05
   -1.750011   28.74357  0.1100E-14  0.1079E-04  0.4488E-06  0.6965E-03  0.1813E-03  0.5868E+05
   -1.800009   28.74297  0.1100E-14  0.9203E-05  0.7177E-06  0.4804E-03  0.1680E-03  0.5478E+05
   -1.850008   28.76128  0.1100E-14  0.7905E-05  0.1197E-05  0.5122E-03  0.9867E-04  0.1440E+08
   -1.900005   28.74610  0.1100E-14  0.6493E-05  0.2456E-05  0.2849E-03  0.9191E-04 -0.6336E+05
   -1.950003   28.78028  0.1100E-14  0.4809E-05  0.4901E-05  0.3765E-03  0.4469E-04 -0.6042E+04
   -2.000000   28.77686  0.1100E-14  0.0000E+00  0.0000E+00  0.0000E+00  0.1252E-03  0.0000E+00
