 1 - depth, m
 2 - temperature, C
 3 - salinity, kg/kg
 4 - turbulent kinetic energy, m**2/s**2
 5 - dissipation rate, m**2/s**3
 6 - kinematic heat conductance, m**2/s
 7 - modulus of horizontal velocity, m/s
 8 - Richardson number, n/d
   -0.000000   26.19381  0.9464E-14  0.1244E-04  0.6761E-06  0.3170E-04  0.1640E-01 -0.1433E+00
   -0.049997   26.24723  0.9464E-14  0.1350E-04  0.2474E-06  0.2001E-03  0.9346E-02  0.4840E+02
   -0.099994   26.25664  0.9464E-14  0.1448E-04  0.1733E-06  0.3995E-03  0.7899E-02  0.2622E+01
   -0.149992   26.26054  0.9464E-14  0.1544E-04  0.1416E-06  0.5028E-03  0.7222E-02  0.3359E+01
   -0.199991   26.26353  0.9464E-14  0.1659E-04  0.1206E-06  0.6461E-03  0.6532E-02  0.3878E+01
   -0.249989   26.26578  0.9464E-14  0.1772E-04  0.1061E-06  0.7158E-03  0.5902E-02  0.4286E+01
   -0.299988   26.26776  0.9464E-14  0.1880E-04  0.9525E-07  0.7902E-03  0.5302E-02  0.4839E+01
   -0.349988   26.26951  0.9464E-14  0.1976E-04  0.8671E-07  0.8757E-03  0.4724E-02  0.5490E+01
   -0.399988   26.27105  0.9464E-14  0.2056E-04  0.7959E-07  0.9916E-03  0.4155E-02  0.4828E+01
   -0.449988   26.27239  0.9464E-14  0.2120E-04  0.7357E-07  0.1119E-02  0.3637E-02  0.3996E+01
   -0.499988   26.27355  0.9464E-14  0.2168E-04  0.6851E-07  0.1249E-02  0.3179E-02  0.3411E+01
   -0.549988   26.27457  0.9464E-14  0.2201E-04  0.6430E-07  0.1371E-02  0.2775E-02  0.2974E+01
   -0.599989   26.27549  0.9464E-14  0.2220E-04  0.6081E-07  0.1475E-02  0.2420E-02  0.2648E+01
   -0.649990   26.27633  0.9464E-14  0.2227E-04  0.5796E-07  0.1555E-02  0.2109E-02  0.2395E+01
   -0.699991   26.27711  0.9464E-14  0.2221E-04  0.5570E-07  0.1611E-02  0.1838E-02  0.2192E+01
   -0.749993   26.27786  0.9464E-14  0.2205E-04  0.5395E-07  0.1647E-02  0.1603E-02  0.2023E+01
   -0.799994   26.27858  0.9464E-14  0.2179E-04  0.5268E-07  0.1672E-02  0.1400E-02  0.1878E+01
   -0.849996   26.27928  0.9464E-14  0.2146E-04  0.5184E-07  0.1695E-02  0.1224E-02  0.1749E+01
   -0.899997   26.27997  0.9464E-14  0.2107E-04  0.5140E-07  0.1723E-02  0.1073E-02  0.1634E+01
   -0.949999   26.28063  0.9464E-14  0.2063E-04  0.5134E-07  0.1760E-02  0.9438E-03  0.1530E+01
   -1.000001   26.28128  0.9464E-14  0.2016E-04  0.5161E-07  0.1814E-02  0.8325E-03  0.1439E+01
   -1.050002   26.28190  0.9464E-14  0.1967E-04  0.5220E-07  0.1810E-02  0.7370E-03  0.1314E+01
   -1.100004   26.28252  0.9464E-14  0.1938E-04  0.5270E-07  0.2366E-02  0.6526E-03  0.1102E+01
   -1.150006   26.28299  0.9464E-14  0.1914E-04  0.5330E-07  0.1854E-02  0.6246E-03  0.2451E+01
   -1.200007   26.28359  0.9464E-14  0.1881E-04  0.5433E-07  0.2012E-02  0.5950E-03  0.1142E+01
   -1.250009   26.28414  0.9464E-14  0.1830E-04  0.5614E-07  0.1714E-02  0.5428E-03  0.1030E+01
   -1.300010   26.28478  0.9464E-14  0.1783E-04  0.5813E-07  0.1590E-02  0.4997E-03  0.9527E+00
   -1.350011   26.28548  0.9464E-14  0.1735E-04  0.6049E-07  0.1488E-02  0.4633E-03  0.9601E+00
   -1.400012   26.28622  0.9464E-14  0.1684E-04  0.6383E-07  0.1441E-02  0.4316E-03  0.1205E+01
   -1.450013   26.28701  0.9464E-14  0.1626E-04  0.6893E-07  0.1214E-02  0.4013E-03  0.1643E+01
   -1.500014   26.28798  0.9464E-14  0.1559E-04  0.7617E-07  0.1226E-02  0.3705E-03  0.2404E+01
   -1.550014   26.28898  0.9464E-14  0.1478E-04  0.8758E-07  0.1014E-02  0.3418E-03  0.4574E+01
   -1.600014   26.29049  0.9464E-14  0.1371E-04  0.1035E-06  0.1058E-02  0.3091E-03  0.3188E+02
   -1.650014   26.29187  0.9464E-14  0.1217E-04  0.1387E-06  0.7914E-03  0.2784E-03 -0.6766E+02
   -1.700013   26.29524  0.9464E-14  0.8879E-05  0.5138E-06  0.4079E-03  0.2260E-03  0.6221E+03
   -1.750012   26.30275  0.9464E-14  0.7618E-05  0.6697E-06  0.5817E-03  0.1391E-03  0.5677E+03
   -1.800011   26.29839  0.9464E-14  0.6398E-05  0.1024E-05  0.3495E-03  0.1535E-03 -0.4511E+03
   -1.850009   26.32750  0.9464E-14  0.5459E-05  0.1742E-05  0.4915E-03  0.6337E-04  0.4912E+06
   -1.900007   26.29860  0.9464E-14  0.4908E-05  0.3482E-05  0.2952E-03  0.7588E-04 -0.5860E+05
   -1.950005   26.34202  0.9464E-14  0.3623E-05  0.6724E-05  0.4889E-03  0.3115E-04  0.5421E+02
   -2.000002   26.33395  0.9464E-14  0.0000E+00  0.0000E+00  0.0000E+00  0.1262E-03  0.0000E+00
