 1 - depth, m
 2 - temperature, C
 3 - salinity, kg/kg
 4 - turbulent kinetic energy, m**2/s**2
 5 - dissipation rate, m**2/s**3
 6 - kinematic heat conductance, m**2/s
 7 - modulus of horizontal velocity, m/s
 8 - Richardson number, n/d
   -0.000000   30.95897  0.3090E-14  0.5275E-05  0.3396E-06  0.5323E-04  0.2058E-02  0.1382E+04
   -0.049997   30.99091  0.3090E-14  0.8878E-05  0.1508E-06  0.1836E-03  0.1168E-02  0.4754E+04
   -0.099994   31.00318  0.3090E-14  0.1074E-04  0.1036E-06  0.4054E-03  0.8656E-03  0.1249E+02
   -0.149992   31.00667  0.3090E-14  0.1191E-04  0.8664E-07  0.4891E-03  0.7650E-03  0.6182E+01
   -0.199991   31.00945  0.3090E-14  0.1283E-04  0.7676E-07  0.6543E-03  0.6839E-03  0.3953E+01
   -0.249989   31.01146  0.3090E-14  0.1356E-04  0.7031E-07  0.7823E-03  0.6232E-03  0.2922E+01
   -0.299988   31.01310  0.3090E-14  0.1415E-04  0.6573E-07  0.9103E-03  0.5728E-03  0.2321E+01
   -0.349988   31.01447  0.3090E-14  0.1464E-04  0.6231E-07  0.1025E-02  0.5295E-03  0.1990E+01
   -0.399988   31.01566  0.3090E-14  0.1505E-04  0.5964E-07  0.1131E-02  0.4913E-03  0.1778E+01
   -0.449988   31.01672  0.3090E-14  0.1541E-04  0.5747E-07  0.1229E-02  0.4575E-03  0.1688E+01
   -0.499988   31.01767  0.3090E-14  0.1572E-04  0.5567E-07  0.1321E-02  0.4274E-03  0.1648E+01
   -0.549988   31.01854  0.3090E-14  0.1598E-04  0.5417E-07  0.1406E-02  0.4003E-03  0.1637E+01
   -0.599989   31.01934  0.3090E-14  0.1621E-04  0.5290E-07  0.1482E-02  0.3758E-03  0.1634E+01
   -0.649990   31.02009  0.3090E-14  0.1641E-04  0.5183E-07  0.1550E-02  0.3534E-03  0.1657E+01
   -0.699991   31.02079  0.3090E-14  0.1657E-04  0.5093E-07  0.1610E-02  0.3329E-03  0.1684E+01
   -0.749993   31.02146  0.3090E-14  0.1671E-04  0.5019E-07  0.1661E-02  0.3140E-03  0.1741E+01
   -0.799994   31.02211  0.3090E-14  0.1681E-04  0.4958E-07  0.1703E-02  0.2965E-03  0.1802E+01
   -0.849996   31.02272  0.3090E-14  0.1689E-04  0.4909E-07  0.1737E-02  0.2802E-03  0.1901E+01
   -0.899997   31.02332  0.3090E-14  0.1695E-04  0.4872E-07  0.1762E-02  0.2650E-03  0.2009E+01
   -0.949999   31.02391  0.3090E-14  0.1698E-04  0.4847E-07  0.1778E-02  0.2506E-03  0.2167E+01
   -1.000001   31.02448  0.3090E-14  0.1699E-04  0.4833E-07  0.1787E-02  0.2371E-03  0.2340E+01
   -1.050003   31.02505  0.3090E-14  0.1697E-04  0.4831E-07  0.1784E-02  0.2241E-03  0.2676E+01
   -1.100004   31.02561  0.3090E-14  0.1693E-04  0.4843E-07  0.1888E-02  0.2118E-03  0.8557E+01
   -1.150006   31.02614  0.3090E-14  0.1687E-04  0.4871E-07  0.1670E-02  0.2009E-03  0.2189E+02
   -1.200007   31.02674  0.3090E-14  0.1677E-04  0.4914E-07  0.1710E-02  0.1893E-03  0.4031E+01
   -1.250009   31.02731  0.3090E-14  0.1665E-04  0.4979E-07  0.1677E-02  0.1783E-03  0.4296E+01
   -1.300010   31.02790  0.3090E-14  0.1649E-04  0.5070E-07  0.1620E-02  0.1677E-03  0.5157E+01
   -1.350011   31.02850  0.3090E-14  0.1630E-04  0.5194E-07  0.1557E-02  0.1574E-03  0.6282E+01
   -1.400012   31.02913  0.3090E-14  0.1606E-04  0.5364E-07  0.1468E-02  0.1474E-03  0.8118E+01
   -1.450013   31.02980  0.3090E-14  0.1578E-04  0.5599E-07  0.1392E-02  0.1374E-03  0.1069E+02
   -1.500014   31.03051  0.3090E-14  0.1543E-04  0.5932E-07  0.1266E-02  0.1277E-03  0.1585E+02
   -1.550014   31.03131  0.3090E-14  0.1500E-04  0.6409E-07  0.1195E-02  0.1178E-03  0.2436E+02
   -1.600014   31.03216  0.3090E-14  0.1446E-04  0.7187E-07  0.1036E-02  0.1081E-03  0.8520E+02
   -1.650014   31.03332  0.3090E-14  0.1374E-04  0.8382E-07  0.9663E-03  0.9726E-04  0.9044E+02
   -1.700013   31.03456  0.3090E-14  0.1275E-04  0.1054E-06  0.7679E-03  0.8680E-04  0.8123E+04
   -1.750012   31.03717  0.3090E-14  0.1153E-04  0.1405E-06  0.7084E-03  0.7195E-04  0.3198E+05
   -1.800011   31.03850  0.3090E-14  0.1005E-04  0.2163E-06  0.4761E-03  0.6222E-04  0.1795E+06
   -1.850009   31.04800  0.3090E-14  0.8492E-05  0.3615E-06  0.4609E-03  0.4288E-04  0.6766E+07
   -1.900007   31.04368  0.3090E-14  0.6772E-05  0.7541E-06  0.2065E-03  0.3573E-04  0.1034E+06
   -1.950005   31.06765  0.3090E-14  0.4822E-05  0.1805E-05  0.2170E-03  0.1882E-04 -0.1204E+06
   -2.000002   31.06764  0.3090E-14  0.0000E+00  0.0000E+00  0.0000E+00  0.3680E-04  0.0000E+00
