 1 - depth, m
 2 - temperature, C
 3 - salinity, kg/kg
 4 - turbulent kinetic energy, m**2/s**2
 5 - dissipation rate, m**2/s**3
 6 - kinematic heat conductance, m**2/s
 7 - modulus of horizontal velocity, m/s
 8 - Richardson number, n/d
   -0.000000   28.48489  0.1101E-14  0.1557E-04  0.1041E-05  0.3239E-04  0.2030E-01 -0.1099E+00
   -0.049997   28.54466  0.1101E-14  0.1594E-04  0.3523E-06  0.1906E-03  0.1126E-01  0.1105E+03
   -0.099994   28.55583  0.1101E-14  0.1693E-04  0.2316E-06  0.4089E-03  0.9404E-02  0.1270E+04
   -0.149992   28.56007  0.1101E-14  0.1798E-04  0.1836E-06  0.5350E-03  0.8537E-02  0.4263E+01
   -0.199990   28.56311  0.1101E-14  0.1923E-04  0.1548E-06  0.6601E-03  0.7743E-02  0.4402E+01
   -0.249989   28.56549  0.1101E-14  0.2052E-04  0.1351E-06  0.7363E-03  0.7008E-02  0.4798E+01
   -0.299988   28.56757  0.1101E-14  0.2176E-04  0.1206E-06  0.8170E-03  0.6310E-02  0.5454E+01
   -0.349987   28.56941  0.1101E-14  0.2288E-04  0.1093E-06  0.9143E-03  0.5637E-02  0.6300E+01
   -0.399987   28.57100  0.1101E-14  0.2382E-04  0.9980E-07  0.1048E-02  0.4975E-02  0.5445E+01
   -0.449987   28.57237  0.1101E-14  0.2459E-04  0.9176E-07  0.1202E-02  0.4368E-02  0.4398E+01
   -0.499987   28.57354  0.1101E-14  0.2518E-04  0.8497E-07  0.1369E-02  0.3827E-02  0.3678E+01
   -0.549988   28.57455  0.1101E-14  0.2561E-04  0.7925E-07  0.1537E-02  0.3347E-02  0.3150E+01
   -0.599989   28.57543  0.1101E-14  0.2588E-04  0.7448E-07  0.1688E-02  0.2922E-02  0.2766E+01
   -0.649990   28.57623  0.1101E-14  0.2600E-04  0.7055E-07  0.1803E-02  0.2548E-02  0.2480E+01
   -0.699991   28.57696  0.1101E-14  0.2599E-04  0.6736E-07  0.1873E-02  0.2221E-02  0.2263E+01
   -0.749992   28.57765  0.1101E-14  0.2585E-04  0.6483E-07  0.1901E-02  0.1934E-02  0.2091E+01
   -0.799993   28.57833  0.1101E-14  0.2560E-04  0.6292E-07  0.1903E-02  0.1685E-02  0.1946E+01
   -0.849995   28.57900  0.1101E-14  0.2525E-04  0.6156E-07  0.1893E-02  0.1469E-02  0.1817E+01
   -0.899996   28.57966  0.1101E-14  0.2483E-04  0.6072E-07  0.1883E-02  0.1282E-02  0.1700E+01
   -0.949998   28.58032  0.1101E-14  0.2434E-04  0.6036E-07  0.1881E-02  0.1121E-02  0.1591E+01
   -1.000000   28.58097  0.1101E-14  0.2380E-04  0.6044E-07  0.1900E-02  0.9822E-03  0.1495E+01
   -1.050001   28.58161  0.1101E-14  0.2323E-04  0.6093E-07  0.1846E-02  0.8625E-03  0.1360E+01
   -1.100003   28.58227  0.1101E-14  0.2291E-04  0.6141E-07  0.2818E-02  0.7556E-03  0.1190E+01
   -1.150005   28.58270  0.1101E-14  0.2267E-04  0.6195E-07  0.2335E-02  0.7221E-03  0.1655E+01
   -1.200006   28.58322  0.1101E-14  0.2232E-04  0.6296E-07  0.2151E-02  0.6933E-03  0.1184E+01
   -1.250007   28.58377  0.1101E-14  0.2172E-04  0.6508E-07  0.2039E-02  0.6251E-03  0.1105E+01
   -1.300009   28.58436  0.1101E-14  0.2116E-04  0.6743E-07  0.1947E-02  0.5700E-03  0.1039E+01
   -1.350010   28.58498  0.1101E-14  0.2060E-04  0.7036E-07  0.1808E-02  0.5232E-03  0.1020E+01
   -1.400011   28.58564  0.1101E-14  0.2003E-04  0.7423E-07  0.1682E-02  0.4827E-03  0.1087E+01
   -1.450012   28.58637  0.1101E-14  0.1941E-04  0.7983E-07  0.1558E-02  0.4466E-03  0.1385E+01
   -1.500012   28.58719  0.1101E-14  0.1871E-04  0.8843E-07  0.1453E-02  0.4128E-03  0.9959E+03
   -1.550012   28.58818  0.1101E-14  0.1785E-04  0.1020E-06  0.1361E-02  0.3795E-03  0.5308E+02
   -1.600012   28.58959  0.1101E-14  0.1678E-04  0.1226E-06  0.1209E-02  0.3436E-03  0.1587E+04
   -1.650012   28.59123  0.1101E-14  0.1553E-04  0.1538E-06  0.1038E-02  0.3060E-03  0.5589E+04
   -1.700011   28.59339  0.1101E-14  0.1402E-04  0.2167E-06  0.8796E-03  0.2638E-03  0.8495E+04
   -1.750010   28.59660  0.1101E-14  0.1263E-04  0.3026E-06  0.7553E-03  0.2179E-03  0.5229E+05
   -1.800009   28.59844  0.1101E-14  0.1088E-04  0.5223E-06  0.5672E-03  0.1866E-03  0.1980E+05
   -1.850007   28.61161  0.1101E-14  0.9391E-05  0.8507E-06  0.5324E-03  0.1266E-03  0.2333E+07
   -1.900005   28.60274  0.1101E-14  0.7502E-05  0.1823E-05  0.2810E-03  0.1089E-03 -0.6352E+05
   -1.950002   28.63365  0.1101E-14  0.5544E-05  0.3837E-05  0.3058E-03  0.5661E-04 -0.6635E+04
   -1.999999   28.63471  0.1101E-14  0.0000E+00  0.0000E+00  0.0000E+00  0.1357E-03  0.0000E+00
