 1 - depth, m
 2 - temperature, C
 3 - salinity, kg/kg
 4 - turbulent kinetic energy, m**2/s**2
 5 - dissipation rate, m**2/s**3
 6 - kinematic heat conductance, m**2/s
 7 - modulus of horizontal velocity, m/s
 8 - Richardson number, n/d
   -0.000000   30.40675  0.2375E-13  0.4826E-05  0.3003E-06  0.5056E-04  0.1452E-02  0.6748E+04
   -0.049997   30.43733  0.2375E-13  0.8270E-05  0.1340E-06  0.1764E-03  0.8303E-03  0.2746E+03
   -0.099994   30.44920  0.2375E-13  0.1003E-04  0.9223E-07  0.3982E-03  0.6082E-03  0.2256E+02
   -0.149992   30.45248  0.2375E-13  0.1114E-04  0.7739E-07  0.4783E-03  0.5371E-03  0.1102E+02
   -0.199991   30.45510  0.2375E-13  0.1199E-04  0.6869E-07  0.6396E-03  0.4796E-03  0.7066E+01
   -0.249989   30.45699  0.2375E-13  0.1267E-04  0.6299E-07  0.7647E-03  0.4365E-03  0.5210E+01
   -0.299988   30.45853  0.2375E-13  0.1323E-04  0.5891E-07  0.8892E-03  0.4007E-03  0.4141E+01
   -0.349988   30.45982  0.2375E-13  0.1368E-04  0.5586E-07  0.1002E-02  0.3700E-03  0.3539E+01
   -0.399988   30.46094  0.2375E-13  0.1407E-04  0.5347E-07  0.1105E-02  0.3429E-03  0.3151E+01
   -0.449988   30.46193  0.2375E-13  0.1440E-04  0.5153E-07  0.1201E-02  0.3191E-03  0.2957E+01
   -0.499988   30.46282  0.2375E-13  0.1468E-04  0.4992E-07  0.1289E-02  0.2980E-03  0.2875E+01
   -0.549989   30.46363  0.2375E-13  0.1493E-04  0.4857E-07  0.1369E-02  0.2791E-03  0.2835E+01
   -0.599990   30.46439  0.2375E-13  0.1513E-04  0.4743E-07  0.1442E-02  0.2620E-03  0.2835E+01
   -0.649991   30.46509  0.2375E-13  0.1531E-04  0.4646E-07  0.1507E-02  0.2464E-03  0.2869E+01
   -0.699992   30.46575  0.2375E-13  0.1546E-04  0.4564E-07  0.1565E-02  0.2320E-03  0.2931E+01
   -0.749993   30.46638  0.2375E-13  0.1559E-04  0.4495E-07  0.1615E-02  0.2188E-03  0.3027E+01
   -0.799995   30.46698  0.2375E-13  0.1569E-04  0.4437E-07  0.1658E-02  0.2065E-03  0.3150E+01
   -0.849996   30.46756  0.2375E-13  0.1576E-04  0.4390E-07  0.1692E-02  0.1950E-03  0.3312E+01
   -0.899998   30.46812  0.2375E-13  0.1581E-04  0.4353E-07  0.1719E-02  0.1842E-03  0.3507E+01
   -0.950000   30.46866  0.2375E-13  0.1585E-04  0.4326E-07  0.1737E-02  0.1740E-03  0.3754E+01
   -1.000001   30.46920  0.2375E-13  0.1586E-04  0.4309E-07  0.1748E-02  0.1644E-03  0.4048E+01
   -1.050003   30.46972  0.2375E-13  0.1584E-04  0.4302E-07  0.1748E-02  0.1553E-03  0.4586E+01
   -1.100005   30.47024  0.2375E-13  0.1581E-04  0.4306E-07  0.1837E-02  0.1466E-03  0.1512E+02
   -1.150006   30.47073  0.2375E-13  0.1575E-04  0.4324E-07  0.1660E-02  0.1388E-03  0.3476E+02
   -1.200008   30.47127  0.2375E-13  0.1568E-04  0.4354E-07  0.1688E-02  0.1307E-03  0.6637E+01
   -1.250009   30.47179  0.2375E-13  0.1557E-04  0.4402E-07  0.1658E-02  0.1230E-03  0.7059E+01
   -1.300011   30.47232  0.2375E-13  0.1543E-04  0.4470E-07  0.1608E-02  0.1156E-03  0.8272E+01
   -1.350012   30.47287  0.2375E-13  0.1527E-04  0.4565E-07  0.1548E-02  0.1084E-03  0.9908E+01
   -1.400013   30.47343  0.2375E-13  0.1506E-04  0.4694E-07  0.1470E-02  0.1014E-03  0.1228E+02
   -1.450014   30.47402  0.2375E-13  0.1482E-04  0.4872E-07  0.1393E-02  0.9449E-04  0.1569E+02
   -1.500014   30.47464  0.2375E-13  0.1452E-04  0.5120E-07  0.1279E-02  0.8773E-04  0.2146E+02
   -1.550015   30.47533  0.2375E-13  0.1416E-04  0.5475E-07  0.1197E-02  0.8092E-04  0.3074E+02
   -1.600015   30.47606  0.2375E-13  0.1371E-04  0.6021E-07  0.1052E-02  0.7426E-04  0.5916E+02
   -1.650015   30.47696  0.2375E-13  0.1313E-04  0.6871E-07  0.9768E-03  0.6710E-04  0.2841E+05
   -1.700014   30.47798  0.2375E-13  0.1233E-04  0.8419E-07  0.7908E-03  0.6010E-04 -0.1661E+05
   -1.750013   30.47985  0.2375E-13  0.1127E-04  0.1096E-06  0.7177E-03  0.5057E-04  0.5148E+05
   -1.800012   30.48131  0.2375E-13  0.9867E-05  0.1650E-06  0.4913E-03  0.4340E-04  0.6990E+06
   -1.850010   30.48782  0.2375E-13  0.8330E-05  0.2670E-06  0.4575E-03  0.3055E-04  0.6374E+08
   -1.900008   30.48615  0.2375E-13  0.6606E-05  0.5555E-06  0.2127E-03  0.2495E-04  0.2221E+06
   -1.950005   30.50533  0.2375E-13  0.4628E-05  0.1387E-05  0.1911E-03  0.1331E-04 -0.8976E+06
   -2.000002   30.50667  0.2375E-13  0.0000E+00  0.0000E+00  0.0000E+00  0.2515E-04  0.0000E+00
