 1 - depth, m
 2 - temperature, C
 3 - salinity, kg/kg
 4 - turbulent kinetic energy, m**2/s**2
 5 - dissipation rate, m**2/s**3
 6 - kinematic heat conductance, m**2/s
 7 - modulus of horizontal velocity, m/s
 8 - Richardson number, n/d
   -0.000000   28.29779  0.1165E-12  0.1068E-04  0.5317E-06  0.3207E-04  0.1383E-01 -0.1865E+00
   -0.049997   28.34587  0.1165E-12  0.1218E-04  0.2026E-06  0.2194E-03  0.7791E-02  0.5018E+02
   -0.099994   28.35343  0.1165E-12  0.1324E-04  0.1467E-06  0.3852E-03  0.6676E-02  0.2177E+01
   -0.149992   28.35711  0.1165E-12  0.1422E-04  0.1213E-06  0.4913E-03  0.6095E-02  0.2677E+01
   -0.199991   28.35987  0.1165E-12  0.1532E-04  0.1043E-06  0.6497E-03  0.5519E-02  0.3204E+01
   -0.249989   28.36188  0.1165E-12  0.1642E-04  0.9234E-07  0.7249E-03  0.4985E-02  0.3558E+01
   -0.299988   28.36363  0.1165E-12  0.1745E-04  0.8332E-07  0.7958E-03  0.4475E-02  0.3944E+01
   -0.349988   28.36519  0.1165E-12  0.1838E-04  0.7613E-07  0.8781E-03  0.3981E-02  0.4378E+01
   -0.399987   28.36656  0.1165E-12  0.1917E-04  0.7018E-07  0.9910E-03  0.3497E-02  0.3953E+01
   -0.449987   28.36775  0.1165E-12  0.1981E-04  0.6518E-07  0.1115E-02  0.3057E-02  0.3387E+01
   -0.499988   28.36879  0.1165E-12  0.2030E-04  0.6103E-07  0.1239E-02  0.2671E-02  0.2969E+01
   -0.549988   28.36970  0.1165E-12  0.2065E-04  0.5760E-07  0.1354E-02  0.2332E-02  0.2645E+01
   -0.599989   28.37052  0.1165E-12  0.2088E-04  0.5479E-07  0.1455E-02  0.2036E-02  0.2394E+01
   -0.649990   28.37127  0.1165E-12  0.2098E-04  0.5253E-07  0.1537E-02  0.1778E-02  0.2193E+01
   -0.699991   28.37197  0.1165E-12  0.2098E-04  0.5076E-07  0.1602E-02  0.1555E-02  0.2027E+01
   -0.749993   28.37263  0.1165E-12  0.2089E-04  0.4942E-07  0.1655E-02  0.1361E-02  0.1886E+01
   -0.799994   28.37326  0.1165E-12  0.2071E-04  0.4847E-07  0.1700E-02  0.1194E-02  0.1763E+01
   -0.849996   28.37387  0.1165E-12  0.2046E-04  0.4787E-07  0.1746E-02  0.1050E-02  0.1654E+01
   -0.899997   28.37445  0.1165E-12  0.2016E-04  0.4760E-07  0.1796E-02  0.9262E-03  0.1556E+01
   -0.949999   28.37501  0.1165E-12  0.1982E-04  0.4763E-07  0.1855E-02  0.8195E-03  0.1469E+01
   -1.000001   28.37555  0.1165E-12  0.1945E-04  0.4795E-07  0.1928E-02  0.7276E-03  0.1391E+01
   -1.050002   28.37606  0.1165E-12  0.1906E-04  0.4851E-07  0.1911E-02  0.6483E-03  0.1278E+01
   -1.100004   28.37658  0.1165E-12  0.1882E-04  0.4898E-07  0.2403E-02  0.5783E-03  0.1082E+01
   -1.150006   28.37699  0.1165E-12  0.1862E-04  0.4953E-07  0.1897E-02  0.5545E-03  0.2719E+01
   -1.200007   28.37750  0.1165E-12  0.1834E-04  0.5045E-07  0.2038E-02  0.5278E-03  0.1126E+01
   -1.250009   28.37798  0.1165E-12  0.1792E-04  0.5202E-07  0.1799E-02  0.4837E-03  0.1027E+01
   -1.300010   28.37852  0.1165E-12  0.1752E-04  0.5380E-07  0.1685E-02  0.4467E-03  0.9824E+00
   -1.350011   28.37910  0.1165E-12  0.1711E-04  0.5600E-07  0.1572E-02  0.4148E-03  0.1021E+01
   -1.400012   28.37972  0.1165E-12  0.1666E-04  0.5897E-07  0.1497E-02  0.3864E-03  0.1221E+01
   -1.450013   28.38039  0.1165E-12  0.1616E-04  0.6325E-07  0.1323E-02  0.3597E-03  0.1650E+01
   -1.500013   28.38117  0.1165E-12  0.1558E-04  0.6925E-07  0.1280E-02  0.3330E-03  0.2954E+01
   -1.550014   28.38201  0.1165E-12  0.1488E-04  0.7839E-07  0.1125E-02  0.3076E-03  0.3264E+02
   -1.600014   28.38320  0.1165E-12  0.1397E-04  0.9171E-07  0.1077E-02  0.2791E-03  0.7612E+03
   -1.650013   28.38440  0.1165E-12  0.1272E-04  0.1177E-06  0.8689E-03  0.2511E-03  0.2087E+04
   -1.700013   28.38671  0.1165E-12  0.1031E-04  0.3288E-06  0.5783E-03  0.2110E-03  0.4811E+03
   -1.750012   28.39166  0.1165E-12  0.9003E-05  0.4327E-06  0.6382E-03  0.1481E-03  0.5083E+05
   -1.800011   28.39007  0.1165E-12  0.7626E-05  0.6731E-06  0.4156E-03  0.1448E-03  0.1343E+03
   -1.850009   28.40995  0.1165E-12  0.6452E-05  0.1145E-05  0.4846E-03  0.7601E-04  0.4453E+07
   -1.900007   28.39210  0.1165E-12  0.5423E-05  0.2332E-05  0.2638E-03  0.7594E-04 -0.6681E+05
   -1.950004   28.42602  0.1165E-12  0.3991E-05  0.4677E-05  0.3856E-03  0.3461E-04  0.4779E+04
   -2.000001   28.42252  0.1165E-12  0.0000E+00  0.0000E+00  0.0000E+00  0.1096E-03  0.0000E+00
