 1 - depth, m
 2 - temperature, C
 3 - salinity, kg/kg
 4 - turbulent kinetic energy, m**2/s**2
 5 - dissipation rate, m**2/s**3
 6 - kinematic heat conductance, m**2/s
 7 - modulus of horizontal velocity, m/s
 8 - Richardson number, n/d
   -0.000000   29.47968  0.4247E-14  0.4432E-05  0.2564E-06  0.4815E-04  0.1848E-02  0.5796E+04
   -0.049997   29.50692  0.4248E-14  0.7552E-05  0.1138E-06  0.1731E-03  0.1035E-02  0.3273E+03
   -0.099994   29.51705  0.4248E-14  0.9124E-05  0.7874E-07  0.3834E-03  0.7648E-03  0.1505E+02
   -0.149992   29.51996  0.4248E-14  0.1012E-04  0.6620E-07  0.4657E-03  0.6747E-03  0.7324E+01
   -0.199991   29.52227  0.4248E-14  0.1089E-04  0.5884E-07  0.6178E-03  0.6024E-03  0.4730E+01
   -0.249989   29.52396  0.4248E-14  0.1151E-04  0.5402E-07  0.7389E-03  0.5480E-03  0.3485E+01
   -0.299989   29.52534  0.4248E-14  0.1202E-04  0.5059E-07  0.8576E-03  0.5026E-03  0.2784E+01
   -0.349988   29.52651  0.4248E-14  0.1244E-04  0.4802E-07  0.9654E-03  0.4637E-03  0.2388E+01
   -0.399988   29.52752  0.4248E-14  0.1280E-04  0.4601E-07  0.1065E-02  0.4290E-03  0.2153E+01
   -0.449988   29.52841  0.4248E-14  0.1312E-04  0.4438E-07  0.1160E-02  0.3983E-03  0.2032E+01
   -0.499988   29.52922  0.4248E-14  0.1340E-04  0.4302E-07  0.1248E-02  0.3708E-03  0.1993E+01
   -0.549989   29.52996  0.4248E-14  0.1364E-04  0.4189E-07  0.1328E-02  0.3463E-03  0.1965E+01
   -0.599990   29.53064  0.4248E-14  0.1385E-04  0.4094E-07  0.1402E-02  0.3240E-03  0.1975E+01
   -0.649991   29.53128  0.4248E-14  0.1403E-04  0.4015E-07  0.1468E-02  0.3038E-03  0.1988E+01
   -0.699992   29.53188  0.4248E-14  0.1418E-04  0.3948E-07  0.1526E-02  0.2853E-03  0.2037E+01
   -0.749993   29.53245  0.4248E-14  0.1431E-04  0.3893E-07  0.1577E-02  0.2684E-03  0.2087E+01
   -0.799995   29.53300  0.4248E-14  0.1442E-04  0.3848E-07  0.1620E-02  0.2527E-03  0.2178E+01
   -0.849996   29.53353  0.4248E-14  0.1451E-04  0.3813E-07  0.1655E-02  0.2382E-03  0.2271E+01
   -0.899998   29.53404  0.4248E-14  0.1458E-04  0.3786E-07  0.1682E-02  0.2246E-03  0.2414E+01
   -0.950000   29.53453  0.4248E-14  0.1463E-04  0.3768E-07  0.1702E-02  0.2120E-03  0.2565E+01
   -1.000002   29.53502  0.4248E-14  0.1465E-04  0.3759E-07  0.1714E-02  0.2000E-03  0.2781E+01
   -1.050003   29.53551  0.4248E-14  0.1466E-04  0.3758E-07  0.1717E-02  0.1887E-03  0.3140E+01
   -1.100005   29.53598  0.4248E-14  0.1466E-04  0.3766E-07  0.1791E-02  0.1780E-03  0.1062E+02
   -1.150007   29.53644  0.4248E-14  0.1463E-04  0.3786E-07  0.1655E-02  0.1684E-03  0.2306E+02
   -1.200008   29.53693  0.4248E-14  0.1458E-04  0.3816E-07  0.1670E-02  0.1585E-03  0.4497E+01
   -1.250010   29.53742  0.4248E-14  0.1451E-04  0.3860E-07  0.1642E-02  0.1490E-03  0.4819E+01
   -1.300011   29.53791  0.4248E-14  0.1441E-04  0.3922E-07  0.1597E-02  0.1399E-03  0.5591E+01
   -1.350012   29.53841  0.4248E-14  0.1429E-04  0.4004E-07  0.1543E-02  0.1311E-03  0.6682E+01
   -1.400013   29.53893  0.4248E-14  0.1414E-04  0.4114E-07  0.1473E-02  0.1225E-03  0.8145E+01
   -1.450014   29.53948  0.4248E-14  0.1395E-04  0.4260E-07  0.1400E-02  0.1142E-03  0.1030E+02
   -1.500015   29.54005  0.4248E-14  0.1371E-04  0.4460E-07  0.1297E-02  0.1060E-03  0.1365E+02
   -1.550015   29.54068  0.4248E-14  0.1343E-04  0.4739E-07  0.1213E-02  0.9775E-04  0.1902E+02
   -1.600015   29.54135  0.4248E-14  0.1307E-04  0.5149E-07  0.1075E-02  0.8972E-04  0.3085E+02
   -1.650015   29.54214  0.4248E-14  0.1262E-04  0.5770E-07  0.9976E-03  0.8130E-04  0.1452E+03
   -1.700015   29.54301  0.4248E-14  0.1201E-04  0.6889E-07  0.8187E-03  0.7320E-04 -0.9465E+03
   -1.750014   29.54448  0.4248E-14  0.1116E-04  0.8748E-07  0.7388E-03  0.6265E-04  0.1048E+06
   -1.800013   29.54589  0.4248E-14  0.9975E-05  0.1244E-06  0.5239E-03  0.5391E-04  0.6098E+05
   -1.850011   29.55041  0.4248E-14  0.8568E-05  0.1950E-06  0.4733E-03  0.3975E-04  0.2347E+08
   -1.900009   29.55045  0.4248E-14  0.6848E-05  0.4029E-06  0.2137E-03  0.3213E-04  0.7052E+05
   -1.950006   29.56633  0.4248E-14  0.4704E-05  0.1042E-05  0.1666E-03  0.1783E-04 -0.5453E+06
   -2.000003   29.56963  0.4248E-14  0.0000E+00  0.0000E+00  0.0000E+00  0.3015E-04  0.0000E+00
