 1 - depth, m
 2 - temperature, C
 3 - salinity, kg/kg
 4 - turbulent kinetic energy, m**2/s**2
 5 - dissipation rate, m**2/s**3
 6 - kinematic heat conductance, m**2/s
 7 - modulus of horizontal velocity, m/s
 8 - Richardson number, n/d
   -0.000000   29.70122  0.2630E-14  0.4764E-05  0.2727E-06  0.4933E-04  0.2442E-02  0.3817E+04
   -0.049997   29.72958  0.2631E-14  0.7975E-05  0.1202E-06  0.1864E-03  0.1326E-02  0.4171E+02
   -0.099994   29.73896  0.2631E-14  0.9531E-05  0.8435E-07  0.3828E-03  0.1007E-02  0.7627E+01
   -0.149992   29.74204  0.2631E-14  0.1054E-04  0.7080E-07  0.4755E-03  0.8883E-03  0.3853E+01
   -0.199991   29.74441  0.2631E-14  0.1133E-04  0.6289E-07  0.6249E-03  0.7948E-03  0.2500E+01
   -0.249989   29.74616  0.2631E-14  0.1197E-04  0.5772E-07  0.7477E-03  0.7238E-03  0.1853E+01
   -0.299989   29.74759  0.2631E-14  0.1250E-04  0.5404E-07  0.8655E-03  0.6648E-03  0.1487E+01
   -0.349988   29.74880  0.2631E-14  0.1294E-04  0.5128E-07  0.9714E-03  0.6140E-03  0.1308E+01
   -0.399988   29.74986  0.2631E-14  0.1331E-04  0.4911E-07  0.1072E-02  0.5684E-03  0.1230E+01
   -0.449988   29.75079  0.2631E-14  0.1365E-04  0.4732E-07  0.1172E-02  0.5271E-03  0.1215E+01
   -0.499988   29.75163  0.2631E-14  0.1395E-04  0.4582E-07  0.1268E-02  0.4899E-03  0.1215E+01
   -0.549989   29.75240  0.2631E-14  0.1422E-04  0.4456E-07  0.1356E-02  0.4562E-03  0.1213E+01
   -0.599990   29.75310  0.2631E-14  0.1445E-04  0.4351E-07  0.1436E-02  0.4258E-03  0.1210E+01
   -0.649991   29.75376  0.2631E-14  0.1465E-04  0.4264E-07  0.1508E-02  0.3981E-03  0.1208E+01
   -0.699992   29.75437  0.2631E-14  0.1482E-04  0.4192E-07  0.1571E-02  0.3730E-03  0.1206E+01
   -0.749993   29.75496  0.2631E-14  0.1496E-04  0.4134E-07  0.1624E-02  0.3502E-03  0.1208E+01
   -0.799995   29.75551  0.2631E-14  0.1507E-04  0.4088E-07  0.1667E-02  0.3294E-03  0.1218E+01
   -0.849996   29.75605  0.2631E-14  0.1516E-04  0.4052E-07  0.1701E-02  0.3104E-03  0.1246E+01
   -0.899998   29.75658  0.2631E-14  0.1523E-04  0.4026E-07  0.1727E-02  0.2928E-03  0.1295E+01
   -0.950000   29.75709  0.2631E-14  0.1528E-04  0.4009E-07  0.1744E-02  0.2765E-03  0.1373E+01
   -1.000001   29.75759  0.2631E-14  0.1530E-04  0.4002E-07  0.1755E-02  0.2611E-03  0.1477E+01
   -1.050003   29.75809  0.2631E-14  0.1531E-04  0.4003E-07  0.1755E-02  0.2466E-03  0.1680E+01
   -1.100005   29.75858  0.2631E-14  0.1530E-04  0.4015E-07  0.1840E-02  0.2327E-03  0.5595E+01
   -1.150007   29.75905  0.2631E-14  0.1527E-04  0.4040E-07  0.1676E-02  0.2204E-03  0.1249E+02
   -1.200008   29.75957  0.2631E-14  0.1521E-04  0.4075E-07  0.1700E-02  0.2076E-03  0.2427E+01
   -1.250010   29.76007  0.2631E-14  0.1513E-04  0.4127E-07  0.1670E-02  0.1953E-03  0.2587E+01
   -1.300011   29.76058  0.2631E-14  0.1503E-04  0.4197E-07  0.1622E-02  0.1835E-03  0.3031E+01
   -1.350012   29.76111  0.2631E-14  0.1489E-04  0.4290E-07  0.1565E-02  0.1721E-03  0.3614E+01
   -1.400013   29.76165  0.2631E-14  0.1473E-04  0.4415E-07  0.1490E-02  0.1609E-03  0.4455E+01
   -1.450014   29.76223  0.2631E-14  0.1452E-04  0.4581E-07  0.1414E-02  0.1500E-03  0.5638E+01
   -1.500015   29.76283  0.2631E-14  0.1427E-04  0.4809E-07  0.1306E-02  0.1393E-03  0.7585E+01
   -1.550015   29.76349  0.2631E-14  0.1396E-04  0.5126E-07  0.1220E-02  0.1286E-03  0.1065E+02
   -1.600015   29.76421  0.2631E-14  0.1357E-04  0.5600E-07  0.1078E-02  0.1181E-03  0.1873E+02
   -1.650015   29.76506  0.2631E-14  0.1308E-04  0.6320E-07  0.9965E-03  0.1070E-03  0.1244E+03
   -1.700014   29.76602  0.2631E-14  0.1240E-04  0.7607E-07  0.8197E-03  0.9615E-04 -0.3729E+03
   -1.750013   29.76766  0.2631E-14  0.1149E-04  0.9732E-07  0.7349E-03  0.8208E-04  0.1413E+05
   -1.800012   29.76914  0.2631E-14  0.1022E-04  0.1402E-06  0.5235E-03  0.7058E-04  0.8541E+04
   -1.850011   29.77444  0.2631E-14  0.8738E-05  0.2227E-06  0.4662E-03  0.5167E-04  0.3331E+07
   -1.900008   29.77419  0.2631E-14  0.6918E-05  0.4622E-06  0.2137E-03  0.4147E-04 -0.2546E+06
   -1.950006   29.79189  0.2631E-14  0.4797E-05  0.1168E-05  0.1752E-03  0.2274E-04 -0.2034E+06
   -2.000003   29.79440  0.2631E-14  0.0000E+00  0.0000E+00  0.0000E+00  0.3986E-04  0.0000E+00
