 1 - depth, m
 2 - temperature, C
 3 - salinity, kg/kg
 4 - turbulent kinetic energy, m**2/s**2
 5 - dissipation rate, m**2/s**3
 6 - kinematic heat conductance, m**2/s
 7 - modulus of horizontal velocity, m/s
 8 - Richardson number, n/d
   -0.000000   26.20173  0.1202E-13  0.1166E-04  0.6042E-06  0.3117E-04  0.1542E-01 -0.1531E+00
   -0.049997   26.25282  0.1202E-13  0.1283E-04  0.2240E-06  0.2022E-03  0.8762E-02  0.7131E+02
   -0.099994   26.26151  0.1202E-13  0.1380E-04  0.1586E-06  0.3956E-03  0.7419E-02  0.2516E+01
   -0.149992   26.26524  0.1202E-13  0.1475E-04  0.1302E-06  0.4979E-03  0.6780E-02  0.3113E+01
   -0.199991   26.26809  0.1202E-13  0.1584E-04  0.1112E-06  0.6452E-03  0.6132E-02  0.3674E+01
   -0.249989   26.27022  0.1202E-13  0.1694E-04  0.9809E-07  0.7142E-03  0.5538E-02  0.4076E+01
   -0.299988   26.27211  0.1202E-13  0.1797E-04  0.8826E-07  0.7865E-03  0.4972E-02  0.4576E+01
   -0.349988   26.27378  0.1202E-13  0.1889E-04  0.8048E-07  0.8693E-03  0.4427E-02  0.5156E+01
   -0.399987   26.27525  0.1202E-13  0.1966E-04  0.7401E-07  0.9817E-03  0.3891E-02  0.4566E+01
   -0.449988   26.27654  0.1202E-13  0.2028E-04  0.6855E-07  0.1105E-02  0.3403E-02  0.3815E+01
   -0.499988   26.27765  0.1202E-13  0.2075E-04  0.6399E-07  0.1229E-02  0.2972E-02  0.3280E+01
   -0.549988   26.27864  0.1202E-13  0.2108E-04  0.6020E-07  0.1345E-02  0.2594E-02  0.2876E+01
   -0.599989   26.27953  0.1202E-13  0.2128E-04  0.5708E-07  0.1444E-02  0.2262E-02  0.2572E+01
   -0.649990   26.28034  0.1202E-13  0.2135E-04  0.5456E-07  0.1523E-02  0.1972E-02  0.2333E+01
   -0.699991   26.28110  0.1202E-13  0.2131E-04  0.5256E-07  0.1580E-02  0.1719E-02  0.2140E+01
   -0.749993   26.28183  0.1202E-13  0.2118E-04  0.5105E-07  0.1622E-02  0.1501E-02  0.1978E+01
   -0.799994   26.28253  0.1202E-13  0.2095E-04  0.4997E-07  0.1655E-02  0.1312E-02  0.1839E+01
   -0.849996   26.28320  0.1202E-13  0.2066E-04  0.4928E-07  0.1687E-02  0.1150E-02  0.1716E+01
   -0.899997   26.28386  0.1202E-13  0.2031E-04  0.4896E-07  0.1725E-02  0.1010E-02  0.1606E+01
   -0.949999   26.28450  0.1202E-13  0.1991E-04  0.4897E-07  0.1772E-02  0.8898E-03  0.1508E+01
   -1.000001   26.28511  0.1202E-13  0.1948E-04  0.4930E-07  0.1835E-02  0.7866E-03  0.1422E+01
   -1.050002   26.28570  0.1202E-13  0.1904E-04  0.4991E-07  0.1832E-02  0.6981E-03  0.1301E+01
   -1.100004   26.28629  0.1202E-13  0.1878E-04  0.5041E-07  0.2323E-02  0.6200E-03  0.1083E+01
   -1.150006   26.28675  0.1202E-13  0.1856E-04  0.5101E-07  0.1814E-02  0.5938E-03  0.2657E+01
   -1.200007   26.28734  0.1202E-13  0.1824E-04  0.5201E-07  0.1975E-02  0.5650E-03  0.1135E+01
   -1.250009   26.28788  0.1202E-13  0.1778E-04  0.5372E-07  0.1696E-02  0.5166E-03  0.1025E+01
   -1.300010   26.28850  0.1202E-13  0.1734E-04  0.5563E-07  0.1579E-02  0.4764E-03  0.9602E+00
   -1.350011   26.28918  0.1202E-13  0.1690E-04  0.5790E-07  0.1476E-02  0.4423E-03  0.9887E+00
   -1.400012   26.28990  0.1202E-13  0.1642E-04  0.6109E-07  0.1428E-02  0.4122E-03  0.1246E+01
   -1.450013   26.29067  0.1202E-13  0.1587E-04  0.6589E-07  0.1207E-02  0.3835E-03  0.1714E+01
   -1.500014   26.29161  0.1202E-13  0.1523E-04  0.7263E-07  0.1215E-02  0.3541E-03  0.2511E+01
   -1.550014   26.29259  0.1202E-13  0.1447E-04  0.8310E-07  0.1005E-02  0.3268E-03  0.4746E+01
   -1.600014   26.29403  0.1202E-13  0.1345E-04  0.9783E-07  0.1048E-02  0.2955E-03  0.2586E+02
   -1.650014   26.29533  0.1202E-13  0.1198E-04  0.1304E-06  0.7805E-03  0.2666E-03 -0.8566E+02
   -1.700013   26.29856  0.1202E-13  0.8740E-05  0.4803E-06  0.4092E-03  0.2171E-03  0.2525E+03
   -1.750012   26.30569  0.1202E-13  0.7464E-05  0.6259E-06  0.5806E-03  0.1337E-03  0.1121E+05
   -1.800011   26.30163  0.1202E-13  0.6279E-05  0.9607E-06  0.3523E-03  0.1471E-03 -0.4854E+03
   -1.850009   26.33007  0.1202E-13  0.5327E-05  0.1639E-05  0.4889E-03  0.6087E-04  0.4149E+06
   -1.900007   26.30172  0.1202E-13  0.4790E-05  0.3285E-05  0.2900E-03  0.7292E-04 -0.6273E+05
   -1.950004   26.34447  0.1202E-13  0.3537E-05  0.6382E-05  0.4787E-03  0.2995E-04  0.5394E+02
   -2.000001   26.33688  0.1202E-13  0.0000E+00  0.0000E+00  0.0000E+00  0.1212E-03  0.0000E+00
