 1 - depth, m
 2 - temperature, C
 3 - salinity, kg/kg
 4 - turbulent kinetic energy, m**2/s**2
 5 - dissipation rate, m**2/s**3
 6 - kinematic heat conductance, m**2/s
 7 - modulus of horizontal velocity, m/s
 8 - Richardson number, n/d
   -0.000000   31.63429  0.1765E-14  0.5452E-05  0.3572E-06  0.5152E-04  0.4392E-03  0.4369E+05
   -0.049997   31.67144  0.1765E-14  0.9593E-05  0.1591E-06  0.2005E-03  0.2462E-03  0.3731E+05
   -0.099994   31.68320  0.1765E-14  0.1154E-04  0.1109E-06  0.4337E-03  0.1829E-03  0.2553E+03
   -0.149992   31.68682  0.1765E-14  0.1278E-04  0.9351E-07  0.5143E-03  0.1624E-03  0.1281E+03
   -0.199990   31.68972  0.1765E-14  0.1374E-04  0.8323E-07  0.6878E-03  0.1456E-03  0.8376E+02
   -0.249989   31.69182  0.1765E-14  0.1450E-04  0.7644E-07  0.8194E-03  0.1330E-03  0.6245E+02
   -0.299988   31.69353  0.1765E-14  0.1512E-04  0.7157E-07  0.9509E-03  0.1225E-03  0.4990E+02
   -0.349988   31.69497  0.1765E-14  0.1562E-04  0.6789E-07  0.1070E-02  0.1135E-03  0.4269E+02
   -0.399987   31.69621  0.1765E-14  0.1605E-04  0.6502E-07  0.1178E-02  0.1055E-03  0.3804E+02
   -0.449987   31.69731  0.1765E-14  0.1641E-04  0.6267E-07  0.1278E-02  0.9841E-04  0.3566E+02
   -0.499988   31.69831  0.1765E-14  0.1672E-04  0.6072E-07  0.1369E-02  0.9215E-04  0.3464E+02
   -0.549988   31.69922  0.1765E-14  0.1698E-04  0.5907E-07  0.1453E-02  0.8653E-04  0.3410E+02
   -0.599989   31.70006  0.1765E-14  0.1721E-04  0.5768E-07  0.1528E-02  0.8143E-04  0.3404E+02
   -0.649990   31.70084  0.1765E-14  0.1740E-04  0.5649E-07  0.1595E-02  0.7677E-04  0.3437E+02
   -0.699991   31.70158  0.1765E-14  0.1755E-04  0.5548E-07  0.1654E-02  0.7247E-04  0.3506E+02
   -0.749992   31.70229  0.1765E-14  0.1768E-04  0.5462E-07  0.1705E-02  0.6850E-04  0.3611E+02
   -0.799994   31.70296  0.1765E-14  0.1777E-04  0.5391E-07  0.1747E-02  0.6479E-04  0.3753E+02
   -0.849995   31.70360  0.1765E-14  0.1784E-04  0.5332E-07  0.1781E-02  0.6132E-04  0.3936E+02
   -0.899997   31.70423  0.1765E-14  0.1789E-04  0.5286E-07  0.1806E-02  0.5805E-04  0.4164E+02
   -0.949999   31.70483  0.1765E-14  0.1790E-04  0.5252E-07  0.1822E-02  0.5497E-04  0.4448E+02
   -1.000000   31.70543  0.1765E-14  0.1790E-04  0.5231E-07  0.1830E-02  0.5204E-04  0.4795E+02
   -1.050002   31.70601  0.1765E-14  0.1786E-04  0.5223E-07  0.1825E-02  0.4926E-04  0.5413E+02
   -1.100004   31.70660  0.1765E-14  0.1780E-04  0.5229E-07  0.1941E-02  0.4659E-04  0.1743E+03
   -1.150005   31.70713  0.1765E-14  0.1772E-04  0.5253E-07  0.1696E-02  0.4425E-04  0.4301E+03
   -1.200007   31.70775  0.1765E-14  0.1760E-04  0.5293E-07  0.1745E-02  0.4172E-04  0.7934E+02
   -1.250008   31.70834  0.1765E-14  0.1745E-04  0.5356E-07  0.1712E-02  0.3933E-04  0.8425E+02
   -1.300010   31.70894  0.1765E-14  0.1727E-04  0.5447E-07  0.1653E-02  0.3703E-04  0.9914E+02
   -1.350011   31.70955  0.1765E-14  0.1705E-04  0.5575E-07  0.1586E-02  0.3479E-04  0.1200E+03
   -1.400012   31.71019  0.1765E-14  0.1678E-04  0.5753E-07  0.1497E-02  0.3260E-04  0.1506E+03
   -1.450013   31.71086  0.1765E-14  0.1646E-04  0.6000E-07  0.1413E-02  0.3043E-04  0.1965E+03
   -1.500013   31.71158  0.1765E-14  0.1607E-04  0.6354E-07  0.1291E-02  0.2829E-04  0.2775E+03
   -1.550013   31.71237  0.1765E-14  0.1560E-04  0.6872E-07  0.1209E-02  0.2612E-04  0.4327E+03
   -1.600013   31.71324  0.1765E-14  0.1500E-04  0.7707E-07  0.1057E-02  0.2397E-04  0.1007E+04
   -1.650013   31.71439  0.1765E-14  0.1422E-04  0.9034E-07  0.9771E-03  0.2157E-04 -0.6378E+03
   -1.700013   31.71572  0.1765E-14  0.1315E-04  0.1143E-06  0.7872E-03  0.1914E-04  0.8297E+05
   -1.750012   31.71814  0.1765E-14  0.1186E-04  0.1520E-06  0.7115E-03  0.1589E-04  0.4159E+07
   -1.800010   31.71972  0.1765E-14  0.1023E-04  0.2358E-06  0.4859E-03  0.1364E-04  0.4665E+06
   -1.850009   31.72879  0.1765E-14  0.8603E-05  0.3924E-06  0.4629E-03  0.9274E-05  0.9850E+09
   -1.900006   31.72502  0.1765E-14  0.6825E-05  0.8244E-06  0.2151E-03  0.7713E-05 -0.8115E+07
   -1.950004   31.74905  0.1765E-14  0.4904E-05  0.1967E-05  0.2253E-03  0.4005E-05 -0.6320E+07
   -2.000001   31.74831  0.1765E-14  0.0000E+00  0.0000E+00  0.0000E+00  0.8278E-05  0.0000E+00
