 1 - depth, m
 2 - temperature, C
 3 - salinity, kg/kg
 4 - turbulent kinetic energy, m**2/s**2
 5 - dissipation rate, m**2/s**3
 6 - kinematic heat conductance, m**2/s
 7 - modulus of horizontal velocity, m/s
 8 - Richardson number, n/d
   -0.000000   30.59742  0.4358E-13  0.4734E-05  0.2959E-06  0.5042E-04  0.7410E-03  0.1312E+05
   -0.049997   30.62758  0.4358E-13  0.8277E-05  0.1311E-06  0.1766E-03  0.4238E-03  0.3876E+02
   -0.099994   30.63946  0.4358E-13  0.1005E-04  0.9012E-07  0.4125E-03  0.3063E-03  0.8405E+02
   -0.149992   30.64256  0.4358E-13  0.1115E-04  0.7600E-07  0.4856E-03  0.2714E-03  0.4098E+02
   -0.199991   30.64509  0.4358E-13  0.1200E-04  0.6765E-07  0.6504E-03  0.2425E-03  0.2658E+02
   -0.249989   30.64693  0.4358E-13  0.1268E-04  0.6215E-07  0.7761E-03  0.2209E-03  0.1972E+02
   -0.299988   30.64842  0.4358E-13  0.1324E-04  0.5821E-07  0.9014E-03  0.2029E-03  0.1573E+02
   -0.349988   30.64968  0.4358E-13  0.1369E-04  0.5526E-07  0.1015E-02  0.1875E-03  0.1347E+02
   -0.399988   30.65076  0.4358E-13  0.1408E-04  0.5295E-07  0.1119E-02  0.1738E-03  0.1201E+02
   -0.449988   30.65173  0.4358E-13  0.1441E-04  0.5107E-07  0.1215E-02  0.1618E-03  0.1127E+02
   -0.499988   30.65260  0.4358E-13  0.1470E-04  0.4951E-07  0.1304E-02  0.1511E-03  0.1095E+02
   -0.549989   30.65339  0.4358E-13  0.1495E-04  0.4821E-07  0.1385E-02  0.1416E-03  0.1080E+02
   -0.599989   30.65413  0.4358E-13  0.1517E-04  0.4711E-07  0.1459E-02  0.1330E-03  0.1078E+02
   -0.649991   30.65482  0.4358E-13  0.1535E-04  0.4618E-07  0.1525E-02  0.1251E-03  0.1091E+02
   -0.699992   30.65546  0.4358E-13  0.1551E-04  0.4539E-07  0.1584E-02  0.1179E-03  0.1113E+02
   -0.749993   30.65608  0.4358E-13  0.1564E-04  0.4473E-07  0.1635E-02  0.1112E-03  0.1149E+02
   -0.799995   30.65667  0.4358E-13  0.1575E-04  0.4418E-07  0.1679E-02  0.1049E-03  0.1194E+02
   -0.849996   30.65723  0.4358E-13  0.1583E-04  0.4374E-07  0.1715E-02  0.9912E-04  0.1254E+02
   -0.899998   30.65778  0.4358E-13  0.1590E-04  0.4339E-07  0.1742E-02  0.9367E-04  0.1326E+02
   -0.949999   30.65831  0.4358E-13  0.1594E-04  0.4314E-07  0.1762E-02  0.8852E-04  0.1416E+02
   -1.000001   30.65883  0.4358E-13  0.1596E-04  0.4299E-07  0.1774E-02  0.8365E-04  0.1525E+02
   -1.050003   30.65935  0.4358E-13  0.1596E-04  0.4294E-07  0.1777E-02  0.7903E-04  0.1723E+02
   -1.100005   30.65985  0.4358E-13  0.1594E-04  0.4300E-07  0.1859E-02  0.7463E-04  0.5748E+02
   -1.150006   30.66034  0.4358E-13  0.1589E-04  0.4319E-07  0.1701E-02  0.7069E-04  0.1267E+03
   -1.200008   30.66086  0.4358E-13  0.1583E-04  0.4351E-07  0.1724E-02  0.6662E-04  0.2456E+02
   -1.250009   30.66137  0.4358E-13  0.1574E-04  0.4398E-07  0.1694E-02  0.6273E-04  0.2612E+02
   -1.300011   30.66189  0.4358E-13  0.1562E-04  0.4466E-07  0.1647E-02  0.5898E-04  0.3039E+02
   -1.350012   30.66243  0.4358E-13  0.1547E-04  0.4558E-07  0.1589E-02  0.5534E-04  0.3616E+02
   -1.400013   30.66298  0.4358E-13  0.1529E-04  0.4683E-07  0.1516E-02  0.5180E-04  0.4428E+02
   -1.450014   30.66355  0.4358E-13  0.1507E-04  0.4852E-07  0.1439E-02  0.4832E-04  0.5595E+02
   -1.500014   30.66416  0.4358E-13  0.1480E-04  0.5086E-07  0.1331E-02  0.4491E-04  0.7488E+02
   -1.550015   30.66482  0.4358E-13  0.1447E-04  0.5416E-07  0.1245E-02  0.4150E-04  0.1058E+03
   -1.600015   30.66553  0.4358E-13  0.1406E-04  0.5912E-07  0.1103E-02  0.3814E-04  0.1821E+03
   -1.650014   30.66638  0.4358E-13  0.1353E-04  0.6676E-07  0.1020E-02  0.3459E-04 -0.1068E+03
   -1.700014   30.66734  0.4358E-13  0.1282E-04  0.8026E-07  0.8393E-03  0.3108E-04  0.1620E+06
   -1.750013   30.66894  0.4358E-13  0.1187E-04  0.1024E-06  0.7580E-03  0.2661E-04  0.1854E+06
   -1.800012   30.67039  0.4358E-13  0.1058E-04  0.1487E-06  0.5381E-03  0.2293E-04  0.7600E+06
   -1.850010   30.67560  0.4358E-13  0.9088E-05  0.2359E-06  0.4876E-03  0.1686E-04  0.3515E+08
   -1.900008   30.67519  0.4358E-13  0.7231E-05  0.4842E-06  0.2268E-03  0.1368E-04  0.9068E+06
   -1.950005   30.69223  0.4358E-13  0.5009E-05  0.1236E-05  0.1775E-03  0.7570E-05 -0.1581E+07
   -2.000002   30.69562  0.4358E-13  0.0000E+00  0.0000E+00  0.0000E+00  0.1317E-04  0.0000E+00
