 1 - depth, m
 2 - temperature, C
 3 - salinity, kg/kg
 4 - turbulent kinetic energy, m**2/s**2
 5 - dissipation rate, m**2/s**3
 6 - kinematic heat conductance, m**2/s
 7 - modulus of horizontal velocity, m/s
 8 - Richardson number, n/d
   -0.000000   30.26365  0.4731E-13  0.4506E-05  0.2693E-06  0.4852E-04  0.1315E-02  0.8453E+04
   -0.049997   30.29184  0.4731E-13  0.7789E-05  0.1201E-06  0.1752E-03  0.7420E-03  0.7664E+03
   -0.099994   30.30246  0.4731E-13  0.9451E-05  0.8301E-07  0.3920E-03  0.5438E-03  0.2603E+02
   -0.149992   30.30542  0.4731E-13  0.1050E-04  0.6980E-07  0.4741E-03  0.4797E-03  0.1273E+02
   -0.199991   30.30777  0.4731E-13  0.1132E-04  0.6208E-07  0.6322E-03  0.4281E-03  0.8196E+01
   -0.249989   30.30948  0.4731E-13  0.1197E-04  0.5703E-07  0.7561E-03  0.3894E-03  0.6060E+01
   -0.299988   30.31088  0.4731E-13  0.1251E-04  0.5345E-07  0.8791E-03  0.3573E-03  0.4832E+01
   -0.349988   30.31205  0.4731E-13  0.1295E-04  0.5077E-07  0.9907E-03  0.3297E-03  0.4142E+01
   -0.399988   30.31308  0.4731E-13  0.1333E-04  0.4870E-07  0.1093E-02  0.3054E-03  0.3695E+01
   -0.449988   30.31398  0.4731E-13  0.1366E-04  0.4702E-07  0.1188E-02  0.2839E-03  0.3474E+01
   -0.499988   30.31480  0.4731E-13  0.1395E-04  0.4565E-07  0.1276E-02  0.2650E-03  0.3380E+01
   -0.549989   30.31555  0.4731E-13  0.1420E-04  0.4451E-07  0.1356E-02  0.2481E-03  0.3341E+01
   -0.599990   30.31625  0.4731E-13  0.1442E-04  0.4356E-07  0.1429E-02  0.2327E-03  0.3345E+01
   -0.649991   30.31690  0.4731E-13  0.1461E-04  0.4276E-07  0.1494E-02  0.2188E-03  0.3395E+01
   -0.699992   30.31751  0.4731E-13  0.1478E-04  0.4211E-07  0.1553E-02  0.2060E-03  0.3477E+01
   -0.749993   30.31809  0.4731E-13  0.1492E-04  0.4157E-07  0.1604E-02  0.1941E-03  0.3602E+01
   -0.799995   30.31865  0.4731E-13  0.1504E-04  0.4114E-07  0.1647E-02  0.1831E-03  0.3759E+01
   -0.849996   30.31919  0.4731E-13  0.1514E-04  0.4081E-07  0.1683E-02  0.1728E-03  0.3965E+01
   -0.899998   30.31972  0.4731E-13  0.1522E-04  0.4057E-07  0.1711E-02  0.1632E-03  0.4211E+01
   -0.949999   30.32023  0.4731E-13  0.1528E-04  0.4043E-07  0.1731E-02  0.1541E-03  0.4523E+01
   -1.000001   30.32074  0.4731E-13  0.1532E-04  0.4038E-07  0.1743E-02  0.1455E-03  0.4891E+01
   -1.050003   30.32124  0.4731E-13  0.1534E-04  0.4042E-07  0.1746E-02  0.1374E-03  0.5569E+01
   -1.100005   30.32173  0.4731E-13  0.1534E-04  0.4057E-07  0.1822E-02  0.1296E-03  0.1871E+02
   -1.150006   30.32221  0.4731E-13  0.1532E-04  0.4085E-07  0.1680E-02  0.1227E-03  0.4090E+02
   -1.200008   30.32272  0.4731E-13  0.1528E-04  0.4124E-07  0.1696E-02  0.1156E-03  0.8030E+01
   -1.250009   30.32323  0.4731E-13  0.1522E-04  0.4179E-07  0.1667E-02  0.1087E-03  0.8605E+01
   -1.300011   30.32375  0.4731E-13  0.1513E-04  0.4253E-07  0.1621E-02  0.1021E-03  0.1007E+02
   -1.350012   30.32428  0.4731E-13  0.1501E-04  0.4350E-07  0.1565E-02  0.9575E-04  0.1203E+02
   -1.400013   30.32483  0.4731E-13  0.1485E-04  0.4479E-07  0.1492E-02  0.8954E-04  0.1481E+02
   -1.450014   30.32541  0.4731E-13  0.1466E-04  0.4649E-07  0.1417E-02  0.8347E-04  0.1875E+02
   -1.500014   30.32603  0.4731E-13  0.1442E-04  0.4880E-07  0.1311E-02  0.7750E-04  0.2516E+02
   -1.550015   30.32670  0.4731E-13  0.1413E-04  0.5200E-07  0.1226E-02  0.7155E-04  0.3522E+02
   -1.600015   30.32743  0.4731E-13  0.1376E-04  0.5674E-07  0.1086E-02  0.6570E-04  0.6022E+02
   -1.650015   30.32830  0.4731E-13  0.1328E-04  0.6391E-07  0.1003E-02  0.5954E-04  0.7238E+03
   -1.700014   30.32927  0.4731E-13  0.1262E-04  0.7656E-07  0.8262E-03  0.5354E-04 -0.6116E+02
   -1.750013   30.33090  0.4731E-13  0.1173E-04  0.9748E-07  0.7453E-03  0.4590E-04  0.8797E+04
   -1.800012   30.33246  0.4731E-13  0.1049E-04  0.1397E-06  0.5331E-03  0.3946E-04  0.8058E+05
   -1.850010   30.33757  0.4731E-13  0.9015E-05  0.2203E-06  0.4785E-03  0.2916E-04  0.9799E+07
   -1.900008   30.33758  0.4731E-13  0.7163E-05  0.4558E-06  0.2137E-03  0.2348E-04  0.2770E+07
   -1.950005   30.35555  0.4731E-13  0.4965E-05  0.1172E-05  0.1724E-03  0.1294E-04  0.1406E+06
   -2.000002   30.35932  0.4731E-13  0.0000E+00  0.0000E+00  0.0000E+00  0.2210E-04  0.0000E+00
