 1 - depth, m
 2 - temperature, C
 3 - salinity, kg/kg
 4 - turbulent kinetic energy, m**2/s**2
 5 - dissipation rate, m**2/s**3
 6 - kinematic heat conductance, m**2/s
 7 - modulus of horizontal velocity, m/s
 8 - Richardson number, n/d
   -0.000000   26.12484  0.9397E-14  0.1245E-04  0.6800E-06  0.3107E-04  0.1659E-01 -0.1357E+00
   -0.049997   26.17703  0.9398E-14  0.1340E-04  0.2437E-06  0.1877E-03  0.9415E-02  0.5734E+02
   -0.099994   26.18644  0.9398E-14  0.1428E-04  0.1686E-06  0.4029E-03  0.7899E-02  0.2988E+01
   -0.149992   26.19012  0.9398E-14  0.1519E-04  0.1378E-06  0.5016E-03  0.7223E-02  0.3365E+01
   -0.199990   26.19297  0.9398E-14  0.1627E-04  0.1172E-06  0.6437E-03  0.6530E-02  0.3995E+01
   -0.249989   26.19513  0.9398E-14  0.1735E-04  0.1030E-06  0.7103E-03  0.5898E-02  0.4431E+01
   -0.299988   26.19703  0.9398E-14  0.1837E-04  0.9248E-07  0.7830E-03  0.5297E-02  0.5011E+01
   -0.349988   26.19872  0.9398E-14  0.1928E-04  0.8412E-07  0.8654E-03  0.4719E-02  0.5703E+01
   -0.399987   26.20021  0.9398E-14  0.2004E-04  0.7715E-07  0.9771E-03  0.4150E-02  0.4987E+01
   -0.449987   26.20151  0.9398E-14  0.2064E-04  0.7126E-07  0.1100E-02  0.3633E-02  0.4099E+01
   -0.499988   26.20264  0.9398E-14  0.2109E-04  0.6630E-07  0.1225E-02  0.3175E-02  0.3482E+01
   -0.549988   26.20363  0.9398E-14  0.2140E-04  0.6216E-07  0.1343E-02  0.2771E-02  0.3025E+01
   -0.599989   26.20453  0.9398E-14  0.2158E-04  0.5873E-07  0.1445E-02  0.2416E-02  0.2685E+01
   -0.649990   26.20534  0.9398E-14  0.2164E-04  0.5592E-07  0.1525E-02  0.2105E-02  0.2422E+01
   -0.699991   26.20611  0.9398E-14  0.2158E-04  0.5369E-07  0.1582E-02  0.1834E-02  0.2212E+01
   -0.749992   26.20683  0.9398E-14  0.2143E-04  0.5196E-07  0.1620E-02  0.1598E-02  0.2039E+01
   -0.799994   26.20753  0.9398E-14  0.2118E-04  0.5070E-07  0.1647E-02  0.1395E-02  0.1890E+01
   -0.849995   26.20822  0.9398E-14  0.2087E-04  0.4985E-07  0.1671E-02  0.1219E-02  0.1759E+01
   -0.899997   26.20888  0.9398E-14  0.2049E-04  0.4940E-07  0.1700E-02  0.1068E-02  0.1642E+01
   -0.949999   26.20953  0.9398E-14  0.2007E-04  0.4931E-07  0.1737E-02  0.9380E-03  0.1538E+01
   -1.000000   26.21016  0.9398E-14  0.1962E-04  0.4955E-07  0.1792E-02  0.8265E-03  0.1446E+01
   -1.050002   26.21076  0.9398E-14  0.1915E-04  0.5010E-07  0.1788E-02  0.7308E-03  0.1320E+01
   -1.100004   26.21137  0.9398E-14  0.1887E-04  0.5057E-07  0.2334E-02  0.6462E-03  0.1103E+01
   -1.150005   26.21182  0.9398E-14  0.1865E-04  0.5113E-07  0.1842E-02  0.6182E-03  0.2448E+01
   -1.200007   26.21240  0.9398E-14  0.1832E-04  0.5211E-07  0.1990E-02  0.5889E-03  0.1148E+01
   -1.250008   26.21294  0.9398E-14  0.1784E-04  0.5383E-07  0.1699E-02  0.5366E-03  0.1036E+01
   -1.300010   26.21356  0.9398E-14  0.1738E-04  0.5572E-07  0.1577E-02  0.4934E-03  0.9571E+00
   -1.350011   26.21424  0.9398E-14  0.1693E-04  0.5796E-07  0.1477E-02  0.4571E-03  0.9626E+00
   -1.400012   26.21496  0.9398E-14  0.1643E-04  0.6110E-07  0.1426E-02  0.4256E-03  0.1202E+01
   -1.450012   26.21573  0.9398E-14  0.1588E-04  0.6585E-07  0.1207E-02  0.3954E-03  0.1629E+01
   -1.500013   26.21667  0.9398E-14  0.1524E-04  0.7258E-07  0.1215E-02  0.3650E-03  0.2379E+01
   -1.550013   26.21765  0.9398E-14  0.1447E-04  0.8315E-07  0.1006E-02  0.3367E-03  0.4489E+01
   -1.600013   26.21909  0.9398E-14  0.1344E-04  0.9802E-07  0.1049E-02  0.3045E-03  0.2576E+02
   -1.650013   26.22039  0.9398E-14  0.1196E-04  0.1310E-06  0.7822E-03  0.2746E-03 -0.7797E+02
   -1.700012   26.22363  0.9398E-14  0.8732E-05  0.4801E-06  0.4081E-03  0.2235E-03  0.2551E+03
   -1.750012   26.23078  0.9398E-14  0.7461E-05  0.6262E-06  0.5791E-03  0.1377E-03  0.1607E+05
   -1.800010   26.22670  0.9398E-14  0.6273E-05  0.9615E-06  0.3520E-03  0.1516E-03 -0.4549E+03
   -1.850008   26.25507  0.9398E-14  0.5325E-05  0.1640E-05  0.4889E-03  0.6273E-04  0.4000E+06
   -1.900006   26.22680  0.9398E-14  0.4787E-05  0.3290E-05  0.2908E-03  0.7517E-04 -0.5870E+05
   -1.950004   26.26940  0.9398E-14  0.3532E-05  0.6390E-05  0.4789E-03  0.3088E-04  0.5063E+02
   -2.000001   26.26183  0.9398E-14  0.0000E+00  0.0000E+00  0.0000E+00  0.1250E-03  0.0000E+00
