 1 - depth, m
 2 - temperature, C
 3 - salinity, kg/kg
 4 - turbulent kinetic energy, m**2/s**2
 5 - dissipation rate, m**2/s**3
 6 - kinematic heat conductance, m**2/s
 7 - modulus of horizontal velocity, m/s
 8 - Richardson number, n/d
   -0.000000   29.47511  0.2532E-14  0.4282E-05  0.2500E-06  0.4774E-04  0.1324E-02  0.4386E+04
   -0.049997   29.50170  0.2532E-14  0.7432E-05  0.1112E-06  0.1708E-03  0.7499E-03  0.2851E+03
   -0.099994   29.51194  0.2532E-14  0.9032E-05  0.7672E-07  0.3893E-03  0.5454E-03  0.2486E+02
   -0.149992   29.51474  0.2532E-14  0.1003E-04  0.6465E-07  0.4683E-03  0.4814E-03  0.1209E+02
   -0.199991   29.51698  0.2532E-14  0.1082E-04  0.5758E-07  0.6239E-03  0.4295E-03  0.7829E+01
   -0.249989   29.51862  0.2532E-14  0.1144E-04  0.5296E-07  0.7459E-03  0.3905E-03  0.5794E+01
   -0.299989   29.51996  0.2532E-14  0.1196E-04  0.4968E-07  0.8667E-03  0.3581E-03  0.4635E+01
   -0.349988   29.52109  0.2532E-14  0.1239E-04  0.4724E-07  0.9764E-03  0.3303E-03  0.3975E+01
   -0.399988   29.52207  0.2532E-14  0.1276E-04  0.4535E-07  0.1077E-02  0.3058E-03  0.3557E+01
   -0.449988   29.52295  0.2532E-14  0.1308E-04  0.4382E-07  0.1171E-02  0.2842E-03  0.3344E+01
   -0.499988   29.52374  0.2532E-14  0.1336E-04  0.4257E-07  0.1257E-02  0.2651E-03  0.3266E+01
   -0.549989   29.52447  0.2532E-14  0.1361E-04  0.4154E-07  0.1336E-02  0.2480E-03  0.3228E+01
   -0.599990   29.52514  0.2532E-14  0.1383E-04  0.4068E-07  0.1408E-02  0.2326E-03  0.3244E+01
   -0.649991   29.52577  0.2532E-14  0.1401E-04  0.3996E-07  0.1472E-02  0.2185E-03  0.3291E+01
   -0.699992   29.52637  0.2532E-14  0.1418E-04  0.3937E-07  0.1529E-02  0.2056E-03  0.3383E+01
   -0.749993   29.52694  0.2532E-14  0.1432E-04  0.3889E-07  0.1580E-02  0.1937E-03  0.3501E+01
   -0.799995   29.52748  0.2532E-14  0.1444E-04  0.3851E-07  0.1622E-02  0.1826E-03  0.3667E+01
   -0.849996   29.52801  0.2532E-14  0.1454E-04  0.3822E-07  0.1658E-02  0.1723E-03  0.3864E+01
   -0.899998   29.52852  0.2532E-14  0.1462E-04  0.3801E-07  0.1686E-02  0.1626E-03  0.4119E+01
   -0.950000   29.52902  0.2532E-14  0.1468E-04  0.3789E-07  0.1706E-02  0.1535E-03  0.4417E+01
   -1.000002   29.52952  0.2532E-14  0.1473E-04  0.3786E-07  0.1718E-02  0.1448E-03  0.4793E+01
   -1.050003   29.53001  0.2532E-14  0.1475E-04  0.3791E-07  0.1721E-02  0.1367E-03  0.5451E+01
   -1.100005   29.53049  0.2532E-14  0.1476E-04  0.3806E-07  0.1794E-02  0.1289E-03  0.1842E+02
   -1.150007   29.53096  0.2532E-14  0.1474E-04  0.3833E-07  0.1661E-02  0.1219E-03  0.3996E+02
   -1.200008   29.53146  0.2532E-14  0.1471E-04  0.3870E-07  0.1674E-02  0.1148E-03  0.7862E+01
   -1.250010   29.53195  0.2532E-14  0.1465E-04  0.3922E-07  0.1646E-02  0.1079E-03  0.8445E+01
   -1.300011   29.53246  0.2532E-14  0.1456E-04  0.3991E-07  0.1601E-02  0.1013E-03  0.9862E+01
   -1.350012   29.53298  0.2532E-14  0.1445E-04  0.4081E-07  0.1547E-02  0.9494E-04  0.1179E+02
   -1.400013   29.53352  0.2532E-14  0.1431E-04  0.4200E-07  0.1477E-02  0.8874E-04  0.1445E+02
   -1.450014   29.53408  0.2532E-14  0.1413E-04  0.4357E-07  0.1402E-02  0.8267E-04  0.1829E+02
   -1.500015   29.53468  0.2532E-14  0.1391E-04  0.4568E-07  0.1300E-02  0.7672E-04  0.2434E+02
   -1.550015   29.53534  0.2532E-14  0.1363E-04  0.4860E-07  0.1213E-02  0.7079E-04  0.3393E+02
   -1.600015   29.53604  0.2532E-14  0.1329E-04  0.5286E-07  0.1078E-02  0.6497E-04  0.5564E+02
   -1.650015   29.53687  0.2532E-14  0.1284E-04  0.5929E-07  0.9927E-03  0.5890E-04  0.2328E+03
   -1.700015   29.53780  0.2532E-14  0.1223E-04  0.7062E-07  0.8208E-03  0.5297E-04 -0.3091E+04
   -1.750014   29.53932  0.2532E-14  0.1139E-04  0.8953E-07  0.7348E-03  0.4555E-04  0.7550E+05
   -1.800012   29.54086  0.2532E-14  0.1020E-04  0.1290E-06  0.5211E-03  0.3910E-04  0.5051E+06
   -1.850011   29.54561  0.2532E-14  0.8777E-05  0.2012E-06  0.4704E-03  0.2904E-04  0.2553E+07
   -1.900009   29.54576  0.2532E-14  0.6981E-05  0.4119E-06  0.2096E-03  0.2336E-04 -0.1536E+07
   -1.950006   29.56276  0.2532E-14  0.4803E-05  0.1061E-05  0.1674E-03  0.1291E-04 -0.7430E+06
   -2.000003   29.56625  0.2532E-14  0.0000E+00  0.0000E+00  0.0000E+00  0.2169E-04  0.0000E+00
