 1 - depth, m
 2 - temperature, C
 3 - salinity, kg/kg
 4 - turbulent kinetic energy, m**2/s**2
 5 - dissipation rate, m**2/s**3
 6 - kinematic heat conductance, m**2/s
 7 - modulus of horizontal velocity, m/s
 8 - Richardson number, n/d
   -0.000000   29.76068  0.2290E-13  0.4729E-05  0.2657E-06  0.4872E-04  0.2556E-02  0.2294E+04
   -0.049997   29.78885  0.2290E-13  0.7865E-05  0.1170E-06  0.1857E-03  0.1387E-02  0.6630E+02
   -0.099994   29.79812  0.2290E-13  0.9375E-05  0.8219E-07  0.3786E-03  0.1057E-02  0.7386E+01
   -0.149992   29.80116  0.2290E-13  0.1035E-04  0.6907E-07  0.4705E-03  0.9336E-03  0.3709E+01
   -0.199991   29.80351  0.2290E-13  0.1112E-04  0.6137E-07  0.6156E-03  0.8366E-03  0.2412E+01
   -0.249989   29.80526  0.2290E-13  0.1173E-04  0.5632E-07  0.7349E-03  0.7626E-03  0.1789E+01
   -0.299989   29.80668  0.2290E-13  0.1223E-04  0.5272E-07  0.8463E-03  0.7009E-03  0.1451E+01
   -0.349988   29.80789  0.2290E-13  0.1266E-04  0.4999E-07  0.9493E-03  0.6474E-03  0.1330E+01
   -0.399988   29.80894  0.2290E-13  0.1304E-04  0.4779E-07  0.1054E-02  0.5981E-03  0.1286E+01
   -0.449988   29.80986  0.2290E-13  0.1337E-04  0.4595E-07  0.1158E-02  0.5530E-03  0.1271E+01
   -0.499988   29.81069  0.2290E-13  0.1367E-04  0.4441E-07  0.1255E-02  0.5122E-03  0.1270E+01
   -0.549989   29.81144  0.2290E-13  0.1393E-04  0.4311E-07  0.1345E-02  0.4755E-03  0.1264E+01
   -0.599990   29.81212  0.2290E-13  0.1415E-04  0.4203E-07  0.1427E-02  0.4423E-03  0.1262E+01
   -0.649991   29.81276  0.2290E-13  0.1434E-04  0.4112E-07  0.1499E-02  0.4123E-03  0.1256E+01
   -0.699992   29.81336  0.2290E-13  0.1450E-04  0.4037E-07  0.1563E-02  0.3851E-03  0.1255E+01
   -0.749993   29.81392  0.2290E-13  0.1463E-04  0.3975E-07  0.1616E-02  0.3604E-03  0.1252E+01
   -0.799995   29.81446  0.2290E-13  0.1473E-04  0.3926E-07  0.1660E-02  0.3380E-03  0.1255E+01
   -0.849996   29.81498  0.2290E-13  0.1481E-04  0.3887E-07  0.1694E-02  0.3175E-03  0.1261E+01
   -0.899998   29.81548  0.2290E-13  0.1487E-04  0.3858E-07  0.1719E-02  0.2989E-03  0.1285E+01
   -0.950000   29.81598  0.2290E-13  0.1490E-04  0.3838E-07  0.1736E-02  0.2818E-03  0.1329E+01
   -1.000002   29.81646  0.2290E-13  0.1491E-04  0.3827E-07  0.1744E-02  0.2659E-03  0.1412E+01
   -1.050003   29.81693  0.2290E-13  0.1491E-04  0.3826E-07  0.1743E-02  0.2510E-03  0.1585E+01
   -1.100005   29.81740  0.2290E-13  0.1488E-04  0.3833E-07  0.1831E-02  0.2369E-03  0.5265E+01
   -1.150007   29.81785  0.2290E-13  0.1484E-04  0.3852E-07  0.1656E-02  0.2243E-03  0.1195E+02
   -1.200008   29.81834  0.2290E-13  0.1477E-04  0.3883E-07  0.1684E-02  0.2112E-03  0.2289E+01
   -1.250010   29.81882  0.2290E-13  0.1468E-04  0.3928E-07  0.1653E-02  0.1987E-03  0.2443E+01
   -1.300011   29.81931  0.2290E-13  0.1456E-04  0.3990E-07  0.1605E-02  0.1866E-03  0.2848E+01
   -1.350012   29.81980  0.2290E-13  0.1442E-04  0.4076E-07  0.1547E-02  0.1750E-03  0.3409E+01
   -1.400013   29.82032  0.2290E-13  0.1425E-04  0.4190E-07  0.1472E-02  0.1636E-03  0.4191E+01
   -1.450014   29.82086  0.2290E-13  0.1403E-04  0.4346E-07  0.1397E-02  0.1524E-03  0.5324E+01
   -1.500015   29.82143  0.2290E-13  0.1377E-04  0.4560E-07  0.1286E-02  0.1415E-03  0.7176E+01
   -1.550015   29.82205  0.2290E-13  0.1346E-04  0.4861E-07  0.1207E-02  0.1305E-03  0.1009E+02
   -1.600015   29.82272  0.2290E-13  0.1306E-04  0.5320E-07  0.1059E-02  0.1199E-03  0.1860E+02
   -1.650015   29.82353  0.2290E-13  0.1256E-04  0.6022E-07  0.9889E-03  0.1083E-03  0.1641E+03
   -1.700015   29.82441  0.2290E-13  0.1188E-04  0.7293E-07  0.8004E-03  0.9739E-04  0.1508E+04
   -1.750014   29.82603  0.2290E-13  0.1095E-04  0.9380E-07  0.7292E-03  0.8247E-04  0.2458E+05
   -1.800013   29.82733  0.2290E-13  0.9704E-05  0.1368E-06  0.5086E-03  0.7111E-04  0.1374E+05
   -1.850011   29.83264  0.2290E-13  0.8253E-05  0.2191E-06  0.4662E-03  0.5109E-04  0.5113E+07
   -1.900009   29.83183  0.2290E-13  0.6537E-05  0.4556E-06  0.2094E-03  0.4158E-04 -0.1817E+05
   -1.950006   29.84863  0.2290E-13  0.4529E-05  0.1159E-05  0.1784E-03  0.2242E-04 -0.3718E+06
   -2.000003   29.85089  0.2290E-13  0.0000E+00  0.0000E+00  0.0000E+00  0.4031E-04  0.0000E+00
