 1 - depth, m
 2 - temperature, C
 3 - salinity, kg/kg
 4 - turbulent kinetic energy, m**2/s**2
 5 - dissipation rate, m**2/s**3
 6 - kinematic heat conductance, m**2/s
 7 - modulus of horizontal velocity, m/s
 8 - Richardson number, n/d
   -0.000000   30.75740  0.6590E-14  0.5550E-05  0.3272E-06  0.5357E-04  0.3310E-02  0.8062E+03
   -0.049997   30.78901  0.6590E-14  0.8990E-05  0.1421E-06  0.2020E-03  0.1797E-02  0.8576E+02
   -0.099994   30.79897  0.6590E-14  0.1061E-04  0.1004E-06  0.3918E-03  0.1408E-02  0.5479E+01
   -0.149992   30.80248  0.6590E-14  0.1167E-04  0.8447E-07  0.4866E-03  0.1255E-02  0.2816E+01
   -0.199991   30.80517  0.6590E-14  0.1250E-04  0.7516E-07  0.6268E-03  0.1134E-02  0.1870E+01
   -0.249989   30.80720  0.6590E-14  0.1319E-04  0.6899E-07  0.7393E-03  0.1041E-02  0.1510E+01
   -0.299988   30.80887  0.6590E-14  0.1378E-04  0.6441E-07  0.8581E-03  0.9596E-03  0.1403E+01
   -0.349988   30.81027  0.6590E-14  0.1431E-04  0.6074E-07  0.9854E-03  0.8825E-03  0.1398E+01
   -0.399988   30.81146  0.6590E-14  0.1479E-04  0.5774E-07  0.1115E-02  0.8086E-03  0.1380E+01
   -0.449988   30.81249  0.6590E-14  0.1522E-04  0.5523E-07  0.1241E-02  0.7406E-03  0.1376E+01
   -0.499988   30.81339  0.6590E-14  0.1559E-04  0.5314E-07  0.1360E-02  0.6794E-03  0.1373E+01
   -0.549989   30.81420  0.6590E-14  0.1591E-04  0.5140E-07  0.1469E-02  0.6246E-03  0.1367E+01
   -0.599989   30.81493  0.6590E-14  0.1618E-04  0.4995E-07  0.1566E-02  0.5754E-03  0.1356E+01
   -0.649990   30.81561  0.6590E-14  0.1640E-04  0.4875E-07  0.1651E-02  0.5312E-03  0.1346E+01
   -0.699992   30.81624  0.6590E-14  0.1658E-04  0.4776E-07  0.1724E-02  0.4916E-03  0.1330E+01
   -0.749993   30.81683  0.6590E-14  0.1671E-04  0.4696E-07  0.1782E-02  0.4559E-03  0.1318E+01
   -0.799994   30.81740  0.6590E-14  0.1680E-04  0.4633E-07  0.1827E-02  0.4239E-03  0.1301E+01
   -0.849996   30.81795  0.6590E-14  0.1686E-04  0.4585E-07  0.1859E-02  0.3949E-03  0.1292E+01
   -0.899998   30.81848  0.6590E-14  0.1689E-04  0.4551E-07  0.1878E-02  0.3689E-03  0.1281E+01
   -0.949999   30.81899  0.6590E-14  0.1689E-04  0.4529E-07  0.1886E-02  0.3453E-03  0.1283E+01
   -1.000001   30.81950  0.6590E-14  0.1686E-04  0.4520E-07  0.1883E-02  0.3240E-03  0.1286E+01
   -1.050003   30.82000  0.6590E-14  0.1681E-04  0.4523E-07  0.1865E-02  0.3046E-03  0.1342E+01
   -1.100005   30.82051  0.6590E-14  0.1675E-04  0.4536E-07  0.2009E-02  0.2871E-03  0.3860E+01
   -1.150006   30.82097  0.6590E-14  0.1665E-04  0.4565E-07  0.1700E-02  0.2730E-03  0.9723E+01
   -1.200008   30.82151  0.6590E-14  0.1654E-04  0.4607E-07  0.1772E-02  0.2574E-03  0.1785E+01
   -1.250009   30.82202  0.6590E-14  0.1639E-04  0.4669E-07  0.1736E-02  0.2428E-03  0.1883E+01
   -1.300011   30.82254  0.6590E-14  0.1621E-04  0.4756E-07  0.1674E-02  0.2287E-03  0.2223E+01
   -1.350012   30.82307  0.6590E-14  0.1600E-04  0.4874E-07  0.1603E-02  0.2149E-03  0.2683E+01
   -1.400013   30.82363  0.6590E-14  0.1575E-04  0.5035E-07  0.1512E-02  0.2015E-03  0.3375E+01
   -1.450014   30.82422  0.6590E-14  0.1544E-04  0.5259E-07  0.1424E-02  0.1881E-03  0.4390E+01
   -1.500014   30.82484  0.6590E-14  0.1508E-04  0.5574E-07  0.1302E-02  0.1750E-03  0.6176E+01
   -1.550015   30.82553  0.6590E-14  0.1464E-04  0.6036E-07  0.1215E-02  0.1616E-03  0.9720E+01
   -1.600015   30.82630  0.6590E-14  0.1409E-04  0.6773E-07  0.1066E-02  0.1483E-03  0.1442E+02
   -1.650014   30.82729  0.6590E-14  0.1337E-04  0.7945E-07  0.9777E-03  0.1335E-03  0.1234E+03
   -1.700014   30.82848  0.6590E-14  0.1238E-04  0.1001E-06  0.7903E-03  0.1182E-03 -0.1558E+04
   -1.750013   30.83055  0.6590E-14  0.1119E-04  0.1323E-06  0.7119E-03  0.9832E-04  0.2333E+05
   -1.800012   30.83190  0.6590E-14  0.9685E-05  0.2051E-06  0.4814E-03  0.8460E-04  0.7767E+04
   -1.850010   30.83988  0.6590E-14  0.8157E-05  0.3403E-06  0.4624E-03  0.5759E-04  0.8080E+07
   -1.900008   30.83654  0.6590E-14  0.6443E-05  0.7100E-06  0.2083E-03  0.4807E-04 -0.8931E+05
   -1.950005   30.85760  0.6590E-14  0.4578E-05  0.1702E-05  0.2173E-03  0.2485E-04 -0.1822E+06
   -2.000002   30.85711  0.6590E-14  0.0000E+00  0.0000E+00  0.0000E+00  0.5143E-04  0.0000E+00
