 1 - depth, m
 2 - temperature, C
 3 - salinity, kg/kg
 4 - turbulent kinetic energy, m**2/s**2
 5 - dissipation rate, m**2/s**3
 6 - kinematic heat conductance, m**2/s
 7 - modulus of horizontal velocity, m/s
 8 - Richardson number, n/d
   -0.000000   30.05628  0.5739E-13  0.4697E-05  0.2862E-06  0.4891E-04  0.1117E-02  0.3115E+04
   -0.049997   30.08721  0.5740E-13  0.8139E-05  0.1276E-06  0.1792E-03  0.6324E-03  0.1745E+03
   -0.099994   30.09850  0.5740E-13  0.9848E-05  0.8830E-07  0.3983E-03  0.4651E-03  0.4953E+02
   -0.149992   30.10171  0.5740E-13  0.1092E-04  0.7430E-07  0.4794E-03  0.4109E-03  0.2419E+02
   -0.199991   30.10426  0.5740E-13  0.1175E-04  0.6604E-07  0.6384E-03  0.3671E-03  0.1568E+02
   -0.249989   30.10611  0.5740E-13  0.1241E-04  0.6060E-07  0.7624E-03  0.3342E-03  0.1156E+02
   -0.299989   30.10762  0.5740E-13  0.1294E-04  0.5671E-07  0.8854E-03  0.3068E-03  0.9229E+01
   -0.349988   30.10888  0.5740E-13  0.1339E-04  0.5377E-07  0.9970E-03  0.2834E-03  0.7848E+01
   -0.399988   30.10998  0.5740E-13  0.1376E-04  0.5148E-07  0.1099E-02  0.2626E-03  0.7017E+01
   -0.449988   30.11095  0.5740E-13  0.1408E-04  0.4961E-07  0.1194E-02  0.2443E-03  0.6543E+01
   -0.499988   30.11182  0.5740E-13  0.1435E-04  0.4805E-07  0.1281E-02  0.2281E-03  0.6393E+01
   -0.549989   30.11262  0.5740E-13  0.1459E-04  0.4675E-07  0.1360E-02  0.2136E-03  0.6256E+01
   -0.599990   30.11336  0.5740E-13  0.1479E-04  0.4564E-07  0.1433E-02  0.2005E-03  0.6289E+01
   -0.649991   30.11405  0.5740E-13  0.1496E-04  0.4469E-07  0.1498E-02  0.1885E-03  0.6307E+01
   -0.699992   30.11470  0.5740E-13  0.1511E-04  0.4389E-07  0.1555E-02  0.1775E-03  0.6480E+01
   -0.749993   30.11532  0.5740E-13  0.1523E-04  0.4320E-07  0.1605E-02  0.1674E-03  0.6624E+01
   -0.799995   30.11590  0.5740E-13  0.1532E-04  0.4263E-07  0.1648E-02  0.1579E-03  0.6934E+01
   -0.849996   30.11647  0.5740E-13  0.1540E-04  0.4215E-07  0.1683E-02  0.1491E-03  0.7209E+01
   -0.899998   30.11701  0.5740E-13  0.1545E-04  0.4178E-07  0.1710E-02  0.1408E-03  0.7679E+01
   -0.950000   30.11754  0.5740E-13  0.1548E-04  0.4149E-07  0.1729E-02  0.1330E-03  0.8121E+01
   -1.000001   30.11806  0.5740E-13  0.1549E-04  0.4130E-07  0.1741E-02  0.1256E-03  0.8806E+01
   -1.050003   30.11857  0.5740E-13  0.1548E-04  0.4121E-07  0.1743E-02  0.1187E-03  0.9851E+01
   -1.100005   30.11907  0.5740E-13  0.1545E-04  0.4122E-07  0.1826E-02  0.1120E-03  0.3296E+02
   -1.150007   30.11955  0.5740E-13  0.1539E-04  0.4135E-07  0.1665E-02  0.1060E-03  0.7361E+02
   -1.200008   30.12006  0.5740E-13  0.1532E-04  0.4160E-07  0.1689E-02  0.9987E-04  0.1404E+02
   -1.250010   30.12057  0.5740E-13  0.1522E-04  0.4201E-07  0.1659E-02  0.9396E-04  0.1500E+02
   -1.300011   30.12108  0.5740E-13  0.1509E-04  0.4260E-07  0.1612E-02  0.8830E-04  0.1731E+02
   -1.350012   30.12160  0.5740E-13  0.1493E-04  0.4343E-07  0.1555E-02  0.8279E-04  0.2074E+02
   -1.400013   30.12214  0.5740E-13  0.1474E-04  0.4458E-07  0.1481E-02  0.7745E-04  0.2524E+02
   -1.450014   30.12270  0.5740E-13  0.1451E-04  0.4614E-07  0.1404E-02  0.7220E-04  0.3210E+02
   -1.500015   30.12329  0.5740E-13  0.1424E-04  0.4832E-07  0.1297E-02  0.6705E-04  0.4280E+02
   -1.550015   30.12393  0.5740E-13  0.1390E-04  0.5141E-07  0.1209E-02  0.6189E-04  0.6041E+02
   -1.600015   30.12462  0.5740E-13  0.1348E-04  0.5609E-07  0.1069E-02  0.5683E-04  0.1057E+03
   -1.650015   30.12544  0.5740E-13  0.1296E-04  0.6335E-07  0.9856E-03  0.5149E-04  0.1081E+04
   -1.700014   30.12638  0.5740E-13  0.1224E-04  0.7634E-07  0.8092E-03  0.4620E-04  0.1954E+04
   -1.750013   30.12795  0.5740E-13  0.1128E-04  0.9781E-07  0.7262E-03  0.3945E-04  0.9008E+05
   -1.800012   30.12938  0.5740E-13  0.9960E-05  0.1431E-06  0.5128E-03  0.3384E-04  0.1213E+08
   -1.850010   30.13466  0.5740E-13  0.8443E-05  0.2276E-06  0.4601E-03  0.2450E-04  0.2708E+08
   -1.900008   30.13404  0.5740E-13  0.6598E-05  0.4716E-06  0.2013E-03  0.1974E-04 -0.1680E+07
   -1.950006   30.15139  0.5740E-13  0.4590E-05  0.1188E-05  0.1834E-03  0.1053E-04 -0.1702E+07
   -2.000003   30.15258  0.5740E-13  0.0000E+00  0.0000E+00  0.0000E+00  0.1919E-04  0.0000E+00
