 1 - depth, m
 2 - temperature, C
 3 - salinity, kg/kg
 4 - turbulent kinetic energy, m**2/s**2
 5 - dissipation rate, m**2/s**3
 6 - kinematic heat conductance, m**2/s
 7 - modulus of horizontal velocity, m/s
 8 - Richardson number, n/d
   -0.000000   25.89312  0.1428E-14  0.1068E-04  0.5297E-06  0.3118E-04  0.1398E-01 -0.1769E+00
   -0.049997   25.94402  0.1428E-14  0.1212E-04  0.2002E-06  0.2161E-03  0.7853E-02  0.9808E+02
   -0.099994   25.95202  0.1428E-14  0.1316E-04  0.1445E-06  0.3886E-03  0.6708E-02  0.2208E+01
   -0.149992   25.95581  0.1428E-14  0.1413E-04  0.1195E-06  0.4933E-03  0.6126E-02  0.2703E+01
   -0.199991   25.95868  0.1428E-14  0.1522E-04  0.1028E-06  0.6505E-03  0.5546E-02  0.3249E+01
   -0.249989   25.96080  0.1428E-14  0.1630E-04  0.9107E-07  0.7226E-03  0.5009E-02  0.3612E+01
   -0.299988   25.96266  0.1428E-14  0.1733E-04  0.8225E-07  0.7932E-03  0.4496E-02  0.4013E+01
   -0.349988   25.96431  0.1428E-14  0.1825E-04  0.7525E-07  0.8748E-03  0.4000E-02  0.4462E+01
   -0.399988   25.96578  0.1428E-14  0.1903E-04  0.6944E-07  0.9863E-03  0.3513E-02  0.4023E+01
   -0.449988   25.96705  0.1428E-14  0.1966E-04  0.6458E-07  0.1108E-02  0.3070E-02  0.3440E+01
   -0.499988   25.96817  0.1428E-14  0.2015E-04  0.6055E-07  0.1229E-02  0.2681E-02  0.3010E+01
   -0.549989   25.96916  0.1428E-14  0.2049E-04  0.5723E-07  0.1341E-02  0.2340E-02  0.2677E+01
   -0.599989   25.97005  0.1428E-14  0.2071E-04  0.5452E-07  0.1437E-02  0.2042E-02  0.2420E+01
   -0.649991   25.97087  0.1428E-14  0.2080E-04  0.5235E-07  0.1515E-02  0.1783E-02  0.2213E+01
   -0.699992   25.97163  0.1428E-14  0.2079E-04  0.5067E-07  0.1576E-02  0.1558E-02  0.2043E+01
   -0.749993   25.97236  0.1428E-14  0.2068E-04  0.4942E-07  0.1625E-02  0.1364E-02  0.1898E+01
   -0.799995   25.97306  0.1428E-14  0.2048E-04  0.4855E-07  0.1669E-02  0.1196E-02  0.1772E+01
   -0.849996   25.97373  0.1428E-14  0.2022E-04  0.4804E-07  0.1714E-02  0.1052E-02  0.1660E+01
   -0.899998   25.97438  0.1428E-14  0.1991E-04  0.4786E-07  0.1765E-02  0.9277E-03  0.1561E+01
   -0.949999   25.97500  0.1428E-14  0.1955E-04  0.4797E-07  0.1825E-02  0.8212E-03  0.1471E+01
   -1.000001   25.97560  0.1428E-14  0.1916E-04  0.4837E-07  0.1901E-02  0.7296E-03  0.1393E+01
   -1.050003   25.97617  0.1428E-14  0.1875E-04  0.4902E-07  0.1884E-02  0.6509E-03  0.1278E+01
   -1.100005   25.97674  0.1428E-14  0.1851E-04  0.4954E-07  0.2303E-02  0.5816E-03  0.1069E+01
   -1.150006   25.97720  0.1428E-14  0.1829E-04  0.5016E-07  0.1774E-02  0.5576E-03  0.2970E+01
   -1.200008   25.97780  0.1428E-14  0.1799E-04  0.5117E-07  0.1942E-02  0.5297E-03  0.1117E+01
   -1.250009   25.97835  0.1428E-14  0.1756E-04  0.5281E-07  0.1692E-02  0.4867E-03  0.1010E+01
   -1.300011   25.97898  0.1428E-14  0.1715E-04  0.5468E-07  0.1583E-02  0.4506E-03  0.9693E+00
   -1.350012   25.97965  0.1428E-14  0.1673E-04  0.5696E-07  0.1475E-02  0.4194E-03  0.1029E+01
   -1.400013   25.98037  0.1428E-14  0.1626E-04  0.6013E-07  0.1428E-02  0.3914E-03  0.1304E+01
   -1.450014   25.98114  0.1428E-14  0.1573E-04  0.6485E-07  0.1207E-02  0.3645E-03  0.1824E+01
   -1.500014   25.98208  0.1428E-14  0.1510E-04  0.7139E-07  0.1215E-02  0.3368E-03  0.2674E+01
   -1.550015   25.98305  0.1428E-14  0.1435E-04  0.8141E-07  0.1004E-02  0.3110E-03  0.5050E+01
   -1.600015   25.98448  0.1428E-14  0.1336E-04  0.9565E-07  0.1047E-02  0.2813E-03  0.2453E+02
   -1.650014   25.98575  0.1428E-14  0.1192E-04  0.1271E-06  0.7774E-03  0.2540E-03 -0.1012E+03
   -1.700014   25.98893  0.1428E-14  0.8692E-05  0.4677E-06  0.4110E-03  0.2072E-03  0.2226E+03
   -1.750013   25.99598  0.1428E-14  0.7406E-05  0.6089E-06  0.5822E-03  0.1277E-03  0.4250E+04
   -1.800012   25.99201  0.1428E-14  0.6232E-05  0.9355E-06  0.3543E-03  0.1401E-03 -0.5225E+03
   -1.850010   26.02022  0.1428E-14  0.5272E-05  0.1597E-05  0.4886E-03  0.5808E-04  0.3859E+06
   -1.900008   25.99206  0.1428E-14  0.4739E-05  0.3202E-05  0.2880E-03  0.6957E-04 -0.6721E+05
   -1.950005   26.03453  0.1428E-14  0.3498E-05  0.6237E-05  0.4748E-03  0.2860E-04  0.5742E+02
   -2.000002   26.02703  0.1428E-14  0.0000E+00  0.0000E+00  0.0000E+00  0.1157E-03  0.0000E+00
