 1 - depth, m
 2 - temperature, C
 3 - salinity, kg/kg
 4 - turbulent kinetic energy, m**2/s**2
 5 - dissipation rate, m**2/s**3
 6 - kinematic heat conductance, m**2/s
 7 - modulus of horizontal velocity, m/s
 8 - Richardson number, n/d
   -0.000000   29.10029  0.3816E-14  0.7601E-05  0.3361E-06  0.3419E-04  0.7148E-02 -0.5505E+00
   -0.049997   29.14970  0.3816E-14  0.1077E-04  0.1458E-06  0.2865E-03  0.3675E-02  0.2315E+02
   -0.099994   29.15527  0.3816E-14  0.1198E-04  0.1149E-06  0.3743E-03  0.3276E-02  0.1501E+01
   -0.149992   29.15933  0.3816E-14  0.1303E-04  0.9889E-07  0.4914E-03  0.2988E-02  0.1419E+01
   -0.199991   29.16233  0.3816E-14  0.1405E-04  0.8821E-07  0.6316E-03  0.2738E-02  0.1619E+01
   -0.249989   29.16460  0.3816E-14  0.1506E-04  0.8018E-07  0.8034E-03  0.2498E-02  0.1811E+01
   -0.299988   29.16633  0.3816E-14  0.1604E-04  0.7388E-07  0.9734E-03  0.2264E-02  0.1959E+01
   -0.349988   29.16773  0.3816E-14  0.1695E-04  0.6879E-07  0.1055E-02  0.2034E-02  0.2068E+01
   -0.399987   29.16899  0.3816E-14  0.1777E-04  0.6465E-07  0.1153E-02  0.1809E-02  0.2020E+01
   -0.449987   29.17012  0.3816E-14  0.1848E-04  0.6129E-07  0.1270E-02  0.1605E-02  0.1935E+01
   -0.499988   29.17113  0.3816E-14  0.1906E-04  0.5860E-07  0.1391E-02  0.1425E-02  0.1859E+01
   -0.549988   29.17203  0.3816E-14  0.1953E-04  0.5645E-07  0.1510E-02  0.1268E-02  0.1784E+01
   -0.599989   29.17284  0.3816E-14  0.1988E-04  0.5477E-07  0.1626E-02  0.1131E-02  0.1716E+01
   -0.649990   29.17359  0.3816E-14  0.2013E-04  0.5348E-07  0.1740E-02  0.1012E-02  0.1652E+01
   -0.699991   29.17428  0.3816E-14  0.2028E-04  0.5251E-07  0.1852E-02  0.9072E-03  0.1593E+01
   -0.749993   29.17491  0.3816E-14  0.2036E-04  0.5185E-07  0.1964E-02  0.8161E-03  0.1537E+01
   -0.799994   29.17551  0.3816E-14  0.2037E-04  0.5144E-07  0.2075E-02  0.7365E-03  0.1485E+01
   -0.849996   29.17606  0.3816E-14  0.2031E-04  0.5128E-07  0.2182E-02  0.6670E-03  0.1435E+01
   -0.899997   29.17658  0.3816E-14  0.2020E-04  0.5132E-07  0.2262E-02  0.6061E-03  0.1385E+01
   -0.949999   29.17708  0.3816E-14  0.2006E-04  0.5157E-07  0.2280E-02  0.5528E-03  0.1331E+01
   -1.000001   29.17757  0.3816E-14  0.1988E-04  0.5202E-07  0.2241E-02  0.5061E-03  0.1270E+01
   -1.050002   29.17807  0.3816E-14  0.1967E-04  0.5263E-07  0.2105E-02  0.4651E-03  0.1186E+01
   -1.100004   29.17859  0.3816E-14  0.1950E-04  0.5322E-07  0.2417E-02  0.4290E-03  0.1567E+01
   -1.150006   29.17904  0.3816E-14  0.1932E-04  0.5396E-07  0.1810E-02  0.4115E-03  0.4944E+01
   -1.200007   29.17965  0.3816E-14  0.1910E-04  0.5496E-07  0.1994E-02  0.3893E-03  0.1093E+01
   -1.250009   29.18020  0.3816E-14  0.1883E-04  0.5639E-07  0.1885E-02  0.3652E-03  0.1078E+01
   -1.300010   29.18077  0.3816E-14  0.1853E-04  0.5818E-07  0.1789E-02  0.3430E-03  0.1177E+01
   -1.350011   29.18137  0.3816E-14  0.1819E-04  0.6051E-07  0.1682E-02  0.3224E-03  0.1385E+01
   -1.400012   29.18202  0.3816E-14  0.1779E-04  0.6360E-07  0.1589E-02  0.3027E-03  0.1766E+01
   -1.450013   29.18271  0.3816E-14  0.1734E-04  0.6789E-07  0.1462E-02  0.2834E-03  0.2537E+01
   -1.500013   29.18350  0.3816E-14  0.1679E-04  0.7402E-07  0.1364E-02  0.2638E-03  0.5962E+01
   -1.550014   29.18437  0.3816E-14  0.1611E-04  0.8327E-07  0.1234E-02  0.2439E-03 -0.3486E+03
   -1.600014   29.18555  0.3816E-14  0.1524E-04  0.9739E-07  0.1124E-02  0.2221E-03  0.3530E+04
   -1.650014   29.18694  0.3816E-14  0.1411E-04  0.1209E-06  0.9656E-03  0.1989E-03  0.3663E+04
   -1.700013   29.18881  0.3816E-14  0.1233E-04  0.2292E-06  0.7366E-03  0.1719E-03  0.6340E+04
   -1.750012   29.19289  0.3816E-14  0.1096E-04  0.3087E-06  0.7067E-03  0.1322E-03  0.8651E+05
   -1.800011   29.19298  0.3816E-14  0.9402E-05  0.4921E-06  0.4779E-03  0.1198E-03  0.8486E+04
   -1.850009   29.20865  0.3816E-14  0.7991E-05  0.8294E-06  0.4934E-03  0.7332E-04  0.6244E+08
   -1.900007   29.19727  0.3816E-14  0.6474E-05  0.1706E-05  0.2504E-03  0.6607E-04 -0.1901E+06
   -1.950004   29.22809  0.3816E-14  0.4769E-05  0.3588E-05  0.3159E-03  0.3274E-04 -0.2557E+05
   -2.000001   29.22778  0.3816E-14  0.0000E+00  0.0000E+00  0.0000E+00  0.8404E-04  0.0000E+00
