 1 - depth, m
 2 - temperature, C
 3 - salinity, kg/kg
 4 - turbulent kinetic energy, m**2/s**2
 5 - dissipation rate, m**2/s**3
 6 - kinematic heat conductance, m**2/s
 7 - modulus of horizontal velocity, m/s
 8 - Richardson number, n/d
   -0.000000   28.49195  0.1259E-12  0.7901E-05  0.3226E-06  0.2789E-04  0.9482E-02 -0.3347E+00
   -0.049997   28.53914  0.1259E-12  0.9804E-05  0.1362E-06  0.2568E-03  0.5019E-02  0.4780E+01
   -0.099994   28.54410  0.1259E-12  0.1077E-04  0.1057E-06  0.3276E-03  0.4492E-02  0.1468E+01
   -0.149992   28.54785  0.1259E-12  0.1173E-04  0.8928E-07  0.4471E-03  0.4082E-02  0.1859E+01
   -0.199991   28.55050  0.1259E-12  0.1272E-04  0.7822E-07  0.5972E-03  0.3705E-02  0.2226E+01
   -0.249989   28.55243  0.1259E-12  0.1369E-04  0.7014E-07  0.7611E-03  0.3351E-02  0.2519E+01
   -0.299988   28.55390  0.1259E-12  0.1462E-04  0.6394E-07  0.8225E-03  0.3009E-02  0.2703E+01
   -0.349988   28.55522  0.1259E-12  0.1548E-04  0.5898E-07  0.8925E-03  0.2679E-02  0.2895E+01
   -0.399988   28.55641  0.1259E-12  0.1623E-04  0.5491E-07  0.9929E-03  0.2355E-02  0.2731E+01
   -0.449988   28.55746  0.1259E-12  0.1686E-04  0.5157E-07  0.1107E-02  0.2063E-02  0.2490E+01
   -0.499988   28.55838  0.1259E-12  0.1737E-04  0.4885E-07  0.1221E-02  0.1809E-02  0.2294E+01
   -0.549989   28.55919  0.1259E-12  0.1777E-04  0.4665E-07  0.1331E-02  0.1588E-02  0.2127E+01
   -0.599989   28.55993  0.1259E-12  0.1806E-04  0.4489E-07  0.1435E-02  0.1396E-02  0.1988E+01
   -0.649991   28.56059  0.1259E-12  0.1825E-04  0.4350E-07  0.1532E-02  0.1230E-02  0.1868E+01
   -0.699992   28.56121  0.1259E-12  0.1836E-04  0.4244E-07  0.1623E-02  0.1086E-02  0.1764E+01
   -0.749993   28.56178  0.1259E-12  0.1839E-04  0.4167E-07  0.1710E-02  0.9619E-03  0.1672E+01
   -0.799995   28.56232  0.1259E-12  0.1835E-04  0.4115E-07  0.1796E-02  0.8543E-03  0.1590E+01
   -0.849996   28.56283  0.1259E-12  0.1826E-04  0.4086E-07  0.1885E-02  0.7612E-03  0.1516E+01
   -0.899998   28.56330  0.1259E-12  0.1813E-04  0.4077E-07  0.1978E-02  0.6806E-03  0.1450E+01
   -0.949999   28.56375  0.1259E-12  0.1796E-04  0.4088E-07  0.2075E-02  0.6106E-03  0.1390E+01
   -1.000001   28.56417  0.1259E-12  0.1776E-04  0.4117E-07  0.2146E-02  0.5497E-03  0.1331E+01
   -1.050003   28.56458  0.1259E-12  0.1754E-04  0.4162E-07  0.2078E-02  0.4967E-03  0.1235E+01
   -1.100005   28.56500  0.1259E-12  0.1738E-04  0.4201E-07  0.2382E-02  0.4499E-03  0.1233E+01
   -1.150006   28.56536  0.1259E-12  0.1724E-04  0.4248E-07  0.1903E-02  0.4315E-03  0.3356E+01
   -1.200008   28.56581  0.1259E-12  0.1705E-04  0.4319E-07  0.2058E-02  0.4097E-03  0.1108E+01
   -1.250009   28.56622  0.1259E-12  0.1678E-04  0.4431E-07  0.1877E-02  0.3792E-03  0.1031E+01
   -1.300011   28.56668  0.1259E-12  0.1651E-04  0.4561E-07  0.1778E-02  0.3526E-03  0.1012E+01
   -1.350012   28.56715  0.1259E-12  0.1622E-04  0.4722E-07  0.1684E-02  0.3292E-03  0.1074E+01
   -1.400013   28.56766  0.1259E-12  0.1591E-04  0.4929E-07  0.1578E-02  0.3078E-03  0.1248E+01
   -1.450014   28.56820  0.1259E-12  0.1555E-04  0.5204E-07  0.1482E-02  0.2877E-03  0.1612E+01
   -1.500014   28.56878  0.1259E-12  0.1512E-04  0.5587E-07  0.1357E-02  0.2680E-03  0.2375E+01
   -1.550015   28.56944  0.1259E-12  0.1462E-04  0.6151E-07  0.1255E-02  0.2481E-03  0.3181E+01
   -1.600015   28.57020  0.1259E-12  0.1398E-04  0.7059E-07  0.1107E-02  0.2278E-03 -0.7477E+02
   -1.650014   28.57124  0.1259E-12  0.1314E-04  0.8494E-07  0.9957E-03  0.2044E-03  0.9040E+04
   -1.700014   28.57252  0.1259E-12  0.1199E-04  0.1136E-06  0.8061E-03  0.1798E-03  0.1779E+05
   -1.750013   28.57483  0.1259E-12  0.1073E-04  0.1532E-06  0.7066E-03  0.1477E-03  0.5716E+05
   -1.800012   28.57617  0.1259E-12  0.9154E-05  0.2416E-06  0.4900E-03  0.1265E-03  0.1746E+05
   -1.850010   28.58535  0.1259E-12  0.7693E-05  0.4036E-06  0.4572E-03  0.8459E-04  0.6912E+07
   -1.900008   28.58054  0.1259E-12  0.6038E-05  0.8574E-06  0.2152E-03  0.7072E-04 -0.4248E+05
   -1.950005   28.60381  0.1259E-12  0.4386E-05  0.1962E-05  0.2415E-03  0.3588E-04 -0.3064E+06
   -2.000002   28.60226  0.1259E-12  0.0000E+00  0.0000E+00  0.0000E+00  0.8097E-04  0.0000E+00
