 1 - depth, m
 2 - temperature, C
 3 - salinity, kg/kg
 4 - turbulent kinetic energy, m**2/s**2
 5 - dissipation rate, m**2/s**3
 6 - kinematic heat conductance, m**2/s
 7 - modulus of horizontal velocity, m/s
 8 - Richardson number, n/d
   -0.000000   25.21508  0.1411E-14  0.1756E-04  0.1270E-05  0.2970E-04  0.2385E-01 -0.6924E-01
   -0.049997   25.27152  0.1411E-14  0.1649E-04  0.4014E-06  0.1089E-03  0.1337E-01 -0.2373E+00
   -0.099994   25.28529  0.1411E-14  0.1685E-04  0.2402E-06  0.3245E-03  0.1072E-01  0.4166E+02
   -0.149992   25.29043  0.1411E-14  0.1748E-04  0.1837E-06  0.5383E-03  0.9504E-02  0.5785E+01
   -0.199991   25.29303  0.1411E-14  0.1826E-04  0.1529E-06  0.6231E-03  0.8651E-02  0.7386E+01
   -0.249989   25.29521  0.1411E-14  0.1914E-04  0.1317E-06  0.7001E-03  0.7812E-02  0.7644E+01
   -0.299988   25.29711  0.1411E-14  0.1998E-04  0.1165E-06  0.7621E-03  0.7038E-02  0.8553E+01
   -0.349988   25.29881  0.1411E-14  0.2073E-04  0.1046E-06  0.8331E-03  0.6297E-02  0.1046E+02
   -0.399987   25.30033  0.1411E-14  0.2132E-04  0.9463E-07  0.9259E-03  0.5573E-02  0.8311E+01
   -0.449987   25.30168  0.1411E-14  0.2176E-04  0.8616E-07  0.1028E-02  0.4911E-02  0.6176E+01
   -0.499988   25.30287  0.1411E-14  0.2208E-04  0.7893E-07  0.1138E-02  0.4320E-02  0.4917E+01
   -0.549988   25.30393  0.1411E-14  0.2228E-04  0.7276E-07  0.1251E-02  0.3790E-02  0.4070E+01
   -0.599989   25.30487  0.1411E-14  0.2237E-04  0.6751E-07  0.1360E-02  0.3316E-02  0.3473E+01
   -0.649990   25.30573  0.1411E-14  0.2235E-04  0.6308E-07  0.1455E-02  0.2894E-02  0.3032E+01
   -0.699991   25.30652  0.1411E-14  0.2223E-04  0.5939E-07  0.1527E-02  0.2519E-02  0.2698E+01
   -0.749993   25.30727  0.1411E-14  0.2201E-04  0.5636E-07  0.1571E-02  0.2188E-02  0.2437E+01
   -0.799994   25.30798  0.1411E-14  0.2171E-04  0.5394E-07  0.1590E-02  0.1898E-02  0.2226E+01
   -0.849996   25.30868  0.1411E-14  0.2132E-04  0.5209E-07  0.1593E-02  0.1644E-02  0.2048E+01
   -0.899997   25.30937  0.1411E-14  0.2087E-04  0.5075E-07  0.1589E-02  0.1424E-02  0.1892E+01
   -0.949999   25.31006  0.1411E-14  0.2036E-04  0.4990E-07  0.1587E-02  0.1234E-02  0.1751E+01
   -1.000001   25.31074  0.1411E-14  0.1982E-04  0.4951E-07  0.1600E-02  0.1069E-02  0.1631E+01
   -1.050002   25.31141  0.1411E-14  0.1924E-04  0.4953E-07  0.1541E-02  0.9282E-03  0.1469E+01
   -1.100004   25.31210  0.1411E-14  0.1891E-04  0.4975E-07  0.2348E-02  0.8013E-03  0.1227E+01
   -1.150006   25.31256  0.1411E-14  0.1869E-04  0.5009E-07  0.1973E-02  0.7621E-03  0.1607E+01
   -1.200007   25.31309  0.1411E-14  0.1835E-04  0.5080E-07  0.1859E-02  0.7297E-03  0.1215E+01
   -1.250009   25.31366  0.1411E-14  0.1776E-04  0.5237E-07  0.1723E-02  0.6514E-03  0.1131E+01
   -1.300010   25.31427  0.1411E-14  0.1722E-04  0.5412E-07  0.1579E-02  0.5895E-03  0.1025E+01
   -1.350011   25.31494  0.1411E-14  0.1670E-04  0.5618E-07  0.1456E-02  0.5380E-03  0.9485E+00
   -1.400012   25.31567  0.1411E-14  0.1617E-04  0.5899E-07  0.1376E-02  0.4955E-03  0.1056E+01
   -1.450013   25.31646  0.1411E-14  0.1561E-04  0.6299E-07  0.1197E-02  0.4569E-03  0.1274E+01
   -1.500013   25.31738  0.1411E-14  0.1498E-04  0.6895E-07  0.1199E-02  0.4208E-03  0.1820E+01
   -1.550014   25.31834  0.1411E-14  0.1422E-04  0.7881E-07  0.9983E-03  0.3870E-03  0.3329E+01
   -1.600014   25.31975  0.1411E-14  0.1322E-04  0.9348E-07  0.1037E-02  0.3498E-03  0.1671E+02
   -1.650013   25.32100  0.1411E-14  0.1174E-04  0.1274E-06  0.7752E-03  0.3154E-03 -0.4227E+02
   -1.700013   25.32429  0.1411E-14  0.8593E-05  0.4476E-06  0.4062E-03  0.2564E-03  0.1054E+03
   -1.750012   25.33120  0.1411E-14  0.7324E-05  0.5863E-06  0.5734E-03  0.1588E-03  0.9827E+03
   -1.800011   25.32722  0.1411E-14  0.6165E-05  0.9079E-06  0.3585E-03  0.1750E-03 -0.3287E+03
   -1.850009   25.35530  0.1411E-14  0.5202E-05  0.1555E-05  0.4896E-03  0.7280E-04  0.2647E+06
   -1.900007   25.32716  0.1411E-14  0.4680E-05  0.3145E-05  0.2902E-03  0.8762E-04 -0.3996E+05
   -1.950004   25.36778  0.1411E-14  0.3435E-05  0.6164E-05  0.4680E-03  0.3612E-04 -0.1197E+02
   -2.000001   25.36709  0.1411E-14  0.0000E+00  0.0000E+00  0.0000E+00  0.1469E-03  0.0000E+00
