 1 - depth, m
 2 - temperature, C
 3 - salinity, kg/kg
 4 - turbulent kinetic energy, m**2/s**2
 5 - dissipation rate, m**2/s**3
 6 - kinematic heat conductance, m**2/s
 7 - modulus of horizontal velocity, m/s
 8 - Richardson number, n/d
   -0.000000   30.29867  0.1880E-13  0.4551E-05  0.2762E-06  0.4946E-04  0.1225E-02  0.7842E+04
   -0.049997   30.32702  0.1880E-13  0.7877E-05  0.1229E-06  0.1730E-03  0.6995E-03  0.4772E+02
   -0.099994   30.33820  0.1880E-13  0.9572E-05  0.8450E-07  0.3975E-03  0.5085E-03  0.3094E+02
   -0.149992   30.34120  0.1880E-13  0.1063E-04  0.7111E-07  0.4747E-03  0.4493E-03  0.1502E+02
   -0.199991   30.34361  0.1880E-13  0.1145E-04  0.6325E-07  0.6343E-03  0.4011E-03  0.9694E+01
   -0.249989   30.34537  0.1880E-13  0.1210E-04  0.5809E-07  0.7579E-03  0.3650E-03  0.7158E+01
   -0.299988   30.34680  0.1880E-13  0.1264E-04  0.5441E-07  0.8808E-03  0.3350E-03  0.5710E+01
   -0.349988   30.34800  0.1880E-13  0.1308E-04  0.5166E-07  0.9924E-03  0.3092E-03  0.4880E+01
   -0.399988   30.34904  0.1880E-13  0.1346E-04  0.4951E-07  0.1094E-02  0.2864E-03  0.4357E+01
   -0.449988   30.34997  0.1880E-13  0.1378E-04  0.4777E-07  0.1189E-02  0.2664E-03  0.4085E+01
   -0.499988   30.35080  0.1880E-13  0.1406E-04  0.4634E-07  0.1276E-02  0.2487E-03  0.3982E+01
   -0.549989   30.35156  0.1880E-13  0.1431E-04  0.4514E-07  0.1356E-02  0.2328E-03  0.3923E+01
   -0.599990   30.35227  0.1880E-13  0.1452E-04  0.4413E-07  0.1429E-02  0.2185E-03  0.3933E+01
   -0.649991   30.35293  0.1880E-13  0.1470E-04  0.4328E-07  0.1494E-02  0.2054E-03  0.3974E+01
   -0.699992   30.35356  0.1880E-13  0.1486E-04  0.4256E-07  0.1552E-02  0.1934E-03  0.4074E+01
   -0.749993   30.35415  0.1880E-13  0.1499E-04  0.4197E-07  0.1603E-02  0.1823E-03  0.4198E+01
   -0.799995   30.35471  0.1880E-13  0.1510E-04  0.4148E-07  0.1646E-02  0.1719E-03  0.4385E+01
   -0.849996   30.35526  0.1880E-13  0.1519E-04  0.4109E-07  0.1681E-02  0.1623E-03  0.4598E+01
   -0.899998   30.35579  0.1880E-13  0.1526E-04  0.4079E-07  0.1709E-02  0.1533E-03  0.4888E+01
   -0.950000   30.35631  0.1880E-13  0.1530E-04  0.4058E-07  0.1728E-02  0.1448E-03  0.5215E+01
   -1.000001   30.35681  0.1880E-13  0.1533E-04  0.4046E-07  0.1740E-02  0.1367E-03  0.5644E+01
   -1.050003   30.35731  0.1880E-13  0.1534E-04  0.4044E-07  0.1743E-02  0.1291E-03  0.6377E+01
   -1.100005   30.35781  0.1880E-13  0.1532E-04  0.4053E-07  0.1822E-02  0.1218E-03  0.2138E+02
   -1.150006   30.35828  0.1880E-13  0.1529E-04  0.4073E-07  0.1673E-02  0.1153E-03  0.4715E+02
   -1.200008   30.35879  0.1880E-13  0.1523E-04  0.4105E-07  0.1692E-02  0.1086E-03  0.9144E+01
   -1.250009   30.35929  0.1880E-13  0.1515E-04  0.4152E-07  0.1663E-02  0.1022E-03  0.9771E+01
   -1.300011   30.35980  0.1880E-13  0.1504E-04  0.4218E-07  0.1617E-02  0.9600E-04  0.1136E+02
   -1.350012   30.36032  0.1880E-13  0.1491E-04  0.4307E-07  0.1560E-02  0.9000E-04  0.1358E+02
   -1.400013   30.36086  0.1880E-13  0.1474E-04  0.4427E-07  0.1488E-02  0.8418E-04  0.1663E+02
   -1.450014   30.36142  0.1880E-13  0.1453E-04  0.4587E-07  0.1412E-02  0.7847E-04  0.2107E+02
   -1.500014   30.36202  0.1880E-13  0.1428E-04  0.4808E-07  0.1305E-02  0.7287E-04  0.2817E+02
   -1.550015   30.36266  0.1880E-13  0.1396E-04  0.5116E-07  0.1220E-02  0.6726E-04  0.3948E+02
   -1.600015   30.36336  0.1880E-13  0.1358E-04  0.5576E-07  0.1078E-02  0.6177E-04  0.6634E+02
   -1.650015   30.36419  0.1880E-13  0.1308E-04  0.6274E-07  0.9987E-03  0.5598E-04  0.1544E+03
   -1.700014   30.36511  0.1880E-13  0.1241E-04  0.7530E-07  0.8178E-03  0.5038E-04  0.1207E+04
   -1.750013   30.36669  0.1880E-13  0.1149E-04  0.9608E-07  0.7389E-03  0.4306E-04 -0.6519E+05
   -1.800012   30.36812  0.1880E-13  0.1022E-04  0.1397E-06  0.5184E-03  0.3708E-04  0.1536E+06
   -1.850010   30.37323  0.1880E-13  0.8734E-05  0.2211E-06  0.4714E-03  0.2708E-04  0.7147E+08
   -1.900008   30.37288  0.1880E-13  0.6918E-05  0.4560E-06  0.2109E-03  0.2192E-04 -0.6061E+05
   -1.950006   30.39000  0.1880E-13  0.4794E-05  0.1164E-05  0.1760E-03  0.1197E-04 -0.1578E+07
   -2.000003   30.39259  0.1880E-13  0.0000E+00  0.0000E+00  0.0000E+00  0.2083E-04  0.0000E+00
