 1 - depth, m
 2 - temperature, C
 3 - salinity, kg/kg
 4 - turbulent kinetic energy, m**2/s**2
 5 - dissipation rate, m**2/s**3
 6 - kinematic heat conductance, m**2/s
 7 - modulus of horizontal velocity, m/s
 8 - Richardson number, n/d
   -0.000000   26.74533  0.1225E-13  0.1381E-04  0.8019E-06  0.3108E-04  0.1854E-01 -0.1084E+00
   -0.049997   26.79540  0.1225E-13  0.1438E-04  0.2735E-06  0.1417E-03  0.1061E-01 -0.2649E+00
   -0.099994   26.80596  0.1225E-13  0.1499E-04  0.1824E-06  0.4191E-03  0.8734E-02  0.4360E+01
   -0.149992   26.80929  0.1225E-13  0.1581E-04  0.1487E-06  0.5067E-03  0.8009E-02  0.3657E+01
   -0.199991   26.81198  0.1225E-13  0.1684E-04  0.1256E-06  0.6419E-03  0.7232E-02  0.4683E+01
   -0.249989   26.81404  0.1225E-13  0.1786E-04  0.1099E-06  0.7029E-03  0.6535E-02  0.5264E+01
   -0.299988   26.81587  0.1225E-13  0.1883E-04  0.9821E-07  0.7753E-03  0.5873E-02  0.6046E+01
   -0.349988   26.81749  0.1225E-13  0.1969E-04  0.8900E-07  0.8549E-03  0.5238E-02  0.7028E+01
   -0.399988   26.81893  0.1225E-13  0.2039E-04  0.8129E-07  0.9620E-03  0.4616E-02  0.5977E+01
   -0.449988   26.82018  0.1225E-13  0.2093E-04  0.7472E-07  0.1080E-02  0.4049E-02  0.4751E+01
   -0.499988   26.82127  0.1225E-13  0.2133E-04  0.6915E-07  0.1202E-02  0.3544E-02  0.3940E+01
   -0.549988   26.82224  0.1225E-13  0.2160E-04  0.6444E-07  0.1322E-02  0.3097E-02  0.3360E+01
   -0.599989   26.82310  0.1225E-13  0.2174E-04  0.6048E-07  0.1428E-02  0.2701E-02  0.2938E+01
   -0.649990   26.82389  0.1225E-13  0.2177E-04  0.5720E-07  0.1512E-02  0.2352E-02  0.2619E+01
   -0.699991   26.82462  0.1225E-13  0.2168E-04  0.5453E-07  0.1571E-02  0.2047E-02  0.2371E+01
   -0.749993   26.82532  0.1225E-13  0.2150E-04  0.5240E-07  0.1605E-02  0.1780E-02  0.2170E+01
   -0.799994   26.82599  0.1225E-13  0.2123E-04  0.5078E-07  0.1624E-02  0.1548E-02  0.2001E+01
   -0.849996   26.82665  0.1225E-13  0.2088E-04  0.4962E-07  0.1637E-02  0.1348E-02  0.1854E+01
   -0.899997   26.82729  0.1225E-13  0.2047E-04  0.4888E-07  0.1650E-02  0.1175E-02  0.1724E+01
   -0.949999   26.82793  0.1225E-13  0.2001E-04  0.4853E-07  0.1671E-02  0.1026E-02  0.1606E+01
   -1.000001   26.82855  0.1225E-13  0.1952E-04  0.4856E-07  0.1710E-02  0.8986E-03  0.1504E+01
   -1.050002   26.82915  0.1225E-13  0.1901E-04  0.4891E-07  0.1684E-02  0.7890E-03  0.1365E+01
   -1.100004   26.82975  0.1225E-13  0.1872E-04  0.4928E-07  0.2342E-02  0.6916E-03  0.1146E+01
   -1.150006   26.83018  0.1225E-13  0.1849E-04  0.4974E-07  0.1895E-02  0.6602E-03  0.2074E+01
   -1.200007   26.83072  0.1225E-13  0.1816E-04  0.5059E-07  0.1997E-02  0.6301E-03  0.1174E+01
   -1.250009   26.83122  0.1225E-13  0.1764E-04  0.5222E-07  0.1710E-02  0.5700E-03  0.1066E+01
   -1.300010   26.83181  0.1225E-13  0.1715E-04  0.5399E-07  0.1577E-02  0.5211E-03  0.9719E+00
   -1.350011   26.83244  0.1225E-13  0.1668E-04  0.5608E-07  0.1471E-02  0.4803E-03  0.9354E+00
   -1.400012   26.83312  0.1225E-13  0.1618E-04  0.5900E-07  0.1410E-02  0.4457E-03  0.1121E+01
   -1.450013   26.83385  0.1225E-13  0.1563E-04  0.6333E-07  0.1206E-02  0.4132E-03  0.1457E+01
   -1.500014   26.83473  0.1225E-13  0.1499E-04  0.6959E-07  0.1210E-02  0.3812E-03  0.2104E+01
   -1.550014   26.83564  0.1225E-13  0.1424E-04  0.7962E-07  0.1006E-02  0.3514E-03  0.3921E+01
   -1.600014   26.83697  0.1225E-13  0.1323E-04  0.9409E-07  0.1046E-02  0.3179E-03  0.2131E+02
   -1.650014   26.83817  0.1225E-13  0.1177E-04  0.1266E-06  0.7823E-03  0.2868E-03 -0.6041E+02
   -1.700013   26.84122  0.1225E-13  0.8585E-05  0.4513E-06  0.4060E-03  0.2334E-03  0.1682E+03
   -1.750012   26.84783  0.1225E-13  0.7321E-05  0.5898E-06  0.5757E-03  0.1442E-03  0.1052E+04
   -1.800011   26.84404  0.1225E-13  0.6146E-05  0.9086E-06  0.3544E-03  0.1586E-03 -0.3928E+03
   -1.850009   26.87027  0.1225E-13  0.5197E-05  0.1554E-05  0.4879E-03  0.6586E-04  0.3157E+06
   -1.900007   26.84410  0.1225E-13  0.4670E-05  0.3132E-05  0.2900E-03  0.7901E-04 -0.4986E+05
   -1.950005   26.88346  0.1225E-13  0.3433E-05  0.6112E-05  0.4720E-03  0.3252E-04  0.4220E+02
   -2.000002   26.87651  0.1225E-13  0.0000E+00  0.0000E+00  0.0000E+00  0.1316E-03  0.0000E+00
