 1 - depth, m
 2 - temperature, C
 3 - salinity, kg/kg
 4 - turbulent kinetic energy, m**2/s**2
 5 - dissipation rate, m**2/s**3
 6 - kinematic heat conductance, m**2/s
 7 - modulus of horizontal velocity, m/s
 8 - Richardson number, n/d
   -0.000000   27.36862  0.3740E-14  0.9621E-05  0.4468E-06  0.3032E-04  0.1260E-01 -0.1970E+00
   -0.049997   27.41391  0.3740E-14  0.1113E-04  0.1723E-06  0.2194E-03  0.6993E-02  0.9441E+02
   -0.099994   27.42068  0.3740E-14  0.1213E-04  0.1262E-06  0.3754E-03  0.5999E-02  0.2008E+01
   -0.149992   27.42409  0.3740E-14  0.1305E-04  0.1049E-06  0.4788E-03  0.5473E-02  0.2453E+01
   -0.199991   27.42667  0.3740E-14  0.1407E-04  0.9065E-07  0.6403E-03  0.4954E-02  0.2966E+01
   -0.249989   27.42854  0.3740E-14  0.1509E-04  0.8052E-07  0.7226E-03  0.4473E-02  0.3303E+01
   -0.299988   27.43015  0.3740E-14  0.1605E-04  0.7287E-07  0.7899E-03  0.4013E-02  0.3638E+01
   -0.349988   27.43160  0.3740E-14  0.1693E-04  0.6680E-07  0.8676E-03  0.3568E-02  0.4008E+01
   -0.399988   27.43288  0.3740E-14  0.1769E-04  0.6178E-07  0.9753E-03  0.3132E-02  0.3653E+01
   -0.449988   27.43400  0.3740E-14  0.1831E-04  0.5760E-07  0.1094E-02  0.2737E-02  0.3172E+01
   -0.499988   27.43498  0.3740E-14  0.1880E-04  0.5415E-07  0.1213E-02  0.2390E-02  0.2809E+01
   -0.549989   27.43585  0.3740E-14  0.1917E-04  0.5133E-07  0.1324E-02  0.2087E-02  0.2522E+01
   -0.599990   27.43664  0.3740E-14  0.1943E-04  0.4903E-07  0.1424E-02  0.1823E-02  0.2298E+01
   -0.649991   27.43736  0.3740E-14  0.1957E-04  0.4721E-07  0.1509E-02  0.1594E-02  0.2115E+01
   -0.699992   27.43803  0.3740E-14  0.1962E-04  0.4580E-07  0.1581E-02  0.1396E-02  0.1962E+01
   -0.749993   27.43866  0.3740E-14  0.1959E-04  0.4475E-07  0.1643E-02  0.1224E-02  0.1832E+01
   -0.799995   27.43926  0.3740E-14  0.1948E-04  0.4403E-07  0.1701E-02  0.1076E-02  0.1719E+01
   -0.849996   27.43983  0.3740E-14  0.1931E-04  0.4361E-07  0.1760E-02  0.9489E-03  0.1618E+01
   -0.899998   27.44038  0.3740E-14  0.1908E-04  0.4345E-07  0.1823E-02  0.8391E-03  0.1529E+01
   -0.950000   27.44090  0.3740E-14  0.1882E-04  0.4355E-07  0.1895E-02  0.7445E-03  0.1449E+01
   -1.000001   27.44140  0.3740E-14  0.1853E-04  0.4388E-07  0.1977E-02  0.6629E-03  0.1378E+01
   -1.050003   27.44188  0.3740E-14  0.1822E-04  0.4441E-07  0.1959E-02  0.5923E-03  0.1269E+01
   -1.100005   27.44236  0.3740E-14  0.1803E-04  0.4485E-07  0.2398E-02  0.5301E-03  0.1101E+01
   -1.150006   27.44275  0.3740E-14  0.1785E-04  0.4535E-07  0.1918E-02  0.5083E-03  0.2825E+01
   -1.200008   27.44324  0.3740E-14  0.1761E-04  0.4618E-07  0.2066E-02  0.4836E-03  0.1136E+01
   -1.250009   27.44369  0.3740E-14  0.1727E-04  0.4756E-07  0.1838E-02  0.4439E-03  0.1043E+01
   -1.300011   27.44419  0.3740E-14  0.1693E-04  0.4913E-07  0.1729E-02  0.4103E-03  0.1003E+01
   -1.350012   27.44473  0.3740E-14  0.1657E-04  0.5108E-07  0.1625E-02  0.3811E-03  0.1044E+01
   -1.400013   27.44530  0.3740E-14  0.1619E-04  0.5364E-07  0.1522E-02  0.3550E-03  0.1205E+01
   -1.450014   27.44592  0.3740E-14  0.1576E-04  0.5714E-07  0.1405E-02  0.3306E-03  0.1565E+01
   -1.500014   27.44660  0.3740E-14  0.1526E-04  0.6203E-07  0.1306E-02  0.3069E-03  0.2499E+01
   -1.550015   27.44737  0.3740E-14  0.1466E-04  0.6945E-07  0.1191E-02  0.2835E-03  0.5014E+01
   -1.600015   27.44837  0.3740E-14  0.1388E-04  0.8110E-07  0.1079E-02  0.2581E-03  0.6433E+03
   -1.650015   27.44962  0.3740E-14  0.1286E-04  0.1002E-06  0.9393E-03  0.2305E-03  0.7510E+04
   -1.700014   27.45134  0.3740E-14  0.1131E-04  0.1669E-06  0.7210E-03  0.1988E-03  0.2386E+05
   -1.750013   27.45458  0.3740E-14  0.9984E-05  0.2253E-06  0.6703E-03  0.1553E-03  0.1102E+06
   -1.800012   27.45518  0.3740E-14  0.8460E-05  0.3626E-06  0.4546E-03  0.1376E-03  0.1032E+04
   -1.850010   27.46846  0.3740E-14  0.7115E-05  0.6160E-06  0.4585E-03  0.8436E-04  0.2938E+08
   -1.900008   27.45925  0.3740E-14  0.5714E-05  0.1295E-05  0.2310E-03  0.7478E-04 -0.6363E+05
   -1.950005   27.48705  0.3740E-14  0.4184E-05  0.2798E-05  0.2885E-03  0.3653E-04 -0.2864E+05
   -2.000002   27.48547  0.3740E-14  0.0000E+00  0.0000E+00  0.0000E+00  0.9500E-04  0.0000E+00
