 1 - depth, m
 2 - temperature, C
 3 - salinity, kg/kg
 4 - turbulent kinetic energy, m**2/s**2
 5 - dissipation rate, m**2/s**3
 6 - kinematic heat conductance, m**2/s
 7 - modulus of horizontal velocity, m/s
 8 - Richardson number, n/d
   -0.000000   26.27047  0.2497E-13  0.1081E-04  0.5512E-06  0.3256E-04  0.1393E-01 -0.1842E+00
   -0.049997   26.32298  0.2497E-13  0.1238E-04  0.2085E-06  0.2238E-03  0.7800E-02  0.3046E+02
   -0.099994   26.33119  0.2497E-13  0.1348E-04  0.1509E-06  0.3879E-03  0.6697E-02  0.2114E+01
   -0.149992   26.33522  0.2497E-13  0.1450E-04  0.1248E-06  0.4958E-03  0.6116E-02  0.2609E+01
   -0.199991   26.33825  0.2497E-13  0.1565E-04  0.1074E-06  0.6552E-03  0.5541E-02  0.3131E+01
   -0.249989   26.34047  0.2497E-13  0.1679E-04  0.9519E-07  0.7312E-03  0.5007E-02  0.3480E+01
   -0.299988   26.34240  0.2497E-13  0.1786E-04  0.8598E-07  0.8029E-03  0.4496E-02  0.3855E+01
   -0.349988   26.34412  0.2497E-13  0.1883E-04  0.7865E-07  0.8870E-03  0.4001E-02  0.4272E+01
   -0.399988   26.34564  0.2497E-13  0.1965E-04  0.7259E-07  0.1002E-02  0.3514E-02  0.3876E+01
   -0.449988   26.34696  0.2497E-13  0.2031E-04  0.6751E-07  0.1127E-02  0.3073E-02  0.3341E+01
   -0.499988   26.34811  0.2497E-13  0.2082E-04  0.6330E-07  0.1252E-02  0.2684E-02  0.2941E+01
   -0.549989   26.34913  0.2497E-13  0.2117E-04  0.5983E-07  0.1366E-02  0.2343E-02  0.2628E+01
   -0.599989   26.35004  0.2497E-13  0.2139E-04  0.5700E-07  0.1464E-02  0.2046E-02  0.2384E+01
   -0.649990   26.35088  0.2497E-13  0.2148E-04  0.5473E-07  0.1543E-02  0.1788E-02  0.2188E+01
   -0.699992   26.35166  0.2497E-13  0.2146E-04  0.5296E-07  0.1604E-02  0.1563E-02  0.2025E+01
   -0.749993   26.35241  0.2497E-13  0.2133E-04  0.5164E-07  0.1653E-02  0.1369E-02  0.1885E+01
   -0.799994   26.35312  0.2497E-13  0.2112E-04  0.5072E-07  0.1696E-02  0.1202E-02  0.1762E+01
   -0.849996   26.35381  0.2497E-13  0.2084E-04  0.5016E-07  0.1741E-02  0.1058E-02  0.1653E+01
   -0.899998   26.35447  0.2497E-13  0.2050E-04  0.4995E-07  0.1791E-02  0.9345E-03  0.1555E+01
   -0.949999   26.35510  0.2497E-13  0.2012E-04  0.5004E-07  0.1851E-02  0.8280E-03  0.1466E+01
   -1.000001   26.35571  0.2497E-13  0.1970E-04  0.5043E-07  0.1926E-02  0.7364E-03  0.1388E+01
   -1.050003   26.35629  0.2497E-13  0.1927E-04  0.5108E-07  0.1904E-02  0.6576E-03  0.1274E+01
   -1.100004   26.35687  0.2497E-13  0.1901E-04  0.5161E-07  0.2338E-02  0.5881E-03  0.1067E+01
   -1.150006   26.35734  0.2497E-13  0.1879E-04  0.5224E-07  0.1788E-02  0.5642E-03  0.2972E+01
   -1.200007   26.35795  0.2497E-13  0.1847E-04  0.5329E-07  0.1965E-02  0.5361E-03  0.1109E+01
   -1.250009   26.35850  0.2497E-13  0.1802E-04  0.5497E-07  0.1709E-02  0.4931E-03  0.1003E+01
   -1.300010   26.35914  0.2497E-13  0.1758E-04  0.5692E-07  0.1599E-02  0.4568E-03  0.9669E+00
   -1.350011   26.35982  0.2497E-13  0.1714E-04  0.5932E-07  0.1487E-02  0.4253E-03  0.1028E+01
   -1.400012   26.36055  0.2497E-13  0.1665E-04  0.6267E-07  0.1443E-02  0.3971E-03  0.1303E+01
   -1.450013   26.36133  0.2497E-13  0.1609E-04  0.6769E-07  0.1215E-02  0.3700E-03  0.1829E+01
   -1.500014   26.36228  0.2497E-13  0.1543E-04  0.7467E-07  0.1227E-02  0.3419E-03  0.2684E+01
   -1.550014   26.36326  0.2497E-13  0.1465E-04  0.8541E-07  0.1014E-02  0.3158E-03  0.5112E+01
   -1.600014   26.36471  0.2497E-13  0.1360E-04  0.1006E-06  0.1057E-02  0.2856E-03  0.2989E+02
   -1.650014   26.36603  0.2497E-13  0.1211E-04  0.1338E-06  0.7879E-03  0.2575E-03 -0.9021E+02
   -1.700013   26.36927  0.2497E-13  0.8816E-05  0.4953E-06  0.4098E-03  0.2096E-03  0.4018E+03
   -1.750013   26.37652  0.2497E-13  0.7539E-05  0.6447E-06  0.5842E-03  0.1290E-03  0.1168E+04
   -1.800011   26.37237  0.2497E-13  0.6334E-05  0.9864E-06  0.3519E-03  0.1420E-03 -0.5132E+03
   -1.850010   26.40057  0.2497E-13  0.5383E-05  0.1679E-05  0.4909E-03  0.5875E-04  0.5176E+06
   -1.900007   26.37252  0.2497E-13  0.4837E-05  0.3359E-05  0.2922E-03  0.7031E-04 -0.6641E+05
   -1.950005   26.41477  0.2497E-13  0.3570E-05  0.6508E-05  0.4835E-03  0.2888E-04  0.6353E+02
   -2.000002   26.40677  0.2497E-13  0.0000E+00  0.0000E+00  0.0000E+00  0.1169E-03  0.0000E+00
