 1 - depth, m
 2 - temperature, C
 3 - salinity, kg/kg
 4 - turbulent kinetic energy, m**2/s**2
 5 - dissipation rate, m**2/s**3
 6 - kinematic heat conductance, m**2/s
 7 - modulus of horizontal velocity, m/s
 8 - Richardson number, n/d
   -0.000000   30.58100  0.5191E-14  0.5797E-05  0.3193E-06  0.5575E-04  0.4206E-02  0.2120E+03
   -0.049997   30.61087  0.5191E-14  0.9095E-05  0.1364E-06  0.2127E-03  0.2259E-02  0.1098E+03
   -0.099994   30.61951  0.5191E-14  0.1055E-04  0.9834E-07  0.3877E-03  0.1823E-02  0.3251E+01
   -0.149992   30.62293  0.5191E-14  0.1155E-04  0.8333E-07  0.4829E-03  0.1637E-02  0.1758E+01
   -0.199991   30.62556  0.5191E-14  0.1235E-04  0.7451E-07  0.6037E-03  0.1491E-02  0.1307E+01
   -0.249989   30.62760  0.5191E-14  0.1305E-04  0.6846E-07  0.7138E-03  0.1373E-02  0.1297E+01
   -0.299988   30.62928  0.5191E-14  0.1371E-04  0.6373E-07  0.8465E-03  0.1262E-02  0.1392E+01
   -0.349988   30.63066  0.5191E-14  0.1432E-04  0.5985E-07  0.9953E-03  0.1153E-02  0.1489E+01
   -0.399988   30.63180  0.5191E-14  0.1489E-04  0.5664E-07  0.1150E-02  0.1046E-02  0.1512E+01
   -0.449988   30.63277  0.5191E-14  0.1541E-04  0.5398E-07  0.1302E-02  0.9480E-03  0.1511E+01
   -0.499988   30.63361  0.5191E-14  0.1585E-04  0.5179E-07  0.1442E-02  0.8602E-03  0.1505E+01
   -0.549989   30.63436  0.5191E-14  0.1623E-04  0.5001E-07  0.1570E-02  0.7821E-03  0.1488E+01
   -0.599989   30.63503  0.5191E-14  0.1654E-04  0.4856E-07  0.1684E-02  0.7127E-03  0.1468E+01
   -0.649991   30.63564  0.5191E-14  0.1679E-04  0.4738E-07  0.1781E-02  0.6510E-03  0.1443E+01
   -0.699992   30.63622  0.5191E-14  0.1698E-04  0.4645E-07  0.1861E-02  0.5961E-03  0.1416E+01
   -0.749993   30.63676  0.5191E-14  0.1713E-04  0.4573E-07  0.1923E-02  0.5472E-03  0.1385E+01
   -0.799995   30.63727  0.5191E-14  0.1722E-04  0.4520E-07  0.1968E-02  0.5036E-03  0.1352E+01
   -0.849996   30.63777  0.5191E-14  0.1727E-04  0.4483E-07  0.1995E-02  0.4648E-03  0.1315E+01
   -0.899998   30.63826  0.5191E-14  0.1729E-04  0.4462E-07  0.2007E-02  0.4302E-03  0.1277E+01
   -0.949999   30.63873  0.5191E-14  0.1727E-04  0.4455E-07  0.2004E-02  0.3993E-03  0.1236E+01
   -1.000001   30.63921  0.5191E-14  0.1723E-04  0.4461E-07  0.1987E-02  0.3718E-03  0.1192E+01
   -1.050003   30.63968  0.5191E-14  0.1716E-04  0.4479E-07  0.1948E-02  0.3473E-03  0.1148E+01
   -1.100005   30.64015  0.5191E-14  0.1708E-04  0.4507E-07  0.2135E-02  0.3256E-03  0.2568E+01
   -1.150006   30.64058  0.5191E-14  0.1697E-04  0.4549E-07  0.1733E-02  0.3104E-03  0.6902E+01
   -1.200008   30.64111  0.5191E-14  0.1684E-04  0.4604E-07  0.1837E-02  0.2929E-03  0.1259E+01
   -1.250009   30.64161  0.5191E-14  0.1669E-04  0.4681E-07  0.1794E-02  0.2764E-03  0.1310E+01
   -1.300011   30.64211  0.5191E-14  0.1650E-04  0.4784E-07  0.1723E-02  0.2606E-03  0.1535E+01
   -1.350012   30.64263  0.5191E-14  0.1627E-04  0.4919E-07  0.1648E-02  0.2453E-03  0.1871E+01
   -1.400013   30.64317  0.5191E-14  0.1600E-04  0.5103E-07  0.1544E-02  0.2303E-03  0.2379E+01
   -1.450014   30.64375  0.5191E-14  0.1568E-04  0.5353E-07  0.1455E-02  0.2153E-03  0.3135E+01
   -1.500014   30.64437  0.5191E-14  0.1530E-04  0.5704E-07  0.1318E-02  0.2005E-03  0.4517E+01
   -1.550015   30.64507  0.5191E-14  0.1484E-04  0.6210E-07  0.1236E-02  0.1853E-03  0.7266E+01
   -1.600015   30.64583  0.5191E-14  0.1425E-04  0.7032E-07  0.1071E-02  0.1704E-03 -0.4266E+03
   -1.650014   30.64689  0.5191E-14  0.1349E-04  0.8317E-07  0.9904E-03  0.1529E-03  0.9347E+03
   -1.700014   30.64807  0.5191E-14  0.1244E-04  0.1062E-06  0.7899E-03  0.1359E-03  0.1586E+04
   -1.750013   30.65039  0.5191E-14  0.1119E-04  0.1420E-06  0.7148E-03  0.1120E-03  0.4110E+05
   -1.800012   30.65166  0.5191E-14  0.9627E-05  0.2204E-06  0.4823E-03  0.9659E-04  0.1702E+05
   -1.850010   30.66039  0.5191E-14  0.8060E-05  0.3689E-06  0.4587E-03  0.6496E-04  0.3109E+08
   -1.900008   30.65659  0.5191E-14  0.6361E-05  0.7706E-06  0.2169E-03  0.5402E-04 -0.2699E+05
   -1.950005   30.67883  0.5191E-14  0.4573E-05  0.1829E-05  0.2253E-03  0.2788E-04 -0.8018E+05
   -2.000002   30.67826  0.5191E-14  0.0000E+00  0.0000E+00  0.0000E+00  0.5901E-04  0.0000E+00
