 1 - depth, m
 2 - temperature, C
 3 - salinity, kg/kg
 4 - turbulent kinetic energy, m**2/s**2
 5 - dissipation rate, m**2/s**3
 6 - kinematic heat conductance, m**2/s
 7 - modulus of horizontal velocity, m/s
 8 - Richardson number, n/d
   -0.000000   26.20207  0.5870E-14  0.1482E-04  0.9204E-06  0.3119E-04  0.1977E-01 -0.1031E+00
   -0.049997   26.25705  0.5870E-14  0.1513E-04  0.3104E-06  0.1491E-03  0.1124E-01  0.1164E+01
   -0.099994   26.26856  0.5870E-14  0.1582E-04  0.2030E-06  0.4098E-03  0.9250E-02  0.1016E+04
   -0.149992   26.27233  0.5870E-14  0.1669E-04  0.1629E-06  0.5220E-03  0.8421E-02  0.4160E+01
   -0.199990   26.27517  0.5870E-14  0.1774E-04  0.1373E-06  0.6442E-03  0.7621E-02  0.4984E+01
   -0.249989   26.27740  0.5870E-14  0.1881E-04  0.1198E-06  0.7114E-03  0.6889E-02  0.5480E+01
   -0.299988   26.27936  0.5870E-14  0.1982E-04  0.1069E-06  0.7843E-03  0.6197E-02  0.6272E+01
   -0.349988   26.28111  0.5870E-14  0.2071E-04  0.9672E-07  0.8665E-03  0.5532E-02  0.7343E+01
   -0.399987   26.28264  0.5870E-14  0.2144E-04  0.8821E-07  0.9767E-03  0.4880E-02  0.6205E+01
   -0.449987   26.28398  0.5870E-14  0.2200E-04  0.8095E-07  0.1099E-02  0.4284E-02  0.4897E+01
   -0.499988   26.28515  0.5870E-14  0.2242E-04  0.7478E-07  0.1227E-02  0.3754E-02  0.4042E+01
   -0.549988   26.28617  0.5870E-14  0.2269E-04  0.6956E-07  0.1354E-02  0.3282E-02  0.3433E+01
   -0.599989   26.28709  0.5870E-14  0.2283E-04  0.6516E-07  0.1467E-02  0.2864E-02  0.2992E+01
   -0.649990   26.28792  0.5870E-14  0.2285E-04  0.6151E-07  0.1556E-02  0.2495E-02  0.2662E+01
   -0.699991   26.28869  0.5870E-14  0.2275E-04  0.5851E-07  0.1615E-02  0.2172E-02  0.2406E+01
   -0.749992   26.28942  0.5870E-14  0.2254E-04  0.5612E-07  0.1648E-02  0.1888E-02  0.2201E+01
   -0.799994   26.29013  0.5870E-14  0.2224E-04  0.5428E-07  0.1660E-02  0.1642E-02  0.2030E+01
   -0.849995   26.29083  0.5870E-14  0.2186E-04  0.5295E-07  0.1664E-02  0.1428E-02  0.1880E+01
   -0.899997   26.29151  0.5870E-14  0.2141E-04  0.5209E-07  0.1669E-02  0.1244E-02  0.1746E+01
   -0.949999   26.29219  0.5870E-14  0.2091E-04  0.5166E-07  0.1681E-02  0.1085E-02  0.1626E+01
   -1.000000   26.29285  0.5870E-14  0.2037E-04  0.5163E-07  0.1712E-02  0.9485E-03  0.1520E+01
   -1.050002   26.29350  0.5870E-14  0.1981E-04  0.5198E-07  0.1676E-02  0.8315E-03  0.1377E+01
   -1.100004   26.29416  0.5870E-14  0.1949E-04  0.5237E-07  0.2391E-02  0.7273E-03  0.1162E+01
   -1.150005   26.29462  0.5870E-14  0.1925E-04  0.5284E-07  0.1935E-02  0.6940E-03  0.1962E+01
   -1.200007   26.29518  0.5870E-14  0.1890E-04  0.5374E-07  0.2003E-02  0.6631E-03  0.1176E+01
   -1.250008   26.29571  0.5870E-14  0.1832E-04  0.5550E-07  0.1733E-02  0.5988E-03  0.1070E+01
   -1.300010   26.29634  0.5870E-14  0.1780E-04  0.5742E-07  0.1594E-02  0.5468E-03  0.9750E+00
   -1.350011   26.29702  0.5870E-14  0.1729E-04  0.5967E-07  0.1484E-02  0.5035E-03  0.9346E+00
   -1.400012   26.29775  0.5870E-14  0.1676E-04  0.6285E-07  0.1422E-02  0.4668E-03  0.1112E+01
   -1.450013   26.29853  0.5870E-14  0.1617E-04  0.6758E-07  0.1213E-02  0.4325E-03  0.1436E+01
   -1.500013   26.29947  0.5870E-14  0.1550E-04  0.7450E-07  0.1224E-02  0.3990E-03  0.2078E+01
   -1.550013   26.30044  0.5870E-14  0.1469E-04  0.8572E-07  0.1017E-02  0.3678E-03  0.3921E+01
   -1.600013   26.30190  0.5870E-14  0.1361E-04  0.1019E-06  0.1058E-02  0.3325E-03  0.2788E+02
   -1.650013   26.30324  0.5870E-14  0.1206E-04  0.1383E-06  0.7939E-03  0.2993E-03 -0.4960E+02
   -1.700013   26.30658  0.5870E-14  0.8805E-05  0.5010E-06  0.4061E-03  0.2426E-03  0.2918E+03
   -1.750012   26.31386  0.5870E-14  0.7554E-05  0.6545E-06  0.5788E-03  0.1497E-03  0.4260E+03
   -1.800010   26.30958  0.5870E-14  0.6343E-05  0.1004E-05  0.3523E-03  0.1655E-03 -0.3790E+03
   -1.850009   26.33783  0.5870E-14  0.5403E-05  0.1709E-05  0.4932E-03  0.6844E-04  0.4199E+06
   -1.900006   26.30974  0.5870E-14  0.4860E-05  0.3429E-05  0.2971E-03  0.8217E-04 -0.4844E+05
   -1.950004   26.35162  0.5870E-14  0.3574E-05  0.6637E-05  0.4864E-03  0.3379E-04  0.3718E+02
   -2.000001   26.34470  0.5870E-14  0.0000E+00  0.0000E+00  0.0000E+00  0.1369E-03  0.0000E+00
