 1 - depth, m
 2 - temperature, C
 3 - salinity, kg/kg
 4 - turbulent kinetic energy, m**2/s**2
 5 - dissipation rate, m**2/s**3
 6 - kinematic heat conductance, m**2/s
 7 - modulus of horizontal velocity, m/s
 8 - Richardson number, n/d
   -0.000000   30.46692  0.4951E-14  0.4844E-05  0.3004E-06  0.4885E-04  0.1016E-02  0.4159E+04
   -0.049997   30.49894  0.4951E-14  0.8413E-05  0.1335E-06  0.1859E-03  0.5670E-03  0.5779E+02
   -0.099994   30.51028  0.4951E-14  0.1018E-04  0.9274E-07  0.4038E-03  0.4204E-03  0.4951E+02
   -0.149992   30.51354  0.4951E-14  0.1129E-04  0.7804E-07  0.4891E-03  0.3716E-03  0.2437E+02
   -0.199991   30.51612  0.4951E-14  0.1216E-04  0.6940E-07  0.6509E-03  0.3323E-03  0.1572E+02
   -0.249989   30.51800  0.4951E-14  0.1285E-04  0.6372E-07  0.7765E-03  0.3028E-03  0.1161E+02
   -0.299988   30.51953  0.4951E-14  0.1341E-04  0.5967E-07  0.9024E-03  0.2782E-03  0.9268E+01
   -0.349988   30.52082  0.4951E-14  0.1387E-04  0.5664E-07  0.1016E-02  0.2571E-03  0.7907E+01
   -0.399988   30.52193  0.4951E-14  0.1426E-04  0.5427E-07  0.1120E-02  0.2384E-03  0.7065E+01
   -0.449988   30.52292  0.4951E-14  0.1460E-04  0.5234E-07  0.1216E-02  0.2220E-03  0.6608E+01
   -0.499988   30.52382  0.4951E-14  0.1489E-04  0.5075E-07  0.1304E-02  0.2075E-03  0.6449E+01
   -0.549989   30.52464  0.4951E-14  0.1514E-04  0.4942E-07  0.1385E-02  0.1944E-03  0.6334E+01
   -0.599990   30.52540  0.4951E-14  0.1536E-04  0.4829E-07  0.1458E-02  0.1826E-03  0.6357E+01
   -0.649991   30.52610  0.4951E-14  0.1554E-04  0.4734E-07  0.1524E-02  0.1719E-03  0.6403E+01
   -0.699992   30.52677  0.4951E-14  0.1570E-04  0.4653E-07  0.1582E-02  0.1619E-03  0.6571E+01
   -0.749993   30.52741  0.4951E-14  0.1583E-04  0.4586E-07  0.1632E-02  0.1528E-03  0.6749E+01
   -0.799995   30.52801  0.4951E-14  0.1593E-04  0.4530E-07  0.1675E-02  0.1443E-03  0.7057E+01
   -0.849996   30.52860  0.4951E-14  0.1601E-04  0.4485E-07  0.1709E-02  0.1363E-03  0.7378E+01
   -0.899998   30.52916  0.4951E-14  0.1607E-04  0.4450E-07  0.1736E-02  0.1288E-03  0.7851E+01
   -0.949999   30.52971  0.4951E-14  0.1611E-04  0.4426E-07  0.1754E-02  0.1218E-03  0.8357E+01
   -1.000001   30.53025  0.4951E-14  0.1612E-04  0.4411E-07  0.1764E-02  0.1151E-03  0.9053E+01
   -1.050003   30.53079  0.4951E-14  0.1611E-04  0.4407E-07  0.1764E-02  0.1088E-03  0.1020E+02
   -1.100005   30.53131  0.4951E-14  0.1608E-04  0.4415E-07  0.1856E-02  0.1027E-03  0.3374E+02
   -1.150006   30.53181  0.4951E-14  0.1603E-04  0.4437E-07  0.1671E-02  0.9733E-04  0.7764E+02
   -1.200008   30.53236  0.4951E-14  0.1595E-04  0.4471E-07  0.1701E-02  0.9169E-04  0.1474E+02
   -1.250009   30.53290  0.4951E-14  0.1585E-04  0.4524E-07  0.1670E-02  0.8632E-04  0.1575E+02
   -1.300011   30.53344  0.4951E-14  0.1571E-04  0.4598E-07  0.1619E-02  0.8115E-04  0.1835E+02
   -1.350012   30.53400  0.4951E-14  0.1554E-04  0.4699E-07  0.1559E-02  0.7613E-04  0.2207E+02
   -1.400013   30.53457  0.4951E-14  0.1534E-04  0.4837E-07  0.1480E-02  0.7124E-04  0.2722E+02
   -1.450014   30.53518  0.4951E-14  0.1509E-04  0.5025E-07  0.1401E-02  0.6642E-04  0.3489E+02
   -1.500014   30.53582  0.4951E-14  0.1479E-04  0.5288E-07  0.1287E-02  0.6169E-04  0.4753E+02
   -1.550015   30.53652  0.4951E-14  0.1442E-04  0.5661E-07  0.1204E-02  0.5692E-04  0.6820E+02
   -1.600015   30.53728  0.4951E-14  0.1396E-04  0.6237E-07  0.1058E-02  0.5226E-04  0.1357E+03
   -1.650014   30.53822  0.4951E-14  0.1337E-04  0.7137E-07  0.9797E-03  0.4722E-04  0.2065E+04
   -1.700014   30.53928  0.4951E-14  0.1255E-04  0.8745E-07  0.7975E-03  0.4224E-04 -0.4326E+04
   -1.750013   30.54119  0.4951E-14  0.1148E-04  0.1138E-06  0.7170E-03  0.3560E-04  0.5269E+06
   -1.800012   30.54272  0.4951E-14  0.1005E-04  0.1697E-06  0.5013E-03  0.3049E-04 -0.4606E+05
   -1.850010   30.54925  0.4951E-14  0.8502E-05  0.2749E-06  0.4572E-03  0.2154E-04  0.5017E+09
   -1.900008   30.54777  0.4951E-14  0.6696E-05  0.5778E-06  0.2093E-03  0.1753E-04  0.7336E+06
   -1.950005   30.56772  0.4951E-14  0.4733E-05  0.1423E-05  0.1959E-03  0.9313E-05 -0.8261E+06
   -2.000002   30.56870  0.4951E-14  0.0000E+00  0.0000E+00  0.0000E+00  0.1770E-04  0.0000E+00
