 1 - depth, m
 2 - temperature, C
 3 - salinity, kg/kg
 4 - turbulent kinetic energy, m**2/s**2
 5 - dissipation rate, m**2/s**3
 6 - kinematic heat conductance, m**2/s
 7 - modulus of horizontal velocity, m/s
 8 - Richardson number, n/d
   -0.000000   30.43411  0.4372E-14  0.4492E-05  0.2646E-06  0.4637E-04  0.4989E-03  0.9843E+05
   -0.049997   30.46408  0.4372E-14  0.8000E-05  0.1174E-06  0.1870E-03  0.2753E-03  0.8746E+04
   -0.099994   30.47371  0.4372E-14  0.9643E-05  0.8233E-07  0.4077E-03  0.2035E-03  0.2441E+03
   -0.149992   30.47659  0.4372E-14  0.1068E-04  0.6975E-07  0.4894E-03  0.1801E-03  0.1212E+03
   -0.199991   30.47889  0.4372E-14  0.1150E-04  0.6230E-07  0.6489E-03  0.1612E-03  0.8011E+02
   -0.249989   30.48058  0.4372E-14  0.1215E-04  0.5739E-07  0.7737E-03  0.1469E-03  0.5973E+02
   -0.299988   30.48196  0.4372E-14  0.1269E-04  0.5388E-07  0.8967E-03  0.1350E-03  0.4807E+02
   -0.349988   30.48312  0.4372E-14  0.1314E-04  0.5125E-07  0.1009E-02  0.1247E-03  0.4118E+02
   -0.399988   30.48414  0.4372E-14  0.1352E-04  0.4921E-07  0.1111E-02  0.1157E-03  0.3695E+02
   -0.449988   30.48504  0.4372E-14  0.1384E-04  0.4755E-07  0.1206E-02  0.1077E-03  0.3462E+02
   -0.499988   30.48586  0.4372E-14  0.1413E-04  0.4619E-07  0.1293E-02  0.1006E-03  0.3387E+02
   -0.549989   30.48661  0.4372E-14  0.1438E-04  0.4506E-07  0.1373E-02  0.9425E-04  0.3331E+02
   -0.599990   30.48730  0.4372E-14  0.1460E-04  0.4411E-07  0.1446E-02  0.8849E-04  0.3353E+02
   -0.649991   30.48795  0.4372E-14  0.1479E-04  0.4332E-07  0.1511E-02  0.8326E-04  0.3381E+02
   -0.699992   30.48857  0.4372E-14  0.1496E-04  0.4266E-07  0.1568E-02  0.7842E-04  0.3481E+02
   -0.749993   30.48915  0.4372E-14  0.1510E-04  0.4213E-07  0.1619E-02  0.7398E-04  0.3580E+02
   -0.799995   30.48972  0.4372E-14  0.1521E-04  0.4169E-07  0.1661E-02  0.6982E-04  0.3757E+02
   -0.849996   30.49026  0.4372E-14  0.1531E-04  0.4136E-07  0.1696E-02  0.6596E-04  0.3932E+02
   -0.899998   30.49079  0.4372E-14  0.1539E-04  0.4112E-07  0.1724E-02  0.6231E-04  0.4201E+02
   -0.950000   30.49130  0.4372E-14  0.1544E-04  0.4097E-07  0.1743E-02  0.5889E-04  0.4475E+02
   -1.000001   30.49181  0.4372E-14  0.1548E-04  0.4092E-07  0.1754E-02  0.5564E-04  0.4867E+02
   -1.050003   30.49231  0.4372E-14  0.1549E-04  0.4096E-07  0.1756E-02  0.5257E-04  0.5494E+02
   -1.100005   30.49280  0.4372E-14  0.1549E-04  0.4111E-07  0.1837E-02  0.4962E-04  0.1848E+03
   -1.150006   30.49328  0.4372E-14  0.1546E-04  0.4138E-07  0.1681E-02  0.4699E-04  0.4088E+03
   -1.200008   30.49380  0.4372E-14  0.1541E-04  0.4178E-07  0.1702E-02  0.4428E-04  0.7923E+02
   -1.250009   30.49431  0.4372E-14  0.1534E-04  0.4233E-07  0.1672E-02  0.4167E-04  0.8514E+02
   -1.300011   30.49482  0.4372E-14  0.1524E-04  0.4308E-07  0.1624E-02  0.3918E-04  0.9904E+02
   -1.350012   30.49536  0.4372E-14  0.1511E-04  0.4408E-07  0.1566E-02  0.3674E-04  0.1189E+03
   -1.400013   30.49591  0.4372E-14  0.1495E-04  0.4539E-07  0.1493E-02  0.3438E-04  0.1456E+03
   -1.450014   30.49649  0.4372E-14  0.1474E-04  0.4714E-07  0.1415E-02  0.3205E-04  0.1855E+03
   -1.500014   30.49711  0.4372E-14  0.1449E-04  0.4953E-07  0.1308E-02  0.2978E-04  0.2482E+03
   -1.550015   30.49778  0.4372E-14  0.1418E-04  0.5285E-07  0.1221E-02  0.2749E-04  0.3509E+03
   -1.600015   30.49851  0.4372E-14  0.1379E-04  0.5778E-07  0.1081E-02  0.2524E-04  0.6113E+03
   -1.650015   30.49938  0.4372E-14  0.1329E-04  0.6535E-07  0.9982E-03  0.2287E-04  0.1797E+04
   -1.700014   30.50038  0.4372E-14  0.1260E-04  0.7884E-07  0.8198E-03  0.2054E-04  0.8107E+05
   -1.750013   30.50206  0.4372E-14  0.1167E-04  0.1009E-06  0.7380E-03  0.1752E-04  0.5408E+06
   -1.800012   30.50359  0.4372E-14  0.1039E-04  0.1452E-06  0.5207E-03  0.1506E-04  0.2588E+06
   -1.850010   30.50911  0.4372E-14  0.8895E-05  0.2309E-06  0.4723E-03  0.1098E-04  0.6633E+09
   -1.900008   30.50872  0.4372E-14  0.7097E-05  0.4795E-06  0.2152E-03  0.8869E-05  0.2404E+07
   -1.950006   30.52729  0.4372E-14  0.4926E-05  0.1213E-05  0.1772E-03  0.4875E-05 -0.1126E+08
   -2.000003   30.52941  0.4372E-14  0.0000E+00  0.0000E+00  0.0000E+00  0.8516E-05  0.0000E+00
