 1 - depth, m
 2 - temperature, C
 3 - salinity, kg/kg
 4 - turbulent kinetic energy, m**2/s**2
 5 - dissipation rate, m**2/s**3
 6 - kinematic heat conductance, m**2/s
 7 - modulus of horizontal velocity, m/s
 8 - Richardson number, n/d
   -0.000000   30.45317  0.2723E-13  0.4546E-05  0.2628E-06  0.4472E-04  0.2757E-03  0.6692E+06
   -0.049997   30.48537  0.2723E-13  0.8172E-05  0.1172E-06  0.1972E-03  0.1478E-03  0.3337E+05
   -0.099994   30.49409  0.2723E-13  0.9777E-05  0.8322E-07  0.4084E-03  0.1111E-03  0.6040E+03
   -0.149992   30.49706  0.2723E-13  0.1081E-04  0.7064E-07  0.4950E-03  0.9827E-04  0.3038E+03
   -0.199991   30.49939  0.2723E-13  0.1162E-04  0.6316E-07  0.6521E-03  0.8800E-04  0.2020E+03
   -0.249989   30.50111  0.2723E-13  0.1227E-04  0.5819E-07  0.7772E-03  0.8020E-04  0.1516E+03
   -0.299989   30.50252  0.2723E-13  0.1280E-04  0.5462E-07  0.8991E-03  0.7370E-04  0.1220E+03
   -0.349988   30.50370  0.2723E-13  0.1324E-04  0.5193E-07  0.1010E-02  0.6809E-04  0.1052E+03
   -0.399988   30.50474  0.2723E-13  0.1361E-04  0.4983E-07  0.1112E-02  0.6313E-04  0.9412E+02
   -0.449988   30.50566  0.2723E-13  0.1393E-04  0.4813E-07  0.1205E-02  0.5875E-04  0.8878E+02
   -0.499988   30.50649  0.2723E-13  0.1421E-04  0.4671E-07  0.1292E-02  0.5488E-04  0.8653E+02
   -0.549989   30.50725  0.2723E-13  0.1445E-04  0.4553E-07  0.1371E-02  0.5140E-04  0.8572E+02
   -0.599990   30.50795  0.2723E-13  0.1466E-04  0.4454E-07  0.1442E-02  0.4825E-04  0.8590E+02
   -0.649991   30.50861  0.2723E-13  0.1484E-04  0.4371E-07  0.1506E-02  0.4538E-04  0.8732E+02
   -0.699992   30.50924  0.2723E-13  0.1499E-04  0.4300E-07  0.1563E-02  0.4274E-04  0.8944E+02
   -0.749993   30.50983  0.2723E-13  0.1512E-04  0.4242E-07  0.1612E-02  0.4029E-04  0.9277E+02
   -0.799995   30.51040  0.2723E-13  0.1522E-04  0.4194E-07  0.1654E-02  0.3802E-04  0.9683E+02
   -0.849996   30.51095  0.2723E-13  0.1531E-04  0.4157E-07  0.1688E-02  0.3589E-04  0.1023E+03
   -0.899998   30.51148  0.2723E-13  0.1537E-04  0.4128E-07  0.1714E-02  0.3390E-04  0.1086E+03
   -0.950000   30.51200  0.2723E-13  0.1541E-04  0.4110E-07  0.1731E-02  0.3202E-04  0.1168E+03
   -1.000001   30.51251  0.2723E-13  0.1544E-04  0.4100E-07  0.1742E-02  0.3025E-04  0.1264E+03
   -1.050003   30.51301  0.2723E-13  0.1544E-04  0.4100E-07  0.1742E-02  0.2856E-04  0.1439E+03
   -1.100005   30.51351  0.2723E-13  0.1542E-04  0.4111E-07  0.1829E-02  0.2695E-04  0.4778E+03
   -1.150006   30.51398  0.2723E-13  0.1538E-04  0.4135E-07  0.1657E-02  0.2552E-04  0.1083E+04
   -1.200008   30.51450  0.2723E-13  0.1531E-04  0.4171E-07  0.1683E-02  0.2402E-04  0.2095E+03
   -1.250009   30.51501  0.2723E-13  0.1523E-04  0.4223E-07  0.1652E-02  0.2260E-04  0.2242E+03
   -1.300011   30.51553  0.2723E-13  0.1511E-04  0.4295E-07  0.1603E-02  0.2123E-04  0.2635E+03
   -1.350012   30.51606  0.2723E-13  0.1496E-04  0.4392E-07  0.1544E-02  0.1990E-04  0.3159E+03
   -1.400013   30.51661  0.2723E-13  0.1478E-04  0.4522E-07  0.1468E-02  0.1861E-04  0.3914E+03
   -1.450014   30.51719  0.2723E-13  0.1456E-04  0.4697E-07  0.1390E-02  0.1734E-04  0.4993E+03
   -1.500015   30.51781  0.2723E-13  0.1429E-04  0.4938E-07  0.1280E-02  0.1609E-04  0.6780E+03
   -1.550015   30.51848  0.2723E-13  0.1395E-04  0.5278E-07  0.1193E-02  0.1484E-04  0.9637E+03
   -1.600015   30.51921  0.2723E-13  0.1354E-04  0.5790E-07  0.1053E-02  0.1361E-04  0.1756E+04
   -1.650015   30.52009  0.2723E-13  0.1300E-04  0.6584E-07  0.9696E-03  0.1231E-04  0.1300E+05
   -1.700014   30.52110  0.2723E-13  0.1226E-04  0.8009E-07  0.7946E-03  0.1102E-04  0.2005E+06
   -1.750013   30.52284  0.2723E-13  0.1127E-04  0.1033E-06  0.7119E-03  0.9331E-05  0.8952E+06
   -1.800012   30.52434  0.2723E-13  0.9921E-05  0.1527E-06  0.4948E-03  0.7994E-05  0.1273E+08
   -1.850010   30.53040  0.2723E-13  0.8390E-05  0.2456E-06  0.4497E-03  0.5693E-05  0.4123E+09
   -1.900008   30.52943  0.2723E-13  0.6583E-05  0.5081E-06  0.2016E-03  0.4587E-05 -0.5536E+07
   -1.950006   30.54862  0.2723E-13  0.4604E-05  0.1276E-05  0.1861E-03  0.2423E-05 -0.1343E+08
   -2.000003   30.55010  0.2723E-13  0.0000E+00  0.0000E+00  0.0000E+00  0.4530E-05  0.0000E+00
