 1 - depth, m
 2 - temperature, C
 3 - salinity, kg/kg
 4 - turbulent kinetic energy, m**2/s**2
 5 - dissipation rate, m**2/s**3
 6 - kinematic heat conductance, m**2/s
 7 - modulus of horizontal velocity, m/s
 8 - Richardson number, n/d
   -0.000000   30.14820  0.1096E-12  0.4207E-05  0.2359E-06  0.4422E-04  0.5074E-03  0.1416E+06
   -0.049997   30.17699  0.1096E-12  0.7506E-05  0.1050E-06  0.1832E-03  0.2778E-03  0.3878E+04
   -0.099994   30.18578  0.1096E-12  0.9018E-05  0.7394E-07  0.3942E-03  0.2055E-03  0.2366E+03
   -0.149992   30.18851  0.1096E-12  0.9978E-05  0.6271E-07  0.4767E-03  0.1817E-03  0.1168E+03
   -0.199991   30.19066  0.1096E-12  0.1073E-04  0.5603E-07  0.6282E-03  0.1624E-03  0.7748E+02
   -0.249989   30.19226  0.1096E-12  0.1133E-04  0.5160E-07  0.7492E-03  0.1478E-03  0.5769E+02
   -0.299989   30.19355  0.1096E-12  0.1182E-04  0.4843E-07  0.8671E-03  0.1356E-03  0.4640E+02
   -0.349988   30.19465  0.1096E-12  0.1223E-04  0.4603E-07  0.9747E-03  0.1252E-03  0.3972E+02
   -0.399988   30.19560  0.1096E-12  0.1257E-04  0.4417E-07  0.1073E-02  0.1159E-03  0.3562E+02
   -0.449988   30.19645  0.1096E-12  0.1287E-04  0.4265E-07  0.1165E-02  0.1077E-03  0.3336E+02
   -0.499988   30.19721  0.1096E-12  0.1313E-04  0.4140E-07  0.1249E-02  0.1005E-03  0.3264E+02
   -0.549989   30.19791  0.1096E-12  0.1336E-04  0.4035E-07  0.1326E-02  0.9404E-04  0.3209E+02
   -0.599990   30.19856  0.1096E-12  0.1356E-04  0.3948E-07  0.1396E-02  0.8817E-04  0.3231E+02
   -0.649991   30.19917  0.1096E-12  0.1374E-04  0.3874E-07  0.1459E-02  0.8284E-04  0.3258E+02
   -0.699992   30.19974  0.1096E-12  0.1388E-04  0.3813E-07  0.1515E-02  0.7793E-04  0.3354E+02
   -0.749993   30.20028  0.1096E-12  0.1401E-04  0.3762E-07  0.1564E-02  0.7341E-04  0.3449E+02
   -0.799995   30.20080  0.1096E-12  0.1412E-04  0.3721E-07  0.1606E-02  0.6919E-04  0.3619E+02
   -0.849996   30.20131  0.1096E-12  0.1421E-04  0.3688E-07  0.1641E-02  0.6527E-04  0.3788E+02
   -0.899998   30.20179  0.1096E-12  0.1428E-04  0.3664E-07  0.1668E-02  0.6158E-04  0.4045E+02
   -0.950000   30.20227  0.1096E-12  0.1433E-04  0.3649E-07  0.1687E-02  0.5812E-04  0.4308E+02
   -1.000001   30.20274  0.1096E-12  0.1436E-04  0.3641E-07  0.1700E-02  0.5483E-04  0.4685E+02
   -1.050003   30.20320  0.1096E-12  0.1437E-04  0.3642E-07  0.1703E-02  0.5174E-04  0.5288E+02
   -1.100005   30.20365  0.1096E-12  0.1437E-04  0.3653E-07  0.1774E-02  0.4877E-04  0.1792E+03
   -1.150007   30.20409  0.1096E-12  0.1435E-04  0.3674E-07  0.1644E-02  0.4612E-04  0.3892E+03
   -1.200008   30.20456  0.1096E-12  0.1431E-04  0.3705E-07  0.1656E-02  0.4341E-04  0.7584E+02
   -1.250010   30.20503  0.1096E-12  0.1424E-04  0.3751E-07  0.1629E-02  0.4080E-04  0.8155E+02
   -1.300011   30.20550  0.1096E-12  0.1416E-04  0.3813E-07  0.1585E-02  0.3830E-04  0.9450E+02
   -1.350012   30.20599  0.1096E-12  0.1404E-04  0.3895E-07  0.1531E-02  0.3587E-04  0.1132E+03
   -1.400013   30.20649  0.1096E-12  0.1390E-04  0.4004E-07  0.1463E-02  0.3352E-04  0.1378E+03
   -1.450014   30.20702  0.1096E-12  0.1372E-04  0.4149E-07  0.1390E-02  0.3121E-04  0.1747E+03
   -1.500015   30.20758  0.1096E-12  0.1350E-04  0.4345E-07  0.1289E-02  0.2896E-04  0.2308E+03
   -1.550015   30.20819  0.1096E-12  0.1323E-04  0.4617E-07  0.1204E-02  0.2670E-04  0.3215E+03
   -1.600015   30.20884  0.1096E-12  0.1289E-04  0.5016E-07  0.1069E-02  0.2450E-04  0.5181E+03
   -1.650015   30.20961  0.1096E-12  0.1246E-04  0.5617E-07  0.9873E-03  0.2219E-04  0.3095E+04
   -1.700014   30.21047  0.1096E-12  0.1187E-04  0.6686E-07  0.8148E-03  0.1995E-04 -0.9844E+04
   -1.750014   30.21188  0.1096E-12  0.1106E-04  0.8464E-07  0.7334E-03  0.1711E-04  0.1963E+06
   -1.800012   30.21327  0.1096E-12  0.9916E-05  0.1208E-06  0.5172E-03  0.1470E-04 -0.5885E+04
   -1.850011   30.21767  0.1096E-12  0.8529E-05  0.1886E-06  0.4692E-03  0.1086E-04  0.1033E+09
   -1.900009   30.21776  0.1096E-12  0.6808E-05  0.3866E-06  0.2126E-03  0.8772E-05  0.1803E+07
   -1.950006   30.23359  0.1096E-12  0.4664E-05  0.1008E-05  0.1627E-03  0.4852E-05 -0.4869E+07
   -2.000003   30.23747  0.1096E-12  0.0000E+00  0.0000E+00  0.0000E+00  0.8182E-05  0.0000E+00
