 1 - depth, m
 2 - temperature, C
 3 - salinity, kg/kg
 4 - turbulent kinetic energy, m**2/s**2
 5 - dissipation rate, m**2/s**3
 6 - kinematic heat conductance, m**2/s
 7 - modulus of horizontal velocity, m/s
 8 - Richardson number, n/d
   -0.000000   26.09289  0.1933E-13  0.1244E-04  0.6785E-06  0.3103E-04  0.1659E-01 -0.1352E+00
   -0.049997   26.14488  0.1933E-13  0.1338E-04  0.2429E-06  0.1866E-03  0.9421E-02  0.4626E+02
   -0.099994   26.15430  0.1933E-13  0.1425E-04  0.1680E-06  0.4032E-03  0.7898E-02  0.3043E+01
   -0.149992   26.15796  0.1933E-13  0.1515E-04  0.1372E-06  0.5013E-03  0.7223E-02  0.3371E+01
   -0.199990   26.16080  0.1933E-13  0.1623E-04  0.1168E-06  0.6432E-03  0.6529E-02  0.4014E+01
   -0.249989   26.16295  0.1933E-13  0.1730E-04  0.1026E-06  0.7095E-03  0.5897E-02  0.4451E+01
   -0.299988   26.16484  0.1933E-13  0.1831E-04  0.9209E-07  0.7819E-03  0.5296E-02  0.5034E+01
   -0.349988   26.16652  0.1933E-13  0.1922E-04  0.8376E-07  0.8639E-03  0.4718E-02  0.5733E+01
   -0.399987   26.16801  0.1933E-13  0.1997E-04  0.7681E-07  0.9749E-03  0.4150E-02  0.5009E+01
   -0.449987   26.16930  0.1933E-13  0.2056E-04  0.7093E-07  0.1097E-02  0.3632E-02  0.4114E+01
   -0.499988   26.17043  0.1933E-13  0.2101E-04  0.6599E-07  0.1221E-02  0.3175E-02  0.3493E+01
   -0.549988   26.17142  0.1933E-13  0.2131E-04  0.6185E-07  0.1339E-02  0.2771E-02  0.3033E+01
   -0.599989   26.17231  0.1933E-13  0.2149E-04  0.5842E-07  0.1441E-02  0.2416E-02  0.2691E+01
   -0.649990   26.17313  0.1933E-13  0.2155E-04  0.5562E-07  0.1520E-02  0.2105E-02  0.2427E+01
   -0.699991   26.17389  0.1933E-13  0.2149E-04  0.5339E-07  0.1577E-02  0.1834E-02  0.2216E+01
   -0.749992   26.17461  0.1933E-13  0.2133E-04  0.5166E-07  0.1615E-02  0.1598E-02  0.2041E+01
   -0.799994   26.17531  0.1933E-13  0.2109E-04  0.5039E-07  0.1643E-02  0.1394E-02  0.1892E+01
   -0.849995   26.17599  0.1933E-13  0.2078E-04  0.4954E-07  0.1667E-02  0.1218E-02  0.1761E+01
   -0.899997   26.17666  0.1933E-13  0.2040E-04  0.4908E-07  0.1696E-02  0.1067E-02  0.1644E+01
   -0.949999   26.17730  0.1933E-13  0.1998E-04  0.4898E-07  0.1733E-02  0.9373E-03  0.1539E+01
   -1.000000   26.17793  0.1933E-13  0.1953E-04  0.4921E-07  0.1788E-02  0.8257E-03  0.1447E+01
   -1.050002   26.17853  0.1933E-13  0.1906E-04  0.4975E-07  0.1784E-02  0.7299E-03  0.1321E+01
   -1.100004   26.17913  0.1933E-13  0.1879E-04  0.5021E-07  0.2329E-02  0.6453E-03  0.1104E+01
   -1.150005   26.17959  0.1933E-13  0.1857E-04  0.5076E-07  0.1841E-02  0.6173E-03  0.2441E+01
   -1.200007   26.18016  0.1933E-13  0.1825E-04  0.5173E-07  0.1987E-02  0.5880E-03  0.1149E+01
   -1.250008   26.18069  0.1933E-13  0.1776E-04  0.5343E-07  0.1698E-02  0.5356E-03  0.1037E+01
   -1.300010   26.18132  0.1933E-13  0.1731E-04  0.5530E-07  0.1575E-02  0.4925E-03  0.9570E+00
   -1.350011   26.18199  0.1933E-13  0.1685E-04  0.5751E-07  0.1475E-02  0.4562E-03  0.9610E+00
   -1.400012   26.18271  0.1933E-13  0.1637E-04  0.6061E-07  0.1424E-02  0.4246E-03  0.1199E+01
   -1.450012   26.18347  0.1933E-13  0.1581E-04  0.6530E-07  0.1206E-02  0.3946E-03  0.1623E+01
   -1.500013   26.18441  0.1933E-13  0.1517E-04  0.7194E-07  0.1213E-02  0.3642E-03  0.2368E+01
   -1.550013   26.18537  0.1933E-13  0.1441E-04  0.8237E-07  0.1005E-02  0.3360E-03  0.4461E+01
   -1.600013   26.18681  0.1933E-13  0.1339E-04  0.9707E-07  0.1047E-02  0.3038E-03  0.2489E+02
   -1.650013   26.18809  0.1933E-13  0.1192E-04  0.1297E-06  0.7811E-03  0.2741E-03 -0.7909E+02
   -1.700012   26.19131  0.1933E-13  0.8703E-05  0.4739E-06  0.4081E-03  0.2231E-03  0.2355E+03
   -1.750012   26.19839  0.1933E-13  0.7431E-05  0.6182E-06  0.5786E-03  0.1376E-03  0.1431E+05
   -1.800010   26.19435  0.1933E-13  0.6247E-05  0.9498E-06  0.3524E-03  0.1513E-03 -0.4534E+03
   -1.850008   26.22253  0.1933E-13  0.5298E-05  0.1621E-05  0.4884E-03  0.6266E-04  0.3842E+06
   -1.900006   26.19444  0.1933E-13  0.4763E-05  0.3254E-05  0.2901E-03  0.7508E-04 -0.5842E+05
   -1.950004   26.23680  0.1933E-13  0.3514E-05  0.6327E-05  0.4772E-03  0.3086E-04  0.4993E+02
   -2.000001   26.22932  0.1933E-13  0.0000E+00  0.0000E+00  0.0000E+00  0.1249E-03  0.0000E+00
