 1 - depth, m
 2 - temperature, C
 3 - salinity, kg/kg
 4 - turbulent kinetic energy, m**2/s**2
 5 - dissipation rate, m**2/s**3
 6 - kinematic heat conductance, m**2/s
 7 - modulus of horizontal velocity, m/s
 8 - Richardson number, n/d
   -0.000000   29.82232  0.1395E-14  0.7676E-05  0.3295E-06  0.3183E-04  0.7204E-02 -0.5969E+00
   -0.049997   29.87275  0.1395E-14  0.1083E-04  0.1442E-06  0.2932E-03  0.3688E-02  0.4343E+01
   -0.099994   29.87800  0.1395E-14  0.1202E-04  0.1144E-06  0.3741E-03  0.3301E-02  0.1456E+01
   -0.149992   29.88198  0.1395E-14  0.1307E-04  0.9864E-07  0.4941E-03  0.3012E-02  0.1430E+01
   -0.199990   29.88489  0.1395E-14  0.1409E-04  0.8800E-07  0.6367E-03  0.2760E-02  0.1636E+01
   -0.249989   29.88708  0.1395E-14  0.1510E-04  0.8000E-07  0.8100E-03  0.2517E-02  0.1827E+01
   -0.299988   29.88876  0.1395E-14  0.1608E-04  0.7372E-07  0.9740E-03  0.2281E-02  0.1973E+01
   -0.349988   29.89013  0.1395E-14  0.1700E-04  0.6864E-07  0.1053E-02  0.2049E-02  0.2081E+01
   -0.399987   29.89136  0.1395E-14  0.1782E-04  0.6451E-07  0.1152E-02  0.1821E-02  0.2030E+01
   -0.449987   29.89246  0.1395E-14  0.1853E-04  0.6116E-07  0.1269E-02  0.1615E-02  0.1942E+01
   -0.499988   29.89344  0.1395E-14  0.1911E-04  0.5847E-07  0.1391E-02  0.1433E-02  0.1862E+01
   -0.549988   29.89432  0.1395E-14  0.1958E-04  0.5634E-07  0.1510E-02  0.1275E-02  0.1784E+01
   -0.599989   29.89511  0.1395E-14  0.1994E-04  0.5468E-07  0.1626E-02  0.1137E-02  0.1714E+01
   -0.649990   29.89584  0.1395E-14  0.2019E-04  0.5340E-07  0.1740E-02  0.1016E-02  0.1649E+01
   -0.699991   29.89651  0.1395E-14  0.2035E-04  0.5246E-07  0.1852E-02  0.9110E-03  0.1588E+01
   -0.749992   29.89713  0.1395E-14  0.2044E-04  0.5182E-07  0.1963E-02  0.8193E-03  0.1532E+01
   -0.799994   29.89770  0.1395E-14  0.2045E-04  0.5144E-07  0.2076E-02  0.7392E-03  0.1479E+01
   -0.849995   29.89824  0.1395E-14  0.2040E-04  0.5130E-07  0.2187E-02  0.6691E-03  0.1430E+01
   -0.899997   29.89875  0.1395E-14  0.2030E-04  0.5138E-07  0.2269E-02  0.6079E-03  0.1380E+01
   -0.949998   29.89923  0.1395E-14  0.2017E-04  0.5166E-07  0.2297E-02  0.5543E-03  0.1327E+01
   -1.000000   29.89971  0.1395E-14  0.1999E-04  0.5214E-07  0.2267E-02  0.5072E-03  0.1269E+01
   -1.050002   29.90019  0.1395E-14  0.1980E-04  0.5279E-07  0.2131E-02  0.4659E-03  0.1185E+01
   -1.100003   29.90070  0.1395E-14  0.1963E-04  0.5340E-07  0.2440E-02  0.4297E-03  0.1538E+01
   -1.150005   29.90114  0.1395E-14  0.1946E-04  0.5415E-07  0.1841E-02  0.4121E-03  0.4829E+01
   -1.200006   29.90172  0.1395E-14  0.1925E-04  0.5518E-07  0.2023E-02  0.3902E-03  0.1106E+01
   -1.250008   29.90225  0.1395E-14  0.1898E-04  0.5667E-07  0.1909E-02  0.3657E-03  0.1088E+01
   -1.300009   29.90281  0.1395E-14  0.1869E-04  0.5851E-07  0.1809E-02  0.3432E-03  0.1169E+01
   -1.350010   29.90340  0.1395E-14  0.1836E-04  0.6087E-07  0.1715E-02  0.3225E-03  0.1362E+01
   -1.400011   29.90403  0.1395E-14  0.1797E-04  0.6401E-07  0.1606E-02  0.3028E-03  0.1734E+01
   -1.450012   29.90471  0.1395E-14  0.1753E-04  0.6833E-07  0.1506E-02  0.2836E-03  0.2489E+01
   -1.500013   29.90546  0.1395E-14  0.1699E-04  0.7458E-07  0.1379E-02  0.2642E-03  0.9779E+02
   -1.550013   29.90633  0.1395E-14  0.1632E-04  0.8399E-07  0.1272E-02  0.2441E-03  0.2411E+02
   -1.600013   29.90748  0.1395E-14  0.1546E-04  0.9864E-07  0.1131E-02  0.2224E-03  0.2656E+04
   -1.650013   29.90898  0.1395E-14  0.1439E-04  0.1209E-06  0.1006E-02  0.1980E-03  0.9099E+04
   -1.700012   29.91060  0.1395E-14  0.1298E-04  0.1691E-06  0.8030E-03  0.1734E-03  0.2345E+05
   -1.750011   29.91415  0.1395E-14  0.1159E-04  0.2354E-06  0.7284E-03  0.1388E-03  0.5541E+06
   -1.800010   29.91507  0.1395E-14  0.9922E-05  0.3923E-06  0.4981E-03  0.1211E-03  0.1336E+05
   -1.850008   29.92868  0.1395E-14  0.8457E-05  0.6574E-06  0.4887E-03  0.7851E-04  0.4024E+08
   -1.900006   29.92018  0.1395E-14  0.6762E-05  0.1380E-05  0.2394E-03  0.6781E-04 -0.1590E+06
   -1.950003   29.95030  0.1395E-14  0.4994E-05  0.3002E-05  0.2825E-03  0.3447E-04 -0.3778E+05
   -2.000000   29.94918  0.1395E-14  0.0000E+00  0.0000E+00  0.0000E+00  0.8182E-04  0.0000E+00
