 1 - depth, m
 2 - temperature, C
 3 - salinity, kg/kg
 4 - turbulent kinetic energy, m**2/s**2
 5 - dissipation rate, m**2/s**3
 6 - kinematic heat conductance, m**2/s
 7 - modulus of horizontal velocity, m/s
 8 - Richardson number, n/d
   -0.000000   31.04637  0.7321E-14  0.4939E-05  0.2909E-06  0.4453E-04  0.1830E-03  0.7040E+07
   -0.049997   31.08292  0.7322E-14  0.8898E-05  0.1310E-06  0.2129E-03  0.9739E-04  0.7787E+06
   -0.099994   31.09141  0.7322E-14  0.1058E-04  0.9444E-07  0.4129E-03  0.7434E-04  0.5177E+04
   -0.149992   31.09470  0.7322E-14  0.1171E-04  0.8003E-07  0.5122E-03  0.6575E-04  0.2699E+04
   -0.199991   31.09721  0.7322E-14  0.1259E-04  0.7150E-07  0.6728E-03  0.5894E-04  0.1803E+04
   -0.249989   31.09907  0.7322E-14  0.1328E-04  0.6584E-07  0.8032E-03  0.5377E-04  0.1358E+04
   -0.299988   31.10059  0.7322E-14  0.1386E-04  0.6177E-07  0.9293E-03  0.4946E-04  0.1098E+04
   -0.349988   31.10187  0.7322E-14  0.1433E-04  0.5872E-07  0.1045E-02  0.4575E-04  0.9481E+03
   -0.399988   31.10299  0.7322E-14  0.1473E-04  0.5633E-07  0.1150E-02  0.4247E-04  0.8508E+03
   -0.449988   31.10398  0.7322E-14  0.1508E-04  0.5439E-07  0.1247E-02  0.3957E-04  0.8022E+03
   -0.499988   31.10487  0.7322E-14  0.1537E-04  0.5278E-07  0.1336E-02  0.3701E-04  0.7831E+03
   -0.549989   31.10569  0.7322E-14  0.1563E-04  0.5143E-07  0.1417E-02  0.3470E-04  0.7753E+03
   -0.599989   31.10645  0.7322E-14  0.1585E-04  0.5030E-07  0.1491E-02  0.3262E-04  0.7785E+03
   -0.649990   31.10716  0.7322E-14  0.1604E-04  0.4935E-07  0.1557E-02  0.3071E-04  0.7913E+03
   -0.699992   31.10783  0.7322E-14  0.1620E-04  0.4854E-07  0.1615E-02  0.2896E-04  0.8126E+03
   -0.749993   31.10847  0.7322E-14  0.1634E-04  0.4787E-07  0.1665E-02  0.2733E-04  0.8430E+03
   -0.799994   31.10908  0.7322E-14  0.1645E-04  0.4733E-07  0.1708E-02  0.2582E-04  0.8826E+03
   -0.849996   31.10967  0.7322E-14  0.1653E-04  0.4689E-07  0.1742E-02  0.2440E-04  0.9327E+03
   -0.899997   31.11025  0.7322E-14  0.1659E-04  0.4656E-07  0.1768E-02  0.2308E-04  0.9943E+03
   -0.949999   31.11080  0.7322E-14  0.1663E-04  0.4634E-07  0.1785E-02  0.2182E-04  0.1071E+04
   -1.000001   31.11135  0.7322E-14  0.1665E-04  0.4623E-07  0.1794E-02  0.2063E-04  0.1163E+04
   -1.050003   31.11189  0.7322E-14  0.1664E-04  0.4623E-07  0.1793E-02  0.1950E-04  0.1326E+04
   -1.100004   31.11243  0.7322E-14  0.1661E-04  0.4635E-07  0.1892E-02  0.1843E-04  0.4379E+04
   -1.150006   31.11294  0.7322E-14  0.1656E-04  0.4662E-07  0.1691E-02  0.1747E-04  0.1017E+05
   -1.200007   31.11350  0.7322E-14  0.1648E-04  0.4703E-07  0.1726E-02  0.1646E-04  0.1955E+04
   -1.250009   31.11405  0.7322E-14  0.1638E-04  0.4764E-07  0.1694E-02  0.1551E-04  0.2105E+04
   -1.300010   31.11460  0.7322E-14  0.1624E-04  0.4848E-07  0.1640E-02  0.1458E-04  0.2486E+04
   -1.350011   31.11518  0.7322E-14  0.1607E-04  0.4961E-07  0.1578E-02  0.1369E-04  0.3005E+04
   -1.400012   31.11577  0.7322E-14  0.1586E-04  0.5115E-07  0.1496E-02  0.1281E-04  0.3757E+04
   -1.450013   31.11640  0.7322E-14  0.1560E-04  0.5324E-07  0.1416E-02  0.1195E-04  0.4850E+04
   -1.500014   31.11706  0.7322E-14  0.1528E-04  0.5615E-07  0.1300E-02  0.1110E-04  0.6714E+04
   -1.550014   31.11780  0.7322E-14  0.1490E-04  0.6030E-07  0.1215E-02  0.1025E-04  0.9796E+04
   -1.600014   31.11859  0.7322E-14  0.1442E-04  0.6677E-07  0.1067E-02  0.9414E-05  0.2402E+05
   -1.650014   31.11960  0.7322E-14  0.1379E-04  0.7685E-07  0.9859E-03  0.8502E-05  0.2400E+07
   -1.700013   31.12073  0.7322E-14  0.1293E-04  0.9456E-07  0.8021E-03  0.7596E-05  0.3249E+06
   -1.750012   31.12276  0.7322E-14  0.1182E-04  0.1236E-06  0.7252E-03  0.6410E-05  0.1258E+08
   -1.800011   31.12433  0.7322E-14  0.1033E-04  0.1888E-06  0.4954E-03  0.5508E-05  0.1640E+07
   -1.850009   31.13160  0.7322E-14  0.8739E-05  0.3068E-06  0.4637E-03  0.3864E-05  0.1448E+11
   -1.900007   31.12963  0.7322E-14  0.6920E-05  0.6368E-06  0.2136E-03  0.3171E-05 -0.5351E+08
   -1.950005   31.15093  0.7322E-14  0.4893E-05  0.1573E-05  0.2009E-03  0.1689E-05 -0.2510E+09
   -2.000002   31.15288  0.7322E-14  0.0000E+00  0.0000E+00  0.0000E+00  0.3202E-05  0.0000E+00
