 1 - depth, m
 2 - temperature, C
 3 - salinity, kg/kg
 4 - turbulent kinetic energy, m**2/s**2
 5 - dissipation rate, m**2/s**3
 6 - kinematic heat conductance, m**2/s
 7 - modulus of horizontal velocity, m/s
 8 - Richardson number, n/d
   -0.000000   31.06169  0.2233E-14  0.4953E-05  0.2927E-06  0.4469E-04  0.1830E-03  0.3019E+07
   -0.049997   31.09825  0.2233E-14  0.8922E-05  0.1317E-06  0.2130E-03  0.9741E-04  0.2284E+07
   -0.099994   31.10678  0.2233E-14  0.1061E-04  0.9486E-07  0.4141E-03  0.7436E-04  0.5175E+04
   -0.149992   31.11007  0.2233E-14  0.1175E-04  0.8038E-07  0.5129E-03  0.6576E-04  0.2698E+04
   -0.199991   31.11259  0.2233E-14  0.1263E-04  0.7181E-07  0.6742E-03  0.5896E-04  0.1801E+04
   -0.249989   31.11445  0.2233E-14  0.1333E-04  0.6612E-07  0.8048E-03  0.5379E-04  0.1356E+04
   -0.299988   31.11597  0.2233E-14  0.1390E-04  0.6204E-07  0.9313E-03  0.4948E-04  0.1096E+04
   -0.349988   31.11725  0.2233E-14  0.1438E-04  0.5897E-07  0.1047E-02  0.4578E-04  0.9463E+03
   -0.399988   31.11837  0.2233E-14  0.1478E-04  0.5657E-07  0.1152E-02  0.4250E-04  0.8489E+03
   -0.449988   31.11936  0.2233E-14  0.1513E-04  0.5461E-07  0.1250E-02  0.3960E-04  0.8002E+03
   -0.499988   31.12026  0.2233E-14  0.1543E-04  0.5300E-07  0.1339E-02  0.3704E-04  0.7809E+03
   -0.549989   31.12108  0.2233E-14  0.1568E-04  0.5165E-07  0.1421E-02  0.3473E-04  0.7728E+03
   -0.599989   31.12184  0.2233E-14  0.1591E-04  0.5051E-07  0.1495E-02  0.3265E-04  0.7757E+03
   -0.649990   31.12255  0.2233E-14  0.1610E-04  0.4955E-07  0.1561E-02  0.3073E-04  0.7881E+03
   -0.699991   31.12322  0.2233E-14  0.1626E-04  0.4874E-07  0.1620E-02  0.2898E-04  0.8089E+03
   -0.749993   31.12386  0.2233E-14  0.1640E-04  0.4807E-07  0.1671E-02  0.2735E-04  0.8388E+03
   -0.799994   31.12447  0.2233E-14  0.1651E-04  0.4752E-07  0.1713E-02  0.2585E-04  0.8777E+03
   -0.849996   31.12506  0.2233E-14  0.1659E-04  0.4708E-07  0.1748E-02  0.2443E-04  0.9270E+03
   -0.899997   31.12563  0.2233E-14  0.1666E-04  0.4675E-07  0.1774E-02  0.2310E-04  0.9876E+03
   -0.949999   31.12619  0.2233E-14  0.1670E-04  0.4653E-07  0.1792E-02  0.2184E-04  0.1063E+04
   -1.000001   31.12674  0.2233E-14  0.1672E-04  0.4641E-07  0.1802E-02  0.2066E-04  0.1153E+04
   -1.050003   31.12728  0.2233E-14  0.1671E-04  0.4641E-07  0.1801E-02  0.1953E-04  0.1314E+04
   -1.100004   31.12782  0.2233E-14  0.1668E-04  0.4652E-07  0.1898E-02  0.1845E-04  0.4353E+04
   -1.150006   31.12832  0.2233E-14  0.1663E-04  0.4679E-07  0.1702E-02  0.1749E-04  0.9997E+04
   -1.200007   31.12889  0.2233E-14  0.1656E-04  0.4720E-07  0.1735E-02  0.1648E-04  0.1929E+04
   -1.250009   31.12943  0.2233E-14  0.1645E-04  0.4780E-07  0.1703E-02  0.1553E-04  0.2075E+04
   -1.300010   31.12999  0.2233E-14  0.1632E-04  0.4863E-07  0.1651E-02  0.1460E-04  0.2446E+04
   -1.350011   31.13056  0.2233E-14  0.1615E-04  0.4976E-07  0.1589E-02  0.1371E-04  0.2950E+04
   -1.400012   31.13115  0.2233E-14  0.1594E-04  0.5128E-07  0.1508E-02  0.1283E-04  0.3675E+04
   -1.450013   31.13178  0.2233E-14  0.1569E-04  0.5335E-07  0.1427E-02  0.1197E-04  0.4736E+04
   -1.500014   31.13244  0.2233E-14  0.1538E-04  0.5624E-07  0.1312E-02  0.1112E-04  0.6497E+04
   -1.550014   31.13317  0.2233E-14  0.1500E-04  0.6034E-07  0.1226E-02  0.1026E-04  0.9468E+04
   -1.600014   31.13397  0.2233E-14  0.1452E-04  0.6668E-07  0.1081E-02  0.9423E-05  0.2282E+05
   -1.650014   31.13496  0.2233E-14  0.1390E-04  0.7665E-07  0.9956E-03  0.8510E-05  0.6515E+05
   -1.700013   31.13611  0.2233E-14  0.1305E-04  0.9404E-07  0.8154E-03  0.7586E-05  0.5476E+05
   -1.750012   31.13811  0.2233E-14  0.1197E-04  0.1220E-06  0.7330E-03  0.6386E-05  0.8435E+08
   -1.800011   31.13962  0.2233E-14  0.1054E-04  0.1808E-06  0.5084E-03  0.5498E-05  0.3733E+07
   -1.850009   31.14685  0.2233E-14  0.8969E-05  0.2957E-06  0.4708E-03  0.3862E-05  0.1234E+11
   -1.900007   31.14497  0.2233E-14  0.7158E-05  0.6207E-06  0.2214E-03  0.3178E-05 -0.7421E+09
   -1.950005   31.16575  0.2233E-14  0.5032E-05  0.1528E-05  0.1949E-03  0.1713E-05 -0.1097E+09
   -2.000002   31.16730  0.2233E-14  0.0000E+00  0.0000E+00  0.0000E+00  0.3242E-05  0.0000E+00
