 1 - depth, m
 2 - temperature, C
 3 - salinity, kg/kg
 4 - turbulent kinetic energy, m**2/s**2
 5 - dissipation rate, m**2/s**3
 6 - kinematic heat conductance, m**2/s
 7 - modulus of horizontal velocity, m/s
 8 - Richardson number, n/d
   -0.000000   25.68667  0.1192E-12  0.1147E-04  0.5770E-06  0.3020E-04  0.1544E-01 -0.1435E+00
   -0.049997   25.73483  0.1192E-12  0.1253E-04  0.2109E-06  0.1821E-03  0.8836E-02  0.1348E+02
   -0.099994   25.74340  0.1192E-12  0.1336E-04  0.1475E-06  0.4031E-03  0.7394E-02  0.2814E+01
   -0.149992   25.74674  0.1192E-12  0.1420E-04  0.1213E-06  0.4975E-03  0.6763E-02  0.3192E+01
   -0.199991   25.74934  0.1192E-12  0.1519E-04  0.1035E-06  0.6410E-03  0.6110E-02  0.3923E+01
   -0.249989   25.75130  0.1192E-12  0.1617E-04  0.9115E-07  0.7043E-03  0.5515E-02  0.4359E+01
   -0.299988   25.75303  0.1192E-12  0.1709E-04  0.8187E-07  0.7747E-03  0.4949E-02  0.4907E+01
   -0.349988   25.75457  0.1192E-12  0.1792E-04  0.7450E-07  0.8537E-03  0.4406E-02  0.5561E+01
   -0.399988   25.75593  0.1192E-12  0.1862E-04  0.6834E-07  0.9613E-03  0.3873E-02  0.4862E+01
   -0.449988   25.75711  0.1192E-12  0.1918E-04  0.6313E-07  0.1080E-02  0.3389E-02  0.4003E+01
   -0.499988   25.75814  0.1192E-12  0.1961E-04  0.5874E-07  0.1201E-02  0.2962E-02  0.3406E+01
   -0.549989   25.75905  0.1192E-12  0.1992E-04  0.5506E-07  0.1319E-02  0.2585E-02  0.2963E+01
   -0.599989   25.75986  0.1192E-12  0.2012E-04  0.5200E-07  0.1424E-02  0.2254E-02  0.2633E+01
   -0.649990   25.76060  0.1192E-12  0.2021E-04  0.4949E-07  0.1511E-02  0.1965E-02  0.2377E+01
   -0.699992   25.76129  0.1192E-12  0.2022E-04  0.4747E-07  0.1578E-02  0.1712E-02  0.2173E+01
   -0.749993   25.76194  0.1192E-12  0.2013E-04  0.4588E-07  0.1628E-02  0.1493E-02  0.2005E+01
   -0.799994   25.76256  0.1192E-12  0.1997E-04  0.4469E-07  0.1666E-02  0.1303E-02  0.1863E+01
   -0.849996   25.76316  0.1192E-12  0.1975E-04  0.4386E-07  0.1700E-02  0.1139E-02  0.1739E+01
   -0.899998   25.76374  0.1192E-12  0.1947E-04  0.4335E-07  0.1736E-02  0.9974E-03  0.1629E+01
   -0.949999   25.76430  0.1192E-12  0.1916E-04  0.4315E-07  0.1778E-02  0.8755E-03  0.1530E+01
   -1.000001   25.76485  0.1192E-12  0.1881E-04  0.4323E-07  0.1834E-02  0.7703E-03  0.1444E+01
   -1.050003   25.76537  0.1192E-12  0.1844E-04  0.4356E-07  0.1825E-02  0.6798E-03  0.1322E+01
   -1.100004   25.76589  0.1192E-12  0.1822E-04  0.4388E-07  0.2479E-02  0.5991E-03  0.1125E+01
   -1.150006   25.76627  0.1192E-12  0.1805E-04  0.4426E-07  0.2067E-02  0.5729E-03  0.2055E+01
   -1.200007   25.76673  0.1192E-12  0.1780E-04  0.4494E-07  0.2095E-02  0.5475E-03  0.1168E+01
   -1.250009   25.76718  0.1192E-12  0.1740E-04  0.4626E-07  0.1906E-02  0.4961E-03  0.1079E+01
   -1.300010   25.76767  0.1192E-12  0.1702E-04  0.4774E-07  0.1784E-02  0.4538E-03  0.1006E+01
   -1.350011   25.76820  0.1192E-12  0.1665E-04  0.4953E-07  0.1667E-02  0.4178E-03  0.9828E+00
   -1.400012   25.76876  0.1192E-12  0.1626E-04  0.5181E-07  0.1552E-02  0.3866E-03  0.1042E+01
   -1.450013   25.76937  0.1192E-12  0.1584E-04  0.5487E-07  0.1446E-02  0.3585E-03  0.1244E+01
   -1.500014   25.77003  0.1192E-12  0.1536E-04  0.5917E-07  0.1332E-02  0.3323E-03  0.1797E+01
   -1.550014   25.77077  0.1192E-12  0.1480E-04  0.6556E-07  0.1235E-02  0.3069E-03  0.3193E+02
   -1.600014   25.77169  0.1192E-12  0.1409E-04  0.7567E-07  0.1116E-02  0.2806E-03 -0.3305E+03
   -1.650014   25.77291  0.1192E-12  0.1318E-04  0.9154E-07  0.9711E-03  0.2511E-03 -0.9111E+02
   -1.700013   25.77440  0.1192E-12  0.1192E-04  0.1262E-06  0.7836E-03  0.2197E-03  0.6617E+03
   -1.750013   25.77716  0.1192E-12  0.1062E-04  0.1714E-06  0.7042E-03  0.1782E-03  0.2130E+05
   -1.800011   25.77837  0.1192E-12  0.9040E-05  0.2778E-06  0.4807E-03  0.1539E-03  0.2963E+04
   -1.850010   25.78944  0.1192E-12  0.7606E-05  0.4653E-06  0.4650E-03  0.1007E-03  0.4004E+09
   -1.900007   25.78309  0.1192E-12  0.6024E-05  0.9769E-06  0.2252E-03  0.8557E-04 -0.3781E+05
   -1.950005   25.80941  0.1192E-12  0.4373E-05  0.2210E-05  0.2534E-03  0.4317E-04 -0.7789E+05
   -2.000002   25.80852  0.1192E-12  0.0000E+00  0.0000E+00  0.0000E+00  0.1010E-03  0.0000E+00
