 1 - depth, m
 2 - temperature, C
 3 - salinity, kg/kg
 4 - turbulent kinetic energy, m**2/s**2
 5 - dissipation rate, m**2/s**3
 6 - kinematic heat conductance, m**2/s
 7 - modulus of horizontal velocity, m/s
 8 - Richardson number, n/d
   -0.000000   31.67120  0.5779E-14  0.5610E-05  0.3761E-06  0.5279E-04  0.4478E-03  0.2424E+05
   -0.049997   31.70898  0.5779E-14  0.9852E-05  0.1671E-06  0.2013E-03  0.2525E-03  0.9583E+05
   -0.099994   31.72139  0.5779E-14  0.1187E-04  0.1161E-06  0.4407E-03  0.1873E-03  0.2493E+03
   -0.149992   31.72510  0.5779E-14  0.1315E-04  0.9788E-07  0.5194E-03  0.1664E-03  0.1253E+03
   -0.199990   31.72808  0.5779E-14  0.1415E-04  0.8711E-07  0.6970E-03  0.1492E-03  0.8185E+02
   -0.249989   31.73024  0.5779E-14  0.1494E-04  0.8003E-07  0.8300E-03  0.1364E-03  0.6120E+02
   -0.299988   31.73201  0.5779E-14  0.1558E-04  0.7496E-07  0.9637E-03  0.1257E-03  0.4897E+02
   -0.349987   31.73348  0.5779E-14  0.1611E-04  0.7116E-07  0.1084E-02  0.1165E-03  0.4203E+02
   -0.399987   31.73477  0.5779E-14  0.1655E-04  0.6818E-07  0.1194E-02  0.1083E-03  0.3749E+02
   -0.449987   31.73591  0.5779E-14  0.1693E-04  0.6577E-07  0.1295E-02  0.1011E-03  0.3523E+02
   -0.499987   31.73693  0.5779E-14  0.1725E-04  0.6376E-07  0.1388E-02  0.9474E-04  0.3423E+02
   -0.549988   31.73787  0.5779E-14  0.1753E-04  0.6208E-07  0.1472E-02  0.8901E-04  0.3379E+02
   -0.599989   31.73874  0.5779E-14  0.1777E-04  0.6067E-07  0.1548E-02  0.8381E-04  0.3376E+02
   -0.649990   31.73956  0.5779E-14  0.1797E-04  0.5947E-07  0.1615E-02  0.7905E-04  0.3421E+02
   -0.699991   31.74033  0.5779E-14  0.1813E-04  0.5846E-07  0.1674E-02  0.7467E-04  0.3496E+02
   -0.749992   31.74106  0.5779E-14  0.1827E-04  0.5762E-07  0.1724E-02  0.7060E-04  0.3617E+02
   -0.799994   31.74175  0.5779E-14  0.1837E-04  0.5692E-07  0.1766E-02  0.6682E-04  0.3768E+02
   -0.849995   31.74243  0.5779E-14  0.1844E-04  0.5637E-07  0.1799E-02  0.6327E-04  0.3973E+02
   -0.899997   31.74308  0.5779E-14  0.1849E-04  0.5595E-07  0.1823E-02  0.5993E-04  0.4217E+02
   -0.949998   31.74372  0.5779E-14  0.1851E-04  0.5566E-07  0.1837E-02  0.5676E-04  0.4533E+02
   -1.000000   31.74435  0.5779E-14  0.1851E-04  0.5551E-07  0.1843E-02  0.5377E-04  0.4909E+02
   -1.050002   31.74496  0.5779E-14  0.1847E-04  0.5551E-07  0.1836E-02  0.5091E-04  0.5583E+02
   -1.100003   31.74558  0.5779E-14  0.1842E-04  0.5566E-07  0.1962E-02  0.4818E-04  0.1782E+03
   -1.150005   31.74615  0.5779E-14  0.1832E-04  0.5602E-07  0.1689E-02  0.4578E-04  0.4582E+03
   -1.200006   31.74681  0.5779E-14  0.1820E-04  0.5656E-07  0.1745E-02  0.4315E-04  0.8388E+02
   -1.250008   31.74744  0.5779E-14  0.1805E-04  0.5736E-07  0.1711E-02  0.4070E-04  0.8964E+02
   -1.300009   31.74808  0.5779E-14  0.1785E-04  0.5850E-07  0.1648E-02  0.3832E-04  0.1070E+03
   -1.350010   31.74875  0.5779E-14  0.1762E-04  0.6006E-07  0.1578E-02  0.3601E-04  0.1308E+03
   -1.400011   31.74944  0.5779E-14  0.1733E-04  0.6222E-07  0.1484E-02  0.3373E-04  0.1675E+03
   -1.450012   31.75018  0.5779E-14  0.1698E-04  0.6524E-07  0.1399E-02  0.3148E-04  0.2226E+03
   -1.500012   31.75097  0.5779E-14  0.1656E-04  0.6955E-07  0.1277E-02  0.2924E-04  0.3242E+03
   -1.550013   31.75186  0.5779E-14  0.1603E-04  0.7598E-07  0.1195E-02  0.2697E-04  0.5870E+03
   -1.600013   31.75286  0.5779E-14  0.1537E-04  0.8649E-07  0.1045E-02  0.2470E-04  0.2209E+05
   -1.650012   31.75423  0.5779E-14  0.1448E-04  0.1030E-06  0.9568E-03  0.2209E-04  0.3619E+04
   -1.700012   31.75585  0.5779E-14  0.1329E-04  0.1325E-06  0.7726E-03  0.1945E-04  0.9311E+06
   -1.750011   31.75875  0.5779E-14  0.1193E-04  0.1783E-06  0.6974E-03  0.1593E-04  0.7396E+07
   -1.800009   31.76028  0.5779E-14  0.1026E-04  0.2821E-06  0.4675E-03  0.1373E-04  0.1011E+07
   -1.850008   31.77187  0.5779E-14  0.8664E-05  0.4777E-06  0.4634E-03  0.9069E-05  0.6670E+09
   -1.900006   31.76614  0.5779E-14  0.6938E-05  0.1009E-05  0.2173E-03  0.7666E-05 -0.4105E+08
   -1.950003   31.79449  0.5779E-14  0.5033E-05  0.2347E-05  0.2407E-03  0.3938E-05 -0.4535E+07
   -2.000000   31.79356  0.5779E-14  0.0000E+00  0.0000E+00  0.0000E+00  0.8523E-05  0.0000E+00
