 1 - depth, m
 2 - temperature, C
 3 - salinity, kg/kg
 4 - turbulent kinetic energy, m**2/s**2
 5 - dissipation rate, m**2/s**3
 6 - kinematic heat conductance, m**2/s
 7 - modulus of horizontal velocity, m/s
 8 - Richardson number, n/d
   -0.000000   26.84134  0.5364E-13  0.1225E-04  0.6605E-06  0.3182E-04  0.1610E-01 -0.1491E+00
   -0.049997   26.89392  0.5364E-13  0.1337E-04  0.2432E-06  0.2034E-03  0.9164E-02  0.4444E+02
   -0.099994   26.90303  0.5364E-13  0.1437E-04  0.1712E-06  0.3970E-03  0.7762E-02  0.2574E+01
   -0.149992   26.90690  0.5364E-13  0.1534E-04  0.1400E-06  0.5010E-03  0.7095E-02  0.3274E+01
   -0.199991   26.90986  0.5364E-13  0.1649E-04  0.1193E-06  0.6461E-03  0.6418E-02  0.3791E+01
   -0.249989   26.91208  0.5364E-13  0.1762E-04  0.1050E-06  0.7165E-03  0.5798E-02  0.4192E+01
   -0.299988   26.91402  0.5364E-13  0.1869E-04  0.9434E-07  0.7905E-03  0.5207E-02  0.4716E+01
   -0.349988   26.91574  0.5364E-13  0.1965E-04  0.8587E-07  0.8757E-03  0.4638E-02  0.5331E+01
   -0.399988   26.91726  0.5364E-13  0.2045E-04  0.7883E-07  0.9912E-03  0.4078E-02  0.4705E+01
   -0.449988   26.91857  0.5364E-13  0.2108E-04  0.7287E-07  0.1118E-02  0.3569E-02  0.3914E+01
   -0.499988   26.91971  0.5364E-13  0.2156E-04  0.6787E-07  0.1247E-02  0.3119E-02  0.3355E+01
   -0.549989   26.92071  0.5364E-13  0.2188E-04  0.6370E-07  0.1367E-02  0.2722E-02  0.2935E+01
   -0.599989   26.92161  0.5364E-13  0.2207E-04  0.6024E-07  0.1471E-02  0.2374E-02  0.2619E+01
   -0.649990   26.92243  0.5364E-13  0.2213E-04  0.5741E-07  0.1551E-02  0.2069E-02  0.2374E+01
   -0.699992   26.92319  0.5364E-13  0.2207E-04  0.5516E-07  0.1607E-02  0.1804E-02  0.2176E+01
   -0.749993   26.92392  0.5364E-13  0.2190E-04  0.5341E-07  0.1645E-02  0.1574E-02  0.2011E+01
   -0.799994   26.92463  0.5364E-13  0.2165E-04  0.5213E-07  0.1673E-02  0.1375E-02  0.1868E+01
   -0.849996   26.92531  0.5364E-13  0.2131E-04  0.5127E-07  0.1698E-02  0.1203E-02  0.1742E+01
   -0.899997   26.92597  0.5364E-13  0.2092E-04  0.5080E-07  0.1728E-02  0.1056E-02  0.1629E+01
   -0.949999   26.92662  0.5364E-13  0.2048E-04  0.5069E-07  0.1767E-02  0.9288E-03  0.1526E+01
   -1.000001   26.92724  0.5364E-13  0.2000E-04  0.5092E-07  0.1823E-02  0.8197E-03  0.1436E+01
   -1.050003   26.92784  0.5364E-13  0.1951E-04  0.5145E-07  0.1817E-02  0.7261E-03  0.1313E+01
   -1.100004   26.92843  0.5364E-13  0.1922E-04  0.5192E-07  0.2364E-02  0.6433E-03  0.1098E+01
   -1.150006   26.92889  0.5364E-13  0.1899E-04  0.5248E-07  0.1851E-02  0.6158E-03  0.2479E+01
   -1.200007   26.92947  0.5364E-13  0.1865E-04  0.5347E-07  0.2012E-02  0.5866E-03  0.1137E+01
   -1.250009   26.92999  0.5364E-13  0.1815E-04  0.5519E-07  0.1715E-02  0.5354E-03  0.1025E+01
   -1.300010   26.93061  0.5364E-13  0.1767E-04  0.5711E-07  0.1592E-02  0.4930E-03  0.9490E+00
   -1.350011   26.93128  0.5364E-13  0.1720E-04  0.5939E-07  0.1490E-02  0.4571E-03  0.9575E+00
   -1.400012   26.93198  0.5364E-13  0.1669E-04  0.6262E-07  0.1442E-02  0.4259E-03  0.1199E+01
   -1.450013   26.93274  0.5364E-13  0.1611E-04  0.6755E-07  0.1216E-02  0.3961E-03  0.1631E+01
   -1.500014   26.93366  0.5364E-13  0.1545E-04  0.7455E-07  0.1227E-02  0.3657E-03  0.2381E+01
   -1.550014   26.93461  0.5364E-13  0.1465E-04  0.8557E-07  0.1016E-02  0.3375E-03  0.4515E+01
   -1.600014   26.93602  0.5364E-13  0.1359E-04  0.1011E-06  0.1059E-02  0.3053E-03  0.3023E+02
   -1.650014   26.93733  0.5364E-13  0.1207E-04  0.1352E-06  0.7927E-03  0.2750E-03 -0.7000E+02
   -1.700013   26.94050  0.5364E-13  0.8792E-05  0.4945E-06  0.4074E-03  0.2235E-03  0.4184E+03
   -1.750012   26.94757  0.5364E-13  0.7529E-05  0.6449E-06  0.5810E-03  0.1378E-03  0.6703E+03
   -1.800011   26.94349  0.5364E-13  0.6316E-05  0.9872E-06  0.3509E-03  0.1518E-03 -0.4435E+03
   -1.850009   26.97075  0.5364E-13  0.5374E-05  0.1681E-05  0.4909E-03  0.6282E-04  0.4573E+06
   -1.900007   26.94365  0.5364E-13  0.4829E-05  0.3369E-05  0.2942E-03  0.7521E-04 -0.5719E+05
   -1.950005   26.98439  0.5364E-13  0.3558E-05  0.6523E-05  0.4845E-03  0.3091E-04  0.5269E+02
   -2.000002   26.97683  0.5364E-13  0.0000E+00  0.0000E+00  0.0000E+00  0.1252E-03  0.0000E+00
