 1 - depth, m
 2 - temperature, C
 3 - salinity, kg/kg
 4 - turbulent kinetic energy, m**2/s**2
 5 - dissipation rate, m**2/s**3
 6 - kinematic heat conductance, m**2/s
 7 - modulus of horizontal velocity, m/s
 8 - Richardson number, n/d
   -0.000000   28.10672  0.2573E-13  0.7683E-05  0.3163E-06  0.2956E-04  0.7820E-02 -0.5079E+00
   -0.049997   28.15890  0.2573E-13  0.1048E-04  0.1385E-06  0.2872E-03  0.4033E-02  0.4025E+01
   -0.099994   28.16411  0.2573E-13  0.1158E-04  0.1098E-06  0.3599E-03  0.3618E-02  0.1359E+01
   -0.149992   28.16814  0.2573E-13  0.1259E-04  0.9445E-07  0.4791E-03  0.3304E-02  0.1527E+01
   -0.199991   28.17107  0.2573E-13  0.1361E-04  0.8390E-07  0.6271E-03  0.3019E-02  0.1780E+01
   -0.249989   28.17325  0.2573E-13  0.1462E-04  0.7601E-07  0.8030E-03  0.2746E-02  0.1996E+01
   -0.299988   28.17491  0.2573E-13  0.1559E-04  0.6984E-07  0.9304E-03  0.2481E-02  0.2147E+01
   -0.349988   28.17630  0.2573E-13  0.1650E-04  0.6488E-07  0.9967E-03  0.2221E-02  0.2270E+01
   -0.399988   28.17758  0.2573E-13  0.1730E-04  0.6084E-07  0.1096E-02  0.1967E-02  0.2198E+01
   -0.449988   28.17871  0.2573E-13  0.1799E-04  0.5755E-07  0.1213E-02  0.1737E-02  0.2079E+01
   -0.499988   28.17971  0.2573E-13  0.1856E-04  0.5490E-07  0.1332E-02  0.1535E-02  0.1975E+01
   -0.549989   28.18061  0.2573E-13  0.1900E-04  0.5278E-07  0.1448E-02  0.1359E-02  0.1877E+01
   -0.599989   28.18142  0.2573E-13  0.1934E-04  0.5112E-07  0.1560E-02  0.1206E-02  0.1791E+01
   -0.649990   28.18216  0.2573E-13  0.1957E-04  0.4982E-07  0.1668E-02  0.1073E-02  0.1712E+01
   -0.699991   28.18284  0.2573E-13  0.1971E-04  0.4886E-07  0.1773E-02  0.9578E-03  0.1641E+01
   -0.749993   28.18347  0.2573E-13  0.1977E-04  0.4818E-07  0.1877E-02  0.8573E-03  0.1574E+01
   -0.799994   28.18406  0.2573E-13  0.1976E-04  0.4776E-07  0.1981E-02  0.7697E-03  0.1514E+01
   -0.849996   28.18462  0.2573E-13  0.1969E-04  0.4756E-07  0.2089E-02  0.6935E-03  0.1458E+01
   -0.899997   28.18513  0.2573E-13  0.1957E-04  0.4758E-07  0.2190E-02  0.6270E-03  0.1405E+01
   -0.949999   28.18562  0.2573E-13  0.1941E-04  0.4779E-07  0.2251E-02  0.5689E-03  0.1351E+01
   -1.000001   28.18609  0.2573E-13  0.1922E-04  0.4819E-07  0.2246E-02  0.5181E-03  0.1292E+01
   -1.050003   28.18656  0.2573E-13  0.1901E-04  0.4875E-07  0.2118E-02  0.4736E-03  0.1202E+01
   -1.100004   28.18706  0.2573E-13  0.1884E-04  0.4927E-07  0.2422E-02  0.4345E-03  0.1436E+01
   -1.150006   28.18749  0.2573E-13  0.1867E-04  0.4991E-07  0.1850E-02  0.4168E-03  0.4323E+01
   -1.200007   28.18805  0.2573E-13  0.1846E-04  0.5080E-07  0.2027E-02  0.3948E-03  0.1091E+01
   -1.250009   28.18856  0.2573E-13  0.1819E-04  0.5212E-07  0.1895E-02  0.3689E-03  0.1055E+01
   -1.300010   28.18910  0.2573E-13  0.1789E-04  0.5374E-07  0.1794E-02  0.3455E-03  0.1105E+01
   -1.350011   28.18967  0.2573E-13  0.1757E-04  0.5580E-07  0.1701E-02  0.3241E-03  0.1254E+01
   -1.400012   28.19027  0.2573E-13  0.1720E-04  0.5854E-07  0.1589E-02  0.3040E-03  0.1556E+01
   -1.450013   28.19092  0.2573E-13  0.1677E-04  0.6226E-07  0.1491E-02  0.2845E-03  0.2127E+01
   -1.500014   28.19164  0.2573E-13  0.1627E-04  0.6757E-07  0.1365E-02  0.2651E-03  0.3449E+01
   -1.550014   28.19245  0.2573E-13  0.1565E-04  0.7554E-07  0.1264E-02  0.2452E-03  0.9097E+02
   -1.600014   28.19345  0.2573E-13  0.1485E-04  0.8841E-07  0.1121E-02  0.2242E-03  0.9031E+03
   -1.650014   28.19489  0.2573E-13  0.1381E-04  0.1083E-06  0.1004E-02  0.1996E-03  0.5621E+04
   -1.700013   28.19648  0.2573E-13  0.1241E-04  0.1521E-06  0.7889E-03  0.1745E-03  0.7361E+04
   -1.750012   28.19979  0.2573E-13  0.1103E-04  0.2089E-06  0.7127E-03  0.1397E-03  0.4178E+05
   -1.800011   28.20068  0.2573E-13  0.9382E-05  0.3418E-06  0.4846E-03  0.1215E-03  0.1913E+05
   -1.850009   28.21368  0.2573E-13  0.7953E-05  0.5762E-06  0.4782E-03  0.7805E-04  0.6507E+08
   -1.900007   28.20555  0.2573E-13  0.6359E-05  0.1199E-05  0.2381E-03  0.6762E-04 -0.8685E+05
   -1.950005   28.23416  0.2573E-13  0.4677E-05  0.2670E-05  0.2726E-03  0.3424E-04 -0.2819E+05
   -2.000002   28.23181  0.2573E-13  0.0000E+00  0.0000E+00  0.0000E+00  0.8196E-04  0.0000E+00
