 1 - depth, m
 2 - temperature, C
 3 - salinity, kg/kg
 4 - turbulent kinetic energy, m**2/s**2
 5 - dissipation rate, m**2/s**3
 6 - kinematic heat conductance, m**2/s
 7 - modulus of horizontal velocity, m/s
 8 - Richardson number, n/d
   -0.000000   29.61599  0.1105E-13  0.6716E-05  0.2619E-06  0.2816E-04  0.6619E-02 -0.6105E+00
   -0.049997   29.66118  0.1105E-13  0.9432E-05  0.1152E-06  0.2803E-03  0.3286E-02  0.5027E+01
   -0.099994   29.66559  0.1105E-13  0.1045E-04  0.9143E-07  0.3599E-03  0.2929E-02  0.1584E+01
   -0.149992   29.66892  0.1105E-13  0.1132E-04  0.7888E-07  0.4741E-03  0.2663E-02  0.1413E+01
   -0.199991   29.67137  0.1105E-13  0.1215E-04  0.7050E-07  0.5990E-03  0.2439E-02  0.1602E+01
   -0.249989   29.67325  0.1105E-13  0.1297E-04  0.6416E-07  0.7532E-03  0.2223E-02  0.1789E+01
   -0.299989   29.67470  0.1105E-13  0.1376E-04  0.5915E-07  0.9053E-03  0.2014E-02  0.1935E+01
   -0.349988   29.67588  0.1105E-13  0.1450E-04  0.5508E-07  0.1031E-02  0.1810E-02  0.2059E+01
   -0.399988   29.67689  0.1105E-13  0.1516E-04  0.5174E-07  0.1125E-02  0.1609E-02  0.2009E+01
   -0.449988   29.67780  0.1105E-13  0.1574E-04  0.4901E-07  0.1234E-02  0.1427E-02  0.1922E+01
   -0.499988   29.67861  0.1105E-13  0.1622E-04  0.4680E-07  0.1349E-02  0.1267E-02  0.1847E+01
   -0.549989   29.67933  0.1105E-13  0.1661E-04  0.4501E-07  0.1463E-02  0.1128E-02  0.1773E+01
   -0.599990   29.67999  0.1105E-13  0.1691E-04  0.4359E-07  0.1576E-02  0.1006E-02  0.1707E+01
   -0.649991   29.68059  0.1105E-13  0.1712E-04  0.4246E-07  0.1689E-02  0.8993E-03  0.1646E+01
   -0.699992   29.68114  0.1105E-13  0.1727E-04  0.4158E-07  0.1801E-02  0.8064E-03  0.1590E+01
   -0.749993   29.68165  0.1105E-13  0.1735E-04  0.4094E-07  0.1913E-02  0.7252E-03  0.1537E+01
   -0.799995   29.68212  0.1105E-13  0.1738E-04  0.4049E-07  0.2021E-02  0.6541E-03  0.1487E+01
   -0.849997   29.68256  0.1105E-13  0.1736E-04  0.4022E-07  0.2105E-02  0.5919E-03  0.1437E+01
   -0.899998   29.68298  0.1105E-13  0.1729E-04  0.4012E-07  0.2156E-02  0.5374E-03  0.1386E+01
   -0.950000   29.68338  0.1105E-13  0.1720E-04  0.4017E-07  0.2168E-02  0.4896E-03  0.1331E+01
   -1.000002   29.68378  0.1105E-13  0.1707E-04  0.4036E-07  0.2143E-02  0.4475E-03  0.1274E+01
   -1.050003   29.68418  0.1105E-13  0.1692E-04  0.4068E-07  0.2043E-02  0.4106E-03  0.1197E+01
   -1.100005   29.68459  0.1105E-13  0.1680E-04  0.4102E-07  0.2286E-02  0.3779E-03  0.1682E+01
   -1.150007   29.68495  0.1105E-13  0.1667E-04  0.4145E-07  0.1810E-02  0.3616E-03  0.4599E+01
   -1.200008   29.68541  0.1105E-13  0.1651E-04  0.4206E-07  0.1951E-02  0.3421E-03  0.1084E+01
   -1.250010   29.68584  0.1105E-13  0.1630E-04  0.4294E-07  0.1850E-02  0.3202E-03  0.1050E+01
   -1.300011   29.68628  0.1105E-13  0.1608E-04  0.4402E-07  0.1766E-02  0.3002E-03  0.1105E+01
   -1.350012   29.68673  0.1105E-13  0.1583E-04  0.4539E-07  0.1685E-02  0.2819E-03  0.1260E+01
   -1.400014   29.68721  0.1105E-13  0.1554E-04  0.4721E-07  0.1581E-02  0.2646E-03  0.1559E+01
   -1.450014   29.68772  0.1105E-13  0.1521E-04  0.4966E-07  0.1487E-02  0.2477E-03  0.2056E+01
   -1.500015   29.68827  0.1105E-13  0.1481E-04  0.5311E-07  0.1350E-02  0.2309E-03  0.2974E+01
   -1.550015   29.68889  0.1105E-13  0.1434E-04  0.5812E-07  0.1261E-02  0.2136E-03  0.5201E+01
   -1.600015   29.68957  0.1105E-13  0.1375E-04  0.6627E-07  0.1099E-02  0.1965E-03  0.6163E+03
   -1.650015   29.69053  0.1105E-13  0.1297E-04  0.7915E-07  0.1004E-02  0.1763E-03 -0.1282E+01
   -1.700015   29.69166  0.1105E-13  0.1191E-04  0.1020E-06  0.8070E-03  0.1559E-03  0.3498E+04
   -1.750014   29.69371  0.1105E-13  0.1068E-04  0.1364E-06  0.7210E-03  0.1284E-03  0.7782E+05
   -1.800013   29.69483  0.1105E-13  0.9169E-05  0.2144E-06  0.4891E-03  0.1107E-03  0.3537E+05
   -1.850011   29.70280  0.1105E-13  0.7711E-05  0.3576E-06  0.4670E-03  0.7434E-04  0.8164E+07
   -1.900009   29.69897  0.1105E-13  0.6092E-05  0.7577E-06  0.2187E-03  0.6248E-04 -0.4444E+05
   -1.950006   29.71913  0.1105E-13  0.4347E-05  0.1775E-05  0.2296E-03  0.3214E-04 -0.4648E+05
   -2.000003   29.71802  0.1105E-13  0.0000E+00  0.0000E+00  0.0000E+00  0.6963E-04  0.0000E+00
