 1 - depth, m
 2 - temperature, C
 3 - salinity, kg/kg
 4 - turbulent kinetic energy, m**2/s**2
 5 - dissipation rate, m**2/s**3
 6 - kinematic heat conductance, m**2/s
 7 - modulus of horizontal velocity, m/s
 8 - Richardson number, n/d
   -0.000000   30.62309  0.4465E-13  0.4813E-05  0.2992E-06  0.4959E-04  0.1120E-02  0.4153E+04
   -0.049997   30.65423  0.4465E-13  0.8323E-05  0.1331E-06  0.1809E-03  0.6325E-03  0.4751E+02
   -0.099994   30.66586  0.4465E-13  0.1009E-04  0.9196E-07  0.4022E-03  0.4650E-03  0.4124E+02
   -0.149992   30.66909  0.4465E-13  0.1119E-04  0.7731E-07  0.4841E-03  0.4108E-03  0.2022E+02
   -0.199991   30.67166  0.4465E-13  0.1205E-04  0.6870E-07  0.6457E-03  0.3670E-03  0.1302E+02
   -0.249989   30.67353  0.4465E-13  0.1273E-04  0.6304E-07  0.7709E-03  0.3341E-03  0.9649E+01
   -0.299988   30.67506  0.4465E-13  0.1328E-04  0.5900E-07  0.8959E-03  0.3068E-03  0.7680E+01
   -0.349988   30.67633  0.4465E-13  0.1374E-04  0.5597E-07  0.1009E-02  0.2833E-03  0.6588E+01
   -0.399988   30.67744  0.4465E-13  0.1413E-04  0.5361E-07  0.1112E-02  0.2626E-03  0.5864E+01
   -0.449988   30.67842  0.4465E-13  0.1446E-04  0.5169E-07  0.1208E-02  0.2443E-03  0.5520E+01
   -0.499988   30.67930  0.4465E-13  0.1475E-04  0.5010E-07  0.1296E-02  0.2282E-03  0.5358E+01
   -0.549989   30.68011  0.4465E-13  0.1499E-04  0.4876E-07  0.1377E-02  0.2137E-03  0.5301E+01
   -0.599989   30.68086  0.4465E-13  0.1521E-04  0.4764E-07  0.1450E-02  0.2007E-03  0.5291E+01
   -0.649991   30.68156  0.4465E-13  0.1539E-04  0.4669E-07  0.1516E-02  0.1887E-03  0.5373E+01
   -0.699992   30.68222  0.4465E-13  0.1554E-04  0.4588E-07  0.1573E-02  0.1778E-03  0.5481E+01
   -0.749993   30.68284  0.4465E-13  0.1567E-04  0.4520E-07  0.1624E-02  0.1676E-03  0.5679E+01
   -0.799995   30.68344  0.4465E-13  0.1577E-04  0.4464E-07  0.1666E-02  0.1582E-03  0.5902E+01
   -0.849996   30.68401  0.4465E-13  0.1585E-04  0.4419E-07  0.1701E-02  0.1494E-03  0.6228E+01
   -0.899998   30.68457  0.4465E-13  0.1591E-04  0.4384E-07  0.1728E-02  0.1412E-03  0.6587E+01
   -0.949999   30.68511  0.4465E-13  0.1595E-04  0.4359E-07  0.1746E-02  0.1334E-03  0.7077E+01
   -1.000001   30.68564  0.4465E-13  0.1596E-04  0.4344E-07  0.1757E-02  0.1260E-03  0.7624E+01
   -1.050003   30.68617  0.4465E-13  0.1596E-04  0.4339E-07  0.1757E-02  0.1190E-03  0.8671E+01
   -1.100005   30.68669  0.4465E-13  0.1593E-04  0.4346E-07  0.1846E-02  0.1124E-03  0.2857E+02
   -1.150006   30.68717  0.4465E-13  0.1588E-04  0.4367E-07  0.1670E-02  0.1064E-03  0.6563E+02
   -1.200008   30.68771  0.4465E-13  0.1580E-04  0.4400E-07  0.1698E-02  0.1002E-03  0.1259E+02
   -1.250009   30.68824  0.4465E-13  0.1570E-04  0.4451E-07  0.1667E-02  0.9434E-04  0.1340E+02
   -1.300011   30.68877  0.4465E-13  0.1557E-04  0.4522E-07  0.1617E-02  0.8865E-04  0.1576E+02
   -1.350012   30.68932  0.4465E-13  0.1541E-04  0.4620E-07  0.1558E-02  0.8314E-04  0.1887E+02
   -1.400013   30.68989  0.4465E-13  0.1521E-04  0.4753E-07  0.1480E-02  0.7777E-04  0.2348E+02
   -1.450014   30.69048  0.4465E-13  0.1497E-04  0.4935E-07  0.1403E-02  0.7250E-04  0.2999E+02
   -1.500014   30.69111  0.4465E-13  0.1468E-04  0.5188E-07  0.1289E-02  0.6731E-04  0.4116E+02
   -1.550015   30.69180  0.4465E-13  0.1432E-04  0.5546E-07  0.1208E-02  0.6211E-04  0.5897E+02
   -1.600015   30.69255  0.4465E-13  0.1388E-04  0.6098E-07  0.1061E-02  0.5701E-04  0.1161E+03
   -1.650014   30.69346  0.4465E-13  0.1330E-04  0.6955E-07  0.9867E-03  0.5152E-04  0.1200E+04
   -1.700014   30.69449  0.4465E-13  0.1251E-04  0.8501E-07  0.8022E-03  0.4616E-04 -0.1299E+05
   -1.750013   30.69636  0.4465E-13  0.1146E-04  0.1102E-06  0.7220E-03  0.3892E-04  0.3357E+06
   -1.800012   30.69782  0.4465E-13  0.1008E-04  0.1628E-06  0.5073E-03  0.3344E-04  0.6072E+06
   -1.850010   30.70422  0.4465E-13  0.8546E-05  0.2638E-06  0.4645E-03  0.2375E-04  0.2093E+08
   -1.900008   30.70282  0.4465E-13  0.6780E-05  0.5467E-06  0.2171E-03  0.1932E-04 -0.1727E+06
   -1.950005   30.72193  0.4465E-13  0.4752E-05  0.1372E-05  0.1896E-03  0.1038E-04 -0.1461E+07
   -2.000002   30.72393  0.4465E-13  0.0000E+00  0.0000E+00  0.0000E+00  0.1934E-04  0.0000E+00
