 1 - depth, m
 2 - temperature, C
 3 - salinity, kg/kg
 4 - turbulent kinetic energy, m**2/s**2
 5 - dissipation rate, m**2/s**3
 6 - kinematic heat conductance, m**2/s
 7 - modulus of horizontal velocity, m/s
 8 - Richardson number, n/d
   -0.000000   30.46156  0.3427E-14  0.4809E-05  0.2982E-06  0.5059E-04  0.1640E-02  0.8325E+04
   -0.049997   30.49165  0.3427E-14  0.8200E-05  0.1331E-06  0.1747E-03  0.9404E-03  0.9499E+03
   -0.099994   30.50341  0.3427E-14  0.9949E-05  0.9132E-07  0.3958E-03  0.6871E-03  0.1846E+02
   -0.149992   30.50666  0.3427E-14  0.1104E-04  0.7658E-07  0.4750E-03  0.6067E-03  0.9006E+01
   -0.199991   30.50926  0.3427E-14  0.1189E-04  0.6794E-07  0.6351E-03  0.5414E-03  0.5775E+01
   -0.249989   30.51114  0.3427E-14  0.1256E-04  0.6227E-07  0.7594E-03  0.4926E-03  0.4261E+01
   -0.299989   30.51267  0.3427E-14  0.1310E-04  0.5822E-07  0.8831E-03  0.4520E-03  0.3383E+01
   -0.349988   30.51395  0.3427E-14  0.1355E-04  0.5518E-07  0.9951E-03  0.4172E-03  0.2895E+01
   -0.399988   30.51506  0.3427E-14  0.1393E-04  0.5281E-07  0.1098E-02  0.3865E-03  0.2574E+01
   -0.449988   30.51604  0.3427E-14  0.1425E-04  0.5088E-07  0.1193E-02  0.3595E-03  0.2420E+01
   -0.499988   30.51693  0.3427E-14  0.1453E-04  0.4927E-07  0.1280E-02  0.3356E-03  0.2351E+01
   -0.549989   30.51774  0.3427E-14  0.1477E-04  0.4793E-07  0.1360E-02  0.3141E-03  0.2323E+01
   -0.599990   30.51848  0.3427E-14  0.1498E-04  0.4678E-07  0.1432E-02  0.2948E-03  0.2319E+01
   -0.649991   30.51918  0.3427E-14  0.1515E-04  0.4581E-07  0.1497E-02  0.2771E-03  0.2352E+01
   -0.699992   30.51984  0.3427E-14  0.1530E-04  0.4499E-07  0.1554E-02  0.2610E-03  0.2399E+01
   -0.749993   30.52046  0.3427E-14  0.1542E-04  0.4429E-07  0.1604E-02  0.2460E-03  0.2482E+01
   -0.799995   30.52106  0.3427E-14  0.1551E-04  0.4370E-07  0.1646E-02  0.2321E-03  0.2579E+01
   -0.849996   30.52163  0.3427E-14  0.1558E-04  0.4322E-07  0.1681E-02  0.2190E-03  0.2716E+01
   -0.899998   30.52218  0.3427E-14  0.1563E-04  0.4284E-07  0.1707E-02  0.2069E-03  0.2870E+01
   -0.950000   30.52272  0.3427E-14  0.1566E-04  0.4255E-07  0.1725E-02  0.1954E-03  0.3077E+01
   -1.000001   30.52325  0.3427E-14  0.1567E-04  0.4236E-07  0.1736E-02  0.1845E-03  0.3311E+01
   -1.050003   30.52376  0.3427E-14  0.1565E-04  0.4228E-07  0.1736E-02  0.1742E-03  0.3756E+01
   -1.100005   30.52428  0.3427E-14  0.1561E-04  0.4230E-07  0.1825E-02  0.1644E-03  0.1237E+02
   -1.150006   30.52476  0.3427E-14  0.1556E-04  0.4246E-07  0.1649E-02  0.1556E-03  0.2838E+02
   -1.200008   30.52529  0.3427E-14  0.1547E-04  0.4273E-07  0.1677E-02  0.1465E-03  0.5425E+01
   -1.250010   30.52580  0.3427E-14  0.1536E-04  0.4318E-07  0.1647E-02  0.1379E-03  0.5753E+01
   -1.300011   30.52632  0.3427E-14  0.1523E-04  0.4383E-07  0.1597E-02  0.1295E-03  0.6742E+01
   -1.350012   30.52686  0.3427E-14  0.1506E-04  0.4473E-07  0.1538E-02  0.1214E-03  0.8053E+01
   -1.400013   30.52741  0.3427E-14  0.1485E-04  0.4598E-07  0.1461E-02  0.1135E-03  0.9967E+01
   -1.450014   30.52799  0.3427E-14  0.1461E-04  0.4769E-07  0.1383E-02  0.1057E-03  0.1270E+02
   -1.500015   30.52860  0.3427E-14  0.1431E-04  0.5010E-07  0.1272E-02  0.9812E-04  0.1729E+02
   -1.550015   30.52926  0.3427E-14  0.1395E-04  0.5354E-07  0.1189E-02  0.9048E-04  0.2473E+02
   -1.600015   30.52998  0.3427E-14  0.1350E-04  0.5884E-07  0.1047E-02  0.8298E-04  0.4769E+02
   -1.650015   30.53085  0.3427E-14  0.1293E-04  0.6716E-07  0.9694E-03  0.7495E-04  0.1083E+03
   -1.700014   30.53185  0.3427E-14  0.1214E-04  0.8219E-07  0.7920E-03  0.6704E-04  0.5299E+04
   -1.750013   30.53362  0.3427E-14  0.1109E-04  0.1069E-06  0.7094E-03  0.5650E-04  0.1165E+06
   -1.800012   30.53509  0.3427E-14  0.9688E-05  0.1590E-06  0.4952E-03  0.4824E-04  0.9221E+05
   -1.850010   30.54115  0.3427E-14  0.8163E-05  0.2568E-06  0.4511E-03  0.3397E-04  0.2104E+08
   -1.900008   30.53983  0.3427E-14  0.6436E-05  0.5392E-06  0.2072E-03  0.2759E-04  0.3904E+07
   -1.950006   30.55830  0.3427E-14  0.4521E-05  0.1341E-05  0.1912E-03  0.1458E-04 -0.4317E+06
   -2.000003   30.55950  0.3427E-14  0.0000E+00  0.0000E+00  0.0000E+00  0.2785E-04  0.0000E+00
