 1 - depth, m
 2 - temperature, C
 3 - salinity, kg/kg
 4 - turbulent kinetic energy, m**2/s**2
 5 - dissipation rate, m**2/s**3
 6 - kinematic heat conductance, m**2/s
 7 - modulus of horizontal velocity, m/s
 8 - Richardson number, n/d
   -0.000000   29.95515  0.3253E-14  0.4897E-05  0.2798E-06  0.4969E-04  0.2581E-02  0.2875E+04
   -0.049997   29.98419  0.3253E-14  0.8151E-05  0.1231E-06  0.1903E-03  0.1395E-02  0.1287E+02
   -0.099994   29.99357  0.3253E-14  0.9706E-05  0.8674E-07  0.3835E-03  0.1068E-02  0.6927E+01
   -0.149992   29.99673  0.3253E-14  0.1072E-04  0.7284E-07  0.4781E-03  0.9431E-03  0.3534E+01
   -0.199991   29.99914  0.3253E-14  0.1151E-04  0.6470E-07  0.6258E-03  0.8452E-03  0.2301E+01
   -0.249989   30.00094  0.3253E-14  0.1215E-04  0.5936E-07  0.7479E-03  0.7705E-03  0.1708E+01
   -0.299989   30.00241  0.3253E-14  0.1267E-04  0.5556E-07  0.8636E-03  0.7083E-03  0.1376E+01
   -0.349988   30.00365  0.3253E-14  0.1311E-04  0.5270E-07  0.9662E-03  0.6547E-03  0.1232E+01
   -0.399988   30.00473  0.3253E-14  0.1349E-04  0.5042E-07  0.1067E-02  0.6062E-03  0.1206E+01
   -0.449988   30.00569  0.3253E-14  0.1383E-04  0.4850E-07  0.1171E-02  0.5615E-03  0.1215E+01
   -0.499988   30.00655  0.3253E-14  0.1414E-04  0.4687E-07  0.1271E-02  0.5209E-03  0.1225E+01
   -0.549989   30.00733  0.3253E-14  0.1441E-04  0.4551E-07  0.1362E-02  0.4841E-03  0.1225E+01
   -0.599990   30.00804  0.3253E-14  0.1464E-04  0.4436E-07  0.1445E-02  0.4508E-03  0.1222E+01
   -0.649991   30.00870  0.3253E-14  0.1484E-04  0.4340E-07  0.1520E-02  0.4207E-03  0.1213E+01
   -0.699992   30.00932  0.3253E-14  0.1500E-04  0.4261E-07  0.1584E-02  0.3933E-03  0.1202E+01
   -0.749993   30.00991  0.3253E-14  0.1513E-04  0.4196E-07  0.1638E-02  0.3685E-03  0.1188E+01
   -0.799995   30.01047  0.3253E-14  0.1524E-04  0.4143E-07  0.1682E-02  0.3461E-03  0.1176E+01
   -0.849996   30.01101  0.3253E-14  0.1532E-04  0.4103E-07  0.1715E-02  0.3257E-03  0.1177E+01
   -0.899998   30.01153  0.3253E-14  0.1537E-04  0.4073E-07  0.1740E-02  0.3070E-03  0.1202E+01
   -0.950000   30.01204  0.3253E-14  0.1541E-04  0.4052E-07  0.1756E-02  0.2898E-03  0.1256E+01
   -1.000001   30.01254  0.3253E-14  0.1542E-04  0.4040E-07  0.1764E-02  0.2738E-03  0.1345E+01
   -1.050003   30.01303  0.3253E-14  0.1541E-04  0.4038E-07  0.1763E-02  0.2586E-03  0.1518E+01
   -1.100005   30.01353  0.3253E-14  0.1538E-04  0.4047E-07  0.1855E-02  0.2441E-03  0.5017E+01
   -1.150007   30.01399  0.3253E-14  0.1534E-04  0.4067E-07  0.1671E-02  0.2313E-03  0.1148E+02
   -1.200008   30.01450  0.3253E-14  0.1526E-04  0.4099E-07  0.1702E-02  0.2178E-03  0.2197E+01
   -1.250010   30.01500  0.3253E-14  0.1517E-04  0.4147E-07  0.1671E-02  0.2050E-03  0.2340E+01
   -1.300011   30.01550  0.3253E-14  0.1505E-04  0.4214E-07  0.1621E-02  0.1927E-03  0.2737E+01
   -1.350012   30.01602  0.3253E-14  0.1489E-04  0.4305E-07  0.1562E-02  0.1807E-03  0.3273E+01
   -1.400013   30.01655  0.3253E-14  0.1471E-04  0.4428E-07  0.1485E-02  0.1690E-03  0.4039E+01
   -1.450014   30.01712  0.3253E-14  0.1448E-04  0.4594E-07  0.1408E-02  0.1576E-03  0.5130E+01
   -1.500015   30.01771  0.3253E-14  0.1421E-04  0.4824E-07  0.1295E-02  0.1464E-03  0.6957E+01
   -1.550015   30.01836  0.3253E-14  0.1387E-04  0.5147E-07  0.1214E-02  0.1351E-03  0.9815E+01
   -1.600015   30.01906  0.3253E-14  0.1346E-04  0.5642E-07  0.1065E-02  0.1240E-03  0.1945E+02
   -1.650015   30.01991  0.3253E-14  0.1293E-04  0.6397E-07  0.9924E-03  0.1121E-03  0.1086E+03
   -1.700014   30.02083  0.3253E-14  0.1221E-04  0.7762E-07  0.8035E-03  0.1008E-03  0.1206E+04
   -1.750014   30.02254  0.3253E-14  0.1123E-04  0.1003E-06  0.7314E-03  0.8537E-04  0.7368E+04
   -1.800012   30.02392  0.3253E-14  0.9910E-05  0.1479E-06  0.5062E-03  0.7349E-04  0.2756E+05
   -1.850011   30.02957  0.3253E-14  0.8402E-05  0.2373E-06  0.4649E-03  0.5268E-04  0.1542E+08
   -1.900009   30.02865  0.3253E-14  0.6650E-05  0.4944E-06  0.2135E-03  0.4276E-04  0.7823E+05
   -1.950006   30.04635  0.3253E-14  0.4618E-05  0.1248E-05  0.1827E-03  0.2303E-04 -0.2596E+06
   -2.000003   30.04855  0.3253E-14  0.0000E+00  0.0000E+00  0.0000E+00  0.4191E-04  0.0000E+00
