 1 - depth, m
 2 - temperature, C
 3 - salinity, kg/kg
 4 - turbulent kinetic energy, m**2/s**2
 5 - dissipation rate, m**2/s**3
 6 - kinematic heat conductance, m**2/s
 7 - modulus of horizontal velocity, m/s
 8 - Richardson number, n/d
   -0.000000   25.42613  0.1199E-13  0.1652E-04  0.1153E-05  0.2994E-04  0.2244E-01 -0.7836E-01
   -0.049997   25.48314  0.1199E-13  0.1590E-04  0.3685E-06  0.1199E-03  0.1254E-01 -0.2546E+00
   -0.099994   25.49634  0.1199E-13  0.1644E-04  0.2254E-06  0.3492E-03  0.1013E-01  0.7981E+02
   -0.149992   25.50102  0.1199E-13  0.1717E-04  0.1746E-06  0.5375E-03  0.9042E-02  0.5188E+01
   -0.199990   25.50369  0.1199E-13  0.1803E-04  0.1461E-06  0.6308E-03  0.8219E-02  0.6146E+01
   -0.249989   25.50589  0.1199E-13  0.1898E-04  0.1265E-06  0.7053E-03  0.7425E-02  0.6549E+01
   -0.299988   25.50782  0.1199E-13  0.1987E-04  0.1122E-06  0.7703E-03  0.6687E-02  0.7416E+01
   -0.349988   25.50954  0.1199E-13  0.2068E-04  0.1010E-06  0.8451E-03  0.5978E-02  0.8918E+01
   -0.399987   25.51108  0.1199E-13  0.2132E-04  0.9169E-07  0.9440E-03  0.5284E-02  0.7311E+01
   -0.449987   25.51243  0.1199E-13  0.2181E-04  0.8374E-07  0.1054E-02  0.4650E-02  0.5589E+01
   -0.499988   25.51361  0.1199E-13  0.2217E-04  0.7697E-07  0.1171E-02  0.4083E-02  0.4522E+01
   -0.549988   25.51466  0.1199E-13  0.2240E-04  0.7121E-07  0.1290E-02  0.3577E-02  0.3785E+01
   -0.599989   25.51560  0.1199E-13  0.2251E-04  0.6634E-07  0.1402E-02  0.3125E-02  0.3259E+01
   -0.649990   25.51645  0.1199E-13  0.2251E-04  0.6225E-07  0.1495E-02  0.2725E-02  0.2867E+01
   -0.699991   25.51724  0.1199E-13  0.2241E-04  0.5887E-07  0.1562E-02  0.2371E-02  0.2568E+01
   -0.749992   25.51798  0.1199E-13  0.2220E-04  0.5614E-07  0.1600E-02  0.2060E-02  0.2332E+01
   -0.799994   25.51870  0.1199E-13  0.2190E-04  0.5399E-07  0.1616E-02  0.1788E-02  0.2139E+01
   -0.849995   25.51940  0.1199E-13  0.2152E-04  0.5239E-07  0.1618E-02  0.1551E-02  0.1973E+01
   -0.899997   25.52009  0.1199E-13  0.2108E-04  0.5129E-07  0.1617E-02  0.1346E-02  0.1826E+01
   -0.949999   25.52078  0.1199E-13  0.2058E-04  0.5065E-07  0.1620E-02  0.1169E-02  0.1694E+01
   -1.000000   25.52147  0.1199E-13  0.2004E-04  0.5045E-07  0.1641E-02  0.1017E-02  0.1580E+01
   -1.050002   25.52214  0.1199E-13  0.1947E-04  0.5065E-07  0.1593E-02  0.8863E-03  0.1426E+01
   -1.100004   25.52282  0.1199E-13  0.1916E-04  0.5096E-07  0.2361E-02  0.7695E-03  0.1198E+01
   -1.150005   25.52328  0.1199E-13  0.1893E-04  0.5137E-07  0.1954E-02  0.7328E-03  0.1752E+01
   -1.200007   25.52384  0.1199E-13  0.1859E-04  0.5218E-07  0.1931E-02  0.7010E-03  0.1202E+01
   -1.250008   25.52439  0.1199E-13  0.1801E-04  0.5387E-07  0.1725E-02  0.6289E-03  0.1106E+01
   -1.300010   25.52502  0.1199E-13  0.1748E-04  0.5572E-07  0.1582E-02  0.5714E-03  0.1005E+01
   -1.350011   25.52571  0.1199E-13  0.1697E-04  0.5789E-07  0.1464E-02  0.5235E-03  0.9456E+00
   -1.400012   25.52644  0.1199E-13  0.1644E-04  0.6089E-07  0.1392E-02  0.4836E-03  0.1083E+01
   -1.450013   25.52725  0.1199E-13  0.1587E-04  0.6525E-07  0.1201E-02  0.4469E-03  0.1348E+01
   -1.500013   25.52819  0.1199E-13  0.1523E-04  0.7168E-07  0.1208E-02  0.4119E-03  0.1938E+01
   -1.550013   25.52918  0.1199E-13  0.1445E-04  0.8220E-07  0.1004E-02  0.3792E-03  0.3609E+01
   -1.600013   25.53064  0.1199E-13  0.1342E-04  0.9762E-07  0.1044E-02  0.3428E-03  0.2091E+02
   -1.650013   25.53196  0.1199E-13  0.1190E-04  0.1328E-06  0.7817E-03  0.3088E-03 -0.4599E+02
   -1.700013   25.53536  0.1199E-13  0.8709E-05  0.4760E-06  0.4058E-03  0.2507E-03  0.1550E+03
   -1.750012   25.54258  0.1199E-13  0.7448E-05  0.6226E-06  0.5753E-03  0.1548E-03  0.6267E+03
   -1.800010   25.53837  0.1199E-13  0.6267E-05  0.9596E-06  0.3550E-03  0.1710E-03 -0.3561E+03
   -1.850009   25.56736  0.1199E-13  0.5317E-05  0.1639E-05  0.4910E-03  0.7086E-04  0.3377E+06
   -1.900006   25.53842  0.1199E-13  0.4785E-05  0.3299E-05  0.2931E-03  0.8520E-04 -0.4504E+05
   -1.950004   25.58150  0.1199E-13  0.3519E-05  0.6420E-05  0.4775E-03  0.3506E-04  0.2415E+02
   -2.000001   25.57571  0.1199E-13  0.0000E+00  0.0000E+00  0.0000E+00  0.1421E-03  0.0000E+00
