 1 - depth, m
 2 - temperature, C
 3 - salinity, kg/kg
 4 - turbulent kinetic energy, m**2/s**2
 5 - dissipation rate, m**2/s**3
 6 - kinematic heat conductance, m**2/s
 7 - modulus of horizontal velocity, m/s
 8 - Richardson number, n/d
   -0.000000   27.86237  0.2590E-13  0.1004E-04  0.5260E-06  0.3812E-04  0.1244E-01 -0.2079E+00
   -0.049997   27.91200  0.2590E-13  0.1210E-04  0.2025E-06  0.2344E-03  0.6825E-02  0.6948E+02
   -0.099994   27.91992  0.2590E-13  0.1333E-04  0.1490E-06  0.3798E-03  0.5919E-02  0.1813E+01
   -0.149992   27.92418  0.2590E-13  0.1443E-04  0.1240E-06  0.4887E-03  0.5406E-02  0.2168E+01
   -0.199991   27.92735  0.2590E-13  0.1564E-04  0.1074E-06  0.6557E-03  0.4910E-02  0.2591E+01
   -0.249989   27.92965  0.2590E-13  0.1684E-04  0.9567E-07  0.7600E-03  0.4443E-02  0.2897E+01
   -0.299988   27.93157  0.2590E-13  0.1799E-04  0.8676E-07  0.8295E-03  0.3993E-02  0.3172E+01
   -0.349988   27.93329  0.2590E-13  0.1903E-04  0.7968E-07  0.9129E-03  0.3556E-02  0.3463E+01
   -0.399988   27.93481  0.2590E-13  0.1993E-04  0.7387E-07  0.1029E-02  0.3126E-02  0.3224E+01
   -0.449988   27.93614  0.2590E-13  0.2067E-04  0.6907E-07  0.1156E-02  0.2736E-02  0.2873E+01
   -0.499988   27.93729  0.2590E-13  0.2125E-04  0.6514E-07  0.1282E-02  0.2393E-02  0.2596E+01
   -0.549989   27.93832  0.2590E-13  0.2166E-04  0.6195E-07  0.1397E-02  0.2095E-02  0.2368E+01
   -0.599989   27.93924  0.2590E-13  0.2193E-04  0.5939E-07  0.1497E-02  0.1835E-02  0.2183E+01
   -0.649990   27.94009  0.2590E-13  0.2206E-04  0.5738E-07  0.1581E-02  0.1609E-02  0.2029E+01
   -0.699991   27.94089  0.2590E-13  0.2208E-04  0.5585E-07  0.1651E-02  0.1414E-02  0.1896E+01
   -0.749993   27.94164  0.2590E-13  0.2199E-04  0.5475E-07  0.1712E-02  0.1245E-02  0.1780E+01
   -0.799994   27.94235  0.2590E-13  0.2180E-04  0.5404E-07  0.1770E-02  0.1100E-02  0.1677E+01
   -0.849996   27.94303  0.2590E-13  0.2155E-04  0.5368E-07  0.1830E-02  0.9745E-03  0.1583E+01
   -0.899997   27.94368  0.2590E-13  0.2124E-04  0.5364E-07  0.1897E-02  0.8665E-03  0.1498E+01
   -0.949999   27.94430  0.2590E-13  0.2088E-04  0.5390E-07  0.1974E-02  0.7735E-03  0.1422E+01
   -1.000001   27.94489  0.2590E-13  0.2048E-04  0.5444E-07  0.2067E-02  0.6933E-03  0.1353E+01
   -1.050003   27.94545  0.2590E-13  0.2007E-04  0.5523E-07  0.1977E-02  0.6241E-03  0.1243E+01
   -1.100004   27.94603  0.2590E-13  0.1981E-04  0.5588E-07  0.2367E-02  0.5634E-03  0.1117E+01
   -1.150006   27.94652  0.2590E-13  0.1957E-04  0.5666E-07  0.1749E-02  0.5410E-03  0.3479E+01
   -1.200007   27.94716  0.2590E-13  0.1925E-04  0.5786E-07  0.1942E-02  0.5132E-03  0.1082E+01
   -1.250009   27.94774  0.2590E-13  0.1881E-04  0.5968E-07  0.1729E-02  0.4753E-03  0.9855E+00
   -1.300010   27.94839  0.2590E-13  0.1838E-04  0.6187E-07  0.1628E-02  0.4429E-03  0.1004E+01
   -1.350011   27.94909  0.2590E-13  0.1792E-04  0.6469E-07  0.1495E-02  0.4139E-03  0.1120E+01
   -1.400012   27.94984  0.2590E-13  0.1741E-04  0.6857E-07  0.1460E-02  0.3871E-03  0.1436E+01
   -1.450013   27.95064  0.2590E-13  0.1682E-04  0.7436E-07  0.1221E-02  0.3614E-03  0.2082E+01
   -1.500014   27.95164  0.2590E-13  0.1611E-04  0.8229E-07  0.1243E-02  0.3340E-03  0.3078E+01
   -1.550014   27.95266  0.2590E-13  0.1528E-04  0.9433E-07  0.1022E-02  0.3088E-03  0.5961E+01
   -1.600014   27.95418  0.2590E-13  0.1416E-04  0.1114E-06  0.1067E-02  0.2792E-03  0.4271E+02
   -1.650014   27.95559  0.2590E-13  0.1257E-04  0.1488E-06  0.7939E-03  0.2514E-03 -0.8904E+02
   -1.700013   27.95899  0.2590E-13  0.9169E-05  0.5675E-06  0.4148E-03  0.2038E-03  0.2344E+05
   -1.750012   27.96667  0.2590E-13  0.7886E-05  0.7367E-06  0.5929E-03  0.1252E-03  0.9074E+03
   -1.800011   27.96222  0.2590E-13  0.6637E-05  0.1120E-05  0.3491E-03  0.1383E-03 -0.5880E+03
   -1.850009   27.99155  0.2590E-13  0.5684E-05  0.1897E-05  0.4960E-03  0.5693E-04  0.7616E+06
   -1.900007   27.96248  0.2590E-13  0.5112E-05  0.3763E-05  0.2977E-03  0.6802E-04 -0.7737E+05
   -1.950005   28.00600  0.2590E-13  0.3787E-05  0.7221E-05  0.5007E-03  0.2790E-04  0.6892E+02
   -2.000002   27.99816  0.2590E-13  0.0000E+00  0.0000E+00  0.0000E+00  0.1131E-03  0.0000E+00
