 1 - depth, m
 2 - temperature, C
 3 - salinity, kg/kg
 4 - turbulent kinetic energy, m**2/s**2
 5 - dissipation rate, m**2/s**3
 6 - kinematic heat conductance, m**2/s
 7 - modulus of horizontal velocity, m/s
 8 - Richardson number, n/d
   -0.000000   28.40270  0.2448E-13  0.1557E-04  0.1046E-05  0.3217E-04  0.2038E-01 -0.1084E+00
   -0.049997   28.46229  0.2448E-13  0.1587E-04  0.3521E-06  0.1872E-03  0.1128E-01  0.1236E+03
   -0.099994   28.47352  0.2448E-13  0.1684E-04  0.2305E-06  0.4057E-03  0.9401E-02  0.8295E+03
   -0.149992   28.47773  0.2448E-13  0.1787E-04  0.1824E-06  0.5337E-03  0.8527E-02  0.4348E+01
   -0.199990   28.48074  0.2448E-13  0.1910E-04  0.1537E-06  0.6573E-03  0.7734E-02  0.4439E+01
   -0.249989   28.48310  0.2448E-13  0.2037E-04  0.1341E-06  0.7339E-03  0.6999E-02  0.4832E+01
   -0.299988   28.48516  0.2448E-13  0.2158E-04  0.1197E-06  0.8137E-03  0.6302E-02  0.5493E+01
   -0.349987   28.48698  0.2448E-13  0.2269E-04  0.1083E-06  0.9096E-03  0.5630E-02  0.6355E+01
   -0.399987   28.48857  0.2448E-13  0.2362E-04  0.9888E-07  0.1041E-02  0.4968E-02  0.5485E+01
   -0.449987   28.48993  0.2448E-13  0.2437E-04  0.9088E-07  0.1193E-02  0.4363E-02  0.4425E+01
   -0.499987   28.49109  0.2448E-13  0.2495E-04  0.8411E-07  0.1357E-02  0.3823E-02  0.3698E+01
   -0.549988   28.49209  0.2448E-13  0.2538E-04  0.7842E-07  0.1524E-02  0.3344E-02  0.3165E+01
   -0.599989   28.49297  0.2448E-13  0.2565E-04  0.7366E-07  0.1675E-02  0.2920E-02  0.2778E+01
   -0.649990   28.49376  0.2448E-13  0.2578E-04  0.6973E-07  0.1791E-02  0.2546E-02  0.2489E+01
   -0.699991   28.49449  0.2448E-13  0.2577E-04  0.6653E-07  0.1863E-02  0.2219E-02  0.2270E+01
   -0.749992   28.49518  0.2448E-13  0.2564E-04  0.6400E-07  0.1895E-02  0.1932E-02  0.2096E+01
   -0.799993   28.49584  0.2448E-13  0.2540E-04  0.6208E-07  0.1899E-02  0.1683E-02  0.1950E+01
   -0.849995   28.49650  0.2448E-13  0.2506E-04  0.6070E-07  0.1891E-02  0.1467E-02  0.1821E+01
   -0.899996   28.49716  0.2448E-13  0.2465E-04  0.5983E-07  0.1882E-02  0.1280E-02  0.1703E+01
   -0.949998   28.49781  0.2448E-13  0.2417E-04  0.5943E-07  0.1881E-02  0.1119E-02  0.1595E+01
   -1.000000   28.49845  0.2448E-13  0.2365E-04  0.5948E-07  0.1899E-02  0.9796E-03  0.1499E+01
   -1.050001   28.49908  0.2448E-13  0.2309E-04  0.5992E-07  0.1845E-02  0.8598E-03  0.1364E+01
   -1.100003   28.49973  0.2448E-13  0.2278E-04  0.6037E-07  0.2829E-02  0.7525E-03  0.1194E+01
   -1.150005   28.50015  0.2448E-13  0.2255E-04  0.6088E-07  0.2358E-02  0.7190E-03  0.1612E+01
   -1.200006   28.50065  0.2448E-13  0.2221E-04  0.6183E-07  0.2151E-02  0.6906E-03  0.1187E+01
   -1.250007   28.50120  0.2448E-13  0.2161E-04  0.6388E-07  0.2054E-02  0.6220E-03  0.1109E+01
   -1.300009   28.50177  0.2448E-13  0.2106E-04  0.6616E-07  0.1965E-02  0.5668E-03  0.1044E+01
   -1.350010   28.50237  0.2448E-13  0.2051E-04  0.6899E-07  0.1824E-02  0.5198E-03  0.1018E+01
   -1.400011   28.50302  0.2448E-13  0.1995E-04  0.7269E-07  0.1699E-02  0.4792E-03  0.1071E+01
   -1.450012   28.50372  0.2448E-13  0.1935E-04  0.7807E-07  0.1575E-02  0.4432E-03  0.1369E+01
   -1.500012   28.50452  0.2448E-13  0.1866E-04  0.8621E-07  0.1466E-02  0.4096E-03  0.8584E+01
   -1.550012   28.50548  0.2448E-13  0.1784E-04  0.9906E-07  0.1381E-02  0.3768E-03 -0.9681E+01
   -1.600012   28.50682  0.2448E-13  0.1681E-04  0.1186E-06  0.1233E-02  0.3416E-03  0.3879E+03
   -1.650012   28.50835  0.2448E-13  0.1561E-04  0.1491E-06  0.1036E-02  0.3052E-03  0.2868E+04
   -1.700011   28.51051  0.2448E-13  0.1415E-04  0.2099E-06  0.8889E-03  0.2631E-03  0.9932E+04
   -1.750010   28.51336  0.2448E-13  0.1280E-04  0.2911E-06  0.7764E-03  0.2195E-03  0.2316E+05
   -1.800009   28.51525  0.2448E-13  0.1108E-04  0.4905E-06  0.5938E-03  0.1880E-03  0.4920E+05
   -1.850007   28.52730  0.2448E-13  0.9583E-05  0.8013E-06  0.5308E-03  0.1302E-03  0.1472E+08
   -1.900005   28.51976  0.2448E-13  0.7619E-05  0.1761E-05  0.2870E-03  0.1105E-03 -0.7061E+05
   -1.950003   28.54968  0.2448E-13  0.5620E-05  0.3641E-05  0.3036E-03  0.5857E-04 -0.8323E+04
   -1.999999   28.55003  0.2448E-13  0.0000E+00  0.0000E+00  0.0000E+00  0.1353E-03  0.0000E+00
