 1 - depth, m
 2 - temperature, C
 3 - salinity, kg/kg
 4 - turbulent kinetic energy, m**2/s**2
 5 - dissipation rate, m**2/s**3
 6 - kinematic heat conductance, m**2/s
 7 - modulus of horizontal velocity, m/s
 8 - Richardson number, n/d
   -0.000000   30.95185  0.2439E-14  0.5127E-05  0.3340E-06  0.5192E-04  0.8596E-03  0.2475E+04
   -0.049997   30.98485  0.2439E-14  0.8905E-05  0.1481E-06  0.1850E-03  0.4891E-03  0.1539E+03
   -0.099994   30.99747  0.2439E-14  0.1081E-04  0.1020E-06  0.4204E-03  0.3580E-03  0.7358E+02
   -0.149992   31.00087  0.2439E-14  0.1200E-04  0.8577E-07  0.4980E-03  0.3171E-03  0.3629E+02
   -0.199991   31.00362  0.2439E-14  0.1292E-04  0.7625E-07  0.6683E-03  0.2836E-03  0.2343E+02
   -0.249989   31.00561  0.2439E-14  0.1366E-04  0.7001E-07  0.7970E-03  0.2586E-03  0.1744E+02
   -0.299988   31.00723  0.2439E-14  0.1426E-04  0.6557E-07  0.9268E-03  0.2377E-03  0.1391E+02
   -0.349988   31.00859  0.2439E-14  0.1476E-04  0.6223E-07  0.1044E-02  0.2199E-03  0.1195E+02
   -0.399988   31.00977  0.2439E-14  0.1517E-04  0.5964E-07  0.1151E-02  0.2041E-03  0.1064E+02
   -0.449988   31.01081  0.2439E-14  0.1553E-04  0.5754E-07  0.1250E-02  0.1902E-03  0.1002E+02
   -0.499988   31.01176  0.2439E-14  0.1584E-04  0.5580E-07  0.1340E-02  0.1779E-03  0.9719E+01
   -0.549988   31.01262  0.2439E-14  0.1611E-04  0.5435E-07  0.1423E-02  0.1668E-03  0.9623E+01
   -0.599989   31.01342  0.2439E-14  0.1634E-04  0.5312E-07  0.1498E-02  0.1568E-03  0.9597E+01
   -0.649990   31.01417  0.2439E-14  0.1653E-04  0.5209E-07  0.1565E-02  0.1477E-03  0.9758E+01
   -0.699991   31.01488  0.2439E-14  0.1670E-04  0.5123E-07  0.1624E-02  0.1393E-03  0.9946E+01
   -0.749993   31.01555  0.2439E-14  0.1684E-04  0.5050E-07  0.1675E-02  0.1315E-03  0.1032E+02
   -0.799994   31.01619  0.2439E-14  0.1695E-04  0.4991E-07  0.1718E-02  0.1243E-03  0.1072E+02
   -0.849996   31.01681  0.2439E-14  0.1703E-04  0.4944E-07  0.1752E-02  0.1175E-03  0.1134E+02
   -0.899997   31.01741  0.2439E-14  0.1709E-04  0.4908E-07  0.1778E-02  0.1112E-03  0.1199E+02
   -0.949999   31.01799  0.2439E-14  0.1713E-04  0.4884E-07  0.1796E-02  0.1052E-03  0.1292E+02
   -1.000001   31.01857  0.2439E-14  0.1714E-04  0.4871E-07  0.1805E-02  0.9948E-04  0.1392E+02
   -1.050003   31.01914  0.2439E-14  0.1713E-04  0.4870E-07  0.1803E-02  0.9406E-04  0.1588E+02
   -1.100004   31.01970  0.2439E-14  0.1710E-04  0.4883E-07  0.1905E-02  0.8891E-04  0.5155E+02
   -1.150006   31.02023  0.2439E-14  0.1704E-04  0.4912E-07  0.1694E-02  0.8433E-04  0.1238E+03
   -1.200007   31.02082  0.2439E-14  0.1695E-04  0.4956E-07  0.1731E-02  0.7948E-04  0.2337E+02
   -1.250009   31.02140  0.2439E-14  0.1684E-04  0.5020E-07  0.1699E-02  0.7489E-04  0.2491E+02
   -1.300010   31.02198  0.2439E-14  0.1669E-04  0.5111E-07  0.1644E-02  0.7045E-04  0.2954E+02
   -1.350011   31.02259  0.2439E-14  0.1650E-04  0.5234E-07  0.1580E-02  0.6614E-04  0.3566E+02
   -1.400012   31.02321  0.2439E-14  0.1627E-04  0.5401E-07  0.1495E-02  0.6193E-04  0.4502E+02
   -1.450013   31.02388  0.2439E-14  0.1600E-04  0.5631E-07  0.1416E-02  0.5778E-04  0.5839E+02
   -1.500014   31.02458  0.2439E-14  0.1566E-04  0.5954E-07  0.1295E-02  0.5369E-04  0.8271E+02
   -1.550014   31.02537  0.2439E-14  0.1524E-04  0.6417E-07  0.1216E-02  0.4954E-04  0.1241E+03
   -1.600014   31.02621  0.2439E-14  0.1472E-04  0.7156E-07  0.1064E-02  0.4550E-04  0.2939E+03
   -1.650014   31.02732  0.2439E-14  0.1403E-04  0.8304E-07  0.9861E-03  0.4098E-04  0.2657E+06
   -1.700013   31.02856  0.2439E-14  0.1309E-04  0.1034E-06  0.7955E-03  0.3655E-04  0.8593E+04
   -1.750012   31.03095  0.2439E-14  0.1190E-04  0.1364E-06  0.7240E-03  0.3049E-04  0.7668E+06
   -1.800011   31.03247  0.2439E-14  0.1040E-04  0.2094E-06  0.4912E-03  0.2627E-04  0.1949E+06
   -1.850009   31.04118  0.2439E-14  0.8826E-05  0.3458E-06  0.4715E-03  0.1827E-04  0.8318E+09
   -1.900007   31.03786  0.2439E-14  0.7074E-05  0.7271E-06  0.2196E-03  0.1519E-04 -0.5963E+06
   -1.950005   31.06111  0.2439E-14  0.5018E-05  0.1758E-05  0.2095E-03  0.8137E-05 -0.1467E+07
   -2.000002   31.06222  0.2439E-14  0.0000E+00  0.0000E+00  0.0000E+00  0.1573E-04  0.0000E+00
