 1 - depth, m
 2 - temperature, C
 3 - salinity, kg/kg
 4 - turbulent kinetic energy, m**2/s**2
 5 - dissipation rate, m**2/s**3
 6 - kinematic heat conductance, m**2/s
 7 - modulus of horizontal velocity, m/s
 8 - Richardson number, n/d
   -0.000000   25.53401  0.1524E-13  0.1168E-04  0.6152E-06  0.3037E-04  0.1572E-01 -0.1414E+00
   -0.049997   25.58389  0.1524E-13  0.1266E-04  0.2202E-06  0.1880E-03  0.8878E-02  0.5782E+02
   -0.099994   25.59289  0.1524E-13  0.1350E-04  0.1527E-06  0.3973E-03  0.7434E-02  0.2823E+01
   -0.149992   25.59638  0.1524E-13  0.1436E-04  0.1253E-06  0.4927E-03  0.6798E-02  0.3110E+01
   -0.199991   25.59911  0.1524E-13  0.1538E-04  0.1069E-06  0.6399E-03  0.6146E-02  0.3845E+01
   -0.249989   25.60115  0.1524E-13  0.1640E-04  0.9415E-07  0.7062E-03  0.5550E-02  0.4275E+01
   -0.299988   25.60296  0.1524E-13  0.1737E-04  0.8464E-07  0.7760E-03  0.4983E-02  0.4822E+01
   -0.349988   25.60457  0.1524E-13  0.1823E-04  0.7711E-07  0.8548E-03  0.4438E-02  0.5481E+01
   -0.399988   25.60600  0.1524E-13  0.1896E-04  0.7085E-07  0.9620E-03  0.3902E-02  0.4809E+01
   -0.449988   25.60725  0.1524E-13  0.1954E-04  0.6556E-07  0.1080E-02  0.3415E-02  0.3972E+01
   -0.499988   25.60834  0.1524E-13  0.1998E-04  0.6113E-07  0.1199E-02  0.2984E-02  0.3388E+01
   -0.549989   25.60930  0.1524E-13  0.2030E-04  0.5743E-07  0.1312E-02  0.2604E-02  0.2954E+01
   -0.599989   25.61017  0.1524E-13  0.2049E-04  0.5438E-07  0.1412E-02  0.2271E-02  0.2629E+01
   -0.649991   25.61097  0.1524E-13  0.2057E-04  0.5191E-07  0.1492E-02  0.1980E-02  0.2375E+01
   -0.699992   25.61171  0.1524E-13  0.2055E-04  0.4994E-07  0.1552E-02  0.1726E-02  0.2172E+01
   -0.749993   25.61242  0.1524E-13  0.2043E-04  0.4844E-07  0.1597E-02  0.1505E-02  0.2003E+01
   -0.799995   25.61310  0.1524E-13  0.2024E-04  0.4736E-07  0.1632E-02  0.1315E-02  0.1859E+01
   -0.849996   25.61375  0.1524E-13  0.1997E-04  0.4665E-07  0.1666E-02  0.1150E-02  0.1733E+01
   -0.899998   25.61439  0.1524E-13  0.1965E-04  0.4630E-07  0.1703E-02  0.1009E-02  0.1621E+01
   -0.949999   25.61501  0.1524E-13  0.1929E-04  0.4627E-07  0.1749E-02  0.8874E-03  0.1521E+01
   -1.000001   25.61561  0.1524E-13  0.1890E-04  0.4654E-07  0.1811E-02  0.7829E-03  0.1434E+01
   -1.050003   25.61619  0.1524E-13  0.1849E-04  0.4707E-07  0.1807E-02  0.6932E-03  0.1311E+01
   -1.100005   25.61676  0.1524E-13  0.1824E-04  0.4753E-07  0.2318E-02  0.6139E-03  0.1096E+01
   -1.150006   25.61721  0.1524E-13  0.1804E-04  0.4806E-07  0.1848E-02  0.5875E-03  0.2536E+01
   -1.200008   25.61777  0.1524E-13  0.1775E-04  0.4897E-07  0.1979E-02  0.5593E-03  0.1149E+01
   -1.250009   25.61829  0.1524E-13  0.1732E-04  0.5056E-07  0.1718E-02  0.5100E-03  0.1043E+01
   -1.300011   25.61889  0.1524E-13  0.1691E-04  0.5231E-07  0.1601E-02  0.4692E-03  0.9712E+00
   -1.350012   25.61955  0.1524E-13  0.1649E-04  0.5440E-07  0.1499E-02  0.4346E-03  0.9873E+00
   -1.400013   25.62024  0.1524E-13  0.1605E-04  0.5727E-07  0.1436E-02  0.4044E-03  0.1207E+01
   -1.450014   25.62098  0.1524E-13  0.1555E-04  0.6150E-07  0.1242E-02  0.3757E-03  0.1619E+01
   -1.500014   25.62188  0.1524E-13  0.1496E-04  0.6742E-07  0.1227E-02  0.3471E-03  0.2383E+01
   -1.550015   25.62281  0.1524E-13  0.1426E-04  0.7655E-07  0.1036E-02  0.3202E-03  0.1071E+04
   -1.600015   25.62416  0.1524E-13  0.1334E-04  0.8967E-07  0.1055E-02  0.2900E-03  0.2709E+02
   -1.650014   25.62538  0.1524E-13  0.1201E-04  0.1179E-06  0.8028E-03  0.2619E-03 -0.7792E+02
   -1.700014   25.62830  0.1524E-13  0.9156E-05  0.3981E-06  0.4855E-03  0.2159E-03  0.2302E+04
   -1.750013   25.63457  0.1524E-13  0.7867E-05  0.5198E-06  0.6040E-03  0.1402E-03  0.3647E+05
   -1.800012   25.63149  0.1524E-13  0.6671E-05  0.8042E-06  0.3840E-03  0.1473E-03 -0.1218E+04
   -1.850010   25.65740  0.1524E-13  0.5634E-05  0.1376E-05  0.4860E-03  0.6714E-04  0.2966E+06
   -1.900008   25.63200  0.1524E-13  0.4920E-05  0.2777E-05  0.2791E-03  0.7505E-04 -0.5835E+05
   -1.950005   25.67162  0.1524E-13  0.3617E-05  0.5486E-05  0.4335E-03  0.3221E-04 -0.3071E+03
   -2.000002   25.66950  0.1524E-13  0.0000E+00  0.0000E+00  0.0000E+00  0.1188E-03  0.0000E+00
