 1 - depth, m
 2 - temperature, C
 3 - salinity, kg/kg
 4 - turbulent kinetic energy, m**2/s**2
 5 - dissipation rate, m**2/s**3
 6 - kinematic heat conductance, m**2/s
 7 - modulus of horizontal velocity, m/s
 8 - Richardson number, n/d
   -0.000000   28.37877  0.1164E-12  0.1283E-04  0.7304E-06  0.3289E-04  0.1664E-01 -0.1503E+00
   -0.049997   28.43301  0.1164E-12  0.1397E-04  0.2659E-06  0.2097E-03  0.9402E-02  0.5337E+02
   -0.099994   28.44235  0.1164E-12  0.1502E-04  0.1860E-06  0.3986E-03  0.7984E-02  0.3005E+01
   -0.149992   28.44639  0.1164E-12  0.1606E-04  0.1514E-06  0.5073E-03  0.7292E-02  0.3290E+01
   -0.199990   28.44942  0.1164E-12  0.1727E-04  0.1288E-06  0.6525E-03  0.6600E-02  0.3743E+01
   -0.249989   28.45170  0.1164E-12  0.1847E-04  0.1132E-06  0.7255E-03  0.5966E-02  0.4129E+01
   -0.299988   28.45368  0.1164E-12  0.1961E-04  0.1016E-06  0.8020E-03  0.5360E-02  0.4643E+01
   -0.349987   28.45543  0.1164E-12  0.2063E-04  0.9233E-07  0.8917E-03  0.4776E-02  0.5244E+01
   -0.399987   28.45695  0.1164E-12  0.2148E-04  0.8465E-07  0.1014E-02  0.4202E-02  0.4639E+01
   -0.449987   28.45827  0.1164E-12  0.2216E-04  0.7816E-07  0.1149E-02  0.3679E-02  0.3867E+01
   -0.499987   28.45940  0.1164E-12  0.2267E-04  0.7271E-07  0.1288E-02  0.3216E-02  0.3318E+01
   -0.549988   28.46039  0.1164E-12  0.2302E-04  0.6815E-07  0.1419E-02  0.2809E-02  0.2904E+01
   -0.599989   28.46127  0.1164E-12  0.2323E-04  0.6438E-07  0.1531E-02  0.2450E-02  0.2594E+01
   -0.649990   28.46208  0.1164E-12  0.2329E-04  0.6128E-07  0.1617E-02  0.2137E-02  0.2354E+01
   -0.699991   28.46282  0.1164E-12  0.2323E-04  0.5880E-07  0.1675E-02  0.1864E-02  0.2161E+01
   -0.749992   28.46353  0.1164E-12  0.2307E-04  0.5687E-07  0.1712E-02  0.1627E-02  0.2001E+01
   -0.799993   28.46422  0.1164E-12  0.2280E-04  0.5544E-07  0.1735E-02  0.1421E-02  0.1862E+01
   -0.849995   28.46488  0.1164E-12  0.2245E-04  0.5446E-07  0.1755E-02  0.1244E-02  0.1739E+01
   -0.899996   28.46553  0.1164E-12  0.2204E-04  0.5390E-07  0.1779E-02  0.1091E-02  0.1627E+01
   -0.949998   28.46616  0.1164E-12  0.2158E-04  0.5373E-07  0.1811E-02  0.9600E-03  0.1526E+01
   -1.000000   28.46678  0.1164E-12  0.2108E-04  0.5393E-07  0.1862E-02  0.8469E-03  0.1436E+01
   -1.050001   28.46737  0.1164E-12  0.2057E-04  0.5446E-07  0.1841E-02  0.7497E-03  0.1312E+01
   -1.100003   28.46796  0.1164E-12  0.2027E-04  0.5493E-07  0.2484E-02  0.6635E-03  0.1112E+01
   -1.150004   28.46839  0.1164E-12  0.2003E-04  0.5550E-07  0.1965E-02  0.6351E-03  0.2321E+01
   -1.200006   28.46894  0.1164E-12  0.1968E-04  0.5650E-07  0.2070E-02  0.6061E-03  0.1140E+01
   -1.250007   28.46946  0.1164E-12  0.1915E-04  0.5833E-07  0.1812E-02  0.5523E-03  0.1038E+01
   -1.300009   28.47005  0.1164E-12  0.1865E-04  0.6039E-07  0.1688E-02  0.5079E-03  0.9731E+00
   -1.350010   28.47068  0.1164E-12  0.1815E-04  0.6290E-07  0.1573E-02  0.4702E-03  0.9844E+00
   -1.400011   28.47136  0.1164E-12  0.1762E-04  0.6641E-07  0.1507E-02  0.4372E-03  0.1187E+01
   -1.450011   28.47208  0.1164E-12  0.1702E-04  0.7174E-07  0.1310E-02  0.4062E-03  0.1641E+01
   -1.500012   28.47296  0.1164E-12  0.1633E-04  0.7948E-07  0.1286E-02  0.3752E-03  0.3494E+01
   -1.550012   28.47390  0.1164E-12  0.1550E-04  0.9173E-07  0.1105E-02  0.3459E-03 -0.2492E+03
   -1.600012   28.47535  0.1164E-12  0.1441E-04  0.1088E-06  0.1099E-02  0.3122E-03 -0.4964E+03
   -1.650012   28.47674  0.1164E-12  0.1296E-04  0.1429E-06  0.8639E-03  0.2798E-03  0.1975E+03
   -1.700011   28.47941  0.1164E-12  0.1023E-04  0.4180E-06  0.5424E-03  0.2316E-03  0.2208E+05
   -1.750010   28.48542  0.1164E-12  0.8956E-05  0.5528E-06  0.6329E-03  0.1572E-03  0.3018E+05
   -1.800009   28.48292  0.1164E-12  0.7591E-05  0.8570E-06  0.4054E-03  0.1593E-03  0.4225E+03
   -1.850007   28.50550  0.1164E-12  0.6523E-05  0.1453E-05  0.4966E-03  0.7874E-04  0.1967E+08
   -1.900005   28.48468  0.1164E-12  0.5607E-05  0.2945E-05  0.2850E-03  0.8266E-04 -0.7308E+05
   -1.950002   28.52139  0.1164E-12  0.4130E-05  0.5754E-05  0.4327E-03  0.3726E-04 -0.4190E+04
   -1.999999   28.51669  0.1164E-12  0.0000E+00  0.0000E+00  0.0000E+00  0.1247E-03  0.0000E+00
