 1 - depth, m
 2 - temperature, C
 3 - salinity, kg/kg
 4 - turbulent kinetic energy, m**2/s**2
 5 - dissipation rate, m**2/s**3
 6 - kinematic heat conductance, m**2/s
 7 - modulus of horizontal velocity, m/s
 8 - Richardson number, n/d
   -0.000000   30.22696  0.6117E-13  0.4470E-05  0.2659E-06  0.4838E-04  0.1317E-02  0.9281E+04
   -0.049997   30.25492  0.6117E-13  0.7727E-05  0.1186E-06  0.1742E-03  0.7437E-03  0.3616E+03
   -0.099994   30.26547  0.6117E-13  0.9376E-05  0.8194E-07  0.3910E-03  0.5443E-03  0.2592E+02
   -0.149992   30.26841  0.6117E-13  0.1041E-04  0.6891E-07  0.4725E-03  0.4802E-03  0.1265E+02
   -0.199991   30.27075  0.6117E-13  0.1122E-04  0.6129E-07  0.6299E-03  0.4285E-03  0.8151E+01
   -0.249989   30.27244  0.6117E-13  0.1187E-04  0.5631E-07  0.7534E-03  0.3897E-03  0.6024E+01
   -0.299988   30.27383  0.6117E-13  0.1240E-04  0.5276E-07  0.8758E-03  0.3575E-03  0.4804E+01
   -0.349988   30.27499  0.6117E-13  0.1284E-04  0.5012E-07  0.9870E-03  0.3298E-03  0.4117E+01
   -0.399988   30.27601  0.6117E-13  0.1322E-04  0.4807E-07  0.1089E-02  0.3054E-03  0.3673E+01
   -0.449988   30.27691  0.6117E-13  0.1355E-04  0.4641E-07  0.1184E-02  0.2840E-03  0.3452E+01
   -0.499988   30.27772  0.6117E-13  0.1383E-04  0.4505E-07  0.1271E-02  0.2650E-03  0.3359E+01
   -0.549989   30.27846  0.6117E-13  0.1408E-04  0.4392E-07  0.1351E-02  0.2480E-03  0.3320E+01
   -0.599990   30.27915  0.6117E-13  0.1430E-04  0.4298E-07  0.1424E-02  0.2326E-03  0.3324E+01
   -0.649991   30.27979  0.6117E-13  0.1449E-04  0.4219E-07  0.1489E-02  0.2187E-03  0.3374E+01
   -0.699992   30.28040  0.6117E-13  0.1465E-04  0.4154E-07  0.1547E-02  0.2058E-03  0.3454E+01
   -0.749993   30.28097  0.6117E-13  0.1479E-04  0.4100E-07  0.1598E-02  0.1939E-03  0.3578E+01
   -0.799995   30.28153  0.6117E-13  0.1491E-04  0.4057E-07  0.1641E-02  0.1829E-03  0.3733E+01
   -0.849996   30.28206  0.6117E-13  0.1501E-04  0.4024E-07  0.1677E-02  0.1726E-03  0.3938E+01
   -0.899998   30.28258  0.6117E-13  0.1509E-04  0.4001E-07  0.1705E-02  0.1630E-03  0.4182E+01
   -0.950000   30.28309  0.6117E-13  0.1515E-04  0.3986E-07  0.1726E-02  0.1539E-03  0.4491E+01
   -1.000001   30.28359  0.6117E-13  0.1519E-04  0.3980E-07  0.1738E-02  0.1453E-03  0.4856E+01
   -1.050003   30.28408  0.6117E-13  0.1521E-04  0.3984E-07  0.1741E-02  0.1372E-03  0.5530E+01
   -1.100005   30.28457  0.6117E-13  0.1521E-04  0.3999E-07  0.1815E-02  0.1294E-03  0.1859E+02
   -1.150006   30.28504  0.6117E-13  0.1520E-04  0.4025E-07  0.1678E-02  0.1225E-03  0.4055E+02
   -1.200008   30.28555  0.6117E-13  0.1516E-04  0.4063E-07  0.1693E-02  0.1153E-03  0.7970E+01
   -1.250009   30.28605  0.6117E-13  0.1509E-04  0.4116E-07  0.1664E-02  0.1085E-03  0.8533E+01
   -1.300011   30.28656  0.6117E-13  0.1500E-04  0.4188E-07  0.1619E-02  0.1019E-03  0.9988E+01
   -1.350012   30.28709  0.6117E-13  0.1488E-04  0.4283E-07  0.1563E-02  0.9554E-04  0.1192E+02
   -1.400013   30.28763  0.6117E-13  0.1474E-04  0.4408E-07  0.1492E-02  0.8933E-04  0.1466E+02
   -1.450014   30.28820  0.6117E-13  0.1455E-04  0.4574E-07  0.1417E-02  0.8327E-04  0.1856E+02
   -1.500014   30.28881  0.6117E-13  0.1431E-04  0.4798E-07  0.1313E-02  0.7731E-04  0.2487E+02
   -1.550015   30.28947  0.6117E-13  0.1402E-04  0.5108E-07  0.1227E-02  0.7137E-04  0.3480E+02
   -1.600015   30.29019  0.6117E-13  0.1366E-04  0.5567E-07  0.1087E-02  0.6553E-04  0.6032E+02
   -1.650015   30.29104  0.6117E-13  0.1319E-04  0.6260E-07  0.1005E-02  0.5940E-04  0.4866E+03
   -1.700014   30.29200  0.6117E-13  0.1256E-04  0.7486E-07  0.8253E-03  0.5343E-04  0.6073E+01
   -1.750013   30.29360  0.6117E-13  0.1169E-04  0.9500E-07  0.7464E-03  0.4583E-04  0.6174E+06
   -1.800012   30.29508  0.6117E-13  0.1048E-04  0.1355E-06  0.5270E-03  0.3953E-04  0.8005E+05
   -1.850010   30.30018  0.6117E-13  0.9026E-05  0.2133E-06  0.4773E-03  0.2932E-04  0.2244E+07
   -1.900008   30.30002  0.6117E-13  0.7183E-05  0.4403E-06  0.2132E-03  0.2371E-04  0.2040E+06
   -1.950005   30.31774  0.6117E-13  0.4957E-05  0.1130E-05  0.1708E-03  0.1312E-04 -0.8621E+06
   -2.000002   30.32122  0.6117E-13  0.0000E+00  0.0000E+00  0.0000E+00  0.2211E-04  0.0000E+00
