 1 - depth, m
 2 - temperature, C
 3 - salinity, kg/kg
 4 - turbulent kinetic energy, m**2/s**2
 5 - dissipation rate, m**2/s**3
 6 - kinematic heat conductance, m**2/s
 7 - modulus of horizontal velocity, m/s
 8 - Richardson number, n/d
   -0.000000   30.96094  0.1099E-14  0.5247E-05  0.3496E-06  0.5367E-04  0.7384E-03  0.1448E+04
   -0.049997   30.99433  0.1099E-14  0.9121E-05  0.1548E-06  0.1831E-03  0.4276E-03  0.4843E+02
   -0.099994   31.00778  0.1099E-14  0.1109E-04  0.1059E-06  0.4296E-03  0.3090E-03  0.9201E+02
   -0.149992   31.01125  0.1099E-14  0.1231E-04  0.8915E-07  0.5012E-03  0.2744E-03  0.4538E+02
   -0.199990   31.01409  0.1099E-14  0.1326E-04  0.7925E-07  0.6762E-03  0.2454E-03  0.2932E+02
   -0.249989   31.01614  0.1099E-14  0.1402E-04  0.7277E-07  0.8062E-03  0.2239E-03  0.2183E+02
   -0.299988   31.01780  0.1099E-14  0.1463E-04  0.6815E-07  0.9377E-03  0.2060E-03  0.1739E+02
   -0.349988   31.01920  0.1099E-14  0.1514E-04  0.6469E-07  0.1056E-02  0.1906E-03  0.1493E+02
   -0.399987   31.02042  0.1099E-14  0.1557E-04  0.6199E-07  0.1164E-02  0.1770E-03  0.1328E+02
   -0.449987   31.02149  0.1099E-14  0.1594E-04  0.5980E-07  0.1265E-02  0.1651E-03  0.1250E+02
   -0.499988   31.02246  0.1099E-14  0.1625E-04  0.5799E-07  0.1357E-02  0.1545E-03  0.1211E+02
   -0.549988   31.02335  0.1099E-14  0.1653E-04  0.5648E-07  0.1440E-02  0.1450E-03  0.1198E+02
   -0.599989   31.02417  0.1099E-14  0.1676E-04  0.5521E-07  0.1516E-02  0.1363E-03  0.1193E+02
   -0.649990   31.02494  0.1099E-14  0.1696E-04  0.5414E-07  0.1584E-02  0.1285E-03  0.1212E+02
   -0.699991   31.02567  0.1099E-14  0.1713E-04  0.5324E-07  0.1644E-02  0.1212E-03  0.1234E+02
   -0.749992   31.02636  0.1099E-14  0.1727E-04  0.5249E-07  0.1695E-02  0.1145E-03  0.1280E+02
   -0.799994   31.02701  0.1099E-14  0.1738E-04  0.5188E-07  0.1738E-02  0.1083E-03  0.1328E+02
   -0.849995   31.02765  0.1099E-14  0.1747E-04  0.5139E-07  0.1773E-02  0.1024E-03  0.1403E+02
   -0.899997   31.02827  0.1099E-14  0.1753E-04  0.5102E-07  0.1799E-02  0.9693E-04  0.1482E+02
   -0.949998   31.02887  0.1099E-14  0.1757E-04  0.5077E-07  0.1817E-02  0.9174E-04  0.1595E+02
   -1.000000   31.02946  0.1099E-14  0.1759E-04  0.5064E-07  0.1826E-02  0.8683E-04  0.1717E+02
   -1.050002   31.03004  0.1099E-14  0.1758E-04  0.5064E-07  0.1823E-02  0.8215E-04  0.1955E+02
   -1.100003   31.03062  0.1099E-14  0.1754E-04  0.5078E-07  0.1929E-02  0.7768E-04  0.6328E+02
   -1.150005   31.03116  0.1099E-14  0.1748E-04  0.5109E-07  0.1710E-02  0.7373E-04  0.1530E+03
   -1.200007   31.03178  0.1099E-14  0.1739E-04  0.5155E-07  0.1750E-02  0.6952E-04  0.2878E+02
   -1.250008   31.03237  0.1099E-14  0.1727E-04  0.5224E-07  0.1718E-02  0.6553E-04  0.3061E+02
   -1.300009   31.03297  0.1099E-14  0.1712E-04  0.5319E-07  0.1661E-02  0.6168E-04  0.3633E+02
   -1.350010   31.03359  0.1099E-14  0.1693E-04  0.5449E-07  0.1597E-02  0.5794E-04  0.4379E+02
   -1.400011   31.03424  0.1099E-14  0.1669E-04  0.5626E-07  0.1511E-02  0.5428E-04  0.5540E+02
   -1.450012   31.03492  0.1099E-14  0.1641E-04  0.5868E-07  0.1430E-02  0.5066E-04  0.7184E+02
   -1.500013   31.03565  0.1099E-14  0.1606E-04  0.6209E-07  0.1309E-02  0.4710E-04  0.1020E+03
   -1.550013   31.03646  0.1099E-14  0.1563E-04  0.6697E-07  0.1228E-02  0.4349E-04  0.1543E+03
   -1.600013   31.03733  0.1099E-14  0.1509E-04  0.7474E-07  0.1076E-02  0.3996E-04  0.1017E+04
   -1.650013   31.03849  0.1099E-14  0.1438E-04  0.8686E-07  0.9926E-03  0.3601E-04  0.1433E+05
   -1.700012   31.03981  0.1099E-14  0.1341E-04  0.1082E-06  0.8069E-03  0.3212E-04  0.7787E+05
   -1.750011   31.04223  0.1099E-14  0.1221E-04  0.1421E-06  0.7276E-03  0.2685E-04  0.1409E+07
   -1.800010   31.04368  0.1099E-14  0.1070E-04  0.2144E-06  0.5088E-03  0.2323E-04  0.1254E+06
   -1.850008   31.05265  0.1099E-14  0.9093E-05  0.3568E-06  0.4713E-03  0.1626E-04  0.4101E+10
   -1.900006   31.04954  0.1099E-14  0.7217E-05  0.7550E-06  0.2163E-03  0.1339E-04 -0.1343E+08
   -1.950003   31.07359  0.1099E-14  0.5148E-05  0.1817E-05  0.2122E-03  0.7160E-05 -0.1169E+07
   -2.000000   31.07424  0.1099E-14  0.0000E+00  0.0000E+00  0.0000E+00  0.1371E-04  0.0000E+00
