 1 - depth, m
 2 - temperature, C
 3 - salinity, kg/kg
 4 - turbulent kinetic energy, m**2/s**2
 5 - dissipation rate, m**2/s**3
 6 - kinematic heat conductance, m**2/s
 7 - modulus of horizontal velocity, m/s
 8 - Richardson number, n/d
   -0.000000   25.44179  0.7434E-14  0.1652E-04  0.1154E-05  0.2995E-04  0.2244E-01 -0.7851E-01
   -0.049997   25.49893  0.7434E-14  0.1591E-04  0.3689E-06  0.1203E-03  0.1254E-01 -0.2544E+00
   -0.099994   25.51212  0.7434E-14  0.1646E-04  0.2257E-06  0.3500E-03  0.1013E-01  0.8446E+02
   -0.149992   25.51681  0.7434E-14  0.1719E-04  0.1748E-06  0.5378E-03  0.9043E-02  0.5182E+01
   -0.199990   25.51948  0.7434E-14  0.1806E-04  0.1463E-06  0.6311E-03  0.8220E-02  0.6125E+01
   -0.249989   25.52168  0.7434E-14  0.1900E-04  0.1267E-06  0.7057E-03  0.7426E-02  0.6530E+01
   -0.299988   25.52361  0.7434E-14  0.1991E-04  0.1124E-06  0.7709E-03  0.6688E-02  0.7394E+01
   -0.349988   25.52533  0.7434E-14  0.2071E-04  0.1012E-06  0.8459E-03  0.5979E-02  0.8891E+01
   -0.399987   25.52687  0.7434E-14  0.2136E-04  0.9186E-07  0.9452E-03  0.5285E-02  0.7293E+01
   -0.449987   25.52822  0.7434E-14  0.2185E-04  0.8390E-07  0.1055E-02  0.4650E-02  0.5578E+01
   -0.499988   25.52941  0.7434E-14  0.2221E-04  0.7712E-07  0.1173E-02  0.4083E-02  0.4515E+01
   -0.549988   25.53046  0.7434E-14  0.2244E-04  0.7135E-07  0.1292E-02  0.3577E-02  0.3780E+01
   -0.599989   25.53140  0.7434E-14  0.2256E-04  0.6648E-07  0.1404E-02  0.3126E-02  0.3254E+01
   -0.649990   25.53225  0.7434E-14  0.2256E-04  0.6239E-07  0.1498E-02  0.2725E-02  0.2864E+01
   -0.699991   25.53304  0.7434E-14  0.2245E-04  0.5901E-07  0.1565E-02  0.2371E-02  0.2565E+01
   -0.749992   25.53378  0.7434E-14  0.2224E-04  0.5627E-07  0.1603E-02  0.2060E-02  0.2330E+01
   -0.799994   25.53450  0.7434E-14  0.2195E-04  0.5413E-07  0.1618E-02  0.1788E-02  0.2137E+01
   -0.849995   25.53520  0.7434E-14  0.2157E-04  0.5253E-07  0.1620E-02  0.1551E-02  0.1971E+01
   -0.899997   25.53590  0.7434E-14  0.2112E-04  0.5143E-07  0.1619E-02  0.1346E-02  0.1825E+01
   -0.949999   25.53659  0.7434E-14  0.2062E-04  0.5080E-07  0.1622E-02  0.1170E-02  0.1693E+01
   -1.000000   25.53727  0.7434E-14  0.2008E-04  0.5061E-07  0.1642E-02  0.1017E-02  0.1579E+01
   -1.050002   25.53795  0.7434E-14  0.1951E-04  0.5081E-07  0.1594E-02  0.8866E-03  0.1425E+01
   -1.100004   25.53863  0.7434E-14  0.1919E-04  0.5112E-07  0.2363E-02  0.7699E-03  0.1198E+01
   -1.150005   25.53909  0.7434E-14  0.1896E-04  0.5154E-07  0.1955E-02  0.7332E-03  0.1754E+01
   -1.200007   25.53965  0.7434E-14  0.1863E-04  0.5235E-07  0.1933E-02  0.7014E-03  0.1201E+01
   -1.250008   25.54020  0.7434E-14  0.1804E-04  0.5405E-07  0.1726E-02  0.6293E-03  0.1106E+01
   -1.300010   25.54083  0.7434E-14  0.1751E-04  0.5591E-07  0.1583E-02  0.5718E-03  0.1005E+01
   -1.350011   25.54152  0.7434E-14  0.1700E-04  0.5810E-07  0.1465E-02  0.5240E-03  0.9456E+00
   -1.400012   25.54226  0.7434E-14  0.1647E-04  0.6112E-07  0.1393E-02  0.4840E-03  0.1084E+01
   -1.450012   25.54307  0.7434E-14  0.1591E-04  0.6550E-07  0.1201E-02  0.4473E-03  0.1350E+01
   -1.500013   25.54402  0.7434E-14  0.1525E-04  0.7197E-07  0.1209E-02  0.4123E-03  0.1942E+01
   -1.550013   25.54501  0.7434E-14  0.1448E-04  0.8256E-07  0.1005E-02  0.3796E-03  0.3619E+01
   -1.600013   25.54648  0.7434E-14  0.1344E-04  0.9807E-07  0.1045E-02  0.3431E-03  0.2128E+02
   -1.650013   25.54780  0.7434E-14  0.1192E-04  0.1335E-06  0.7824E-03  0.3091E-03 -0.4583E+02
   -1.700013   25.55121  0.7434E-14  0.8722E-05  0.4790E-06  0.4057E-03  0.2509E-03  0.1599E+03
   -1.750012   25.55847  0.7434E-14  0.7462E-05  0.6266E-06  0.5755E-03  0.1549E-03  0.5913E+03
   -1.800010   25.55423  0.7434E-14  0.6279E-05  0.9653E-06  0.3548E-03  0.1711E-03 -0.3567E+03
   -1.850009   25.58331  0.7434E-14  0.5329E-05  0.1649E-05  0.4913E-03  0.7089E-04  0.3446E+06
   -1.900006   25.55428  0.7434E-14  0.4796E-05  0.3316E-05  0.2935E-03  0.8525E-04 -0.4514E+05
   -1.950004   25.59748  0.7434E-14  0.3528E-05  0.6451E-05  0.4784E-03  0.3507E-04  0.2445E+02
   -2.000001   25.59165  0.7434E-14  0.0000E+00  0.0000E+00  0.0000E+00  0.1421E-03  0.0000E+00
