 1 - depth, m
 2 - temperature, C
 3 - salinity, kg/kg
 4 - turbulent kinetic energy, m**2/s**2
 5 - dissipation rate, m**2/s**3
 6 - kinematic heat conductance, m**2/s
 7 - modulus of horizontal velocity, m/s
 8 - Richardson number, n/d
   -0.000000   29.72871  0.3745E-13  0.4698E-05  0.2625E-06  0.4849E-04  0.2562E-02  0.1551E+04
   -0.049997   29.75672  0.3745E-13  0.7808E-05  0.1156E-06  0.1850E-03  0.1390E-02  0.4340E+02
   -0.099994   29.76594  0.3745E-13  0.9303E-05  0.8121E-07  0.3772E-03  0.1059E-02  0.7369E+01
   -0.149992   29.76896  0.3745E-13  0.1027E-04  0.6825E-07  0.4688E-03  0.9356E-03  0.3695E+01
   -0.199991   29.77130  0.3745E-13  0.1103E-04  0.6065E-07  0.6130E-03  0.8383E-03  0.2404E+01
   -0.249989   29.77303  0.3745E-13  0.1163E-04  0.5566E-07  0.7317E-03  0.7641E-03  0.1783E+01
   -0.299989   29.77444  0.3745E-13  0.1213E-04  0.5210E-07  0.8423E-03  0.7022E-03  0.1447E+01
   -0.349988   29.77564  0.3745E-13  0.1255E-04  0.4939E-07  0.9448E-03  0.6485E-03  0.1330E+01
   -0.399988   29.77669  0.3745E-13  0.1293E-04  0.4720E-07  0.1049E-02  0.5990E-03  0.1288E+01
   -0.449988   29.77761  0.3745E-13  0.1326E-04  0.4538E-07  0.1153E-02  0.5536E-03  0.1272E+01
   -0.499988   29.77843  0.3745E-13  0.1355E-04  0.4385E-07  0.1250E-02  0.5126E-03  0.1272E+01
   -0.549989   29.77917  0.3745E-13  0.1381E-04  0.4256E-07  0.1340E-02  0.4757E-03  0.1266E+01
   -0.599990   29.77985  0.3745E-13  0.1403E-04  0.4149E-07  0.1421E-02  0.4423E-03  0.1264E+01
   -0.649991   29.78048  0.3745E-13  0.1422E-04  0.4058E-07  0.1494E-02  0.4122E-03  0.1258E+01
   -0.699992   29.78108  0.3745E-13  0.1438E-04  0.3984E-07  0.1557E-02  0.3849E-03  0.1257E+01
   -0.749993   29.78164  0.3745E-13  0.1450E-04  0.3922E-07  0.1610E-02  0.3601E-03  0.1253E+01
   -0.799995   29.78217  0.3745E-13  0.1460E-04  0.3873E-07  0.1654E-02  0.3375E-03  0.1258E+01
   -0.849997   29.78269  0.3745E-13  0.1468E-04  0.3834E-07  0.1688E-02  0.3170E-03  0.1263E+01
   -0.899998   29.78318  0.3745E-13  0.1474E-04  0.3805E-07  0.1713E-02  0.2983E-03  0.1285E+01
   -0.950000   29.78367  0.3745E-13  0.1477E-04  0.3785E-07  0.1729E-02  0.2812E-03  0.1325E+01
   -1.000002   29.78415  0.3745E-13  0.1478E-04  0.3774E-07  0.1737E-02  0.2653E-03  0.1406E+01
   -1.050003   29.78462  0.3745E-13  0.1477E-04  0.3772E-07  0.1737E-02  0.2504E-03  0.1580E+01
   -1.100005   29.78509  0.3745E-13  0.1475E-04  0.3779E-07  0.1824E-02  0.2363E-03  0.5251E+01
   -1.150007   29.78553  0.3745E-13  0.1470E-04  0.3798E-07  0.1650E-02  0.2237E-03  0.1191E+02
   -1.200008   29.78602  0.3745E-13  0.1464E-04  0.3827E-07  0.1678E-02  0.2106E-03  0.2282E+01
   -1.250010   29.78649  0.3745E-13  0.1455E-04  0.3871E-07  0.1648E-02  0.1981E-03  0.2437E+01
   -1.300011   29.78697  0.3745E-13  0.1443E-04  0.3932E-07  0.1600E-02  0.1861E-03  0.2838E+01
   -1.350012   29.78746  0.3745E-13  0.1429E-04  0.4015E-07  0.1542E-02  0.1744E-03  0.3402E+01
   -1.400013   29.78797  0.3745E-13  0.1412E-04  0.4127E-07  0.1468E-02  0.1631E-03  0.4172E+01
   -1.450014   29.78851  0.3745E-13  0.1391E-04  0.4278E-07  0.1391E-02  0.1519E-03  0.5310E+01
   -1.500015   29.78907  0.3745E-13  0.1365E-04  0.4486E-07  0.1284E-02  0.1410E-03  0.7119E+01
   -1.550015   29.78968  0.3745E-13  0.1334E-04  0.4778E-07  0.1199E-02  0.1301E-03  0.1005E+02
   -1.600015   29.79035  0.3745E-13  0.1295E-04  0.5219E-07  0.1057E-02  0.1194E-03  0.1787E+02
   -1.650015   29.79114  0.3745E-13  0.1246E-04  0.5897E-07  0.9798E-03  0.1080E-03  0.6349E+02
   -1.700015   29.79203  0.3745E-13  0.1179E-04  0.7110E-07  0.7989E-03  0.9697E-04 -0.1359E+03
   -1.750014   29.79354  0.3745E-13  0.1088E-04  0.9137E-07  0.7213E-03  0.8260E-04  0.2174E+05
   -1.800013   29.79499  0.3745E-13  0.9625E-05  0.1332E-06  0.5008E-03  0.7072E-04  0.1598E+05
   -1.850011   29.79991  0.3745E-13  0.8164E-05  0.2110E-06  0.4607E-03  0.5114E-04  0.1457E+08
   -1.900009   29.79941  0.3745E-13  0.6447E-05  0.4397E-06  0.2056E-03  0.4135E-04 -0.1857E+05
   -1.950006   29.81608  0.3745E-13  0.4454E-05  0.1117E-05  0.1769E-03  0.2218E-04 -0.2474E+06
   -2.000003   29.81797  0.3745E-13  0.0000E+00  0.0000E+00  0.0000E+00  0.3991E-04  0.0000E+00
