 1 - depth, m
 2 - temperature, C
 3 - salinity, kg/kg
 4 - turbulent kinetic energy, m**2/s**2
 5 - dissipation rate, m**2/s**3
 6 - kinematic heat conductance, m**2/s
 7 - modulus of horizontal velocity, m/s
 8 - Richardson number, n/d
   -0.000000   28.78958  0.7145E-13  0.8105E-05  0.3371E-06  0.2868E-04  0.9303E-02 -0.3669E+00
   -0.049997   28.83896  0.7145E-13  0.1032E-04  0.1438E-06  0.2687E-03  0.4924E-02  0.4206E+01
   -0.099994   28.84407  0.7145E-13  0.1136E-04  0.1123E-06  0.3397E-03  0.4419E-02  0.1411E+01
   -0.149992   28.84798  0.7145E-13  0.1239E-04  0.9539E-07  0.4626E-03  0.4023E-02  0.1778E+01
   -0.199991   28.85076  0.7145E-13  0.1345E-04  0.8388E-07  0.6181E-03  0.3659E-02  0.2123E+01
   -0.249989   28.85279  0.7145E-13  0.1450E-04  0.7545E-07  0.7888E-03  0.3313E-02  0.2397E+01
   -0.299988   28.85434  0.7145E-13  0.1550E-04  0.6896E-07  0.8526E-03  0.2980E-02  0.2568E+01
   -0.349988   28.85573  0.7145E-13  0.1642E-04  0.6377E-07  0.9252E-03  0.2656E-02  0.2743E+01
   -0.399988   28.85699  0.7145E-13  0.1724E-04  0.5954E-07  0.1029E-02  0.2339E-02  0.2606E+01
   -0.449988   28.85809  0.7145E-13  0.1792E-04  0.5608E-07  0.1147E-02  0.2052E-02  0.2397E+01
   -0.499988   28.85907  0.7145E-13  0.1848E-04  0.5329E-07  0.1265E-02  0.1802E-02  0.2224E+01
   -0.549989   28.85993  0.7145E-13  0.1890E-04  0.5104E-07  0.1378E-02  0.1584E-02  0.2073E+01
   -0.599989   28.86072  0.7145E-13  0.1921E-04  0.4927E-07  0.1484E-02  0.1395E-02  0.1945E+01
   -0.649990   28.86143  0.7145E-13  0.1942E-04  0.4790E-07  0.1582E-02  0.1232E-02  0.1835E+01
   -0.699992   28.86209  0.7145E-13  0.1953E-04  0.4687E-07  0.1674E-02  0.1091E-02  0.1737E+01
   -0.749993   28.86271  0.7145E-13  0.1955E-04  0.4615E-07  0.1763E-02  0.9681E-03  0.1650E+01
   -0.799994   28.86329  0.7145E-13  0.1951E-04  0.4570E-07  0.1851E-02  0.8621E-03  0.1572E+01
   -0.849996   28.86383  0.7145E-13  0.1941E-04  0.4550E-07  0.1943E-02  0.7704E-03  0.1501E+01
   -0.899998   28.86434  0.7145E-13  0.1925E-04  0.4552E-07  0.2040E-02  0.6909E-03  0.1437E+01
   -0.949999   28.86483  0.7145E-13  0.1906E-04  0.4575E-07  0.2135E-02  0.6220E-03  0.1379E+01
   -1.000001   28.86528  0.7145E-13  0.1884E-04  0.4618E-07  0.2185E-02  0.5621E-03  0.1318E+01
   -1.050003   28.86573  0.7145E-13  0.1859E-04  0.4678E-07  0.2080E-02  0.5099E-03  0.1221E+01
   -1.100004   28.86620  0.7145E-13  0.1842E-04  0.4729E-07  0.2400E-02  0.4640E-03  0.1276E+01
   -1.150006   28.86660  0.7145E-13  0.1825E-04  0.4791E-07  0.1852E-02  0.4452E-03  0.3799E+01
   -1.200008   28.86712  0.7145E-13  0.1802E-04  0.4881E-07  0.2026E-02  0.4221E-03  0.1096E+01
   -1.250009   28.86759  0.7145E-13  0.1773E-04  0.5017E-07  0.1857E-02  0.3924E-03  0.1033E+01
   -1.300010   28.86811  0.7145E-13  0.1742E-04  0.5179E-07  0.1757E-02  0.3661E-03  0.1056E+01
   -1.350012   28.86865  0.7145E-13  0.1709E-04  0.5385E-07  0.1654E-02  0.3426E-03  0.1176E+01
   -1.400013   28.86923  0.7145E-13  0.1672E-04  0.5656E-07  0.1555E-02  0.3206E-03  0.1440E+01
   -1.450013   28.86986  0.7145E-13  0.1630E-04  0.6027E-07  0.1435E-02  0.2997E-03  0.1993E+01
   -1.500014   28.87056  0.7145E-13  0.1579E-04  0.6549E-07  0.1335E-02  0.2787E-03  0.4208E+01
   -1.550014   28.87135  0.7145E-13  0.1517E-04  0.7333E-07  0.1210E-02  0.2577E-03 -0.2409E+03
   -1.600014   28.87236  0.7145E-13  0.1437E-04  0.8580E-07  0.1096E-02  0.2350E-03  0.5762E+03
   -1.650014   28.87365  0.7145E-13  0.1333E-04  0.1063E-06  0.9544E-03  0.2102E-03  0.7836E+04
   -1.700013   28.87536  0.7145E-13  0.1167E-04  0.1922E-06  0.7212E-03  0.1817E-03  0.1791E+04
   -1.750013   28.87890  0.7145E-13  0.1035E-04  0.2583E-06  0.6925E-03  0.1404E-03  0.4336E+05
   -1.800011   28.87913  0.7145E-13  0.8822E-05  0.4100E-06  0.4599E-03  0.1266E-03  0.1554E+05
   -1.850010   28.89357  0.7145E-13  0.7454E-05  0.6970E-06  0.4772E-03  0.7695E-04  0.1908E+08
   -1.900007   28.88316  0.7145E-13  0.6044E-05  0.1441E-05  0.2388E-03  0.6911E-04 -0.9032E+05
   -1.950005   28.91208  0.7145E-13  0.4428E-05  0.3066E-05  0.3011E-03  0.3414E-04 -0.2751E+05
   -2.000002   28.90964  0.7145E-13  0.0000E+00  0.0000E+00  0.0000E+00  0.8736E-04  0.0000E+00
