 1 - depth, m
 2 - temperature, C
 3 - salinity, kg/kg
 4 - turbulent kinetic energy, m**2/s**2
 5 - dissipation rate, m**2/s**3
 6 - kinematic heat conductance, m**2/s
 7 - modulus of horizontal velocity, m/s
 8 - Richardson number, n/d
   -0.000000   30.38215  0.4004E-14  0.4710E-05  0.2684E-06  0.4306E-04  0.1752E-03  0.5634E+06
   -0.049997   30.41786  0.4005E-14  0.8507E-05  0.1210E-06  0.2095E-03  0.9198E-04  0.1977E+07
   -0.099994   30.42593  0.4005E-14  0.1010E-04  0.8761E-07  0.4047E-03  0.7018E-04  0.7659E+04
   -0.149992   30.42912  0.4005E-14  0.1117E-04  0.7433E-07  0.5037E-03  0.6200E-04  0.4092E+04
   -0.199991   30.43155  0.4005E-14  0.1200E-04  0.6643E-07  0.6592E-03  0.5554E-04  0.2708E+04
   -0.249989   30.43335  0.4005E-14  0.1266E-04  0.6117E-07  0.7870E-03  0.5061E-04  0.2084E+04
   -0.299989   30.43482  0.4005E-14  0.1320E-04  0.5738E-07  0.9098E-03  0.4651E-04  0.1651E+04
   -0.349988   30.43606  0.4005E-14  0.1365E-04  0.5452E-07  0.1022E-02  0.4298E-04  0.1466E+04
   -0.399988   30.43714  0.4005E-14  0.1403E-04  0.5229E-07  0.1125E-02  0.3985E-04  0.1278E+04
   -0.449988   30.43809  0.4005E-14  0.1435E-04  0.5046E-07  0.1220E-02  0.3709E-04  0.1253E+04
   -0.499988   30.43896  0.4005E-14  0.1463E-04  0.4894E-07  0.1307E-02  0.3465E-04  0.1179E+04
   -0.549989   30.43975  0.4005E-14  0.1487E-04  0.4766E-07  0.1387E-02  0.3245E-04  0.1217E+04
   -0.599990   30.44048  0.4005E-14  0.1508E-04  0.4658E-07  0.1459E-02  0.3047E-04  0.1170E+04
   -0.649991   30.44117  0.4005E-14  0.1526E-04  0.4566E-07  0.1524E-02  0.2865E-04  0.1240E+04
   -0.699992   30.44181  0.4005E-14  0.1541E-04  0.4488E-07  0.1582E-02  0.2699E-04  0.1213E+04
   -0.749993   30.44243  0.4005E-14  0.1553E-04  0.4423E-07  0.1631E-02  0.2545E-04  0.1310E+04
   -0.799995   30.44301  0.4005E-14  0.1563E-04  0.4368E-07  0.1674E-02  0.2402E-04  0.1305E+04
   -0.849996   30.44358  0.4005E-14  0.1571E-04  0.4324E-07  0.1708E-02  0.2267E-04  0.1430E+04
   -0.899998   30.44413  0.4005E-14  0.1577E-04  0.4289E-07  0.1735E-02  0.2142E-04  0.1451E+04
   -0.950000   30.44466  0.4005E-14  0.1580E-04  0.4264E-07  0.1753E-02  0.2023E-04  0.1612E+04
   -1.000001   30.44518  0.4005E-14  0.1581E-04  0.4249E-07  0.1764E-02  0.1912E-04  0.1668E+04
   -1.050003   30.44569  0.4005E-14  0.1581E-04  0.4243E-07  0.1765E-02  0.1805E-04  0.1949E+04
   -1.100005   30.44620  0.4005E-14  0.1578E-04  0.4248E-07  0.1853E-02  0.1704E-04  0.6149E+04
   -1.150006   30.44668  0.4005E-14  0.1573E-04  0.4267E-07  0.1679E-02  0.1613E-04  0.1438E+05
   -1.200008   30.44721  0.4005E-14  0.1565E-04  0.4297E-07  0.1706E-02  0.1519E-04  0.2794E+04
   -1.250010   30.44772  0.4005E-14  0.1555E-04  0.4344E-07  0.1676E-02  0.1430E-04  0.2865E+04
   -1.300011   30.44824  0.4005E-14  0.1542E-04  0.4411E-07  0.1628E-02  0.1343E-04  0.3438E+04
   -1.350012   30.44877  0.4005E-14  0.1527E-04  0.4503E-07  0.1569E-02  0.1260E-04  0.3987E+04
   -1.400013   30.44932  0.4005E-14  0.1507E-04  0.4628E-07  0.1492E-02  0.1178E-04  0.5041E+04
   -1.450014   30.44990  0.4005E-14  0.1484E-04  0.4798E-07  0.1415E-02  0.1099E-04  0.6267E+04
   -1.500015   30.45051  0.4005E-14  0.1455E-04  0.5035E-07  0.1304E-02  0.1020E-04  0.8676E+04
   -1.550015   30.45117  0.4005E-14  0.1421E-04  0.5371E-07  0.1219E-02  0.9415E-05  0.1285E+05
   -1.600015   30.45188  0.4005E-14  0.1378E-04  0.5880E-07  0.1076E-02  0.8644E-05  0.2673E+05
   -1.650015   30.45274  0.4005E-14  0.1323E-04  0.6670E-07  0.9971E-03  0.7824E-05  0.3611E+07
   -1.700014   30.45371  0.4005E-14  0.1248E-04  0.8087E-07  0.8146E-03  0.7026E-05 -0.2038E+07
   -1.750013   30.45540  0.4005E-14  0.1148E-04  0.1042E-06  0.7332E-03  0.5968E-05  0.6081E+08
   -1.800012   30.45686  0.4005E-14  0.1012E-04  0.1532E-06  0.5143E-03  0.5124E-05  0.1356E+08
   -1.850010   30.46245  0.4005E-14  0.8609E-05  0.2452E-06  0.4689E-03  0.3697E-05  0.1346E+10
   -1.900008   30.46166  0.4005E-14  0.6810E-05  0.5146E-06  0.2129E-03  0.3003E-05  0.8175E+08
   -1.950006   30.47942  0.4005E-14  0.4757E-05  0.1285E-05  0.1857E-03  0.1624E-05 -0.5670E+09
   -2.000003   30.48159  0.4005E-14  0.0000E+00  0.0000E+00  0.0000E+00  0.2926E-05  0.0000E+00
