 1 - depth, m
 2 - temperature, C
 3 - salinity, kg/kg
 4 - turbulent kinetic energy, m**2/s**2
 5 - dissipation rate, m**2/s**3
 6 - kinematic heat conductance, m**2/s
 7 - modulus of horizontal velocity, m/s
 8 - Richardson number, n/d
   -0.000000   28.56263  0.1768E-14  0.1384E-04  0.8429E-06  0.3349E-04  0.1792E-01 -0.1323E+00
   -0.049997   28.61864  0.1768E-14  0.1477E-04  0.3018E-06  0.2097E-03  0.1006E-01  0.2783E+02
   -0.099994   28.62855  0.1768E-14  0.1589E-04  0.2076E-06  0.4022E-03  0.8523E-02  0.2130E+03
   -0.149992   28.63278  0.1768E-14  0.1698E-04  0.1664E-06  0.5203E-03  0.7757E-02  0.3583E+01
   -0.199990   28.63585  0.1768E-14  0.1827E-04  0.1411E-06  0.6587E-03  0.7027E-02  0.3836E+01
   -0.249989   28.63820  0.1768E-14  0.1958E-04  0.1238E-06  0.7355E-03  0.6356E-02  0.4226E+01
   -0.299988   28.64025  0.1768E-14  0.2083E-04  0.1109E-06  0.8165E-03  0.5717E-02  0.4775E+01
   -0.349987   28.64205  0.1768E-14  0.2197E-04  0.1008E-06  0.9140E-03  0.5100E-02  0.5427E+01
   -0.399987   28.64362  0.1768E-14  0.2293E-04  0.9236E-07  0.1048E-02  0.4492E-02  0.4782E+01
   -0.449987   28.64497  0.1768E-14  0.2372E-04  0.8525E-07  0.1201E-02  0.3937E-02  0.3956E+01
   -0.499987   28.64612  0.1768E-14  0.2433E-04  0.7928E-07  0.1363E-02  0.3445E-02  0.3369E+01
   -0.549988   28.64711  0.1768E-14  0.2478E-04  0.7429E-07  0.1521E-02  0.3009E-02  0.2930E+01
   -0.599988   28.64799  0.1768E-14  0.2507E-04  0.7016E-07  0.1657E-02  0.2626E-02  0.2605E+01
   -0.649989   28.64878  0.1768E-14  0.2522E-04  0.6679E-07  0.1760E-02  0.2291E-02  0.2359E+01
   -0.699990   28.64952  0.1768E-14  0.2523E-04  0.6409E-07  0.1825E-02  0.1998E-02  0.2166E+01
   -0.749992   28.65022  0.1768E-14  0.2512E-04  0.6199E-07  0.1858E-02  0.1743E-02  0.2007E+01
   -0.799993   28.65089  0.1768E-14  0.2490E-04  0.6044E-07  0.1872E-02  0.1522E-02  0.1872E+01
   -0.849995   28.65156  0.1768E-14  0.2459E-04  0.5939E-07  0.1879E-02  0.1330E-02  0.1751E+01
   -0.899996   28.65221  0.1768E-14  0.2421E-04  0.5880E-07  0.1888E-02  0.1165E-02  0.1641E+01
   -0.949998   28.65286  0.1768E-14  0.2376E-04  0.5863E-07  0.1906E-02  0.1023E-02  0.1541E+01
   -0.999999   28.65349  0.1768E-14  0.2328E-04  0.5886E-07  0.1942E-02  0.9003E-03  0.1452E+01
   -1.050001   28.65410  0.1768E-14  0.2276E-04  0.5945E-07  0.1905E-02  0.7946E-03  0.1325E+01
   -1.100003   28.65472  0.1768E-14  0.2247E-04  0.5996E-07  0.2783E-02  0.7005E-03  0.1159E+01
   -1.150004   28.65515  0.1768E-14  0.2224E-04  0.6053E-07  0.2278E-02  0.6705E-03  0.1824E+01
   -1.200006   28.65567  0.1768E-14  0.2191E-04  0.6155E-07  0.2207E-02  0.6430E-03  0.1173E+01
   -1.250007   28.65620  0.1768E-14  0.2135E-04  0.6361E-07  0.2058E-02  0.5828E-03  0.1089E+01
   -1.300008   28.65676  0.1768E-14  0.2083E-04  0.6589E-07  0.1942E-02  0.5336E-03  0.1031E+01
   -1.350009   28.65737  0.1768E-14  0.2031E-04  0.6875E-07  0.1805E-02  0.4915E-03  0.1021E+01
   -1.400010   28.65801  0.1768E-14  0.1977E-04  0.7252E-07  0.1683E-02  0.4547E-03  0.1095E+01
   -1.450011   28.65872  0.1768E-14  0.1918E-04  0.7796E-07  0.1569E-02  0.4217E-03  0.1418E+01
   -1.500012   28.65951  0.1768E-14  0.1850E-04  0.8618E-07  0.1454E-02  0.3905E-03  0.3665E+02
   -1.550012   28.66047  0.1768E-14  0.1768E-04  0.9879E-07  0.1380E-02  0.3594E-03  0.3323E+04
   -1.600012   28.66177  0.1768E-14  0.1664E-04  0.1180E-06  0.1220E-02  0.3262E-03  0.5426E+04
   -1.650012   28.66334  0.1768E-14  0.1543E-04  0.1471E-06  0.1025E-02  0.2907E-03  0.1104E+05
   -1.700011   28.66538  0.1768E-14  0.1396E-04  0.2006E-06  0.8778E-03  0.2516E-03  0.5635E+04
   -1.750010   28.66842  0.1768E-14  0.1256E-04  0.2804E-06  0.7611E-03  0.2075E-03  0.2848E+06
   -1.800009   28.67006  0.1768E-14  0.1081E-04  0.4852E-06  0.5709E-03  0.1786E-03  0.4297E+05
   -1.850007   28.68269  0.1768E-14  0.9316E-05  0.7939E-06  0.5284E-03  0.1206E-03  0.5867E+08
   -1.900005   28.67474  0.1768E-14  0.7438E-05  0.1692E-05  0.2833E-03  0.1037E-03 -0.6600E+05
   -1.950002   28.70506  0.1768E-14  0.5509E-05  0.3582E-05  0.3017E-03  0.5421E-04 -0.3836E+04
   -1.999999   28.70538  0.1768E-14  0.0000E+00  0.0000E+00  0.0000E+00  0.1285E-03  0.0000E+00
