 1 - depth, m
 2 - temperature, C
 3 - salinity, kg/kg
 4 - turbulent kinetic energy, m**2/s**2
 5 - dissipation rate, m**2/s**3
 6 - kinematic heat conductance, m**2/s
 7 - modulus of horizontal velocity, m/s
 8 - Richardson number, n/d
   -0.000000   -0.00000  0.1319E-09  0.1219E-13  0.7603E-17  0.1000E-09  0.0000E+00  0.1051E+17
   -0.068746    0.16110  0.1651E-09  0.1219E-13  0.7603E-17  0.1000E-09  0.0000E+00  0.1017E+17
   -0.137492    0.32418  0.1539E-09  0.1219E-13  0.7603E-17  0.1000E-09  0.0000E+00  0.9705E+16
   -0.206240    0.48738  0.1282E-09  0.1219E-13  0.7603E-17  0.1000E-09  0.0000E+00  0.9209E+16
   -0.274987    0.65008  0.1041E-09  0.1219E-13  0.7603E-17  0.1000E-09  0.0000E+00  0.8695E+16
   -0.343736    0.81180  0.8844E-10  0.1219E-13  0.7603E-17  0.1000E-09  0.0000E+00  0.8188E+16
   -0.412485    0.97245  0.8056E-10  0.1219E-13  0.7603E-17  0.1000E-09  0.0000E+00  0.7677E+16
   -0.481234    1.13171  0.7726E-10  0.1219E-13  0.7603E-17  0.1000E-09  0.0000E+00  0.7166E+16
   -0.549984    1.28928  0.7605E-10  0.1219E-13  0.7603E-17  0.1000E-09  0.0000E+00  0.6671E+16
   -0.618734    1.44514  0.7565E-10  0.1219E-13  0.7603E-17  0.1000E-09  0.0000E+00  0.6193E+16
   -0.687484    1.59933  0.7550E-10  0.1219E-13  0.7603E-17  0.1000E-09  0.0000E+00  0.5724E+16
   -0.756235    1.75167  0.7541E-10  0.1219E-13  0.7603E-17  0.1000E-09  0.0000E+00  0.5276E+16
   -0.824987    1.90233  0.7530E-10  0.1219E-13  0.7603E-17  0.1000E-09  0.0000E+00  0.4838E+16
   -0.893738    2.05114  0.7516E-10  0.3947E-13  0.7603E-17  0.1000E-09  0.0000E+00  0.4411E+16
   -0.962490    2.19793  0.7496E-10  0.1157E-12  0.1295E-16  0.1000E-09  0.0000E+00  0.3996E+16
   -1.031242    2.34256  0.7468E-10  0.2756E-12  0.2699E-16  0.1000E-09  0.0000E+00  0.3594E+16
   -1.099994    2.48481  0.7434E-10  0.6118E-12  0.5713E-16  0.1000E-09  0.0000E+00  0.3201E+16
   -1.168746    2.62431  0.7392E-10  0.1322E-11  0.1200E-15  0.1000E-09  0.0000E+00  0.2825E+16
   -1.237498    2.76088  0.7348E-10  0.2819E-11  0.2494E-15  0.1000E-09  0.0000E+00  0.2468E+16
   -1.306251    2.89435  0.7305E-10  0.5952E-11  0.5143E-15  0.1000E-09  0.0000E+00  0.2128E+16
   -1.375003    3.02451  0.7269E-10  0.1246E-10  0.1052E-14  0.1000E-09  0.0000E+00  0.1812E+16
   -1.443756    3.15147  0.7243E-10  0.2588E-10  0.2135E-14  0.1000E-09  0.0000E+00  0.1520E+16
   -1.512508    3.27551  0.7227E-10  0.5335E-10  0.4301E-14  0.1000E-09  0.0000E+00  0.1243E+16
   -1.581261    3.39622  0.7219E-10  0.1091E-09  0.8602E-14  0.1000E-09  0.0000E+00  0.9813E+15
   -1.650013    3.51305  0.7216E-10  0.2216E-09  0.1708E-13  0.1176E-09  0.0000E+00  0.7391E+15
   -1.718765    3.62543  0.7215E-10  0.4467E-09  0.3367E-13  0.3299E-09  0.0000E+00  0.5194E+15
   -1.787517    3.73283  0.7214E-10  0.8937E-09  0.6590E-13  0.1031E-08  0.0000E+00  0.3252E+15
   -1.856269    3.83509  0.7214E-10  0.1772E-08  0.1279E-12  0.4175E-08  0.0000E+00  0.1559E+15
   -1.925020    3.93147  0.7214E-10  0.3399E-08  0.2409E-12  0.5566E-07  0.0000E+00  0.2195E+14
   -1.993771    4.00081  0.7214E-10  0.3970E-08  0.2832E-12  0.2130E-04  0.0000E+00 -0.1466E+12
   -2.062522    4.00144  0.7214E-10  0.4220E-08  0.3068E-12  0.2183E-04  0.0000E+00 -0.1510E+12
   -2.131273    4.00207  0.7214E-10  0.4435E-08  0.3334E-12  0.2194E-04  0.0000E+00 -0.1607E+12
   -2.200023    4.00270  0.7214E-10  0.4616E-08  0.3649E-12  0.2147E-04  0.0000E+00 -0.1767E+12
   -2.268773    4.00338  0.7214E-10  0.4762E-08  0.4036E-12  0.2039E-04  0.0000E+00 -0.2017E+12
   -2.337522    4.00412  0.7214E-10  0.4869E-08  0.4539E-12  0.1866E-04  0.0000E+00 -0.2423E+12
   -2.406271    4.00496  0.7214E-10  0.4925E-08  0.5243E-12  0.1622E-04  0.0000E+00 -0.3130E+12
   -2.475019    4.00601  0.7214E-10  0.4899E-08  0.6332E-12  0.1296E-04  0.0000E+00 -0.4553E+12
   -2.543767    4.00743  0.7214E-10  0.4711E-08  0.8340E-12  0.8614E-05  0.0000E+00 -0.8287E+12
   -2.612514    4.00980  0.7214E-10  0.4139E-08  0.1301E-11  0.3803E-05  0.0000E+00 -0.2430E+13
   -2.681261    4.01567  0.7214E-10  0.2313E-08  0.3438E-11  0.3700E-06  0.0000E+00 -0.4619E+14
   -2.750007    4.06855  0.7214E-10  0.0000E+00  0.0000E+00  0.0000E+00  0.0000E+00  0.0000E+00
