 1 - depth, m
 2 - temperature, C
 3 - salinity, kg/kg
 4 - turbulent kinetic energy, m**2/s**2
 5 - dissipation rate, m**2/s**3
 6 - kinematic heat conductance, m**2/s
 7 - modulus of horizontal velocity, m/s
 8 - Richardson number, n/d
   -0.000000   -0.00000  0.1245E-09  0.1219E-13  0.7603E-17  0.1000E-09  0.0000E+00  0.1378E+17
   -0.068746    0.21276  0.1585E-09  0.3423E-13  0.7603E-17  0.1000E-09  0.0000E+00  0.1301E+17
   -0.137492    0.42601  0.1420E-09  0.1054E-12  0.1043E-16  0.1000E-09  0.0000E+00  0.1214E+17
   -0.206239    0.63803  0.1085E-09  0.2448E-12  0.1948E-16  0.1000E-09  0.0000E+00  0.1127E+17
   -0.274987    0.84856  0.8491E-10  0.5121E-12  0.3800E-16  0.1000E-09  0.0000E+00  0.1042E+17
   -0.343735    1.05738  0.7360E-10  0.1026E-11  0.7362E-16  0.1000E-09  0.0000E+00  0.9602E+16
   -0.412484    1.26464  0.6931E-10  0.2018E-11  0.1412E-15  0.1000E-09  0.0000E+00  0.8792E+16
   -0.481233    1.47007  0.6790E-10  0.3927E-11  0.2688E-15  0.1000E-09  0.0000E+00  0.7995E+16
   -0.549983    1.67337  0.6749E-10  0.7582E-11  0.5080E-15  0.1000E-09  0.0000E+00  0.7225E+16
   -0.618733    1.87456  0.6735E-10  0.1449E-10  0.9506E-15  0.1000E-09  0.0000E+00  0.6481E+16
   -0.687483    2.07363  0.6727E-10  0.2748E-10  0.1766E-14  0.1000E-09  0.0000E+00  0.5753E+16
   -0.756234    2.27025  0.6715E-10  0.5178E-10  0.3260E-14  0.1000E-09  0.0000E+00  0.5055E+16
   -0.824985    2.46448  0.6693E-10  0.9697E-10  0.5982E-14  0.1000E-09  0.0000E+00  0.4374E+16
   -0.893736    2.65584  0.6658E-10  0.1805E-09  0.1091E-13  0.1000E-09  0.0000E+00  0.3714E+16
   -0.962488    2.84383  0.6612E-10  0.3340E-09  0.1979E-13  0.1000E-09  0.0000E+00  0.3081E+16
   -1.031240    3.02798  0.6563E-10  0.6144E-09  0.3569E-13  0.1000E-09  0.0000E+00  0.2481E+16
   -1.099992    3.20784  0.6523E-10  0.1127E-08  0.6420E-13  0.1706E-09  0.0000E+00  0.1915E+16
   -1.168744    3.38285  0.6498E-10  0.2059E-08  0.1150E-12  0.4205E-09  0.0000E+00  0.1392E+16
   -1.237496    3.55288  0.6486E-10  0.3742E-08  0.2050E-12  0.1145E-08  0.0000E+00  0.9118E+15
   -1.306248    3.71779  0.6482E-10  0.6754E-08  0.3632E-12  0.3925E-08  0.0000E+00  0.4710E+15
   -1.375001    3.87604  0.6480E-10  0.1194E-07  0.6313E-12  0.3468E-07  0.0000E+00  0.9264E+14
   -1.443753    4.00491  0.6480E-10  0.1237E-07  0.6554E-12  0.9137E-04  0.0000E+00 -0.7265E+11
   -1.512505    4.00516  0.6480E-10  0.1255E-07  0.6675E-12  0.9388E-04  0.0000E+00 -0.7179E+11
   -1.581257    4.00540  0.6480E-10  0.1270E-07  0.6793E-12  0.9398E-04  0.0000E+00 -0.7281E+11
   -1.650009    4.00564  0.6480E-10  0.1282E-07  0.6917E-12  0.9402E-04  0.0000E+00 -0.7389E+11
   -1.718761    4.00588  0.6480E-10  0.1292E-07  0.7053E-12  0.9371E-04  0.0000E+00 -0.7527E+11
   -1.787513    4.00613  0.6480E-10  0.1301E-07  0.7204E-12  0.9301E-04  0.0000E+00 -0.7701E+11
   -1.856265    4.00637  0.6480E-10  0.1309E-07  0.7375E-12  0.9189E-04  0.0000E+00 -0.7916E+11
   -1.925016    4.00662  0.6480E-10  0.1314E-07  0.7571E-12  0.9030E-04  0.0000E+00 -0.8183E+11
   -1.993767    4.00688  0.6480E-10  0.1318E-07  0.7801E-12  0.8833E-04  0.0000E+00 -0.8501E+11
   -2.062518    4.00714  0.6480E-10  0.1319E-07  0.8075E-12  0.8216E-04  0.0000E+00 -0.9315E+11
   -2.131268    4.00742  0.6480E-10  0.1317E-07  0.8417E-12  0.7458E-04  0.0000E+00 -0.1050E+12
   -2.200018    4.00774  0.6480E-10  0.1312E-07  0.8853E-12  0.6687E-04  0.0000E+00 -0.1201E+12
   -2.268768    4.00809  0.6480E-10  0.1302E-07  0.9424E-12  0.5956E-04  0.0000E+00 -0.1391E+12
   -2.337517    4.00850  0.6480E-10  0.1286E-07  0.1020E-11  0.5202E-04  0.0000E+00 -0.1653E+12
   -2.406266    4.00897  0.6480E-10  0.1261E-07  0.1132E-11  0.4344E-04  0.0000E+00 -0.2073E+12
   -2.475014    4.00954  0.6480E-10  0.1220E-07  0.1309E-11  0.3346E-04  0.0000E+00 -0.2866E+12
   -2.543762    4.01032  0.6480E-10  0.1149E-07  0.1642E-11  0.2175E-04  0.0000E+00 -0.4791E+12
   -2.612509    4.01156  0.6480E-10  0.1007E-07  0.2417E-11  0.9870E-05  0.0000E+00 -0.1189E+13
   -2.681255    4.01441  0.6480E-10  0.4657E-08  0.7038E-11  0.5661E-06  0.0000E+00 -0.3370E+14
   -2.750001    4.05769  0.6480E-10  0.0000E+00  0.0000E+00  0.0000E+00  0.0000E+00  0.0000E+00
