 1 - depth, m
 2 - temperature, C
 3 - salinity, kg/kg
 4 - turbulent kinetic energy, m**2/s**2
 5 - dissipation rate, m**2/s**3
 6 - kinematic heat conductance, m**2/s
 7 - modulus of horizontal velocity, m/s
 8 - Richardson number, n/d
   -0.000000   10.88950  0.6563E-10  0.1558E-01  0.9147E+00  0.7805E-03  0.2604E+01  0.2977E-03
   -0.068746   10.95821  0.6565E-10  0.7051E-02  0.5605E+00  0.2443E-02  0.6661E+00  0.2614E-01
   -0.137492   10.97915  0.6565E-10  0.4885E-02  0.2090E+00  0.2927E-02  0.4331E+00 -0.1229E+00
   -0.206239   10.98545  0.6566E-10  0.3859E-02  0.1526E+00  0.2821E-02  0.3615E+00  0.3564E-01
   -0.274987   10.98894  0.6566E-10  0.3213E-02  0.1151E+00  0.2738E-02  0.3229E+00 -0.6371E-01
   -0.343735   10.99090  0.6566E-10  0.2711E-02  0.8873E-01  0.2527E-02  0.3013E+00  0.2487E+00
   -0.412484   10.99371  0.6566E-10  0.2282E-02  0.7009E-01  0.2661E-02  0.2754E+00 -0.1551E+00
   -0.481233   10.99522  0.6566E-10  0.1957E-02  0.5579E-01  0.2523E-02  0.2572E+00  0.1821E+01
   -0.549983   10.99627  0.6566E-10  0.1707E-02  0.4411E-01  0.2544E-02  0.2474E+00  0.2255E+00
   -0.618733   10.99678  0.6566E-10  0.1505E-02  0.3473E-01  0.2472E-02  0.2412E+00  0.2335E-01
   -0.687483   10.99770  0.6566E-10  0.1345E-02  0.2721E-01  0.2445E-02  0.2276E+00  0.3482E-01
   -0.756234   10.99852  0.6566E-10  0.1219E-02  0.2119E-01  0.2496E-02  0.2158E+00  0.1701E-01
   -0.824985   10.99980  0.6566E-10  0.1109E-02  0.1629E-01  0.2547E-02  0.2009E+00  0.6355E-01
   -0.893736   11.00093  0.6566E-10  0.1029E-02  0.1249E-01  0.2640E-02  0.1878E+00  0.4091E+01
   -0.962488   11.00165  0.6566E-10  0.9854E-03  0.9063E-02  0.2436E-02  0.1800E+00 -0.8227E-01
   -1.031240   11.00310  0.6566E-10  0.9284E-03  0.6333E-02  0.2255E-02  0.1613E+00 -0.6018E+00
   -1.099992   11.00730  0.6566E-10  0.8343E-03  0.4643E-02  0.2419E-02  0.1311E+00 -0.1224E+00
   -1.168744   11.00889  0.6566E-10  0.7617E-03  0.3422E-02  0.2471E-02  0.1157E+00  0.4874E-01
   -1.237496   11.01086  0.6566E-10  0.6890E-03  0.2326E-02  0.2567E-02  0.1005E+00  0.3160E-02
   -1.306248   11.01184  0.6566E-10  0.6320E-03  0.1565E-02  0.2573E-02  0.9242E-01  0.4584E-04
   -1.375001   11.01218  0.6566E-10  0.5885E-03  0.1114E-02  0.2427E-02  0.8856E-01 -0.3881E-02
   -1.443753   11.01329  0.6566E-10  0.5436E-03  0.7907E-03  0.2407E-02  0.7839E-01 -0.4124E-01
   -1.512505   11.01430  0.6566E-10  0.5038E-03  0.5609E-03  0.2439E-02  0.7098E-01 -0.7902E-01
   -1.581258   11.01486  0.6566E-10  0.4689E-03  0.3975E-03  0.2419E-02  0.6609E-01 -0.2734E-02
   -1.650010   11.01518  0.6566E-10  0.4385E-03  0.2813E-03  0.2399E-02  0.6233E-01 -0.7535E-01
   -1.718762   11.01540  0.6566E-10  0.4127E-03  0.1988E-03  0.2357E-02  0.5969E-01 -0.5652E-02
   -1.787513   11.01563  0.6566E-10  0.3902E-03  0.1403E-03  0.2311E-02  0.5711E-01 -0.3120E-01
   -1.856265   11.01586  0.6566E-10  0.3701E-03  0.9887E-04  0.2256E-02  0.5454E-01 -0.5952E-02
   -1.925016   11.01610  0.6566E-10  0.3521E-03  0.6972E-04  0.2191E-02  0.5193E-01 -0.1387E-01
   -1.993768   11.01636  0.6566E-10  0.3356E-03  0.4944E-04  0.2081E-02  0.4917E-01 -0.6578E-02
   -2.062518   11.01669  0.6566E-10  0.3183E-03  0.3555E-04  0.2027E-02  0.4530E-01 -0.5364E-02
   -2.131269   11.01702  0.6566E-10  0.3008E-03  0.2595E-04  0.1942E-02  0.4223E-01 -0.5953E-01
   -2.200019   11.01732  0.6566E-10  0.2831E-03  0.1955E-04  0.1834E-02  0.3966E-01 -0.8257E-01
   -2.268768   11.01765  0.6566E-10  0.2643E-03  0.1568E-04  0.1700E-02  0.3714E-01 -0.3341E+00
   -2.337518   11.01801  0.6566E-10  0.2444E-03  0.1391E-04  0.1539E-02  0.3475E-01 -0.2602E+01
   -2.406266   11.01843  0.6566E-10  0.2224E-03  0.1425E-04  0.1341E-02  0.3232E-01 -0.2845E+03
   -2.475015   11.01891  0.6566E-10  0.1962E-03  0.1797E-04  0.1116E-02  0.2962E-01 -0.1012E+04
   -2.543762   11.01949  0.6566E-10  0.1655E-03  0.2615E-04  0.8528E-03  0.2707E-01 -0.2470E+01
   -2.612509   11.02032  0.6566E-10  0.1262E-03  0.4829E-04  0.4651E-03  0.2456E-01 -0.6855E+03
   -2.681256   11.02206  0.6566E-10  0.7419E-04  0.1096E-03  0.1278E-03  0.2004E-01 -0.5656E+02
   -2.750001   11.03104  0.6566E-10  0.0000E+00  0.0000E+00  0.0000E+00  0.2025E-01  0.0000E+00
