 1 - depth, m
 2 - temperature, C
 3 - salinity, kg/kg
 4 - turbulent kinetic energy, m**2/s**2
 5 - dissipation rate, m**2/s**3
 6 - kinematic heat conductance, m**2/s
 7 - modulus of horizontal velocity, m/s
 8 - Richardson number, n/d
   -0.000000   16.28977  0.6377E-10  0.5864E-04  0.1197E-04  0.5664E-04  0.6128E-01 -0.2273E-01
   -0.068746   16.36373  0.6376E-10  0.3384E-04  0.2609E-05  0.8586E-04  0.2563E-01 -0.5731E-01
   -0.137492   16.38434  0.6376E-10  0.2601E-04  0.9914E-06  0.1260E-03  0.1857E-01 -0.1047E+00
   -0.206239   16.39802  0.6376E-10  0.2171E-04  0.4640E-06  0.1842E-03  0.1447E-01 -0.1743E+00
   -0.274986   16.40751  0.6376E-10  0.1926E-04  0.2563E-06  0.3028E-03  0.1183E-01  0.1898E+02
   -0.343734   16.41378  0.6376E-10  0.1800E-04  0.1659E-06  0.5431E-03  0.1012E-01  0.1761E+03
   -0.412483   16.41758  0.6376E-10  0.1739E-04  0.1220E-06  0.7894E-03  0.9001E-02  0.2323E+03
   -0.481232   16.41998  0.6376E-10  0.1714E-04  0.9742E-07  0.9784E-03  0.8203E-02  0.3732E+02
   -0.549981   16.42170  0.6376E-10  0.1712E-04  0.8186E-07  0.1135E-02  0.7561E-02  0.6003E+01
   -0.618731   16.42306  0.6376E-10  0.1722E-04  0.7105E-07  0.1233E-02  0.7005E-02  0.1286E+02
   -0.687482   16.42427  0.6376E-10  0.1739E-04  0.6293E-07  0.1310E-02  0.6488E-02  0.4368E+01
   -0.756232   16.42537  0.6376E-10  0.1758E-04  0.5657E-07  0.1378E-02  0.6005E-02  0.4491E+01
   -0.824983   16.42639  0.6376E-10  0.1777E-04  0.5145E-07  0.1448E-02  0.5548E-02  0.4642E+01
   -0.893734   16.42735  0.6376E-10  0.1794E-04  0.4722E-07  0.1518E-02  0.5113E-02  0.4808E+01
   -0.962486   16.42823  0.6376E-10  0.1806E-04  0.4366E-07  0.1589E-02  0.4697E-02  0.4995E+01
   -1.031238   16.42907  0.6376E-10  0.1814E-04  0.4060E-07  0.1662E-02  0.4295E-02  0.5013E+01
   -1.099989   16.42985  0.6376E-10  0.1815E-04  0.3793E-07  0.1746E-02  0.3910E-02  0.4460E+01
   -1.168741   16.43058  0.6376E-10  0.1810E-04  0.3561E-07  0.1824E-02  0.3555E-02  0.4016E+01
   -1.237493   16.43127  0.6376E-10  0.1799E-04  0.3360E-07  0.1893E-02  0.3227E-02  0.3650E+01
   -1.306245   16.43192  0.6376E-10  0.1782E-04  0.3187E-07  0.1953E-02  0.2925E-02  0.3340E+01
   -1.374998   16.43254  0.6376E-10  0.1760E-04  0.3038E-07  0.2001E-02  0.2645E-02  0.3071E+01
   -1.443750   16.43314  0.6376E-10  0.1733E-04  0.2914E-07  0.2037E-02  0.2388E-02  0.2833E+01
   -1.512502   16.43372  0.6376E-10  0.1701E-04  0.2811E-07  0.2062E-02  0.2152E-02  0.2619E+01
   -1.581254   16.43428  0.6376E-10  0.1665E-04  0.2730E-07  0.2078E-02  0.1935E-02  0.2425E+01
   -1.650006   16.43483  0.6376E-10  0.1625E-04  0.2669E-07  0.2089E-02  0.1736E-02  0.2246E+01
   -1.718758   16.43536  0.6376E-10  0.1582E-04  0.2630E-07  0.2097E-02  0.1553E-02  0.2080E+01
   -1.787509   16.43589  0.6376E-10  0.1537E-04  0.2610E-07  0.2105E-02  0.1386E-02  0.1926E+01
   -1.856261   16.43641  0.6376E-10  0.1490E-04  0.2612E-07  0.2115E-02  0.1233E-02  0.1783E+01
   -1.925012   16.43691  0.6376E-10  0.1443E-04  0.2636E-07  0.2112E-02  0.1092E-02  0.1648E+01
   -1.993763   16.43741  0.6376E-10  0.1396E-04  0.2682E-07  0.2093E-02  0.9627E-03  0.1523E+01
   -2.062514   16.43791  0.6376E-10  0.1351E-04  0.2751E-07  0.1980E-02  0.8438E-03  0.1312E+01
   -2.131264   16.43843  0.6376E-10  0.1306E-04  0.2848E-07  0.1800E-02  0.7426E-03  0.1113E+01
   -2.200014   16.43899  0.6376E-10  0.1264E-04  0.2975E-07  0.1615E-02  0.6598E-03  0.9751E+00
   -2.268763   16.43962  0.6376E-10  0.1222E-04  0.3147E-07  0.1485E-02  0.5929E-03  0.1010E+01
   -2.337512   16.44029  0.6376E-10  0.1174E-04  0.3431E-07  0.1310E-02  0.5380E-03  0.3310E+01
   -2.406261   16.44112  0.6376E-10  0.1114E-04  0.3923E-07  0.1166E-02  0.4835E-03  0.9225E+04
   -2.475009   16.44203  0.6376E-10  0.1028E-04  0.4928E-07  0.8705E-03  0.4334E-03  0.3216E+03
   -2.543756   16.44391  0.6376E-10  0.8978E-05  0.7010E-07  0.7220E-03  0.3708E-03  0.7632E+03
   -2.612503   16.44497  0.6376E-10  0.7099E-05  0.1335E-06  0.3249E-03  0.3318E-03  0.1698E+04
   -2.681250   16.45363  0.6376E-10  0.3584E-05  0.4038E-06  0.8061E-04  0.2573E-03 -0.8432E+04
   -2.749995   16.46636  0.6376E-10  0.0000E+00  0.0000E+00  0.0000E+00  0.3022E-03  0.0000E+00
