 1 - depth, m
 2 - temperature, C
 3 - salinity, kg/kg
 4 - turbulent kinetic energy, m**2/s**2
 5 - dissipation rate, m**2/s**3
 6 - kinematic heat conductance, m**2/s
 7 - modulus of horizontal velocity, m/s
 8 - Richardson number, n/d
   -0.000000   18.26148  0.6825E-10  0.2090E-04  0.2233E-05  0.3286E-04  0.2575E-01 -0.7766E+00
   -0.068746   18.30758  0.6825E-10  0.1566E-04  0.5223E-06  0.1619E-03  0.1218E-01  0.5808E+03
   -0.137492   18.31903  0.6825E-10  0.1368E-04  0.2251E-06  0.2646E-03  0.8684E-02  0.3226E+02
   -0.206239   18.32580  0.6825E-10  0.1262E-04  0.1264E-06  0.3793E-03  0.6743E-02  0.2124E+02
   -0.274986   18.33016  0.6825E-10  0.1209E-04  0.8379E-07  0.5218E-03  0.5574E-02  0.6154E+02
   -0.343734   18.33292  0.6825E-10  0.1191E-04  0.6403E-07  0.7912E-03  0.4848E-02  0.3912E+02
   -0.412483   18.33440  0.6825E-10  0.1193E-04  0.5341E-07  0.9500E-03  0.4421E-02  0.7163E+01
   -0.481232   18.33550  0.6825E-10  0.1203E-04  0.4609E-07  0.1086E-02  0.4065E-02  0.4176E+01
   -0.549981   18.33643  0.6825E-10  0.1218E-04  0.4068E-07  0.1223E-02  0.3755E-02  0.3983E+01
   -0.618731   18.33723  0.6825E-10  0.1236E-04  0.3657E-07  0.1328E-02  0.3477E-02  0.3972E+01
   -0.687482   18.33795  0.6825E-10  0.1254E-04  0.3335E-07  0.1416E-02  0.3218E-02  0.3940E+01
   -0.756232   18.33862  0.6825E-10  0.1273E-04  0.3075E-07  0.1500E-02  0.2975E-02  0.3928E+01
   -0.824983   18.33924  0.6825E-10  0.1290E-04  0.2863E-07  0.1579E-02  0.2745E-02  0.3917E+01
   -0.893734   18.33981  0.6825E-10  0.1305E-04  0.2686E-07  0.1654E-02  0.2527E-02  0.3923E+01
   -0.962486   18.34035  0.6825E-10  0.1317E-04  0.2536E-07  0.1725E-02  0.2318E-02  0.3936E+01
   -1.031237   18.34087  0.6825E-10  0.1326E-04  0.2408E-07  0.1796E-02  0.2118E-02  0.3910E+01
   -1.099989   18.34135  0.6825E-10  0.1332E-04  0.2299E-07  0.1872E-02  0.1927E-02  0.3685E+01
   -1.168741   18.34181  0.6825E-10  0.1334E-04  0.2205E-07  0.1942E-02  0.1751E-02  0.3531E+01
   -1.237493   18.34224  0.6825E-10  0.1333E-04  0.2126E-07  0.2005E-02  0.1591E-02  0.3404E+01
   -1.306245   18.34266  0.6825E-10  0.1329E-04  0.2060E-07  0.2059E-02  0.1443E-02  0.3316E+01
   -1.374998   18.34306  0.6825E-10  0.1322E-04  0.2007E-07  0.2104E-02  0.1309E-02  0.3246E+01
   -1.443750   18.34345  0.6825E-10  0.1312E-04  0.1965E-07  0.2139E-02  0.1186E-02  0.3208E+01
   -1.512502   18.34383  0.6825E-10  0.1300E-04  0.1934E-07  0.2164E-02  0.1073E-02  0.3182E+01
   -1.581254   18.34420  0.6825E-10  0.1285E-04  0.1913E-07  0.2181E-02  0.9708E-03  0.3190E+01
   -1.650006   18.34457  0.6825E-10  0.1268E-04  0.1902E-07  0.2190E-02  0.8774E-03  0.3210E+01
   -1.718758   18.34493  0.6825E-10  0.1250E-04  0.1901E-07  0.2191E-02  0.7921E-03  0.3267E+01
   -1.787509   18.34529  0.6825E-10  0.1230E-04  0.1910E-07  0.2185E-02  0.7143E-03  0.3339E+01
   -1.856261   18.34564  0.6825E-10  0.1209E-04  0.1929E-07  0.2172E-02  0.6430E-03  0.3455E+01
   -1.925012   18.34600  0.6825E-10  0.1187E-04  0.1958E-07  0.2141E-02  0.5777E-03  0.3593E+01
   -1.993763   18.34635  0.6825E-10  0.1165E-04  0.1999E-07  0.2057E-02  0.5172E-03  0.3870E+01
   -2.062514   18.34673  0.6825E-10  0.1143E-04  0.2051E-07  0.1933E-02  0.4618E-03  0.4201E+01
   -2.131264   18.34712  0.6825E-10  0.1120E-04  0.2119E-07  0.1797E-02  0.4137E-03  0.4880E+01
   -2.200014   18.34754  0.6825E-10  0.1097E-04  0.2206E-07  0.1663E-02  0.3734E-03  0.6152E+01
   -2.268763   18.34799  0.6825E-10  0.1071E-04  0.2320E-07  0.1536E-02  0.3396E-03  0.8439E+01
   -2.337512   18.34848  0.6825E-10  0.1042E-04  0.2486E-07  0.1378E-02  0.3102E-03  0.6228E+02
   -2.406261   18.34904  0.6825E-10  0.1004E-04  0.2747E-07  0.1205E-02  0.2812E-03  0.2553E+02
   -2.475009   18.34967  0.6825E-10  0.9527E-05  0.3204E-07  0.9318E-03  0.2538E-03  0.5107E+02
   -2.543756   18.35056  0.6825E-10  0.8771E-05  0.4088E-07  0.8129E-03  0.2247E-03  0.2100E+03
   -2.612503   18.35144  0.6825E-10  0.7407E-05  0.6731E-07  0.3319E-03  0.2034E-03  0.2139E+02
   -2.681250   18.35606  0.6825E-10  0.3606E-05  0.2016E-06  0.5753E-04  0.1640E-03 -0.2175E+05
   -2.749995   18.36932  0.6825E-10  0.0000E+00  0.0000E+00  0.0000E+00  0.1779E-03  0.0000E+00
