 1 - depth, m
 2 - temperature, C
 3 - salinity, kg/kg
 4 - turbulent kinetic energy, m**2/s**2
 5 - dissipation rate, m**2/s**3
 6 - kinematic heat conductance, m**2/s
 7 - modulus of horizontal velocity, m/s
 8 - Richardson number, n/d
   -0.000000    5.55564  0.6499E-10  0.7349E-04  0.1782E-04  0.6484E-04  0.7610E-01 -0.7424E-01
   -0.068746    5.63170  0.6499E-10  0.3948E-04  0.3772E-05  0.7744E-04  0.3240E-01 -0.6694E-02
   -0.137492    5.65457  0.6499E-10  0.2841E-04  0.1338E-05  0.9433E-04  0.2409E-01 -0.1321E-01
   -0.206239    5.67193  0.6499E-10  0.2193E-04  0.5836E-06  0.1136E-03  0.1895E-01 -0.2199E-01
   -0.274987    5.68638  0.6499E-10  0.1784E-04  0.2988E-06  0.1354E-03  0.1532E-01 -0.3519E-01
   -0.343735    5.69844  0.6499E-10  0.1524E-04  0.1763E-06  0.1582E-03  0.1271E-01 -0.4936E-01
   -0.412483    5.70859  0.6499E-10  0.1339E-04  0.1148E-06  0.1849E-03  0.1070E-01 -0.7028E-01
   -0.481232    5.71708  0.6499E-10  0.1202E-04  0.8046E-07  0.2162E-03  0.9163E-02 -0.1007E+00
   -0.549982    5.72421  0.6499E-10  0.1102E-04  0.5993E-07  0.2494E-03  0.7985E-02 -0.1324E+00
   -0.618732    5.73024  0.6499E-10  0.1027E-04  0.4684E-07  0.2835E-03  0.7039E-02 -0.1589E+00
   -0.687482    5.73542  0.6499E-10  0.9670E-05  0.3786E-07  0.3210E-03  0.6240E-02 -0.1656E+00
   -0.756233    5.73988  0.6499E-10  0.9163E-05  0.3137E-07  0.3697E-03  0.5559E-02  0.2140E+00
   -0.824984    5.74369  0.6499E-10  0.8728E-05  0.2654E-07  0.4787E-03  0.4973E-02  0.4888E+02
   -0.893735    5.74671  0.6499E-10  0.8357E-05  0.2292E-07  0.7165E-03  0.4470E-02  0.1376E+03
   -0.962487    5.74887  0.6499E-10  0.8039E-05  0.2014E-07  0.8813E-03  0.4052E-02  0.1287E+03
   -1.031239    5.75053  0.6499E-10  0.7748E-05  0.1789E-07  0.9865E-03  0.3673E-02  0.2657E+02
   -1.099990    5.75192  0.6499E-10  0.7476E-05  0.1599E-07  0.1071E-02  0.3325E-02  0.4662E+02
   -1.168743    5.75311  0.6499E-10  0.7221E-05  0.1440E-07  0.1131E-02  0.3015E-02  0.8003E+01
   -1.237495    5.75418  0.6499E-10  0.6979E-05  0.1303E-07  0.1166E-02  0.2733E-02  0.5954E+01
   -1.306247    5.75519  0.6499E-10  0.6749E-05  0.1184E-07  0.1187E-02  0.2475E-02  0.4751E+01
   -1.374999    5.75617  0.6499E-10  0.6528E-05  0.1081E-07  0.1206E-02  0.2238E-02  0.4158E+01
   -1.443751    5.75710  0.6499E-10  0.6316E-05  0.9911E-08  0.1224E-02  0.2019E-02  0.3705E+01
   -1.512504    5.75801  0.6499E-10  0.6113E-05  0.9131E-08  0.1241E-02  0.1818E-02  0.3351E+01
   -1.581256    5.75888  0.6499E-10  0.5916E-05  0.8454E-08  0.1257E-02  0.1631E-02  0.3063E+01
   -1.650008    5.75971  0.6499E-10  0.5727E-05  0.7869E-08  0.1272E-02  0.1459E-02  0.2822E+01
   -1.718760    5.76052  0.6499E-10  0.5544E-05  0.7367E-08  0.1284E-02  0.1299E-02  0.2616E+01
   -1.787511    5.76130  0.6499E-10  0.5366E-05  0.6942E-08  0.1291E-02  0.1150E-02  0.2435E+01
   -1.856263    5.76206  0.6499E-10  0.5195E-05  0.6587E-08  0.1286E-02  0.1011E-02  0.2272E+01
   -1.925014    5.76279  0.6499E-10  0.5029E-05  0.6300E-08  0.1269E-02  0.8810E-03  0.2122E+01
   -1.993765    5.76352  0.6499E-10  0.4869E-05  0.6078E-08  0.1241E-02  0.7585E-03  0.1985E+01
   -2.062516    5.76424  0.6499E-10  0.4717E-05  0.5923E-08  0.1200E-02  0.6431E-03  0.1582E+01
   -2.131266    5.76496  0.6499E-10  0.4571E-05  0.5830E-08  0.1143E-02  0.5432E-03  0.1226E+01
   -2.200016    5.76571  0.6499E-10  0.4435E-05  0.5804E-08  0.1080E-02  0.4609E-03  0.9663E+00
   -2.268766    5.76649  0.6499E-10  0.4311E-05  0.5844E-08  0.1017E-02  0.3947E-03  0.7770E+00
   -2.337515    5.76730  0.6499E-10  0.4194E-05  0.5956E-08  0.9571E-03  0.3430E-03  0.8274E+00
   -2.406263    5.76814  0.6499E-10  0.4071E-05  0.6170E-08  0.8843E-03  0.3006E-03  0.1269E+01
   -2.475012    5.76903  0.6499E-10  0.3928E-05  0.6557E-08  0.7821E-03  0.2631E-03  0.2407E+01
   -2.543759    5.77003  0.6499E-10  0.3750E-05  0.7274E-08  0.6915E-03  0.2306E-03  0.6366E+01
   -2.612506    5.77113  0.6499E-10  0.3451E-05  0.9043E-08  0.3204E-03  0.2052E-03  0.5449E+05
   -2.681252    5.77343  0.6499E-10  0.1572E-05  0.2765E-07  0.1225E-04  0.1716E-03 -0.2095E+05
   -2.749998    5.83100  0.6499E-10  0.0000E+00  0.0000E+00  0.0000E+00  0.1710E-03  0.0000E+00
