 1 - depth, m
 2 - temperature, C
 3 - salinity, kg/kg
 4 - turbulent kinetic energy, m**2/s**2
 5 - dissipation rate, m**2/s**3
 6 - kinematic heat conductance, m**2/s
 7 - modulus of horizontal velocity, m/s
 8 - Richardson number, n/d
   -0.000000   12.78897  0.1009E-12  0.1953E-02  0.2612E-01  0.1887E-03  0.7879E+00  0.1345E-02
   -0.037498   12.95501  0.1010E-12  0.1020E-02  0.1762E-01  0.2633E-03  0.2453E+00  0.6334E-02
   -0.074996   13.04439  0.1010E-12  0.6132E-03  0.4519E-02  0.4036E-03  0.1352E+00 -0.2811E+01
   -0.112494   13.07740  0.1010E-12  0.4781E-03  0.2854E-02  0.4197E-03  0.9957E-01  0.1735E+00
   -0.149992   13.09228  0.1010E-12  0.3843E-03  0.1925E-02  0.4235E-03  0.8008E-01  0.4211E+00
   -0.187491   13.10011  0.1010E-12  0.3174E-03  0.1361E-02  0.4158E-03  0.6868E-01  0.6169E+00
   -0.224991   13.10546  0.1010E-12  0.2679E-03  0.9629E-03  0.4322E-03  0.6100E-01  0.4782E+00
   -0.262490   13.10911  0.1010E-12  0.2297E-03  0.6657E-03  0.4310E-03  0.5623E-01  0.4223E-01
   -0.299990   13.11260  0.1010E-12  0.1995E-03  0.4537E-03  0.4379E-03  0.5200E-01  0.1358E+01
   -0.337490   13.11540  0.1010E-12  0.1757E-03  0.3037E-03  0.4528E-03  0.4835E-01  0.1902E+01
   -0.374990   13.11818  0.1010E-12  0.1555E-03  0.2002E-03  0.4616E-03  0.4490E-01  0.2130E+01
   -0.412490   13.12116  0.1010E-12  0.1385E-03  0.1313E-03  0.4774E-03  0.4193E-01  0.2648E+01
   -0.449990   13.12346  0.1010E-12  0.1248E-03  0.8588E-04  0.4990E-03  0.3971E-01  0.7531E+00
   -0.487491   13.12550  0.1010E-12  0.1140E-03  0.5635E-04  0.5191E-03  0.3812E-01  0.5006E+01
   -0.524992   13.12744  0.1010E-12  0.1049E-03  0.3709E-04  0.5295E-03  0.3710E-01  0.5259E+01
   -0.562493   13.12929  0.1010E-12  0.9761E-04  0.2462E-04  0.5254E-03  0.3570E-01  0.1932E+01
   -0.599994   13.13273  0.1010E-12  0.9028E-04  0.1647E-04  0.5487E-03  0.3314E-01  0.3023E+01
   -0.637495   13.13451  0.1010E-12  0.8430E-04  0.1118E-04  0.5722E-03  0.3176E-01  0.1269E+02
   -0.674996   13.13604  0.1010E-12  0.7900E-04  0.7710E-05  0.5894E-03  0.3048E-01  0.3054E+01
   -0.712497   13.13778  0.1010E-12  0.7437E-04  0.5399E-05  0.6136E-03  0.2928E-01  0.1299E+02
   -0.749998   13.13913  0.1010E-12  0.7036E-04  0.3849E-05  0.6381E-03  0.2817E-01  0.2065E+03
   -0.787499   13.14070  0.1010E-12  0.6682E-04  0.2803E-05  0.6652E-03  0.2710E-01  0.4728E+02
   -0.825000   13.14225  0.1010E-12  0.6374E-04  0.2090E-05  0.6972E-03  0.2609E-01  0.5385E+02
   -0.862501   13.14393  0.1010E-12  0.6111E-04  0.1614E-05  0.6750E-03  0.2512E-01  0.2393E+03
   -0.900003   13.18979  0.1010E-12  0.5757E-04  0.1262E-05  0.7333E-03  0.2130E-01  0.2289E+03
   -0.937503   13.19160  0.1010E-12  0.5477E-04  0.1024E-05  0.7441E-03  0.2039E-01  0.3051E+03
   -0.975004   13.19362  0.1010E-12  0.5208E-04  0.8606E-06  0.7029E-03  0.1944E-01  0.4112E+03
   -1.012505   13.24400  0.1010E-12  0.4855E-04  0.7151E-06  0.7790E-03  0.1464E-01  0.4204E+03
   -1.050006   13.24552  0.1010E-12  0.4553E-04  0.6068E-06  0.8077E-03  0.1385E-01  0.2876E+03
   -1.087506   13.24654  0.1010E-12  0.4256E-04  0.5239E-06  0.8095E-03  0.1313E-01  0.1711E+03
   -1.125007   13.24768  0.1010E-12  0.3960E-04  0.4611E-06  0.7946E-03  0.1245E-01  0.1066E+03
   -1.162507   13.24872  0.1010E-12  0.3661E-04  0.4120E-06  0.7680E-03  0.1182E-01  0.5109E+02
   -1.200007   13.24986  0.1010E-12  0.3355E-04  0.3748E-06  0.7114E-03  0.1120E-01  0.2032E+03
   -1.237506   13.25090  0.1010E-12  0.3044E-04  0.3493E-06  0.6494E-03  0.1063E-01  0.5546E+02
   -1.275006   13.25216  0.1010E-12  0.2729E-04  0.3376E-06  0.5614E-03  0.1010E-01  0.3537E+02
   -1.312505   13.25355  0.1010E-12  0.2410E-04  0.3457E-06  0.4674E-03  0.9605E-02  0.3029E+02
   -1.350004   13.25531  0.1010E-12  0.2081E-04  0.3878E-06  0.3519E-03  0.9151E-02  0.3056E+02
   -1.387502   13.25765  0.1010E-12  0.1732E-04  0.4909E-06  0.2598E-03  0.8715E-02  0.3961E+04
   -1.425001   13.26072  0.1010E-12  0.1330E-04  0.7688E-06  0.1535E-03  0.8279E-02  0.6380E+02
   -1.462499   13.26744  0.1010E-12  0.7933E-05  0.1722E-05  0.5075E-04  0.7730E-02 -0.3493E+04
   -1.499996   13.29261  0.1010E-12  0.0000E+00  0.0000E+00  0.0000E+00  0.7038E-02  0.0000E+00
