 1 - depth, m
 2 - temperature, C
 3 - salinity, kg/kg
 4 - turbulent kinetic energy, m**2/s**2
 5 - dissipation rate, m**2/s**3
 6 - kinematic heat conductance, m**2/s
 7 - modulus of horizontal velocity, m/s
 8 - Richardson number, n/d
   -0.000000   15.62386  0.9085E-13  0.1057E-03  0.2628E-03  0.5984E-04  0.8296E-01  0.3967E-01
   -0.037498   15.72577  0.9084E-13  0.6135E-04  0.1997E-03  0.8413E-04  0.2849E-01 -0.1516E+00
   -0.074996   15.74381  0.9084E-13  0.4634E-04  0.1738E-03  0.8946E-04  0.2113E-01  0.2742E+00
   -0.112494   15.75575  0.9084E-13  0.3706E-04  0.1408E-03  0.1005E-03  0.1746E-01 -0.9816E+00
   -0.149992   15.76478  0.9084E-13  0.3004E-04  0.9527E-04  0.1155E-03  0.1478E-01  0.6178E+00
   -0.187491   15.77225  0.9084E-13  0.2453E-04  0.4895E-04  0.1380E-03  0.1268E-01  0.1011E+01
   -0.224990   15.77857  0.9084E-13  0.2046E-04  0.1874E-04  0.1988E-03  0.1099E-01  0.1939E+03
   -0.262490   15.78365  0.9084E-13  0.1772E-04  0.5975E-05  0.2687E-03  0.9654E-02  0.2106E+03
   -0.299990   15.78770  0.9084E-13  0.1590E-04  0.2035E-05  0.3247E-03  0.8553E-02  0.1920E+03
   -0.337490   15.79083  0.9084E-13  0.1463E-04  0.7470E-06  0.3710E-03  0.7639E-02  0.7012E+02
   -0.374990   15.79340  0.9084E-13  0.1373E-04  0.3479E-06  0.4107E-03  0.6867E-02  0.2366E+03
   -0.412490   15.79539  0.9083E-13  0.1306E-04  0.1908E-06  0.4476E-03  0.6211E-02  0.4958E+02
   -0.449990   15.79720  0.9083E-13  0.1257E-04  0.1205E-06  0.4818E-03  0.5642E-02  0.6082E+02
   -0.487491   15.79870  0.9083E-13  0.1222E-04  0.8763E-07  0.5127E-03  0.5155E-02  0.6297E+01
   -0.524992   15.80016  0.9083E-13  0.1196E-04  0.6987E-07  0.5331E-03  0.4731E-02  0.7219E+02
   -0.562493   15.80147  0.9083E-13  0.1176E-04  0.5891E-07  0.5561E-03  0.4333E-02  0.3213E+01
   -0.599994   15.80278  0.9083E-13  0.1160E-04  0.5121E-07  0.5823E-03  0.3954E-02  0.3509E+01
   -0.637495   15.80396  0.9083E-13  0.1145E-04  0.4532E-07  0.6088E-03  0.3599E-02  0.3387E+01
   -0.674996   15.80511  0.9083E-13  0.1129E-04  0.4055E-07  0.6418E-03  0.3259E-02  0.3521E+01
   -0.712497   15.80617  0.9083E-13  0.1109E-04  0.3637E-07  0.6847E-03  0.2945E-02  0.3665E+01
   -0.749998   15.80717  0.9083E-13  0.1092E-04  0.3379E-07  0.8742E-03  0.2620E-02  0.2481E+01
   -0.787499   15.80794  0.9083E-13  0.1077E-04  0.3216E-07  0.9114E-03  0.2440E-02  0.2443E+01
   -0.825000   15.80868  0.9083E-13  0.1058E-04  0.3060E-07  0.7186E-03  0.2277E-02  0.2709E+01
   -0.862501   15.80959  0.9083E-13  0.1027E-04  0.2857E-07  0.7187E-03  0.2013E-02  0.2993E+01
   -0.900002   15.81048  0.9083E-13  0.9925E-05  0.2693E-07  0.7156E-03  0.1781E-02  0.2974E+01
   -0.937503   15.81136  0.9083E-13  0.9508E-05  0.2549E-07  0.6760E-03  0.1562E-02  0.2901E+01
   -0.975004   15.81228  0.9083E-13  0.9252E-05  0.2481E-07  0.1087E-02  0.1333E-02  0.1914E+01
   -1.012505   15.81285  0.9083E-13  0.9085E-05  0.2452E-07  0.1003E-02  0.1260E-02  0.1843E+01
   -1.050006   15.81346  0.9083E-13  0.8839E-05  0.2429E-07  0.7074E-03  0.1204E-02  0.1825E+01
   -1.087506   15.81432  0.9083E-13  0.8353E-05  0.2412E-07  0.7087E-03  0.1052E-02  0.1752E+01
   -1.125006   15.81517  0.9083E-13  0.7913E-05  0.2422E-07  0.6794E-03  0.9401E-03  0.1505E+01
   -1.162506   15.81604  0.9083E-13  0.7503E-05  0.2455E-07  0.6400E-03  0.8488E-03  0.1304E+01
   -1.200006   15.81696  0.9083E-13  0.7136E-05  0.2509E-07  0.5757E-03  0.7778E-03  0.1139E+01
   -1.237506   15.81797  0.9083E-13  0.6800E-05  0.2588E-07  0.5189E-03  0.7241E-03  0.1210E+01
   -1.275006   15.81908  0.9083E-13  0.6466E-05  0.2701E-07  0.4630E-03  0.6825E-03  0.1752E+01
   -1.312505   15.82032  0.9083E-13  0.6092E-05  0.2878E-07  0.4028E-03  0.6477E-03  0.3360E+01
   -1.350004   15.82173  0.9083E-13  0.5642E-05  0.3176E-07  0.3062E-03  0.6156E-03  0.8501E+01
   -1.387502   15.82358  0.9083E-13  0.5084E-05  0.3714E-07  0.2669E-03  0.5838E-03  0.5188E+02
   -1.425000   15.82568  0.9083E-13  0.4205E-05  0.5315E-07  0.1171E-03  0.5587E-03  0.3458E+04
   -1.462498   15.83423  0.9083E-13  0.2399E-05  0.1198E-06  0.3257E-04  0.5209E-03 -0.5184E+04
   -1.499996   15.85239  0.9083E-13  0.0000E+00  0.0000E+00  0.0000E+00  0.5267E-03  0.0000E+00
