 1 - depth, m
 2 - temperature, C
 3 - salinity, kg/kg
 4 - turbulent kinetic energy, m**2/s**2
 5 - dissipation rate, m**2/s**3
 6 - kinematic heat conductance, m**2/s
 7 - modulus of horizontal velocity, m/s
 8 - Richardson number, n/d
   -0.000000   17.06896  0.9867E-13  0.2906E-03  0.5238E-03  0.6409E-04  0.1661E+00  0.8698E+00
   -0.037497   17.26031  0.9866E-13  0.1512E-03  0.1522E-03  0.1211E-03  0.5168E-01  0.9105E+00
   -0.074995   17.31480  0.9866E-13  0.1012E-03  0.5765E-04  0.1679E-03  0.3350E-01  0.5903E+00
   -0.112493   17.33978  0.9866E-13  0.7898E-04  0.3376E-04  0.1921E-03  0.2705E-01  0.1250E+02
   -0.149992   17.35311  0.9866E-13  0.6418E-04  0.2075E-04  0.2247E-03  0.2317E-01  0.7276E+01
   -0.187491   17.36235  0.9866E-13  0.5304E-04  0.1239E-04  0.2628E-03  0.2030E-01  0.1278E+02
   -0.224990   17.36964  0.9865E-13  0.4459E-04  0.7392E-05  0.2989E-03  0.1799E-01  0.8416E+02
   -0.262489   17.37556  0.9865E-13  0.3829E-04  0.4344E-05  0.3361E-03  0.1614E-01  0.1329E+03
   -0.299989   17.38064  0.9865E-13  0.3352E-04  0.2547E-05  0.3777E-03  0.1448E-01  0.3808E+02
   -0.337488   17.38508  0.9865E-13  0.2988E-04  0.1512E-05  0.4186E-03  0.1306E-01  0.3947E+02
   -0.374988   17.38878  0.9865E-13  0.2707E-04  0.9282E-06  0.4627E-03  0.1185E-01  0.6051E+03
   -0.412489   17.39196  0.9865E-13  0.2488E-04  0.6163E-06  0.5155E-03  0.1083E-01  0.1333E+03
   -0.449989   17.39466  0.9865E-13  0.2313E-04  0.4290E-06  0.5641E-03  0.9979E-02  0.1290E+02
   -0.487490   17.39706  0.9865E-13  0.2175E-04  0.3149E-06  0.6174E-03  0.9267E-02  0.5685E+02
   -0.524990   17.39902  0.9865E-13  0.2067E-04  0.2421E-06  0.6528E-03  0.8683E-02  0.2740E+02
   -0.562491   17.40091  0.9865E-13  0.1977E-04  0.1933E-06  0.6826E-03  0.8119E-02  0.6197E+02
   -0.599992   17.40284  0.9865E-13  0.1899E-04  0.1596E-06  0.7219E-03  0.7593E-02  0.4342E+02
   -0.637493   17.40439  0.9865E-13  0.1831E-04  0.1354E-06  0.7651E-03  0.7106E-02  0.6579E+02
   -0.674994   17.40599  0.9865E-13  0.1776E-04  0.1187E-06  0.9506E-03  0.6654E-02  0.6667E+02
   -0.712495   17.40754  0.9865E-13  0.1733E-04  0.1068E-06  0.9437E-03  0.6327E-02  0.2180E+02
   -0.749996   17.40849  0.9865E-13  0.1699E-04  0.9792E-07  0.9102E-03  0.6031E-02  0.2915E+02
   -0.787497   17.49455  0.9865E-13  0.1623E-04  0.8576E-07  0.9762E-03  0.4724E-02  0.1044E+02
   -0.824998   17.49574  0.9865E-13  0.1571E-04  0.7822E-07  0.8437E-03  0.4464E-02  0.2724E+02
   -0.862499   17.49792  0.9865E-13  0.1515E-04  0.7182E-07  0.8224E-03  0.4164E-02  0.7208E+01
   -0.900000   17.50575  0.9865E-13  0.1455E-04  0.6622E-07  0.7736E-03  0.3727E-02  0.4207E+02
   -0.937501   17.55664  0.9864E-13  0.1385E-04  0.6084E-07  0.8409E-03  0.2901E-02  0.1080E+02
   -0.975001   17.55737  0.9864E-13  0.1324E-04  0.5714E-07  0.8178E-03  0.2672E-02  0.7572E+02
   -1.012502   17.55840  0.9864E-13  0.1266E-04  0.5419E-07  0.8741E-03  0.2447E-02  0.1551E+02
   -1.050002   17.59789  0.9864E-13  0.1203E-04  0.5125E-07  0.8201E-03  0.1882E-02  0.8519E+02
   -1.087503   17.59896  0.9864E-13  0.1147E-04  0.4976E-07  0.7804E-03  0.1749E-02  0.6661E+02
   -1.125003   17.59981  0.9864E-13  0.1078E-04  0.4917E-07  0.7189E-03  0.1599E-02  0.2237E+01
   -1.162503   17.60079  0.9864E-13  0.1004E-04  0.4913E-07  0.6627E-03  0.1448E-02  0.1498E+01
   -1.200003   17.60177  0.9864E-13  0.9325E-05  0.5144E-07  0.5952E-03  0.1317E-02  0.1645E+01
   -1.237502   17.60308  0.9864E-13  0.8646E-05  0.5614E-07  0.5422E-03  0.1206E-02  0.2394E+01
   -1.275002   17.60420  0.9864E-13  0.7997E-05  0.6358E-07  0.4571E-03  0.1115E-02  0.1500E+03
   -1.312501   17.60610  0.9864E-13  0.7346E-05  0.7639E-07  0.4047E-03  0.1039E-02  0.9765E+02
   -1.349999   17.60775  0.9864E-13  0.6597E-05  0.9984E-07  0.3075E-03  0.9769E-03  0.1299E+03
   -1.387498   17.61097  0.9864E-13  0.5749E-05  0.1410E-06  0.2599E-03  0.9136E-03  0.1330E+04
   -1.424996   17.61324  0.9864E-13  0.4606E-05  0.2570E-06  0.1228E-03  0.8677E-03  0.1169E+05
   -1.462494   17.62479  0.9864E-13  0.2768E-05  0.4794E-06  0.4206E-04  0.7988E-03 -0.1786E+05
   -1.499991   17.64300  0.9864E-13  0.0000E+00  0.0000E+00  0.0000E+00  0.8246E-03  0.0000E+00
