 1 - depth, m
 2 - temperature, C
 3 - salinity, kg/kg
 4 - turbulent kinetic energy, m**2/s**2
 5 - dissipation rate, m**2/s**3
 6 - kinematic heat conductance, m**2/s
 7 - modulus of horizontal velocity, m/s
 8 - Richardson number, n/d
   -0.000000   -0.00000  0.3937E-12  0.4096E-13  0.8590E-16  0.1000E-09  0.0000E+00  0.1281E+17
   -0.037498    0.19739  0.3578E-12  0.5610E-13  0.8590E-16  0.1000E-09  0.0000E+00  0.1204E+17
   -0.074996    0.39337  0.2965E-12  0.2350E-12  0.8590E-16  0.1000E-09  0.0000E+00  0.1128E+17
   -0.112494    0.58788  0.2261E-12  0.5802E-12  0.1168E-15  0.1000E-09  0.0000E+00  0.1053E+17
   -0.149993    0.78084  0.1683E-12  0.1154E-11  0.1900E-15  0.1000E-09  0.0000E+00  0.9802E+16
   -0.187492    0.97214  0.1300E-12  0.2101E-11  0.3201E-15  0.1000E-09  0.0000E+00  0.9088E+16
   -0.224991    1.16169  0.1086E-12  0.3676E-11  0.5393E-15  0.1000E-09  0.0000E+00  0.8391E+16
   -0.262490    1.34937  0.9804E-13  0.6306E-11  0.9025E-15  0.1000E-09  0.0000E+00  0.7717E+16
   -0.299990    1.53523  0.9346E-13  0.1069E-10  0.1500E-14  0.1000E-09  0.0000E+00  0.7062E+16
   -0.337490    1.71920  0.9163E-13  0.1801E-10  0.2480E-14  0.1000E-09  0.0000E+00  0.6423E+16
   -0.374990    1.90115  0.9091E-13  0.3015E-10  0.4080E-14  0.1000E-09  0.0000E+00  0.5833E+16
   -0.412491    2.08193  0.9055E-13  0.5025E-10  0.6683E-14  0.1000E-09  0.0000E+00  0.5271E+16
   -0.449991    2.26207  0.9021E-13  0.8340E-10  0.1090E-13  0.1000E-09  0.0000E+00  0.4716E+16
   -0.487492    2.44149  0.8976E-13  0.1379E-09  0.1772E-13  0.1000E-09  0.0000E+00  0.4169E+16
   -0.524993    2.62011  0.8913E-13  0.2263E-09  0.2859E-13  0.1000E-09  0.0000E+00  0.3629E+16
   -0.562493    2.79782  0.8830E-13  0.3691E-09  0.4587E-13  0.1000E-09  0.0000E+00  0.3099E+16
   -0.599994    2.97453  0.8725E-13  0.5991E-09  0.7324E-13  0.1000E-09  0.0000E+00  0.2580E+16
   -0.637496    3.15017  0.8606E-13  0.9683E-09  0.1164E-12  0.1561E-09  0.0000E+00  0.2071E+16
   -0.674997    3.32458  0.8490E-13  0.1559E-08  0.1844E-12  0.3255E-09  0.0000E+00  0.1573E+16
   -0.712498    3.49751  0.8396E-13  0.2498E-08  0.2908E-12  0.7425E-09  0.0000E+00  0.1088E+16
   -0.749999    3.66855  0.8336E-13  0.3986E-08  0.4565E-12  0.2050E-08  0.0000E+00  0.6188E+15
   -0.787500    3.83708  0.8309E-13  0.6307E-08  0.7115E-12  0.1139E-07  0.0000E+00  0.1742E+15
   -0.825001    3.99451  0.8304E-13  0.6960E-08  0.7882E-12  0.1864E-04  0.0000E+00 -0.1753E+12
   -0.862503    3.99581  0.8304E-13  0.7287E-08  0.8342E-12  0.2060E-04  0.0000E+00 -0.1818E+12
   -0.900004    3.99698  0.8304E-13  0.7583E-08  0.8832E-12  0.2233E-04  0.0000E+00 -0.1874E+12
   -0.937505    3.99806  0.8304E-13  0.7848E-08  0.9354E-12  0.2357E-04  0.0000E+00 -0.1950E+12
   -0.975006    3.99909  0.8304E-13  0.8082E-08  0.9908E-12  0.2411E-04  0.0000E+00 -0.2068E+12
   -1.012506    4.00009  0.8304E-13  0.8287E-08  0.1050E-11  0.2423E-04  0.0000E+00 -0.2226E+12
   -1.050007    4.00109  0.8304E-13  0.8463E-08  0.1116E-11  0.2397E-04  0.0000E+00 -0.2427E+12
   -1.087508    4.00211  0.8304E-13  0.8610E-08  0.1189E-11  0.2336E-04  0.0000E+00 -0.2680E+12
   -1.125008    4.00316  0.8304E-13  0.8725E-08  0.1274E-11  0.2225E-04  0.0000E+00 -0.3017E+12
   -1.162508    4.00427  0.8304E-13  0.8803E-08  0.1374E-11  0.2051E-04  0.0000E+00 -0.3507E+12
   -1.200008    4.00548  0.8304E-13  0.8832E-08  0.1494E-11  0.1840E-04  0.0000E+00 -0.4200E+12
   -1.237508    4.00683  0.8304E-13  0.8799E-08  0.1642E-11  0.1620E-04  0.0000E+00 -0.5152E+12
   -1.275007    4.00838  0.8304E-13  0.8683E-08  0.1830E-11  0.1386E-04  0.0000E+00 -0.6546E+12
   -1.312507    4.01020  0.8304E-13  0.8453E-08  0.2084E-11  0.1125E-04  0.0000E+00 -0.8840E+12
   -1.350006    4.01245  0.8304E-13  0.8051E-08  0.2455E-11  0.8361E-05  0.0000E+00 -0.1324E+13
   -1.387504    4.01551  0.8304E-13  0.7366E-08  0.3079E-11  0.5274E-05  0.0000E+00 -0.2403E+13
   -1.425003    4.02036  0.8304E-13  0.6134E-08  0.4432E-11  0.2311E-05  0.0000E+00 -0.6709E+13
   -1.462501    4.03121  0.8304E-13  0.3936E-08  0.9031E-11  0.3856E-06  0.0000E+00 -0.5656E+14
   -1.499998    4.08246  0.8304E-13  0.0000E+00  0.0000E+00  0.0000E+00  0.0000E+00  0.0000E+00
