 1 - depth, m
 2 - temperature, C
 3 - salinity, kg/kg
 4 - turbulent kinetic energy, m**2/s**2
 5 - dissipation rate, m**2/s**3
 6 - kinematic heat conductance, m**2/s
 7 - modulus of horizontal velocity, m/s
 8 - Richardson number, n/d
   -0.000000   20.39837  0.0000E+00  0.2887E-04  0.4254E-05  0.2671E-04  0.3132E-01 -0.1016E+00
   -0.034998   20.45867  0.0000E+00  0.2130E-04  0.1318E-05  0.5382E-04  0.1533E-01 -0.1008E+00
   -0.069996   20.47757  0.0000E+00  0.1851E-04  0.6519E-06  0.1001E-03  0.1119E-01  0.6388E+01
   -0.104994   20.48809  0.0000E+00  0.1713E-04  0.3963E-06  0.2152E-03  0.8977E-02  0.2770E+03
   -0.139993   20.49390  0.0000E+00  0.1651E-04  0.2769E-06  0.3100E-03  0.7600E-02  0.7904E+02
   -0.174992   20.49761  0.0000E+00  0.1632E-04  0.2114E-06  0.3666E-03  0.6549E-02  0.1154E+03
   -0.209991   20.50045  0.0000E+00  0.1638E-04  0.1710E-06  0.4091E-03  0.5652E-02  0.4130E+03
   -0.244990   20.50285  0.0000E+00  0.1658E-04  0.1442E-06  0.4480E-03  0.4853E-02  0.4513E+03
   -0.279990   20.50501  0.0000E+00  0.1684E-04  0.1250E-06  0.4904E-03  0.4123E-02  0.2345E+03
   -0.314990   20.50695  0.0000E+00  0.1711E-04  0.1104E-06  0.5487E-03  0.3436E-02  0.5467E+01
   -0.349990   20.50871  0.0000E+00  0.1741E-04  0.9918E-07  0.6114E-03  0.2847E-02  0.3526E+01
   -0.384990   20.51033  0.0000E+00  0.1773E-04  0.9080E-07  0.6773E-03  0.2342E-02  0.2692E+01
   -0.419990   20.51182  0.0000E+00  0.1809E-04  0.8488E-07  0.7409E-03  0.1912E-02  0.2361E+01
   -0.454991   20.51321  0.0000E+00  0.1846E-04  0.8109E-07  0.8000E-03  0.1531E-02  0.2107E+01
   -0.489992   20.51450  0.0000E+00  0.1885E-04  0.7921E-07  0.8510E-03  0.1193E-02  0.1867E+01
   -0.524992   20.51574  0.0000E+00  0.1930E-04  0.7902E-07  0.9003E-03  0.8970E-03  0.1488E+01
   -0.559993   20.51705  0.0000E+00  0.1978E-04  0.8034E-07  0.9880E-03  0.6820E-03  0.1343E+01
   -0.594994   20.51846  0.0000E+00  0.2022E-04  0.8270E-07  0.1202E-02  0.5478E-03  0.1214E+01
   -0.629995   20.52002  0.0000E+00  0.2049E-04  0.8495E-07  0.1368E-02  0.4790E-03  0.1374E+01
   -0.664996   20.52142  0.0000E+00  0.2065E-04  0.8727E-07  0.1386E-02  0.4308E-03  0.1318E+01
   -0.699997   20.52281  0.0000E+00  0.2074E-04  0.8988E-07  0.1388E-02  0.3893E-03  0.1273E+01
   -0.734998   20.52421  0.0000E+00  0.2078E-04  0.9281E-07  0.1365E-02  0.3543E-03  0.1248E+01
   -0.769999   20.52566  0.0000E+00  0.2077E-04  0.9613E-07  0.1335E-02  0.3248E-03  0.1256E+01
   -0.805000   20.52717  0.0000E+00  0.2071E-04  0.1000E-06  0.1294E-02  0.2998E-03  0.1349E+01
   -0.840001   20.52878  0.0000E+00  0.2061E-04  0.1047E-06  0.1249E-02  0.2782E-03  0.2132E+01
   -0.875002   20.53048  0.0000E+00  0.2045E-04  0.1105E-06  0.1242E-02  0.2592E-03  0.1694E+01
   -0.910003   20.53234  0.0000E+00  0.2024E-04  0.1182E-06  0.1150E-02  0.2420E-03  0.2633E+04
   -0.945003   20.53439  0.0000E+00  0.1996E-04  0.1280E-06  0.1115E-02  0.2254E-03  0.3413E+02
   -0.980004   20.53681  0.0000E+00  0.1961E-04  0.1412E-06  0.1042E-02  0.2087E-03  0.9411E+03
   -1.015004   20.53931  0.0000E+00  0.1918E-04  0.1592E-06  0.1010E-02  0.1920E-03  0.1607E+04
   -1.050004   20.54272  0.0000E+00  0.1866E-04  0.1875E-06  0.9418E-03  0.1738E-03  0.1352E+04
   -1.085005   20.54607  0.0000E+00  0.1803E-04  0.2382E-06  0.8840E-03  0.1559E-03 -0.2544E+03
   -1.120004   20.55256  0.0000E+00  0.1726E-04  0.2987E-06  0.8114E-03  0.1369E-03  0.5552E+05
   -1.155004   20.55648  0.0000E+00  0.1644E-04  0.4129E-06  0.7421E-03  0.1193E-03  0.5207E+05
   -1.190003   20.56748  0.0000E+00  0.1551E-04  0.5836E-06  0.6608E-03  0.9805E-04  0.6646E+06
   -1.225003   20.57477  0.0000E+00  0.1467E-04  0.8347E-06  0.5682E-03  0.7667E-04 -0.6172E+06
   -1.260002   20.59237  0.0000E+00  0.1358E-04  0.1835E-05  0.5184E-03  0.5838E-04  0.5489E+08
   -1.295000   20.65511  0.0000E+00  0.1247E-04  0.2971E-05  0.4902E-03  0.4107E-04 -0.8187E+08
   -1.329999   20.61433  0.0000E+00  0.1056E-04  0.8717E-05  0.2920E-03  0.3570E-04 -0.3789E+11
   -1.364997   20.81300  0.0000E+00  0.8355E-05  0.1336E-04  0.2993E-03  0.2165E-04 -0.2381E+06
   -1.399994   20.73437  0.0000E+00  0.0000E+00  0.0000E+00  0.0000E+00  0.4358E-04  0.0000E+00
