 1 - depth, m
 2 - temperature, C
 3 - salinity, kg/kg
 4 - turbulent kinetic energy, m**2/s**2
 5 - dissipation rate, m**2/s**3
 6 - kinematic heat conductance, m**2/s
 7 - modulus of horizontal velocity, m/s
 8 - Richardson number, n/d
   -0.000000    9.21155  0.0000E+00  0.9131E-03  0.4216E-02  0.9486E-04  0.4373E+00 -0.3117E-02
   -0.034998    9.59271  0.0000E+00  0.4851E-03  0.2190E-02  0.1598E-03  0.1358E+00 -0.8236E+00
   -0.069996    9.74673  0.0000E+00  0.2999E-03  0.6077E-03  0.2552E-03  0.7476E-01  0.1622E+01
   -0.104994    9.81306  0.0000E+00  0.2337E-03  0.3524E-03  0.2815E-03  0.5486E-01  0.5659E-01
   -0.139992    9.84395  0.0000E+00  0.1937E-03  0.2326E-03  0.2924E-03  0.4324E-01  0.4103E+00
   -0.174991    9.86324  0.0000E+00  0.1655E-03  0.1563E-03  0.3024E-03  0.3592E-01  0.1603E+00
   -0.209990    9.87669  0.0000E+00  0.1445E-03  0.1056E-03  0.3229E-03  0.3071E-01  0.7050E+01
   -0.244990    9.88688  0.0000E+00  0.1282E-03  0.7042E-04  0.3302E-03  0.2671E-01  0.4811E+00
   -0.279989    9.89589  0.0000E+00  0.1149E-03  0.4628E-04  0.3424E-03  0.2319E-01  0.1215E+01
   -0.314989    9.90737  0.0000E+00  0.1032E-03  0.3014E-04  0.3872E-03  0.1941E-01  0.1982E+02
   -0.349989    9.91484  0.0000E+00  0.9386E-04  0.1967E-04  0.4245E-03  0.1701E-01  0.1624E+02
   -0.384989    9.92190  0.0000E+00  0.8621E-04  0.1283E-04  0.4834E-03  0.1508E-01  0.7021E+02
   -0.419989    9.92848  0.0000E+00  0.8000E-04  0.8451E-05  0.5506E-03  0.1348E-01  0.7923E+02
   -0.454990    9.93461  0.0000E+00  0.7498E-04  0.5770E-05  0.6294E-03  0.1192E-01  0.1868E+03
   -0.489990    9.94064  0.0000E+00  0.7084E-04  0.4212E-05  0.7183E-03  0.1037E-01  0.4693E+03
   -0.524991    9.94592  0.0000E+00  0.6701E-04  0.3128E-05  0.8071E-03  0.8948E-02  0.1009E+03
   -0.559992    9.95180  0.0000E+00  0.6311E-04  0.2320E-05  0.8908E-03  0.7837E-02 -0.1277E+03
   -0.594992    9.95726  0.0000E+00  0.5851E-04  0.1661E-05  0.9513E-03  0.6982E-02  0.1910E+02
   -0.629993    9.96552  0.0000E+00  0.5424E-04  0.1198E-05  0.9715E-03  0.6445E-02 -0.4885E+04
   -0.664994    9.97170  0.0000E+00  0.5050E-04  0.9091E-06  0.9738E-03  0.5861E-02  0.4195E+02
   -0.699995    9.97916  0.0000E+00  0.4735E-04  0.7331E-06  0.1017E-02  0.5273E-02  0.5868E+01
   -0.734996    9.98587  0.0000E+00  0.4471E-04  0.6158E-06  0.1047E-02  0.4745E-02  0.1135E+04
   -0.769997    9.99223  0.0000E+00  0.4238E-04  0.5274E-06  0.1019E-02  0.4278E-02  0.3759E+02
   -0.804998    9.99995  0.0000E+00  0.4016E-04  0.4539E-06  0.1039E-02  0.3786E-02  0.8905E+03
   -0.839999   10.00661  0.0000E+00  0.3816E-04  0.4004E-06  0.1039E-02  0.3377E-02  0.4451E+02
   -0.874999   10.01379  0.0000E+00  0.3630E-04  0.3606E-06  0.1018E-02  0.3003E-02  0.3574E+02
   -0.910000   10.02103  0.0000E+00  0.3449E-04  0.3305E-06  0.9823E-03  0.2652E-02  0.1954E+02
   -0.945001   10.02832  0.0000E+00  0.3272E-04  0.3089E-06  0.9228E-03  0.2336E-02 -0.1519E+03
   -0.980001   10.03630  0.0000E+00  0.3090E-04  0.2939E-06  0.8780E-03  0.2002E-02  0.1488E+02
   -1.015001   10.04475  0.0000E+00  0.2920E-04  0.2902E-06  0.8293E-03  0.1707E-02 -0.9011E+03
   -1.050001   10.05402  0.0000E+00  0.2756E-04  0.3009E-06  0.7902E-03  0.1453E-02  0.1814E+05
   -1.085001   10.06468  0.0000E+00  0.2596E-04  0.3360E-06  0.7418E-03  0.1237E-02  0.1448E+04
   -1.120001   10.07890  0.0000E+00  0.2428E-04  0.4093E-06  0.6952E-03  0.1059E-02  0.1658E+06
   -1.155001   10.09619  0.0000E+00  0.2251E-04  0.5678E-06  0.6265E-03  0.8816E-03  0.6355E+07
   -1.190000   10.12044  0.0000E+00  0.2073E-04  0.8852E-06  0.5602E-03  0.7058E-03  0.1093E+06
   -1.224999   10.15258  0.0000E+00  0.1923E-04  0.1471E-05  0.5136E-03  0.5271E-03 -0.1541E+06
   -1.259998   10.18358  0.0000E+00  0.1762E-04  0.3226E-05  0.4276E-03  0.3820E-03 -0.2777E+09
   -1.294996   10.41266  0.0000E+00  0.1602E-04  0.5933E-05  0.4344E-03  0.2564E-03  0.2955E+08
   -1.329995   10.25351  0.0000E+00  0.1369E-04  0.1623E-04  0.2733E-03  0.2222E-03 -0.1704E+10
   -1.364993   10.86525  0.0000E+00  0.1075E-04  0.2433E-04  0.3160E-03  0.1333E-03  0.5799E+08
   -1.399990   10.60769  0.0000E+00  0.0000E+00  0.0000E+00  0.0000E+00  0.2728E-03  0.0000E+00
