 1 - depth, m
 2 - temperature, C
 3 - salinity, kg/kg
 4 - turbulent kinetic energy, m**2/s**2
 5 - dissipation rate, m**2/s**3
 6 - kinematic heat conductance, m**2/s
 7 - modulus of horizontal velocity, m/s
 8 - Richardson number, n/d
   -0.000000   -0.00099  0.0000E+00  0.3030E-03  0.3039E-03  0.6752E-04  0.2312E+00  0.1894E+00
   -0.035003    0.12943  0.0000E+00  0.1892E-03  0.9946E-04  0.1306E-03  0.7722E-01  0.2890E+00
   -0.070007    0.19587  0.0000E+00  0.1396E-03  0.4087E-04  0.1507E-03  0.5043E-01  0.7252E+00
   -0.105011    0.24180  0.0000E+00  0.1136E-03  0.2218E-04  0.1593E-03  0.4078E-01  0.5090E-01
   -0.140015    0.27566  0.0000E+00  0.9651E-04  0.1292E-04  0.1658E-03  0.3465E-01  0.5130E-01
   -0.175020    0.30394  0.0000E+00  0.8404E-04  0.7880E-05  0.1733E-03  0.2991E-01  0.6244E-01
   -0.210025    0.32933  0.0000E+00  0.7447E-04  0.5030E-05  0.1790E-03  0.2602E-01  0.6751E-01
   -0.245030    0.35324  0.0000E+00  0.6684E-04  0.3380E-05  0.1817E-03  0.2262E-01  0.7660E-01
   -0.280035    0.37630  0.0000E+00  0.6024E-04  0.2380E-05  0.1779E-03  0.1955E-01  0.8409E-01
   -0.315041    0.39931  0.0000E+00  0.5360E-04  0.1736E-05  0.1779E-03  0.1654E-01  0.2838E+00
   -0.350046    0.42372  0.0000E+00  0.4762E-04  0.1317E-05  0.1727E-03  0.1414E-01  0.3473E+01
   -0.385052    0.45045  0.0000E+00  0.4230E-04  0.1030E-05  0.1639E-03  0.1212E-01  0.8938E+02
   -0.420058    0.48025  0.0000E+00  0.3766E-04  0.8282E-06  0.1502E-03  0.1036E-01  0.4337E+03
   -0.455064    0.51538  0.0000E+00  0.3340E-04  0.6778E-06  0.1333E-03  0.8659E-02  0.2712E+04
   -0.490071    0.55905  0.0000E+00  0.2924E-04  0.5574E-06  0.1155E-03  0.6930E-02  0.1405E+06
   -0.525077    0.62251  0.0000E+00  0.2475E-04  0.4475E-06  0.9826E-04  0.5253E-02  0.4476E+08
   -0.560084    0.79140  0.0000E+00  0.2025E-04  0.3467E-06  0.8148E-04  0.3981E-02  0.1062E+11
   -0.595090    1.38525  0.0000E+00  0.1564E-04  0.2491E-06  0.9204E-04  0.3035E-02  0.5326E+10
   -0.630097    2.19686  0.0000E+00  0.1209E-04  0.1772E-06  0.1380E-03  0.2516E-02 -0.2151E+10
   -0.665104    2.63816  0.0000E+00  0.9367E-05  0.1241E-06  0.1671E-03  0.2080E-02 -0.1489E+11
   -0.700110    3.09202  0.0000E+00  0.7448E-05  0.8569E-07  0.2007E-03  0.1576E-02 -0.9632E+10
   -0.735117    3.50215  0.0000E+00  0.6234E-05  0.6046E-07  0.2392E-03  0.1119E-02  0.9000E+10
   -0.770124    3.77568  0.0000E+00  0.5372E-05  0.4271E-07  0.2778E-03  0.8130E-03  0.6797E+10
   -0.805130    4.03122  0.0000E+00  0.4885E-05  0.3097E-07  0.3087E-03  0.5167E-03  0.1763E+11
   -0.840137    4.21301  0.0000E+00  0.4669E-05  0.2454E-07  0.3384E-03  0.3381E-03 -0.2214E+11
   -0.875143    4.31334  0.0000E+00  0.4628E-05  0.2143E-07  0.3621E-03  0.2267E-03  0.6864E+11
   -0.910150    4.35911  0.0000E+00  0.4654E-05  0.1989E-07  0.3798E-03  0.1702E-03  0.1362E+12
   -0.945156    4.39139  0.0000E+00  0.4706E-05  0.1912E-07  0.3940E-03  0.1315E-03  0.5374E+12
   -0.980162    4.41851  0.0000E+00  0.4770E-05  0.1883E-07  0.4027E-03  0.1026E-03  0.1331E+13
   -1.015168    4.44319  0.0000E+00  0.4842E-05  0.1889E-07  0.4058E-03  0.8043E-04  0.1254E+13
   -1.050174    4.46727  0.0000E+00  0.4921E-05  0.1928E-07  0.4032E-03  0.6365E-04  0.4972E+12
   -1.085180    4.49183  0.0000E+00  0.5002E-05  0.2003E-07  0.3965E-03  0.5081E-04 -0.8806E+11
   -1.120185    4.51769  0.0000E+00  0.5082E-05  0.2120E-07  0.3850E-03  0.4091E-04  0.2573E+11
   -1.155191    4.54441  0.0000E+00  0.5157E-05  0.2290E-07  0.3693E-03  0.3288E-04  0.2278E+11
   -1.190196    4.57221  0.0000E+00  0.5230E-05  0.2553E-07  0.3451E-03  0.2611E-04 -0.3151E+12
   -1.225201    4.60174  0.0000E+00  0.5309E-05  0.2973E-07  0.3154E-03  0.2051E-04  0.1616E+12
   -1.260205    4.63389  0.0000E+00  0.5394E-05  0.3823E-07  0.2557E-03  0.1573E-04 -0.6705E+13
   -1.295209    4.68460  0.0000E+00  0.5408E-05  0.5941E-07  0.2098E-03  0.1173E-04  0.1005E+14
   -1.330213    4.77002  0.0000E+00  0.5106E-05  0.1081E-06  0.1171E-03  0.8863E-05 -0.4998E+14
   -1.365217    4.95538  0.0000E+00  0.3652E-05  0.2545E-06  0.3814E-04  0.6065E-05 -0.3510E+14
   -1.400220    5.32037  0.0000E+00  0.0000E+00  0.0000E+00  0.0000E+00  0.6408E-05  0.0000E+00
