 1 - depth, m
 2 - temperature, C
 3 - salinity, kg/kg
 4 - turbulent kinetic energy, m**2/s**2
 5 - dissipation rate, m**2/s**3
 6 - kinematic heat conductance, m**2/s
 7 - modulus of horizontal velocity, m/s
 8 - Richardson number, n/d
   -0.000000    5.19102  0.0000E+00  0.3419E-02  0.5229E-01  0.1697E-03  0.1266E+01  0.2273E-02
   -0.034998    5.78840  0.0000E+00  0.2114E-02  0.3479E-01  0.6600E-03  0.3574E+00  0.2068E+00
   -0.069996    5.99554  0.0000E+00  0.1441E-02  0.1139E-01  0.8102E-03  0.1866E+00  0.5128E+00
   -0.104994    6.09334  0.0000E+00  0.1169E-02  0.8198E-02  0.8776E-03  0.1296E+00 -0.3111E+00
   -0.139992    6.12574  0.0000E+00  0.1006E-02  0.6261E-02  0.8904E-03  0.1046E+00  0.2097E+00
   -0.174991    6.15527  0.0000E+00  0.8753E-03  0.4802E-02  0.9408E-03  0.8681E-01  0.1621E+01
   -0.209990    6.17681  0.0000E+00  0.7715E-03  0.3737E-02  0.8994E-03  0.7592E-01  0.2967E+01
   -0.244989    6.18964  0.0000E+00  0.6905E-03  0.2944E-02  0.8781E-03  0.6892E-01  0.1920E+01
   -0.279989    6.20064  0.0000E+00  0.6185E-03  0.2311E-02  0.8512E-03  0.6181E-01  0.6892E+00
   -0.314989    6.22058  0.0000E+00  0.5538E-03  0.1824E-02  0.8605E-03  0.5260E-01 -0.1485E+01
   -0.349989    6.22836  0.0000E+00  0.5021E-03  0.1465E-02  0.8664E-03  0.4777E-01  0.1314E+01
   -0.384989    6.23823  0.0000E+00  0.4575E-03  0.1182E-02  0.8365E-03  0.4389E-01  0.2570E+01
   -0.419989    6.24837  0.0000E+00  0.4193E-03  0.9606E-03  0.8493E-03  0.3963E-01  0.3828E+01
   -0.454990    6.25544  0.0000E+00  0.3839E-03  0.7911E-03  0.8524E-03  0.3638E-01  0.4759E+01
   -0.489990    6.26277  0.0000E+00  0.3551E-03  0.6651E-03  0.8267E-03  0.3265E-01  0.8088E+01
   -0.524991    6.27295  0.0000E+00  0.3297E-03  0.5648E-03  0.8758E-03  0.2874E-01 -0.2408E+03
   -0.559992    6.28202  0.0000E+00  0.3056E-03  0.4766E-03  0.9216E-03  0.2655E-01  0.8061E+02
   -0.594992    6.29335  0.0000E+00  0.2821E-03  0.3857E-03  0.9823E-03  0.2522E-01  0.2338E+03
   -0.629993    6.30534  0.0000E+00  0.2601E-03  0.3073E-03  0.1017E-02  0.2540E-01 -0.1221E+03
   -0.664994    6.31584  0.0000E+00  0.2412E-03  0.2437E-03  0.1053E-02  0.2454E-01 -0.1625E+03
   -0.699995    6.32817  0.0000E+00  0.2248E-03  0.1940E-03  0.1079E-02  0.2336E-01  0.1346E+03
   -0.734996    6.33737  0.0000E+00  0.2102E-03  0.1534E-03  0.1137E-02  0.2216E-01  0.5787E+04
   -0.769997    6.34932  0.0000E+00  0.1969E-03  0.1218E-03  0.1177E-02  0.2101E-01  0.3599E+03
   -0.804998    6.35712  0.0000E+00  0.1849E-03  0.9656E-04  0.1205E-02  0.1995E-01 -0.3142E+01
   -0.839998    6.36933  0.0000E+00  0.1739E-03  0.7744E-04  0.1231E-02  0.1889E-01  0.4517E+02
   -0.874999    6.37841  0.0000E+00  0.1638E-03  0.6167E-04  0.1252E-02  0.1787E-01  0.3516E+02
   -0.910000    6.38807  0.0000E+00  0.1542E-03  0.4843E-04  0.1240E-02  0.1691E-01  0.1995E+03
   -0.945000    6.40029  0.0000E+00  0.1455E-03  0.3688E-04  0.1241E-02  0.1590E-01  0.8772E+02
   -0.980001    6.41006  0.0000E+00  0.1374E-03  0.2911E-04  0.1216E-02  0.1490E-01  0.1054E+03
   -1.015001    6.42194  0.0000E+00  0.1297E-03  0.2334E-04  0.1196E-02  0.1384E-01  0.1000E+03
   -1.050001    6.43368  0.0000E+00  0.1221E-03  0.1917E-04  0.1131E-02  0.1284E-01  0.1824E+03
   -1.085001    6.44779  0.0000E+00  0.1148E-03  0.1634E-04  0.1084E-02  0.1189E-01  0.1161E+04
   -1.120001    6.46157  0.0000E+00  0.1077E-03  0.1435E-04  0.9779E-03  0.1103E-01  0.7777E+03
   -1.155001    6.48143  0.0000E+00  0.1008E-03  0.1332E-04  0.9132E-03  0.1002E-01  0.2126E+03
   -1.190000    6.50317  0.0000E+00  0.9355E-04  0.1316E-04  0.7929E-03  0.8818E-02  0.1791E+06
   -1.224999    6.54267  0.0000E+00  0.8595E-04  0.1473E-04  0.7624E-03  0.7182E-02  0.7130E+07
   -1.259998    6.58433  0.0000E+00  0.7825E-04  0.1961E-04  0.6550E-03  0.5935E-02 -0.1135E+08
   -1.294996    6.69055  0.0000E+00  0.6796E-04  0.3337E-04  0.5880E-03  0.4835E-02  0.3313E+06
   -1.329995    6.76496  0.0000E+00  0.5596E-04  0.6169E-04  0.3830E-03  0.4417E-02 -0.4075E+09
   -1.364992    7.10466  0.0000E+00  0.4156E-04  0.1110E-03  0.2877E-03  0.3350E-02 -0.7558E+07
   -1.399990    7.17888  0.0000E+00  0.0000E+00  0.0000E+00  0.0000E+00  0.5279E-02  0.0000E+00
