 1 - depth, m
 2 - temperature, C
 3 - salinity, kg/kg
 4 - turbulent kinetic energy, m**2/s**2
 5 - dissipation rate, m**2/s**3
 6 - kinematic heat conductance, m**2/s
 7 - modulus of horizontal velocity, m/s
 8 - Richardson number, n/d
   -0.000000    9.76064  0.0000E+00  0.6129E-02  0.6483E-01  0.1941E-03  0.1793E+01 -0.1720E-02
   -0.034998   10.30453  0.0000E+00  0.3783E-02  0.3913E-01  0.1013E-02  0.4690E+00 -0.3614E+00
   -0.069996   10.37116  0.0000E+00  0.2550E-02  0.6488E-02  0.1141E-02  0.2565E+00  0.2275E+01
   -0.104994   10.43852  0.0000E+00  0.2068E-02  0.4096E-02  0.1349E-02  0.1756E+00 -0.3371E+00
   -0.139993   10.46975  0.0000E+00  0.1757E-02  0.2808E-02  0.1422E-02  0.1382E+00 -0.8542E+00
   -0.174992   10.49263  0.0000E+00  0.1529E-02  0.2012E-02  0.1435E-02  0.1180E+00  0.9747E+01
   -0.209991   10.50457  0.0000E+00  0.1355E-02  0.1484E-02  0.1394E-02  0.1036E+00 -0.1421E+00
   -0.244990   10.51522  0.0000E+00  0.1217E-02  0.1115E-02  0.1347E-02  0.9217E-01 -0.2008E+00
   -0.279990   10.52369  0.0000E+00  0.1102E-02  0.8651E-03  0.1303E-02  0.8285E-01 -0.1632E+00
   -0.314990   10.53245  0.0000E+00  0.9930E-03  0.6818E-03  0.1311E-02  0.7138E-01  0.1433E+01
   -0.349990   10.53962  0.0000E+00  0.9071E-03  0.5480E-03  0.1358E-02  0.6402E-01  0.7059E+00
   -0.384990   10.54341  0.0000E+00  0.8353E-03  0.4453E-03  0.1339E-02  0.5941E-01  0.1166E+02
   -0.419990   10.54717  0.0000E+00  0.7783E-03  0.3668E-03  0.1304E-02  0.5589E-01  0.2044E+03
   -0.454991   10.55163  0.0000E+00  0.7269E-03  0.3081E-03  0.1305E-02  0.5189E-01  0.2650E+01
   -0.489992   10.55594  0.0000E+00  0.6833E-03  0.2654E-03  0.1271E-02  0.4719E-01  0.1377E+02
   -0.524992   10.56091  0.0000E+00  0.6428E-03  0.2321E-03  0.1343E-02  0.4245E-01 -0.1708E+03
   -0.559993   10.56553  0.0000E+00  0.6047E-03  0.2037E-03  0.1424E-02  0.3978E-01 -0.6627E+01
   -0.594994   10.57265  0.0000E+00  0.5650E-03  0.1738E-03  0.1540E-02  0.3825E-01 -0.9190E+02
   -0.629995   10.57860  0.0000E+00  0.5266E-03  0.1476E-03  0.1621E-02  0.3843E-01  0.7237E+03
   -0.664996   10.58544  0.0000E+00  0.4924E-03  0.1267E-03  0.1695E-02  0.3754E-01 -0.7664E+02
   -0.699997   10.59139  0.0000E+00  0.4619E-03  0.1106E-03  0.1776E-02  0.3624E-01 -0.4711E+03
   -0.734998   10.59668  0.0000E+00  0.4338E-03  0.9719E-04  0.1781E-02  0.3479E-01  0.1656E+04
   -0.769999   10.60295  0.0000E+00  0.4083E-03  0.8617E-04  0.1813E-02  0.3341E-01  0.2935E+03
   -0.805000   10.60826  0.0000E+00  0.3852E-03  0.7729E-04  0.1852E-02  0.3207E-01  0.9797E+02
   -0.840001   10.61507  0.0000E+00  0.3634E-03  0.7008E-04  0.1883E-02  0.3069E-01  0.1104E+03
   -0.875002   10.62075  0.0000E+00  0.3429E-03  0.6400E-04  0.1890E-02  0.2908E-01  0.3315E+03
   -0.910003   10.62796  0.0000E+00  0.3237E-03  0.5997E-04  0.1899E-02  0.2776E-01  0.1426E+03
   -0.945003   10.63373  0.0000E+00  0.3059E-03  0.5755E-04  0.1858E-02  0.2638E-01  0.7141E+02
   -0.980004   10.64220  0.0000E+00  0.2884E-03  0.5648E-04  0.1789E-02  0.2476E-01  0.7145E+02
   -1.015004   10.65364  0.0000E+00  0.2712E-03  0.5774E-04  0.1718E-02  0.2278E-01  0.8076E+02
   -1.050004   10.66177  0.0000E+00  0.2557E-03  0.6161E-04  0.1643E-02  0.2125E-01  0.6026E+02
   -1.085004   10.67120  0.0000E+00  0.2401E-03  0.6894E-04  0.1535E-02  0.1983E-01  0.2015E+04
   -1.120004   10.68123  0.0000E+00  0.2250E-03  0.8083E-04  0.1417E-02  0.1846E-01  0.2867E+02
   -1.155004   10.69523  0.0000E+00  0.2095E-03  0.1003E-03  0.1286E-02  0.1671E-01  0.6350E+02
   -1.190003   10.71500  0.0000E+00  0.1939E-03  0.1293E-03  0.1122E-02  0.1460E-01  0.5428E+03
   -1.225002   10.75160  0.0000E+00  0.1777E-03  0.1767E-03  0.1081E-02  0.1171E-01  0.3669E+03
   -1.260001   10.78533  0.0000E+00  0.1625E-03  0.2609E-03  0.9276E-03  0.9490E-02 -0.7075E+06
   -1.295000   10.86136  0.0000E+00  0.1409E-03  0.4385E-03  0.8122E-03  0.7728E-02  0.8624E+04
   -1.329998   10.93028  0.0000E+00  0.1159E-03  0.8444E-03  0.5130E-03  0.7116E-02 -0.5058E+06
   -1.364996   11.18626  0.0000E+00  0.8506E-04  0.1400E-02  0.3827E-03  0.5276E-02 -0.1463E+05
   -1.399994   11.26702  0.0000E+00  0.0000E+00  0.0000E+00  0.0000E+00  0.8641E-02  0.0000E+00
