 1 - depth, m
 2 - temperature, C
 3 - salinity, kg/kg
 4 - turbulent kinetic energy, m**2/s**2
 5 - dissipation rate, m**2/s**3
 6 - kinematic heat conductance, m**2/s
 7 - modulus of horizontal velocity, m/s
 8 - Richardson number, n/d
   -0.000000   18.78831  0.0000E+00  0.5266E-03  0.1714E-02  0.9384E-04  0.2639E+00  0.1071E+01
   -0.034998   19.04213  0.0000E+00  0.2696E-03  0.6555E-03  0.1308E-03  0.8149E-01  0.1035E+01
   -0.069996   19.12443  0.0000E+00  0.1804E-03  0.2626E-03  0.2081E-03  0.4701E-01  0.3731E+01
   -0.104994   19.16353  0.0000E+00  0.1410E-03  0.1690E-03  0.2282E-03  0.3522E-01  0.9759E+01
   -0.139993   19.18304  0.0000E+00  0.1163E-03  0.1132E-03  0.2549E-03  0.2852E-01  0.1514E+02
   -0.174991   19.19645  0.0000E+00  0.9936E-04  0.7681E-04  0.2833E-03  0.2392E-01  0.3747E+03
   -0.209991   19.20730  0.0000E+00  0.8692E-04  0.5212E-04  0.3219E-03  0.2051E-01  0.4538E+02
   -0.244990   19.21485  0.0000E+00  0.7716E-04  0.3546E-04  0.3638E-03  0.1762E-01  0.1639E+03
   -0.279990   19.22022  0.0000E+00  0.6969E-04  0.2411E-04  0.4037E-03  0.1531E-01  0.3619E+03
   -0.314989   19.22551  0.0000E+00  0.6342E-04  0.1632E-04  0.4663E-03  0.1296E-01  0.3548E+03
   -0.349989   19.22976  0.0000E+00  0.5842E-04  0.1084E-04  0.5309E-03  0.1129E-01  0.3792E+03
   -0.384990   19.23297  0.0000E+00  0.5436E-04  0.6955E-05  0.5907E-03  0.9907E-02  0.2711E+03
   -0.419990   19.23631  0.0000E+00  0.5110E-04  0.4749E-05  0.6425E-03  0.8707E-02  0.1425E+03
   -0.454991   19.23889  0.0000E+00  0.4852E-04  0.3302E-05  0.7096E-03  0.7567E-02  0.3508E+03
   -0.489991   19.24183  0.0000E+00  0.4643E-04  0.2481E-05  0.7610E-03  0.6441E-02  0.2713E+03
   -0.524992   19.24408  0.0000E+00  0.4443E-04  0.1907E-05  0.8116E-03  0.5388E-02  0.2143E+02
   -0.559993   19.24698  0.0000E+00  0.4237E-04  0.1458E-05  0.8557E-03  0.4557E-02  0.3894E+02
   -0.594994   19.24927  0.0000E+00  0.3996E-04  0.1089E-05  0.9352E-03  0.3924E-02  0.1100E+02
   -0.629994   19.25260  0.0000E+00  0.3786E-04  0.7869E-06  0.1011E-02  0.3547E-02 -0.1428E+02
   -0.664995   19.25556  0.0000E+00  0.3618E-04  0.6078E-06  0.1038E-02  0.3206E-02  0.1516E+03
   -0.699996   19.25814  0.0000E+00  0.3470E-04  0.4709E-06  0.1038E-02  0.2881E-02 -0.7338E+02
   -0.734997   19.26135  0.0000E+00  0.3332E-04  0.3750E-06  0.1051E-02  0.2553E-02  0.3806E+02
   -0.769998   19.26408  0.0000E+00  0.3207E-04  0.3115E-06  0.1055E-02  0.2262E-02  0.5144E+01
   -0.804999   19.26725  0.0000E+00  0.3093E-04  0.2713E-06  0.1071E-02  0.1979E-02 -0.9667E+01
   -0.840000   19.26992  0.0000E+00  0.2989E-04  0.2462E-06  0.1072E-02  0.1749E-02  0.7936E+01
   -0.875001   19.27290  0.0000E+00  0.2888E-04  0.2284E-06  0.1046E-02  0.1550E-02  0.3873E+02
   -0.910002   19.27587  0.0000E+00  0.2783E-04  0.2171E-06  0.1019E-02  0.1350E-02  0.1546E+03
   -0.945002   19.27886  0.0000E+00  0.2680E-04  0.2123E-06  0.9840E-03  0.1184E-02  0.7014E+01
   -0.980003   19.28203  0.0000E+00  0.2576E-04  0.2134E-06  0.9297E-03  0.1023E-02  0.1209E+03
   -1.015003   19.28544  0.0000E+00  0.2472E-04  0.2222E-06  0.8815E-03  0.8776E-03  0.1147E+02
   -1.050003   19.28936  0.0000E+00  0.2362E-04  0.2437E-06  0.8405E-03  0.7466E-03  0.8420E+02
   -1.085003   19.29430  0.0000E+00  0.2248E-04  0.2840E-06  0.8047E-03  0.6382E-03  0.9789E+04
   -1.120003   19.30068  0.0000E+00  0.2123E-04  0.3560E-06  0.7465E-03  0.5448E-03  0.2521E+04
   -1.155003   19.30858  0.0000E+00  0.1993E-04  0.4873E-06  0.6861E-03  0.4572E-03  0.6913E+06
   -1.190002   19.31921  0.0000E+00  0.1857E-04  0.7194E-06  0.6369E-03  0.3693E-03  0.5012E+05
   -1.225001   19.33162  0.0000E+00  0.1739E-04  0.1150E-05  0.5423E-03  0.2779E-03  0.6931E+05
   -1.260000   19.34753  0.0000E+00  0.1603E-04  0.2713E-05  0.4687E-03  0.2025E-03 -0.5559E+08
   -1.294999   19.43635  0.0000E+00  0.1467E-04  0.4600E-05  0.4553E-03  0.1406E-03  0.1100E+08
   -1.329997   19.37491  0.0000E+00  0.1257E-04  0.1347E-04  0.2828E-03  0.1233E-03 -0.7908E+09
   -1.364995   19.61652  0.0000E+00  0.9794E-05  0.2001E-04  0.3071E-03  0.7373E-04 -0.1329E+07
   -1.399993   19.51631  0.0000E+00  0.0000E+00  0.0000E+00  0.0000E+00  0.1565E-03  0.0000E+00
