 1 - depth, m
 2 - temperature, C
 3 - salinity, kg/kg
 4 - turbulent kinetic energy, m**2/s**2
 5 - dissipation rate, m**2/s**3
 6 - kinematic heat conductance, m**2/s
 7 - modulus of horizontal velocity, m/s
 8 - Richardson number, n/d
   -0.000000    0.02042  0.0000E+00  0.8995E-03  0.2201E-02  0.1027E-03  0.4845E+00  0.3244E-01
   -0.035028    0.14273  0.0000E+00  0.6316E-03  0.1007E-02  0.2569E-03  0.1626E+00  0.1883E+00
   -0.070056    0.22948  0.0000E+00  0.4675E-03  0.3496E-03  0.3372E-03  0.9558E-01  0.5686E+00
   -0.105084    0.26724  0.0000E+00  0.3829E-03  0.1882E-03  0.3900E-03  0.7246E-01  0.7325E+00
   -0.140113    0.28818  0.0000E+00  0.3366E-03  0.1287E-03  0.4142E-03  0.6156E-01  0.6186E-01
   -0.175142    0.30357  0.0000E+00  0.3017E-03  0.9111E-04  0.4354E-03  0.5377E-01  0.1667E-01
   -0.210172    0.31584  0.0000E+00  0.2745E-03  0.6560E-04  0.4521E-03  0.4794E-01  0.1217E+00
   -0.245201    0.32614  0.0000E+00  0.2528E-03  0.4538E-04  0.4668E-03  0.4341E-01 -0.1873E-01
   -0.280231    0.33555  0.0000E+00  0.2344E-03  0.2894E-04  0.4720E-03  0.3934E-01  0.2407E-01
   -0.315261    0.34507  0.0000E+00  0.2179E-03  0.2055E-04  0.4948E-03  0.3505E-01  0.3016E+00
   -0.350291    0.35466  0.0000E+00  0.2035E-03  0.1541E-04  0.5053E-03  0.3188E-01  0.8001E+01
   -0.385321    0.36451  0.0000E+00  0.1908E-03  0.1198E-04  0.5137E-03  0.2917E-01  0.1619E+04
   -0.420352    0.37417  0.0000E+00  0.1797E-03  0.9605E-05  0.5109E-03  0.2683E-01  0.1804E+04
   -0.455383    0.38444  0.0000E+00  0.1693E-03  0.7895E-05  0.5021E-03  0.2448E-01  0.1760E+05
   -0.490413    0.39606  0.0000E+00  0.1594E-03  0.6660E-05  0.4940E-03  0.2206E-01  0.1115E+07
   -0.525444    0.41209  0.0000E+00  0.1491E-03  0.5692E-05  0.5029E-03  0.1975E-01  0.5829E+09
   -0.560475    0.43491  0.0000E+00  0.1386E-03  0.4883E-05  0.5060E-03  0.1801E-01  0.8996E+10
   -0.595506    0.46947  0.0000E+00  0.1270E-03  0.4106E-05  0.4851E-03  0.1678E-01  0.4670E+08
   -0.630537    0.50540  0.0000E+00  0.1161E-03  0.3458E-05  0.4551E-03  0.1607E-01  0.3333E+11
   -0.665569    0.56478  0.0000E+00  0.1064E-03  0.2941E-05  0.4300E-03  0.1518E-01  0.1681E+09
   -0.700600    0.64514  0.0000E+00  0.9769E-04  0.2525E-05  0.4122E-03  0.1425E-01  0.3013E+09
   -0.735631    0.73459  0.0000E+00  0.8971E-04  0.2183E-05  0.3955E-03  0.1330E-01  0.5143E+08
   -0.770662    0.83273  0.0000E+00  0.8238E-04  0.1900E-05  0.3771E-03  0.1237E-01  0.6538E+09
   -0.805693    0.94032  0.0000E+00  0.7562E-04  0.1662E-05  0.3586E-03  0.1145E-01  0.5720E+10
   -0.840724    1.06207  0.0000E+00  0.6939E-04  0.1460E-05  0.3401E-03  0.1056E-01  0.2057E+11
   -0.875755    1.15785  0.0000E+00  0.6359E-04  0.1287E-05  0.3195E-03  0.9700E-02  0.4222E+11
   -0.910786    1.25918  0.0000E+00  0.5823E-04  0.1138E-05  0.3006E-03  0.8862E-02  0.2329E+10
   -0.945817    1.37771  0.0000E+00  0.5335E-04  0.1013E-05  0.2849E-03  0.8053E-02  0.3390E+11
   -0.980848    1.51798  0.0000E+00  0.4879E-04  0.9044E-06  0.2697E-03  0.7226E-02  0.6011E+10
   -1.015878    1.71845  0.0000E+00  0.4458E-04  0.8104E-06  0.2597E-03  0.6326E-02  0.3140E+11
   -1.050908    1.92020  0.0000E+00  0.4085E-04  0.7335E-06  0.2511E-03  0.5556E-02  0.6753E+12
   -1.085939    2.12714  0.0000E+00  0.3736E-04  0.6701E-06  0.2424E-03  0.4875E-02  0.2976E+13
   -1.120969    2.39638  0.0000E+00  0.3419E-04  0.6217E-06  0.2381E-03  0.4215E-02  0.2969E+13
   -1.155998    2.63455  0.0000E+00  0.3139E-04  0.5919E-06  0.2312E-03  0.3620E-02 -0.8259E+12
   -1.191028    2.87002  0.0000E+00  0.2904E-04  0.5849E-06  0.2259E-03  0.3065E-02 -0.4713E+13
   -1.226057    3.11793  0.0000E+00  0.2697E-04  0.6128E-06  0.2165E-03  0.2578E-02 -0.3298E+13
   -1.261086    3.37355  0.0000E+00  0.2487E-04  0.7058E-06  0.2012E-03  0.2149E-02 -0.5717E+13
   -1.296115    3.62381  0.0000E+00  0.2181E-04  0.9944E-06  0.1638E-03  0.1799E-02 -0.2300E+14
   -1.331144    3.92065  0.0000E+00  0.1755E-04  0.1771E-05  0.1045E-03  0.1547E-02 -0.5140E+14
   -1.366172    4.18246  0.0000E+00  0.1107E-04  0.4501E-05  0.3641E-04  0.1227E-02 -0.7395E+15
   -1.401200    4.65837  0.0000E+00  0.0000E+00  0.0000E+00  0.0000E+00  0.1459E-02  0.0000E+00
