 1 - depth, m
 2 - temperature, C
 3 - salinity, kg/kg
 4 - turbulent kinetic energy, m**2/s**2
 5 - dissipation rate, m**2/s**3
 6 - kinematic heat conductance, m**2/s
 7 - modulus of horizontal velocity, m/s
 8 - Richardson number, n/d
   -0.000000   18.96946  0.0000E+00  0.2038E-02  0.2462E-01  0.1889E-03  0.7703E+00 -0.4387E-02
   -0.034998   19.30445  0.0000E+00  0.1079E-02  0.1560E-01  0.3126E-03  0.2318E+00  0.1271E+00
   -0.069996   19.43357  0.0000E+00  0.6699E-03  0.5741E-02  0.4284E-03  0.1202E+00  0.3524E+00
   -0.104994   19.49508  0.0000E+00  0.5439E-03  0.4046E-02  0.5263E-03  0.8465E-01  0.7159E+00
   -0.139992   19.51889  0.0000E+00  0.4568E-03  0.3005E-02  0.5314E-03  0.6691E-01  0.3451E+01
   -0.174991   19.53283  0.0000E+00  0.3907E-03  0.2223E-02  0.5365E-03  0.5609E-01  0.8446E+00
   -0.209990   19.53944  0.0000E+00  0.3411E-03  0.1597E-02  0.5442E-03  0.4987E-01  0.2422E+01
   -0.244990   19.54501  0.0000E+00  0.3036E-03  0.1155E-02  0.5627E-03  0.4469E-01  0.3168E+01
   -0.279989   19.55002  0.0000E+00  0.2739E-03  0.8379E-03  0.5431E-03  0.4006E-01  0.7310E+02
   -0.314989   19.56081  0.0000E+00  0.2449E-03  0.6171E-03  0.5950E-03  0.3299E-01  0.5453E+01
   -0.349989   19.56633  0.0000E+00  0.2233E-03  0.4550E-03  0.6224E-03  0.2961E-01  0.2997E+01
   -0.384989   19.56999  0.0000E+00  0.2046E-03  0.3369E-03  0.6534E-03  0.2683E-01  0.3872E+01
   -0.419990   19.57376  0.0000E+00  0.1894E-03  0.2524E-03  0.6933E-03  0.2464E-01  0.1505E+02
   -0.454990   19.57726  0.0000E+00  0.1767E-03  0.1920E-03  0.7559E-03  0.2239E-01  0.3210E+02
   -0.489991   19.58167  0.0000E+00  0.1660E-03  0.1506E-03  0.8591E-03  0.1998E-01  0.7957E+02
   -0.524991   19.58662  0.0000E+00  0.1563E-03  0.1208E-03  0.9866E-03  0.1773E-01  0.8056E+03
   -0.559992   19.59088  0.0000E+00  0.1465E-03  0.9584E-04  0.1122E-02  0.1617E-01 -0.2831E+04
   -0.594993   19.59407  0.0000E+00  0.1355E-03  0.7327E-04  0.1238E-02  0.1500E-01  0.1288E+04
   -0.629994   19.59385  0.0000E+00  0.1252E-03  0.5595E-04  0.1291E-02  0.1465E-01  0.2525E+03
   -0.664995   19.59797  0.0000E+00  0.1159E-03  0.4217E-04  0.1298E-02  0.1376E-01  0.4649E+01
   -0.699996   19.59996  0.0000E+00  0.1078E-03  0.3242E-04  0.1296E-02  0.1280E-01  0.5569E+03
   -0.734997   19.60440  0.0000E+00  0.1009E-03  0.2547E-04  0.1302E-02  0.1179E-01 -0.1971E+05
   -0.769998   19.60762  0.0000E+00  0.9469E-04  0.1985E-04  0.1348E-02  0.1090E-01  0.5516E+03
   -0.804999   19.61077  0.0000E+00  0.8896E-04  0.1506E-04  0.1329E-02  0.1008E-01  0.2012E+03
   -0.839999   19.61403  0.0000E+00  0.8345E-04  0.1182E-04  0.1340E-02  0.9222E-02  0.5662E+03
   -0.875000   19.61773  0.0000E+00  0.7846E-04  0.9065E-05  0.1319E-02  0.8443E-02  0.6820E+02
   -0.910001   19.62177  0.0000E+00  0.7379E-04  0.6850E-05  0.1298E-02  0.7711E-02  0.7673E+02
   -0.945001   19.62481  0.0000E+00  0.6950E-04  0.5261E-05  0.1260E-02  0.7051E-02  0.2467E+03
   -0.980002   19.62846  0.0000E+00  0.6536E-04  0.3721E-05  0.1218E-02  0.6359E-02  0.1089E+03
   -1.015002   19.63220  0.0000E+00  0.6139E-04  0.2732E-05  0.1143E-02  0.5706E-02  0.5419E+03
   -1.050002   19.63566  0.0000E+00  0.5732E-04  0.1964E-05  0.1045E-02  0.5081E-02  0.1264E+03
   -1.085002   19.64099  0.0000E+00  0.5316E-04  0.1579E-05  0.9661E-03  0.4432E-02  0.5438E+03
   -1.120002   19.64593  0.0000E+00  0.4914E-04  0.1407E-05  0.9114E-03  0.3886E-02  0.4243E+07
   -1.155002   19.65162  0.0000E+00  0.4512E-04  0.1498E-05  0.8193E-03  0.3376E-02  0.1057E+05
   -1.190001   19.66049  0.0000E+00  0.4110E-04  0.1858E-05  0.7499E-03  0.2836E-02  0.4076E+06
   -1.225000   19.67075  0.0000E+00  0.3710E-04  0.2723E-05  0.6530E-03  0.2259E-02 -0.1164E+07
   -1.259999   19.68350  0.0000E+00  0.3283E-04  0.5019E-05  0.5149E-03  0.1699E-02  0.5913E+08
   -1.294998   19.74719  0.0000E+00  0.2811E-04  0.1080E-04  0.4956E-03  0.1209E-02  0.1872E+08
   -1.329996   19.71908  0.0000E+00  0.2332E-04  0.2569E-04  0.3117E-03  0.1054E-02 -0.3379E+08
   -1.364994   19.89366  0.0000E+00  0.1720E-04  0.3992E-04  0.3149E-03  0.7365E-03 -0.5357E+06
   -1.399992   19.85843  0.0000E+00  0.0000E+00  0.0000E+00  0.0000E+00  0.1295E-02  0.0000E+00
