 1 - depth, m
 2 - temperature, C
 3 - salinity, kg/kg
 4 - turbulent kinetic energy, m**2/s**2
 5 - dissipation rate, m**2/s**3
 6 - kinematic heat conductance, m**2/s
 7 - modulus of horizontal velocity, m/s
 8 - Richardson number, n/d
   -0.000000   21.69340  0.0000E+00  0.2882E-03  0.4314E-03  0.6499E-04  0.1746E+00 -0.8514E-01
   -0.034998   21.93288  0.0000E+00  0.1547E-03  0.1364E-03  0.1112E-03  0.5382E-01 -0.1063E+01
   -0.069996   21.99526  0.0000E+00  0.1066E-03  0.5345E-04  0.1591E-03  0.3302E-01  0.7855E+00
   -0.104995   22.02429  0.0000E+00  0.8548E-04  0.3020E-04  0.1831E-03  0.2609E-01  0.2563E+02
   -0.139994   22.03782  0.0000E+00  0.7191E-04  0.1800E-04  0.2109E-03  0.2201E-01  0.4782E+01
   -0.174993   22.04775  0.0000E+00  0.6201E-04  0.1092E-04  0.2525E-03  0.1884E-01  0.2266E+02
   -0.209993   22.05518  0.0000E+00  0.5470E-04  0.6655E-05  0.3091E-03  0.1631E-01  0.2142E+03
   -0.244993   22.06111  0.0000E+00  0.4920E-04  0.4092E-05  0.3659E-03  0.1418E-01  0.4537E+03
   -0.279993   22.06605  0.0000E+00  0.4500E-04  0.2607E-05  0.4218E-03  0.1226E-01  0.9119E+03
   -0.314993   22.07047  0.0000E+00  0.4149E-04  0.1734E-05  0.4832E-03  0.1038E-01  0.4933E+03
   -0.349993   22.07390  0.0000E+00  0.3866E-04  0.1215E-05  0.5337E-03  0.8929E-02  0.5113E+03
   -0.384994   22.07657  0.0000E+00  0.3633E-04  0.8795E-06  0.5681E-03  0.7683E-02  0.2458E+03
   -0.419994   22.07922  0.0000E+00  0.3443E-04  0.6568E-06  0.6037E-03  0.6561E-02  0.5004E+03
   -0.454995   22.08143  0.0000E+00  0.3287E-04  0.5163E-06  0.6277E-03  0.5517E-02  0.2508E+03
   -0.489996   22.08364  0.0000E+00  0.3155E-04  0.4258E-06  0.6550E-03  0.4524E-02  0.1224E+03
   -0.524997   22.08576  0.0000E+00  0.3027E-04  0.3600E-06  0.6838E-03  0.3607E-02  0.4334E+02
   -0.559999   22.08790  0.0000E+00  0.2901E-04  0.3058E-06  0.7291E-03  0.2876E-02 -0.1819E+01
   -0.595000   22.09014  0.0000E+00  0.2773E-04  0.2586E-06  0.8196E-03  0.2370E-02 -0.7751E+01
   -0.630001   22.09242  0.0000E+00  0.2663E-04  0.2230E-06  0.8405E-03  0.2096E-02  0.1458E+03
   -0.665002   22.09461  0.0000E+00  0.2561E-04  0.1940E-06  0.8586E-03  0.1827E-02 -0.3122E+02
   -0.700004   22.09674  0.0000E+00  0.2472E-04  0.1718E-06  0.8859E-03  0.1582E-02 -0.4622E+02
   -0.735005   22.09887  0.0000E+00  0.2397E-04  0.1563E-06  0.9329E-03  0.1358E-02  0.2804E+02
   -0.770006   22.10079  0.0000E+00  0.2331E-04  0.1453E-06  0.9664E-03  0.1179E-02  0.2111E+03
   -0.805008   22.10271  0.0000E+00  0.2266E-04  0.1373E-06  0.9466E-03  0.1026E-02  0.2231E+03
   -0.840009   22.10463  0.0000E+00  0.2201E-04  0.1318E-06  0.9729E-03  0.8784E-03 -0.2284E+02
   -0.875010   22.10651  0.0000E+00  0.2146E-04  0.1296E-06  0.1010E-02  0.7619E-03  0.4432E+02
   -0.910011   22.10834  0.0000E+00  0.2094E-04  0.1295E-06  0.9611E-03  0.6777E-03 -0.1197E+02
   -0.945012   22.11028  0.0000E+00  0.2039E-04  0.1317E-06  0.9179E-03  0.6004E-03  0.5452E+01
   -0.980013   22.11235  0.0000E+00  0.1979E-04  0.1367E-06  0.8855E-03  0.5244E-03 -0.2149E+03
   -1.015014   22.11454  0.0000E+00  0.1920E-04  0.1465E-06  0.8419E-03  0.4601E-03  0.2252E+02
   -1.050014   22.11707  0.0000E+00  0.1857E-04  0.1631E-06  0.8147E-03  0.4045E-03  0.1517E+03
   -1.085015   22.11992  0.0000E+00  0.1782E-04  0.1930E-06  0.7622E-03  0.3573E-03  0.1278E+04
   -1.120015   22.12423  0.0000E+00  0.1694E-04  0.2417E-06  0.7130E-03  0.3112E-03  0.7872E+04
   -1.155015   22.12860  0.0000E+00  0.1597E-04  0.3289E-06  0.6489E-03  0.2674E-03  0.1967E+04
   -1.190015   22.13638  0.0000E+00  0.1492E-04  0.4662E-06  0.5981E-03  0.2166E-03  0.8325E+06
   -1.225014   22.14325  0.0000E+00  0.1401E-04  0.6801E-06  0.4998E-03  0.1686E-03 -0.1827E+06
   -1.260013   22.15458  0.0000E+00  0.1280E-04  0.1459E-05  0.4450E-03  0.1269E-03  0.3796E+07
   -1.295012   22.20192  0.0000E+00  0.1169E-04  0.2474E-05  0.4200E-03  0.8883E-04  0.7781E+07
   -1.330011   22.17021  0.0000E+00  0.9882E-05  0.7746E-05  0.2310E-03  0.7763E-04 -0.1134E+09
   -1.365009   22.30920  0.0000E+00  0.7689E-05  0.1189E-04  0.2659E-03  0.4668E-04 -0.1032E+07
   -1.400008   22.26323  0.0000E+00  0.0000E+00  0.0000E+00  0.0000E+00  0.9706E-04  0.0000E+00
