 1 - depth, m
 2 - temperature, C
 3 - salinity, kg/kg
 4 - turbulent kinetic energy, m**2/s**2
 5 - dissipation rate, m**2/s**3
 6 - kinematic heat conductance, m**2/s
 7 - modulus of horizontal velocity, m/s
 8 - Richardson number, n/d
   -0.000000   11.32813  0.0000E+00  0.3871E-02  0.6128E-01  0.2169E-03  0.1118E+01 -0.7456E-02
   -0.034998   11.79432  0.0000E+00  0.2225E-02  0.3323E-01  0.6019E-03  0.3109E+00  0.5200E+00
   -0.069995   11.93711  0.0000E+00  0.1518E-02  0.1663E-01  0.7578E-03  0.1622E+00 -0.3246E+00
   -0.104994   12.01261  0.0000E+00  0.1207E-02  0.1297E-01  0.8867E-03  0.1162E+00  0.4579E+01
   -0.139992   12.04129  0.0000E+00  0.1011E-02  0.1025E-01  0.8949E-03  0.9406E-01  0.1658E+02
   -0.174991   12.06010  0.0000E+00  0.8808E-03  0.8455E-02  0.8955E-03  0.8109E-01  0.6154E+01
   -0.209990   12.07273  0.0000E+00  0.7828E-03  0.7179E-02  0.9091E-03  0.7242E-01  0.2063E+02
   -0.244989   12.08162  0.0000E+00  0.7051E-03  0.6261E-02  0.9249E-03  0.6605E-01  0.1071E+02
   -0.279989   12.08514  0.0000E+00  0.6392E-03  0.5327E-02  0.8629E-03  0.6034E-01  0.1277E+03
   -0.314988   12.09688  0.0000E+00  0.5739E-03  0.3255E-02  0.9100E-03  0.5113E-01  0.7355E+03
   -0.349988   12.10663  0.0000E+00  0.5208E-03  0.2660E-02  0.9350E-03  0.4572E-01  0.6184E+03
   -0.384988   12.11558  0.0000E+00  0.4725E-03  0.2221E-02  0.9649E-03  0.4137E-01  0.3179E+02
   -0.419989   12.11926  0.0000E+00  0.4380E-03  0.1869E-02  0.9697E-03  0.3895E-01  0.7832E+02
   -0.454989   12.12387  0.0000E+00  0.4087E-03  0.1544E-02  0.9631E-03  0.3600E-01  0.7244E+02
   -0.489989   12.13202  0.0000E+00  0.3817E-03  0.1250E-02  0.1015E-02  0.3178E-01  0.2610E+02
   -0.524990   12.13718  0.0000E+00  0.3576E-03  0.1059E-02  0.1135E-02  0.2833E-01 -0.9430E+01
   -0.559991   12.14301  0.0000E+00  0.3355E-03  0.8984E-03  0.1253E-02  0.2631E-01 -0.7903E+02
   -0.594992   12.15014  0.0000E+00  0.3120E-03  0.7382E-03  0.1283E-02  0.2510E-01  0.2572E+02
   -0.629992   12.15421  0.0000E+00  0.2899E-03  0.5962E-03  0.1409E-02  0.2529E-01 -0.7184E+02
   -0.664993   12.16232  0.0000E+00  0.2699E-03  0.4527E-03  0.1439E-02  0.2448E-01 -0.7897E+03
   -0.699994   12.16900  0.0000E+00  0.2522E-03  0.3795E-03  0.1481E-02  0.2337E-01  0.5294E+03
   -0.734995   12.17528  0.0000E+00  0.2361E-03  0.3204E-03  0.1537E-02  0.2215E-01 -0.2331E+02
   -0.769996   12.18220  0.0000E+00  0.2215E-03  0.2722E-03  0.1558E-02  0.2107E-01 -0.1701E+02
   -0.804997   12.18618  0.0000E+00  0.2083E-03  0.2315E-03  0.1548E-02  0.2003E-01 -0.5151E+03
   -0.839997   12.19548  0.0000E+00  0.1962E-03  0.1976E-03  0.1525E-02  0.1899E-01 -0.2289E+03
   -0.874998   12.20466  0.0000E+00  0.1846E-03  0.1714E-03  0.1517E-02  0.1772E-01 -0.9810E+01
   -0.909999   12.21217  0.0000E+00  0.1741E-03  0.1489E-03  0.1515E-02  0.1682E-01  0.4550E+03
   -0.944999   12.21902  0.0000E+00  0.1646E-03  0.1304E-03  0.1507E-02  0.1592E-01  0.1344E+05
   -0.980000   12.22596  0.0000E+00  0.1554E-03  0.1119E-03  0.1465E-02  0.1493E-01  0.7346E+03
   -1.015000   12.23429  0.0000E+00  0.1463E-03  0.9495E-04  0.1390E-02  0.1381E-01  0.1291E+02
   -1.050000   12.24603  0.0000E+00  0.1374E-03  0.8397E-04  0.1269E-02  0.1272E-01  0.2957E+04
   -1.085000   12.25625  0.0000E+00  0.1283E-03  0.7445E-04  0.1231E-02  0.1140E-01 -0.3319E+04
   -1.120000   12.27099  0.0000E+00  0.1194E-03  0.6248E-04  0.1145E-02  0.1051E-01 -0.3864E+06
   -1.154999   12.28823  0.0000E+00  0.1104E-03  0.5597E-04  0.1009E-02  0.9369E-02  0.2019E+06
   -1.189998   12.32006  0.0000E+00  0.1009E-03  0.5348E-04  0.9590E-03  0.7885E-02  0.3934E+05
   -1.224997   12.35018  0.0000E+00  0.9208E-04  0.5310E-04  0.8173E-03  0.6270E-02 -0.8616E+07
   -1.259996   12.39729  0.0000E+00  0.8321E-04  0.5884E-04  0.7160E-03  0.4986E-02 -0.5500E+08
   -1.294995   12.51477  0.0000E+00  0.7251E-04  0.8605E-04  0.6501E-03  0.3903E-02  0.1528E+08
   -1.329993   12.49792  0.0000E+00  0.6072E-04  0.1436E-03  0.4161E-03  0.3566E-02 -0.2714E+10
   -1.364991   12.87398  0.0000E+00  0.4557E-04  0.2113E-03  0.3900E-03  0.2575E-02 -0.5984E+06
   -1.399988   12.81930  0.0000E+00  0.0000E+00  0.0000E+00  0.0000E+00  0.4319E-02  0.0000E+00
