 1 - depth, m
 2 - temperature, C
 3 - salinity, kg/kg
 4 - turbulent kinetic energy, m**2/s**2
 5 - dissipation rate, m**2/s**3
 6 - kinematic heat conductance, m**2/s
 7 - modulus of horizontal velocity, m/s
 8 - Richardson number, n/d
   -0.000000   16.71163  0.0000E+00  0.2161E-03  0.2885E-03  0.6520E-04  0.1571E+00  0.2534E+01
   -0.034998   16.93494  0.0000E+00  0.1207E-03  0.1012E-03  0.9058E-04  0.5143E-01 -0.7948E-01
   -0.069996   17.01507  0.0000E+00  0.8315E-04  0.3061E-04  0.1326E-03  0.3114E-01  0.3515E+01
   -0.104995   17.04938  0.0000E+00  0.6689E-04  0.1622E-04  0.1612E-03  0.2412E-01  0.1664E+01
   -0.139994   17.06814  0.0000E+00  0.5674E-04  0.9524E-05  0.1945E-03  0.1988E-01  0.4545E+01
   -0.174993   17.08182  0.0000E+00  0.4961E-04  0.5737E-05  0.2469E-03  0.1672E-01  0.2804E+03
   -0.209992   17.09220  0.0000E+00  0.4448E-04  0.3460E-05  0.3170E-03  0.1430E-01  0.1666E+03
   -0.244992   17.10009  0.0000E+00  0.4077E-04  0.2220E-05  0.3848E-03  0.1234E-01  0.3782E+03
   -0.279992   17.10607  0.0000E+00  0.3801E-04  0.1499E-05  0.4489E-03  0.1063E-01  0.5165E+03
   -0.314992   17.11156  0.0000E+00  0.3574E-04  0.1040E-05  0.5117E-03  0.9025E-02  0.7215E+03
   -0.349992   17.11558  0.0000E+00  0.3393E-04  0.7582E-06  0.5636E-03  0.7742E-02  0.6013E+03
   -0.384992   17.11887  0.0000E+00  0.3253E-04  0.5798E-06  0.6071E-03  0.6638E-02  0.2389E+03
   -0.419993   17.12218  0.0000E+00  0.3149E-04  0.4643E-06  0.6602E-03  0.5654E-02  0.2262E+03
   -0.454994   17.12501  0.0000E+00  0.3072E-04  0.3857E-06  0.6892E-03  0.4775E-02  0.1313E+03
   -0.489995   17.12799  0.0000E+00  0.3014E-04  0.3304E-06  0.7484E-03  0.3895E-02  0.1323E+03
   -0.524996   17.13455  0.0000E+00  0.2960E-04  0.2875E-06  0.8266E-03  0.3038E-02  0.1734E+02
   -0.559997   17.13762  0.0000E+00  0.2920E-04  0.2569E-06  0.9023E-03  0.2415E-02 -0.6524E+01
   -0.594998   17.14056  0.0000E+00  0.2882E-04  0.2303E-06  0.1045E-02  0.2006E-02  0.1831E+02
   -0.629999   17.14391  0.0000E+00  0.2844E-04  0.2099E-06  0.8973E-03  0.1796E-02 -0.2803E+02
   -0.665000   17.14779  0.0000E+00  0.2804E-04  0.1920E-06  0.9538E-03  0.1532E-02  0.2617E+01
   -0.700001   17.15143  0.0000E+00  0.2765E-04  0.1803E-06  0.1069E-02  0.1292E-02  0.1733E+01
   -0.735003   17.15466  0.0000E+00  0.2738E-04  0.1746E-06  0.1333E-02  0.1111E-02  0.2244E+01
   -0.770004   17.15725  0.0000E+00  0.2716E-04  0.1722E-06  0.1311E-02  0.1026E-02  0.2056E+03
   -0.805005   17.15991  0.0000E+00  0.2688E-04  0.1718E-06  0.1106E-02  0.9566E-03  0.2884E+01
   -0.840006   17.16319  0.0000E+00  0.2648E-04  0.1741E-06  0.1145E-02  0.8413E-03  0.4127E+01
   -0.875007   17.16632  0.0000E+00  0.2609E-04  0.1797E-06  0.1124E-02  0.7535E-03  0.1861E+02
   -0.910008   17.16974  0.0000E+00  0.2564E-04  0.1892E-06  0.1028E-02  0.6898E-03  0.2927E+02
   -0.945009   17.17345  0.0000E+00  0.2504E-04  0.2050E-06  0.9906E-03  0.6105E-03  0.1828E+04
   -0.980010   17.17773  0.0000E+00  0.2441E-04  0.2273E-06  0.9814E-03  0.5400E-03  0.5619E+01
   -1.015010   17.18232  0.0000E+00  0.2369E-04  0.2621E-06  0.9285E-03  0.4796E-03  0.1439E+04
   -1.050011   17.18778  0.0000E+00  0.2287E-04  0.3209E-06  0.8824E-03  0.4254E-03  0.1000E+05
   -1.085011   17.19553  0.0000E+00  0.2192E-04  0.4199E-06  0.8348E-03  0.3725E-03  0.4218E+03
   -1.120011   17.20602  0.0000E+00  0.2084E-04  0.5690E-06  0.7908E-03  0.3230E-03  0.1473E+05
   -1.155011   17.21557  0.0000E+00  0.1972E-04  0.8923E-06  0.6815E-03  0.2769E-03  0.5804E+05
   -1.190011   17.23691  0.0000E+00  0.1859E-04  0.1228E-05  0.6863E-03  0.2212E-03  0.3699E+06
   -1.225010   17.24464  0.0000E+00  0.1763E-04  0.1827E-05  0.5927E-03  0.1745E-03 -0.1308E+06
   -1.260009   17.28987  0.0000E+00  0.1641E-04  0.4339E-05  0.5452E-03  0.1260E-03 -0.4371E+08
   -1.295008   17.39431  0.0000E+00  0.1530E-04  0.6536E-05  0.4862E-03  0.9026E-04  0.1206E+08
   -1.330007   17.31203  0.0000E+00  0.1327E-04  0.2025E-04  0.2879E-03  0.7985E-04 -0.5787E+09
   -1.365005   17.68703  0.0000E+00  0.1062E-04  0.2846E-04  0.3806E-03  0.4698E-04 -0.6908E+05
   -1.400003   17.49619  0.0000E+00  0.0000E+00  0.0000E+00  0.0000E+00  0.1066E-03  0.0000E+00
