 1 - depth, m
 2 - temperature, C
 3 - salinity, kg/kg
 4 - turbulent kinetic energy, m**2/s**2
 5 - dissipation rate, m**2/s**3
 6 - kinematic heat conductance, m**2/s
 7 - modulus of horizontal velocity, m/s
 8 - Richardson number, n/d
   -0.000000    7.10702  0.0000E+00  0.1535E-02  0.1500E-01  0.1380E-03  0.6199E+00 -0.1307E-01
   -0.034998    7.49170  0.0000E+00  0.8257E-03  0.9567E-02  0.2748E-03  0.1872E+00  0.2270E-01
   -0.069996    7.63426  0.0000E+00  0.5321E-03  0.2484E-02  0.3741E-03  0.1028E+00  0.1223E+00
   -0.104994    7.68984  0.0000E+00  0.4255E-03  0.1601E-02  0.4068E-03  0.7491E-01  0.1322E+00
   -0.139993    7.71489  0.0000E+00  0.3549E-03  0.1108E-02  0.4330E-03  0.5920E-01 -0.1578E+00
   -0.174992    7.73354  0.0000E+00  0.3019E-03  0.7715E-03  0.4370E-03  0.4924E-01  0.5016E-01
   -0.209992    7.74450  0.0000E+00  0.2631E-03  0.5355E-03  0.4486E-03  0.4305E-01  0.8726E-01
   -0.244991    7.75313  0.0000E+00  0.2332E-03  0.3680E-03  0.4489E-03  0.3804E-01  0.5672E+00
   -0.279991    7.76138  0.0000E+00  0.2091E-03  0.2502E-03  0.4455E-03  0.3371E-01  0.7944E+00
   -0.314991    7.77123  0.0000E+00  0.1863E-03  0.1691E-03  0.4753E-03  0.2785E-01  0.2091E+01
   -0.349991    7.77927  0.0000E+00  0.1688E-03  0.1138E-03  0.4942E-03  0.2478E-01  0.9130E+00
   -0.384991    7.78580  0.0000E+00  0.1544E-03  0.7636E-04  0.5097E-03  0.2237E-01  0.4799E+02
   -0.419992    7.79251  0.0000E+00  0.1428E-03  0.5153E-04  0.5202E-03  0.2041E-01  0.1194E+03
   -0.454993    7.80008  0.0000E+00  0.1326E-03  0.3546E-04  0.5450E-03  0.1808E-01  0.3607E+02
   -0.489993    7.80697  0.0000E+00  0.1241E-03  0.2542E-04  0.6092E-03  0.1592E-01  0.5982E+03
   -0.524994    7.81375  0.0000E+00  0.1163E-03  0.1862E-04  0.7101E-03  0.1397E-01 -0.6406E+03
   -0.559995    7.82108  0.0000E+00  0.1089E-03  0.1402E-04  0.8441E-03  0.1262E-01  0.1168E+04
   -0.594996    7.82903  0.0000E+00  0.1006E-03  0.9915E-05  0.9835E-03  0.1168E-01  0.2941E+03
   -0.629997    7.83802  0.0000E+00  0.9286E-04  0.6837E-05  0.1035E-02  0.1128E-01 -0.2172E+03
   -0.664998    7.84637  0.0000E+00  0.8600E-04  0.4930E-05  0.1064E-02  0.1057E-01  0.3413E+03
   -0.700000    7.85338  0.0000E+00  0.8002E-04  0.3559E-05  0.1079E-02  0.9807E-02  0.1955E+04
   -0.735001    7.86342  0.0000E+00  0.7480E-04  0.2617E-05  0.1097E-02  0.9046E-02  0.2011E+04
   -0.770002    7.86919  0.0000E+00  0.7013E-04  0.1990E-05  0.1095E-02  0.8355E-02  0.2479E+04
   -0.805003    7.87872  0.0000E+00  0.6581E-04  0.1550E-05  0.1098E-02  0.7673E-02  0.1511E+04
   -0.840004    7.88530  0.0000E+00  0.6182E-04  0.1248E-05  0.1091E-02  0.7026E-02  0.7168E+03
   -0.875005    7.89516  0.0000E+00  0.5814E-04  0.1034E-05  0.1136E-02  0.6363E-02 -0.6338E+03
   -0.910006    7.90170  0.0000E+00  0.5477E-04  0.8843E-06  0.1100E-02  0.5814E-02 -0.1528E+03
   -0.945006    7.91386  0.0000E+00  0.5146E-04  0.7766E-06  0.1032E-02  0.5220E-02  0.5586E+02
   -0.980007    7.92158  0.0000E+00  0.4829E-04  0.7008E-06  0.1031E-02  0.4652E-02  0.5027E+02
   -1.015008    7.93072  0.0000E+00  0.4532E-04  0.6536E-06  0.9605E-03  0.4134E-02  0.3047E+04
   -1.050008    7.94009  0.0000E+00  0.4235E-04  0.6398E-06  0.9002E-03  0.3656E-02 -0.6070E+03
   -1.085008    7.95090  0.0000E+00  0.3933E-04  0.6684E-06  0.8278E-03  0.3197E-02  0.6563E+05
   -1.120008    7.96461  0.0000E+00  0.3639E-04  0.7637E-06  0.7734E-03  0.2804E-02  0.5786E+04
   -1.155008    7.98162  0.0000E+00  0.3345E-04  0.9753E-06  0.7051E-03  0.2406E-02  0.1941E+04
   -1.190007    8.00396  0.0000E+00  0.3058E-04  0.1367E-05  0.6335E-03  0.2012E-02  0.4505E+04
   -1.225007    8.03597  0.0000E+00  0.2785E-04  0.2156E-05  0.5750E-03  0.1584E-02  0.1738E+06
   -1.260006    8.06191  0.0000E+00  0.2494E-04  0.4128E-05  0.4525E-03  0.1223E-02 -0.2650E+08
   -1.295005    8.26642  0.0000E+00  0.2159E-04  0.8971E-05  0.4354E-03  0.8864E-03  0.2217E+07
   -1.330003    8.16309  0.0000E+00  0.1796E-04  0.2265E-04  0.2704E-03  0.7645E-03 -0.3386E+08
   -1.365001    8.74670  0.0000E+00  0.1340E-04  0.3395E-04  0.2862E-03  0.5041E-03  0.2190E+06
   -1.399999    8.55507  0.0000E+00  0.0000E+00  0.0000E+00  0.0000E+00  0.9120E-03  0.0000E+00
