 1 - depth, m
 2 - temperature, C
 3 - salinity, kg/kg
 4 - turbulent kinetic energy, m**2/s**2
 5 - dissipation rate, m**2/s**3
 6 - kinematic heat conductance, m**2/s
 7 - modulus of horizontal velocity, m/s
 8 - Richardson number, n/d
   -0.000000   13.62243  0.0000E+00  0.1607E-02  0.1469E-01  0.1650E-03  0.6796E+00 -0.6706E-03
   -0.034998   13.99496  0.0000E+00  0.9247E-03  0.9128E-02  0.3077E-03  0.2009E+00  0.6808E+00
   -0.069995   14.14182  0.0000E+00  0.5768E-03  0.1852E-02  0.4134E-03  0.1093E+00  0.2794E+00
   -0.104994   14.20254  0.0000E+00  0.4626E-03  0.1159E-02  0.4679E-03  0.7797E-01 -0.4895E+03
   -0.139992   14.23267  0.0000E+00  0.3902E-03  0.8025E-03  0.4834E-03  0.6104E-01  0.2040E+02
   -0.174991   14.24606  0.0000E+00  0.3343E-03  0.5557E-03  0.4938E-03  0.5113E-01  0.1345E+02
   -0.209990   14.25588  0.0000E+00  0.2932E-03  0.3968E-03  0.5022E-03  0.4447E-01  0.2303E+00
   -0.244989   14.26321  0.0000E+00  0.2614E-03  0.2866E-03  0.5158E-03  0.3967E-01  0.3958E+01
   -0.279989   14.26928  0.0000E+00  0.2355E-03  0.2039E-03  0.5210E-03  0.3547E-01  0.2033E+01
   -0.314989   14.27848  0.0000E+00  0.2122E-03  0.1460E-03  0.5613E-03  0.3017E-01 -0.2334E+01
   -0.349989   14.28414  0.0000E+00  0.1940E-03  0.1064E-03  0.5956E-03  0.2705E-01  0.7327E+01
   -0.384989   14.28894  0.0000E+00  0.1786E-03  0.7777E-04  0.6286E-03  0.2450E-01 -0.4528E+01
   -0.419989   14.29306  0.0000E+00  0.1658E-03  0.5751E-04  0.6789E-03  0.2253E-01  0.1605E+02
   -0.454989   14.29754  0.0000E+00  0.1552E-03  0.4306E-04  0.7466E-03  0.2045E-01  0.4243E+03
   -0.489990   14.30204  0.0000E+00  0.1464E-03  0.3290E-04  0.8668E-03  0.1822E-01  0.6236E+03
   -0.524991   14.30699  0.0000E+00  0.1383E-03  0.2549E-04  0.1026E-02  0.1613E-01  0.3415E+04
   -0.559991   14.31116  0.0000E+00  0.1299E-03  0.1953E-04  0.1186E-02  0.1464E-01 -0.7318E+04
   -0.594992   14.31645  0.0000E+00  0.1201E-03  0.1402E-04  0.1274E-02  0.1348E-01  0.2212E+03
   -0.629993   14.32028  0.0000E+00  0.1111E-03  0.1009E-04  0.1322E-02  0.1302E-01  0.1339E+04
   -0.664994   14.32453  0.0000E+00  0.1033E-03  0.7251E-05  0.1320E-02  0.1222E-01  0.7940E+03
   -0.699995   14.33041  0.0000E+00  0.9628E-04  0.5130E-05  0.1340E-02  0.1126E-01  0.1630E+04
   -0.734996   14.33527  0.0000E+00  0.9035E-04  0.3705E-05  0.1348E-02  0.1039E-01  0.5468E+04
   -0.769996   14.34043  0.0000E+00  0.8516E-04  0.2718E-05  0.1370E-02  0.9564E-02  0.9132E+04
   -0.804997   14.34630  0.0000E+00  0.8024E-04  0.2000E-05  0.1352E-02  0.8762E-02 -0.1836E+03
   -0.839998   14.35278  0.0000E+00  0.7571E-04  0.1543E-05  0.1379E-02  0.7973E-02  0.2870E+04
   -0.874999   14.35827  0.0000E+00  0.7161E-04  0.1264E-05  0.1347E-02  0.7277E-02  0.3293E+04
   -0.909999   14.36464  0.0000E+00  0.6779E-04  0.1078E-05  0.1343E-02  0.6633E-02  0.3605E+02
   -0.945000   14.37031  0.0000E+00  0.6413E-04  0.9538E-06  0.1301E-02  0.6035E-02  0.5015E+03
   -0.980000   14.37660  0.0000E+00  0.6057E-04  0.8672E-06  0.1212E-02  0.5376E-02  0.1069E+03
   -1.015001   14.38295  0.0000E+00  0.5699E-04  0.8156E-06  0.1154E-02  0.4770E-02  0.2757E+03
   -1.050001   14.38925  0.0000E+00  0.5337E-04  0.8022E-06  0.1050E-02  0.4211E-02  0.1592E+04
   -1.085001   14.39671  0.0000E+00  0.4968E-04  0.8598E-06  0.9911E-03  0.3674E-02  0.3243E+02
   -1.120001   14.40501  0.0000E+00  0.4600E-04  0.9893E-06  0.8890E-03  0.3207E-02  0.4639E+04
   -1.155000   14.41546  0.0000E+00  0.4232E-04  0.1273E-05  0.8203E-03  0.2756E-02  0.1904E+06
   -1.189999   14.42969  0.0000E+00  0.3866E-04  0.1907E-05  0.7298E-03  0.2282E-02  0.1008E+07
   -1.224998   14.44986  0.0000E+00  0.3525E-04  0.3384E-05  0.6688E-03  0.1810E-02  0.2074E+05
   -1.259997   14.47011  0.0000E+00  0.3168E-04  0.7368E-05  0.5382E-03  0.1360E-02 -0.4067E+08
   -1.294996   14.59395  0.0000E+00  0.2764E-04  0.1219E-04  0.5466E-03  0.9560E-03  0.3859E+07
   -1.329994   14.52715  0.0000E+00  0.2308E-04  0.2638E-04  0.3485E-03  0.8228E-03 -0.9631E+08
   -1.364992   14.89323  0.0000E+00  0.1761E-04  0.4161E-04  0.3446E-03  0.5421E-03  0.6045E+07
   -1.399989   14.76176  0.0000E+00  0.0000E+00  0.0000E+00  0.0000E+00  0.9665E-03  0.0000E+00
