 1 - depth, m
 2 - temperature, C
 3 - salinity, kg/kg
 4 - turbulent kinetic energy, m**2/s**2
 5 - dissipation rate, m**2/s**3
 6 - kinematic heat conductance, m**2/s
 7 - modulus of horizontal velocity, m/s
 8 - Richardson number, n/d
   -0.000000   13.09291  0.0000E+00  0.1810E-02  0.2024E-01  0.1365E-03  0.7150E+00 -0.2071E+00
   -0.034998   13.50787  0.0000E+00  0.9968E-03  0.1457E-01  0.3390E-03  0.2100E+00 -0.7005E+00
   -0.069996   13.66755  0.0000E+00  0.6261E-03  0.1998E-02  0.4353E-03  0.1143E+00  0.2074E+00
   -0.104994   13.74369  0.0000E+00  0.4932E-03  0.8986E-03  0.5000E-03  0.7954E-01  0.3459E+01
   -0.139992   13.77525  0.0000E+00  0.4114E-03  0.5418E-03  0.4785E-03  0.6240E-01  0.1118E+02
   -0.174991   13.79437  0.0000E+00  0.3457E-03  0.3399E-03  0.4846E-03  0.5140E-01  0.6136E+01
   -0.209990   13.80511  0.0000E+00  0.3006E-03  0.2352E-03  0.4953E-03  0.4477E-01  0.3566E+01
   -0.244989   13.81432  0.0000E+00  0.2654E-03  0.1600E-03  0.4994E-03  0.3964E-01  0.2882E+00
   -0.279989   13.82295  0.0000E+00  0.2367E-03  0.1098E-03  0.5039E-03  0.3484E-01  0.8895E+00
   -0.314989   13.83265  0.0000E+00  0.2120E-03  0.7650E-04  0.5528E-03  0.2949E-01  0.2526E+02
   -0.349989   13.83898  0.0000E+00  0.1923E-03  0.5391E-04  0.5786E-03  0.2611E-01  0.4673E+01
   -0.384989   13.84442  0.0000E+00  0.1762E-03  0.3794E-04  0.6169E-03  0.2362E-01 -0.3088E+02
   -0.419989   13.84881  0.0000E+00  0.1629E-03  0.2689E-04  0.6628E-03  0.2163E-01  0.2029E+02
   -0.454990   13.85426  0.0000E+00  0.1518E-03  0.1961E-04  0.7125E-03  0.1955E-01  0.5090E+03
   -0.489990   13.85921  0.0000E+00  0.1427E-03  0.1503E-04  0.8275E-03  0.1735E-01  0.3577E+03
   -0.524991   13.86422  0.0000E+00  0.1343E-03  0.1161E-04  0.9693E-03  0.1531E-01 -0.3720E+05
   -0.559991   13.86907  0.0000E+00  0.1257E-03  0.8729E-05  0.1104E-02  0.1383E-01  0.1086E+04
   -0.594992   13.87427  0.0000E+00  0.1159E-03  0.6514E-05  0.1194E-02  0.1271E-01  0.1698E+03
   -0.629993   13.87884  0.0000E+00  0.1068E-03  0.4894E-05  0.1235E-02  0.1220E-01  0.3783E+04
   -0.664994   13.88431  0.0000E+00  0.9897E-04  0.3620E-05  0.1235E-02  0.1143E-01  0.6320E+04
   -0.699995   13.88997  0.0000E+00  0.9197E-04  0.2752E-05  0.1251E-02  0.1050E-01  0.6496E+03
   -0.734996   13.89568  0.0000E+00  0.8602E-04  0.2195E-05  0.1283E-02  0.9668E-02 -0.1681E+05
   -0.769997   13.90048  0.0000E+00  0.8073E-04  0.1806E-05  0.1274E-02  0.8918E-02 -0.1683E+03
   -0.804998   13.90677  0.0000E+00  0.7588E-04  0.1500E-05  0.1299E-02  0.8130E-02  0.7516E+03
   -0.839998   13.91360  0.0000E+00  0.7150E-04  0.1273E-05  0.1282E-02  0.7369E-02  0.6506E+04
   -0.874999   13.92083  0.0000E+00  0.6751E-04  0.1098E-05  0.1291E-02  0.6657E-02  0.7919E+02
   -0.910000   13.92619  0.0000E+00  0.6382E-04  0.9738E-06  0.1236E-02  0.6096E-02  0.2847E+02
   -0.945000   13.93267  0.0000E+00  0.6017E-04  0.8747E-06  0.1191E-02  0.5495E-02  0.3589E+02
   -0.980001   13.93890  0.0000E+00  0.5666E-04  0.8027E-06  0.1133E-02  0.4894E-02  0.7210E+02
   -1.015001   13.94529  0.0000E+00  0.5332E-04  0.7572E-06  0.1099E-02  0.4339E-02  0.2966E+03
   -1.050001   13.95185  0.0000E+00  0.5000E-04  0.7406E-06  0.1025E-02  0.3844E-02 -0.3681E+03
   -1.085001   13.95948  0.0000E+00  0.4654E-04  0.7756E-06  0.9360E-03  0.3376E-02  0.8243E+02
   -1.120001   13.96934  0.0000E+00  0.4298E-04  0.9079E-06  0.8581E-03  0.2919E-02  0.3100E+05
   -1.155000   13.98068  0.0000E+00  0.3945E-04  0.1166E-05  0.7776E-03  0.2497E-02 -0.2748E+04
   -1.190000   13.99626  0.0000E+00  0.3599E-04  0.1695E-05  0.6923E-03  0.2064E-02  0.8728E+04
   -1.224999   14.01847  0.0000E+00  0.3280E-04  0.2620E-05  0.6256E-03  0.1593E-02  0.2215E+05
   -1.259998   14.03941  0.0000E+00  0.2940E-04  0.5066E-05  0.5081E-03  0.1198E-02 -0.5099E+07
   -1.294996   14.17470  0.0000E+00  0.2551E-04  0.1056E-04  0.4947E-03  0.8415E-03  0.1670E+07
   -1.329994   14.11080  0.0000E+00  0.2125E-04  0.2739E-04  0.3127E-03  0.7189E-03 -0.6583E+11
   -1.364992   14.50789  0.0000E+00  0.1626E-04  0.4140E-04  0.3570E-03  0.4691E-03 -0.8764E+07
   -1.399990   14.35119  0.0000E+00  0.0000E+00  0.0000E+00  0.0000E+00  0.9033E-03  0.0000E+00
