 1 - depth, m
 2 - temperature, C
 3 - salinity, kg/kg
 4 - turbulent kinetic energy, m**2/s**2
 5 - dissipation rate, m**2/s**3
 6 - kinematic heat conductance, m**2/s
 7 - modulus of horizontal velocity, m/s
 8 - Richardson number, n/d
   -0.000000   16.42987  0.0000E+00  0.4967E-03  0.1623E-02  0.8063E-04  0.2595E+00 -0.2682E-01
   -0.034998   16.70179  0.0000E+00  0.2510E-03  0.6102E-03  0.1154E-03  0.8154E-01  0.4600E+01
   -0.069996   16.79624  0.0000E+00  0.1606E-03  0.1791E-03  0.1863E-03  0.4641E-01 -0.6265E-01
   -0.104994   16.83788  0.0000E+00  0.1261E-03  0.1028E-03  0.2133E-03  0.3498E-01  0.5133E+02
   -0.139993   16.85918  0.0000E+00  0.1049E-03  0.6522E-04  0.2422E-03  0.2811E-01  0.2860E+02
   -0.174992   16.87363  0.0000E+00  0.8956E-04  0.4170E-04  0.2694E-03  0.2332E-01  0.1132E+03
   -0.209991   16.88439  0.0000E+00  0.7780E-04  0.2587E-04  0.3163E-03  0.1981E-01  0.6426E+02
   -0.244991   16.89267  0.0000E+00  0.6912E-04  0.1606E-04  0.3576E-03  0.1708E-01  0.9798E+02
   -0.279991   16.90010  0.0000E+00  0.6250E-04  0.9804E-05  0.4165E-03  0.1473E-01  0.3006E+03
   -0.314991   16.90891  0.0000E+00  0.5709E-04  0.5955E-05  0.5039E-03  0.1234E-01  0.1293E+04
   -0.349991   16.91378  0.0000E+00  0.5289E-04  0.3867E-05  0.5767E-03  0.1072E-01  0.5648E+03
   -0.384991   16.91799  0.0000E+00  0.4957E-04  0.2583E-05  0.6298E-03  0.9363E-02  0.2581E+03
   -0.419991   16.92156  0.0000E+00  0.4699E-04  0.1772E-05  0.6769E-03  0.8179E-02  0.2124E+03
   -0.454992   16.92512  0.0000E+00  0.4495E-04  0.1262E-05  0.7296E-03  0.7049E-02  0.5558E+05
   -0.489993   16.92862  0.0000E+00  0.4329E-04  0.9582E-06  0.7648E-03  0.5938E-02  0.2340E+03
   -0.524994   16.93193  0.0000E+00  0.4169E-04  0.7560E-06  0.8100E-03  0.4880E-02 -0.3503E+01
   -0.559995   16.93555  0.0000E+00  0.4008E-04  0.6153E-06  0.8699E-03  0.4037E-02  0.1057E+04
   -0.594996   16.93897  0.0000E+00  0.3827E-04  0.5041E-06  0.9378E-03  0.3423E-02  0.8112E+02
   -0.629997   16.94307  0.0000E+00  0.3667E-04  0.4259E-06  0.1009E-02  0.3063E-02  0.2373E+03
   -0.664998   16.94679  0.0000E+00  0.3532E-04  0.3670E-06  0.1020E-02  0.2738E-02 -0.2763E+04
   -0.699999   16.95070  0.0000E+00  0.3411E-04  0.3219E-06  0.1157E-02  0.2411E-02  0.3013E+03
   -0.735000   16.95402  0.0000E+00  0.3300E-04  0.2869E-06  0.1123E-02  0.2134E-02  0.3275E+03
   -0.770001   16.95781  0.0000E+00  0.3197E-04  0.2600E-06  0.1134E-02  0.1872E-02 -0.1341E+03
   -0.805002   16.96127  0.0000E+00  0.3105E-04  0.2413E-06  0.1171E-02  0.1630E-02  0.3518E+04
   -0.840003   16.96479  0.0000E+00  0.3020E-04  0.2292E-06  0.1100E-02  0.1438E-02  0.6641E+01
   -0.875004   16.96840  0.0000E+00  0.2941E-04  0.2224E-06  0.1120E-02  0.1257E-02  0.2583E+02
   -0.910005   16.97199  0.0000E+00  0.2866E-04  0.2209E-06  0.1068E-02  0.1122E-02 -0.6581E+02
   -0.945006   16.97590  0.0000E+00  0.2784E-04  0.2249E-06  0.9937E-03  0.9997E-03  0.3179E+02
   -0.980006   16.98020  0.0000E+00  0.2689E-04  0.2366E-06  0.9409E-03  0.8631E-03  0.2373E+02
   -1.015007   16.98516  0.0000E+00  0.2594E-04  0.2588E-06  0.9055E-03  0.7459E-03  0.8430E+02
   -1.050007   16.99029  0.0000E+00  0.2491E-04  0.3002E-06  0.8452E-03  0.6414E-03 -0.4633E+03
   -1.085007   16.99782  0.0000E+00  0.2380E-04  0.3661E-06  0.8197E-03  0.5503E-03 -0.2930E+04
   -1.120007   17.00656  0.0000E+00  0.2258E-04  0.4732E-06  0.7660E-03  0.4738E-03  0.4970E+04
   -1.155007   17.01711  0.0000E+00  0.2129E-04  0.6763E-06  0.7247E-03  0.4016E-03  0.2640E+05
   -1.190006   17.03426  0.0000E+00  0.1997E-04  0.1047E-05  0.6434E-03  0.3216E-03  0.1312E+05
   -1.225006   17.05087  0.0000E+00  0.1884E-04  0.1665E-05  0.5786E-03  0.2432E-03  0.5028E+06
   -1.260005   17.07953  0.0000E+00  0.1746E-04  0.3596E-05  0.5332E-03  0.1813E-03 -0.2663E+08
   -1.295003   17.19626  0.0000E+00  0.1614E-04  0.5890E-05  0.4946E-03  0.1294E-03  0.2467E+07
   -1.330002   17.12131  0.0000E+00  0.1390E-04  0.1839E-04  0.2893E-03  0.1107E-03 -0.2269E+09
   -1.365000   17.48044  0.0000E+00  0.1112E-04  0.2627E-04  0.3484E-03  0.6647E-04  0.4097E+07
   -1.399998   17.30756  0.0000E+00  0.0000E+00  0.0000E+00  0.0000E+00  0.1466E-03  0.0000E+00
