 1 - depth, m
 2 - temperature, C
 3 - salinity, kg/kg
 4 - turbulent kinetic energy, m**2/s**2
 5 - dissipation rate, m**2/s**3
 6 - kinematic heat conductance, m**2/s
 7 - modulus of horizontal velocity, m/s
 8 - Richardson number, n/d
   -0.000000   19.64710  0.0000E+00  0.4347E-04  0.8118E-05  0.3060E-04  0.4497E-01 -0.8090E+00
   -0.034998   19.74362  0.0000E+00  0.2931E-04  0.2380E-05  0.5657E-04  0.1904E-01 -0.6827E-01
   -0.069996   19.76787  0.0000E+00  0.2438E-04  0.1129E-05  0.9236E-04  0.1384E-01  0.3398E+01
   -0.104994   19.78194  0.0000E+00  0.2190E-04  0.6556E-06  0.1729E-03  0.1109E-01  0.8187E+02
   -0.139993   19.79081  0.0000E+00  0.2057E-04  0.4369E-06  0.2964E-03  0.9288E-02  0.7763E+03
   -0.174992   19.79618  0.0000E+00  0.1991E-04  0.3218E-06  0.3599E-03  0.7980E-02  0.4914E+03
   -0.209991   19.80007  0.0000E+00  0.1965E-04  0.2532E-06  0.4050E-03  0.6866E-02  0.2704E+03
   -0.244990   19.80326  0.0000E+00  0.1962E-04  0.2080E-06  0.4438E-03  0.5872E-02  0.7362E+03
   -0.279990   19.80605  0.0000E+00  0.1967E-04  0.1748E-06  0.4840E-03  0.4961E-02  0.2688E+03
   -0.314990   19.80857  0.0000E+00  0.1967E-04  0.1497E-06  0.6237E-03  0.4077E-02  0.1768E+03
   -0.349990   19.81064  0.0000E+00  0.1963E-04  0.1353E-06  0.8841E-03  0.3376E-02  0.3015E+01
   -0.384990   19.81206  0.0000E+00  0.1974E-04  0.1268E-06  0.8492E-03  0.3066E-02  0.2538E+01
   -0.419990   19.81367  0.0000E+00  0.2003E-04  0.1183E-06  0.6327E-03  0.2688E-02  0.2717E+01
   -0.454991   19.81572  0.0000E+00  0.2045E-04  0.1098E-06  0.7242E-03  0.2113E-02  0.2822E+01
   -0.489991   19.81752  0.0000E+00  0.2090E-04  0.1045E-06  0.7924E-03  0.1638E-02  0.2329E+01
   -0.524992   19.81919  0.0000E+00  0.2143E-04  0.1014E-06  0.8793E-03  0.1206E-02  0.1745E+01
   -0.559993   19.82087  0.0000E+00  0.2179E-04  0.1009E-06  0.1297E-02  0.8729E-03  0.1062E+01
   -0.594994   19.82213  0.0000E+00  0.2197E-04  0.1012E-06  0.1488E-02  0.7739E-03  0.3136E+01
   -0.629995   19.82362  0.0000E+00  0.2213E-04  0.1019E-06  0.1064E-02  0.7446E-03  0.1474E+01
   -0.664996   19.82577  0.0000E+00  0.2237E-04  0.1042E-06  0.1206E-02  0.6462E-03  0.1409E+01
   -0.699997   19.82767  0.0000E+00  0.2252E-04  0.1068E-06  0.1259E-02  0.5705E-03  0.1337E+01
   -0.734998   19.82949  0.0000E+00  0.2257E-04  0.1100E-06  0.1289E-02  0.5075E-03  0.1281E+01
   -0.769999   19.83132  0.0000E+00  0.2256E-04  0.1138E-06  0.1289E-02  0.4557E-03  0.1240E+01
   -0.805000   19.83318  0.0000E+00  0.2249E-04  0.1181E-06  0.1263E-02  0.4132E-03  0.1231E+01
   -0.840001   19.83514  0.0000E+00  0.2237E-04  0.1234E-06  0.1226E-02  0.3777E-03  0.1308E+01
   -0.875001   19.83722  0.0000E+00  0.2218E-04  0.1301E-06  0.1180E-02  0.3472E-03  0.1323E+01
   -0.910002   19.83947  0.0000E+00  0.2194E-04  0.1388E-06  0.1140E-02  0.3206E-03 -0.2023E+02
   -0.945003   19.84193  0.0000E+00  0.2162E-04  0.1506E-06  0.1094E-02  0.2966E-03  0.3695E+02
   -0.980003   19.84468  0.0000E+00  0.2122E-04  0.1669E-06  0.1058E-02  0.2737E-03  0.6915E+02
   -1.015004   19.84787  0.0000E+00  0.2072E-04  0.1893E-06  0.1009E-02  0.2512E-03  0.1499E+04
   -1.050004   19.85169  0.0000E+00  0.2011E-04  0.2223E-06  0.9435E-03  0.2274E-03  0.2438E+05
   -1.085004   19.85604  0.0000E+00  0.1940E-04  0.2879E-06  0.8889E-03  0.2035E-03 -0.1150E+04
   -1.120004   19.86357  0.0000E+00  0.1855E-04  0.3606E-06  0.7981E-03  0.1782E-03  0.1551E+05
   -1.155003   19.86831  0.0000E+00  0.1764E-04  0.4930E-06  0.7463E-03  0.1551E-03  0.2596E+06
   -1.190003   19.88208  0.0000E+00  0.1666E-04  0.7098E-06  0.6861E-03  0.1264E-03  0.5618E+06
   -1.225002   19.88956  0.0000E+00  0.1578E-04  0.1024E-05  0.5729E-03  0.9990E-04  0.4095E+06
   -1.260001   19.91499  0.0000E+00  0.1464E-04  0.2350E-05  0.5352E-03  0.7475E-04  0.5788E+08
   -1.295000   19.98276  0.0000E+00  0.1351E-04  0.3725E-05  0.4992E-03  0.5353E-04  0.6464E+07
   -1.329998   19.93702  0.0000E+00  0.1148E-04  0.1153E-04  0.2787E-03  0.4667E-04 -0.1720E+09
   -1.364996   20.17350  0.0000E+00  0.9159E-05  0.1700E-04  0.3216E-03  0.2824E-04 -0.1732E+06
   -1.399994   20.08157  0.0000E+00  0.0000E+00  0.0000E+00  0.0000E+00  0.5827E-04  0.0000E+00
