 1 - depth, m
 2 - temperature, C
 3 - salinity, kg/kg
 4 - turbulent kinetic energy, m**2/s**2
 5 - dissipation rate, m**2/s**3
 6 - kinematic heat conductance, m**2/s
 7 - modulus of horizontal velocity, m/s
 8 - Richardson number, n/d
   -0.000000    0.00152  0.0000E+00  0.8581E-03  0.1716E-02  0.1040E-03  0.4646E+00  0.3907E-01
   -0.034993    0.11202  0.0000E+00  0.6168E-03  0.7277E-03  0.2772E-03  0.1579E+00  0.2609E+00
   -0.069986    0.18081  0.0000E+00  0.4716E-03  0.3103E-03  0.3896E-03  0.9468E-01  0.1805E+01
   -0.104979    0.21272  0.0000E+00  0.3979E-03  0.1886E-03  0.4286E-03  0.7437E-01  0.7816E+00
   -0.139973    0.23200  0.0000E+00  0.3520E-03  0.1208E-03  0.4605E-03  0.6436E-01  0.2698E+00
   -0.174967    0.24612  0.0000E+00  0.3188E-03  0.8081E-04  0.4878E-03  0.5730E-01  0.3026E-01
   -0.209961    0.25733  0.0000E+00  0.2931E-03  0.5533E-04  0.5104E-03  0.5192E-01 -0.4383E-01
   -0.244955    0.26675  0.0000E+00  0.2718E-03  0.3865E-04  0.5286E-03  0.4736E-01  0.9662E-02
   -0.279950    0.27535  0.0000E+00  0.2534E-03  0.2761E-04  0.5372E-03  0.4322E-01  0.4693E-01
   -0.314945    0.28385  0.0000E+00  0.2363E-03  0.2018E-04  0.5616E-03  0.3890E-01  0.2504E-01
   -0.349940    0.29218  0.0000E+00  0.2216E-03  0.1513E-04  0.5760E-03  0.3552E-01  0.1801E+00
   -0.384935    0.30078  0.0000E+00  0.2082E-03  0.1161E-04  0.5850E-03  0.3260E-01  0.8721E+01
   -0.419930    0.30969  0.0000E+00  0.1962E-03  0.9159E-05  0.5843E-03  0.3000E-01  0.9017E+00
   -0.454926    0.31945  0.0000E+00  0.1851E-03  0.7442E-05  0.5741E-03  0.2738E-01  0.2986E+01
   -0.489922    0.33029  0.0000E+00  0.1742E-03  0.6226E-05  0.5650E-03  0.2473E-01  0.6222E+02
   -0.524917    0.34425  0.0000E+00  0.1629E-03  0.5295E-05  0.5791E-03  0.2220E-01  0.2236E+05
   -0.559913    0.36261  0.0000E+00  0.1514E-03  0.4535E-05  0.5853E-03  0.2027E-01  0.1029E+11
   -0.594909    0.38718  0.0000E+00  0.1387E-03  0.3815E-05  0.5635E-03  0.1889E-01  0.4050E+07
   -0.629905    0.41254  0.0000E+00  0.1269E-03  0.3227E-05  0.5305E-03  0.1804E-01  0.5789E+07
   -0.664901    0.43996  0.0000E+00  0.1162E-03  0.2757E-05  0.4982E-03  0.1707E-01  0.3398E+07
   -0.699897    0.46999  0.0000E+00  0.1065E-03  0.2376E-05  0.4670E-03  0.1603E-01  0.9527E+07
   -0.734893    0.50401  0.0000E+00  0.9762E-04  0.2061E-05  0.4364E-03  0.1499E-01  0.6144E+08
   -0.769889    0.54439  0.0000E+00  0.8935E-04  0.1794E-05  0.4039E-03  0.1396E-01  0.1121E+10
   -0.804885    0.60146  0.0000E+00  0.8161E-04  0.1565E-05  0.3729E-03  0.1293E-01  0.1558E+11
   -0.839881    0.67344  0.0000E+00  0.7445E-04  0.1369E-05  0.3450E-03  0.1192E-01  0.4003E+12
   -0.874877    0.75122  0.0000E+00  0.6782E-04  0.1199E-05  0.3179E-03  0.1093E-01  0.2283E+14
   -0.909873    0.84805  0.0000E+00  0.6171E-04  0.1054E-05  0.2931E-03  0.9992E-02  0.8942E+14
   -0.944868    0.95474  0.0000E+00  0.5614E-04  0.9288E-06  0.2702E-03  0.9052E-02  0.3134E+14
   -0.979864    1.08209  0.0000E+00  0.5102E-04  0.8211E-06  0.2444E-03  0.8090E-02  0.1546E+12
   -1.014859    1.27022  0.0000E+00  0.4620E-04  0.7227E-06  0.2340E-03  0.6910E-02 -0.2950E+13
   -1.049854    1.48173  0.0000E+00  0.4192E-04  0.6410E-06  0.2224E-03  0.6005E-02 -0.4406E+13
   -1.084849    1.70333  0.0000E+00  0.3795E-04  0.5706E-06  0.2109E-03  0.5212E-02 -0.4813E+13
   -1.119844    1.97872  0.0000E+00  0.3432E-04  0.5118E-06  0.2039E-03  0.4485E-02 -0.4178E+13
   -1.154839    2.26064  0.0000E+00  0.3125E-04  0.4688E-06  0.2033E-03  0.3774E-02 -0.3262E+13
   -1.189833    2.53799  0.0000E+00  0.2873E-04  0.4433E-06  0.2027E-03  0.3146E-02 -0.4641E+13
   -1.224827    2.81048  0.0000E+00  0.2652E-04  0.4400E-06  0.1956E-03  0.2600E-02 -0.8148E+13
   -1.259821    3.10205  0.0000E+00  0.2438E-04  0.4738E-06  0.1929E-03  0.2130E-02 -0.1998E+14
   -1.294815    3.39215  0.0000E+00  0.2121E-04  0.6176E-06  0.1483E-03  0.1758E-02 -0.2980E+14
   -1.329808    3.73140  0.0000E+00  0.1706E-04  0.1025E-05  0.1045E-03  0.1478E-02 -0.4190E+14
   -1.364801    3.99163  0.0000E+00  0.1054E-04  0.2637E-05  0.3228E-04  0.1199E-02 -0.5061E+15
   -1.399794    4.50027  0.0000E+00  0.0000E+00  0.0000E+00  0.0000E+00  0.1349E-02  0.0000E+00
