 1 - depth, m
 2 - temperature, C
 3 - salinity, kg/kg
 4 - turbulent kinetic energy, m**2/s**2
 5 - dissipation rate, m**2/s**3
 6 - kinematic heat conductance, m**2/s
 7 - modulus of horizontal velocity, m/s
 8 - Richardson number, n/d
   -0.000000   18.35166  0.0000E+00  0.3194E-03  0.8817E-03  0.5619E-04  0.1809E+00  0.1514E-01
   -0.034998   18.55595  0.0000E+00  0.1734E-03  0.3257E-03  0.1166E-03  0.5816E-01  0.5658E+01
   -0.069996   18.63489  0.0000E+00  0.1177E-03  0.1151E-03  0.1823E-03  0.3379E-01  0.1472E+02
   -0.104994   18.66719  0.0000E+00  0.9550E-04  0.7108E-04  0.2313E-03  0.2601E-01  0.1796E+03
   -0.139993   18.68426  0.0000E+00  0.8014E-04  0.4625E-04  0.2813E-03  0.2110E-01  0.7349E+03
   -0.174992   18.69520  0.0000E+00  0.6966E-04  0.3078E-04  0.3258E-03  0.1784E-01  0.9029E+02
   -0.209991   18.70434  0.0000E+00  0.6217E-04  0.2114E-04  0.3743E-03  0.1535E-01  0.1183E+03
   -0.244990   18.71098  0.0000E+00  0.5678E-04  0.1486E-04  0.4285E-03  0.1337E-01  0.2071E+03
   -0.279990   18.71605  0.0000E+00  0.5264E-04  0.1063E-04  0.4743E-03  0.1165E-01  0.1873E+03
   -0.314990   18.72115  0.0000E+00  0.4911E-04  0.7704E-05  0.5519E-03  0.9913E-02  0.1247E+03
   -0.349990   18.72498  0.0000E+00  0.4638E-04  0.5642E-05  0.6365E-03  0.8631E-02  0.8145E+02
   -0.384990   18.72804  0.0000E+00  0.4422E-04  0.4083E-05  0.7083E-03  0.7566E-02  0.6589E+02
   -0.419990   18.73093  0.0000E+00  0.4248E-04  0.2930E-05  0.7614E-03  0.6623E-02  0.9389E+02
   -0.454991   18.73349  0.0000E+00  0.4111E-04  0.2136E-05  0.8195E-03  0.5726E-02  0.7372E+02
   -0.489992   18.73606  0.0000E+00  0.3999E-04  0.1585E-05  0.8724E-03  0.4861E-02  0.2133E+03
   -0.524992   18.73851  0.0000E+00  0.3885E-04  0.1256E-05  0.9920E-03  0.4040E-02  0.1263E+02
   -0.559993   18.74092  0.0000E+00  0.3755E-04  0.9824E-06  0.1080E-02  0.3411E-02  0.2142E+02
   -0.594994   18.74339  0.0000E+00  0.3612E-04  0.7631E-06  0.1060E-02  0.2954E-02 -0.4243E+00
   -0.629995   18.74610  0.0000E+00  0.3489E-04  0.6294E-06  0.1174E-02  0.2694E-02  0.1198E+03
   -0.664996   18.74891  0.0000E+00  0.3377E-04  0.5099E-06  0.1174E-02  0.2434E-02  0.1223E+03
   -0.699997   18.75168  0.0000E+00  0.3281E-04  0.3946E-06  0.1219E-02  0.2179E-02  0.3655E+02
   -0.734998   18.75468  0.0000E+00  0.3197E-04  0.3272E-06  0.1266E-02  0.1965E-02  0.1573E+03
   -0.769999   18.75723  0.0000E+00  0.3112E-04  0.2786E-06  0.1183E-02  0.1748E-02  0.2327E+03
   -0.805000   18.76016  0.0000E+00  0.3029E-04  0.2490E-06  0.1194E-02  0.1557E-02  0.3447E+02
   -0.840001   18.76299  0.0000E+00  0.2948E-04  0.2319E-06  0.1171E-02  0.1385E-02  0.3550E+02
   -0.875002   18.76588  0.0000E+00  0.2864E-04  0.2229E-06  0.1137E-02  0.1222E-02  0.1032E+02
   -0.910003   18.76917  0.0000E+00  0.2781E-04  0.2211E-06  0.1099E-02  0.1075E-02  0.4424E+03
   -0.945003   18.77236  0.0000E+00  0.2692E-04  0.2260E-06  0.1066E-02  0.9419E-03  0.8659E+04
   -0.980004   18.77623  0.0000E+00  0.2600E-04  0.2393E-06  0.1026E-02  0.8235E-03 -0.2910E+03
   -1.015004   18.77997  0.0000E+00  0.2504E-04  0.2644E-06  0.9522E-03  0.7059E-03  0.6885E+04
   -1.050005   18.78532  0.0000E+00  0.2405E-04  0.3065E-06  0.9273E-03  0.6094E-03  0.2124E+04
   -1.085005   18.79068  0.0000E+00  0.2296E-04  0.3837E-06  0.8556E-03  0.5300E-03  0.2283E+04
   -1.120004   18.79966  0.0000E+00  0.2172E-04  0.4941E-06  0.7833E-03  0.4500E-03  0.6330E+04
   -1.155004   18.80616  0.0000E+00  0.2044E-04  0.7577E-06  0.7359E-03  0.3797E-03  0.1831E+06
   -1.190004   18.82333  0.0000E+00  0.1911E-04  0.1070E-05  0.6792E-03  0.3011E-03  0.8246E+05
   -1.225003   18.83134  0.0000E+00  0.1800E-04  0.1629E-05  0.6050E-03  0.2307E-03 -0.9063E+07
   -1.260002   18.86674  0.0000E+00  0.1661E-04  0.3847E-05  0.5263E-03  0.1671E-03  0.4038E+11
   -1.295000   18.94965  0.0000E+00  0.1530E-04  0.6143E-05  0.5043E-03  0.1165E-03  0.1330E+08
   -1.329999   18.88482  0.0000E+00  0.1314E-04  0.1809E-04  0.2857E-03  0.1036E-03 -0.1588E+11
   -1.364997   19.17878  0.0000E+00  0.1040E-04  0.2599E-04  0.3582E-03  0.6090E-04 -0.1171E+07
   -1.399994   19.04846  0.0000E+00  0.0000E+00  0.0000E+00  0.0000E+00  0.1317E-03  0.0000E+00
