 1 - depth, m
 2 - temperature, C
 3 - salinity, kg/kg
 4 - turbulent kinetic energy, m**2/s**2
 5 - dissipation rate, m**2/s**3
 6 - kinematic heat conductance, m**2/s
 7 - modulus of horizontal velocity, m/s
 8 - Richardson number, n/d
   -0.000000    6.21640  0.0000E+00  0.1513E-02  0.1515E-01  0.1453E-03  0.5991E+00  0.8940E-02
   -0.034998    6.88567  0.0000E+00  0.8085E-03  0.9716E-02  0.2398E-03  0.1819E+00  0.8180E-02
   -0.069995    7.15702  0.0000E+00  0.5100E-03  0.2596E-02  0.3638E-03  0.1021E+00  0.2517E+01
   -0.104994    7.26894  0.0000E+00  0.3909E-03  0.1543E-02  0.3990E-03  0.7327E-01  0.4595E+01
   -0.139992    7.32057  0.0000E+00  0.3260E-03  0.1089E-02  0.4119E-03  0.5793E-01  0.4203E+00
   -0.174991    7.35124  0.0000E+00  0.2781E-03  0.7236E-03  0.4192E-03  0.4791E-01 -0.8878E-01
   -0.209990    7.37492  0.0000E+00  0.2425E-03  0.4733E-03  0.4402E-03  0.4135E-01  0.1847E+00
   -0.244989    7.38977  0.0000E+00  0.2141E-03  0.3183E-03  0.4520E-03  0.3638E-01  0.1227E+01
   -0.279989    7.40197  0.0000E+00  0.1924E-03  0.2191E-03  0.4577E-03  0.3202E-01  0.9011E+00
   -0.314989    7.41835  0.0000E+00  0.1728E-03  0.1485E-03  0.4925E-03  0.2700E-01  0.2690E+02
   -0.349988    7.43151  0.0000E+00  0.1573E-03  0.1002E-03  0.5146E-03  0.2387E-01  0.6459E+02
   -0.384989    7.44233  0.0000E+00  0.1445E-03  0.6843E-04  0.5341E-03  0.2147E-01  0.1486E+02
   -0.419989    7.45093  0.0000E+00  0.1339E-03  0.4683E-04  0.5587E-03  0.1951E-01  0.1917E+02
   -0.454989    7.46007  0.0000E+00  0.1251E-03  0.3224E-04  0.6058E-03  0.1754E-01  0.4455E+02
   -0.489990    7.47028  0.0000E+00  0.1176E-03  0.2261E-04  0.6770E-03  0.1551E-01  0.2012E+04
   -0.524990    7.48001  0.0000E+00  0.1106E-03  0.1640E-04  0.7972E-03  0.1362E-01  0.1039E+07
   -0.559991    7.48996  0.0000E+00  0.1037E-03  0.1201E-04  0.9620E-03  0.1229E-01  0.1612E+04
   -0.594992    7.49830  0.0000E+00  0.9573E-04  0.8474E-05  0.1064E-02  0.1129E-01 -0.1506E+03
   -0.629993    7.50671  0.0000E+00  0.8831E-04  0.5891E-05  0.1117E-02  0.1082E-01  0.2206E+04
   -0.664993    7.51630  0.0000E+00  0.8171E-04  0.4086E-05  0.1112E-02  0.1009E-01  0.1095E+03
   -0.699994    7.52455  0.0000E+00  0.7575E-04  0.2867E-05  0.1126E-02  0.9286E-02  0.3756E+04
   -0.734995    7.53460  0.0000E+00  0.7075E-04  0.2074E-05  0.1176E-02  0.8497E-02  0.1102E+05
   -0.769996    7.54374  0.0000E+00  0.6643E-04  0.1583E-05  0.1180E-02  0.7808E-02  0.7149E+05
   -0.804997    7.55355  0.0000E+00  0.6249E-04  0.1255E-05  0.1185E-02  0.7116E-02  0.2817E+04
   -0.839998    7.56287  0.0000E+00  0.5879E-04  0.1028E-05  0.1193E-02  0.6509E-02  0.1978E+04
   -0.874998    7.57333  0.0000E+00  0.5531E-04  0.8607E-06  0.1169E-02  0.5903E-02  0.4007E+03
   -0.909999    7.58326  0.0000E+00  0.5197E-04  0.7399E-06  0.1151E-02  0.5322E-02  0.3715E+03
   -0.945000    7.59358  0.0000E+00  0.4897E-04  0.6512E-06  0.1127E-02  0.4793E-02 -0.6027E+04
   -0.980000    7.60400  0.0000E+00  0.4624E-04  0.5898E-06  0.1105E-02  0.4285E-02  0.7338E+03
   -1.015000    7.61329  0.0000E+00  0.4356E-04  0.5471E-06  0.1006E-02  0.3834E-02  0.6807E+04
   -1.050000    7.62442  0.0000E+00  0.4070E-04  0.5195E-06  0.9223E-03  0.3339E-02  0.5924E+03
   -1.085000    7.63654  0.0000E+00  0.3782E-04  0.5228E-06  0.8537E-03  0.2886E-02  0.2724E+05
   -1.120000    7.65115  0.0000E+00  0.3496E-04  0.5560E-06  0.7805E-03  0.2488E-02  0.3065E+04
   -1.154999    7.66755  0.0000E+00  0.3218E-04  0.6563E-06  0.7322E-03  0.2120E-02  0.6367E+04
   -1.189999    7.68975  0.0000E+00  0.2938E-04  0.8996E-06  0.6371E-03  0.1760E-02  0.4297E+05
   -1.224998    7.72122  0.0000E+00  0.2661E-04  0.1416E-05  0.5883E-03  0.1373E-02 -0.7029E+05
   -1.259997    7.75413  0.0000E+00  0.2372E-04  0.2771E-05  0.4746E-03  0.1021E-02 -0.2395E+08
   -1.294995    7.93917  0.0000E+00  0.2054E-04  0.5579E-05  0.4474E-03  0.7109E-03  0.2526E+08
   -1.329993    7.84884  0.0000E+00  0.1689E-04  0.1499E-04  0.2614E-03  0.6075E-03 -0.5703E+09
   -1.364991    8.42625  0.0000E+00  0.1290E-04  0.2364E-04  0.2836E-03  0.3912E-03  0.7292E+07
   -1.399989    8.25561  0.0000E+00  0.0000E+00  0.0000E+00  0.0000E+00  0.6940E-03  0.0000E+00
