 1 - depth, m
 2 - temperature, C
 3 - salinity, kg/kg
 4 - turbulent kinetic energy, m**2/s**2
 5 - dissipation rate, m**2/s**3
 6 - kinematic heat conductance, m**2/s
 7 - modulus of horizontal velocity, m/s
 8 - Richardson number, n/d
   -0.000000    3.16572  0.0000E+00  0.1122E-02  0.2296E-02  0.1700E-03  0.4107E+00 -0.6141E-03
   -0.068760    3.30172  0.0000E+00  0.5955E-03  0.5672E-03  0.6385E-03  0.1090E+00  0.1519E-01
   -0.137520    3.32826  0.0000E+00  0.4401E-03  0.2555E-03  0.5757E-03  0.8333E-01  0.8941E-02
   -0.206280    3.34317  0.0000E+00  0.3355E-03  0.1377E-03  0.5467E-03  0.7142E-01  0.1689E+00
   -0.275042    3.35398  0.0000E+00  0.2673E-03  0.8013E-04  0.5012E-03  0.6387E-01  0.1463E-02
   -0.343804    3.36198  0.0000E+00  0.2146E-03  0.4547E-04  0.4867E-03  0.5671E-01  0.4194E-02
   -0.412566    3.36838  0.0000E+00  0.1754E-03  0.2535E-04  0.4849E-03  0.5033E-01  0.2579E-02
   -0.481329    3.37398  0.0000E+00  0.1472E-03  0.1451E-04  0.4967E-03  0.4462E-01  0.2530E-02
   -0.550092    3.37884  0.0000E+00  0.1259E-03  0.8504E-05  0.5157E-03  0.3965E-01  0.2825E-02
   -0.618856    3.38331  0.0000E+00  0.1097E-03  0.5165E-05  0.5340E-03  0.3549E-01  0.5803E-02
   -0.687620    3.38751  0.0000E+00  0.9692E-04  0.3277E-05  0.5573E-03  0.3181E-01  0.3113E-02
   -0.756385    3.39139  0.0000E+00  0.8691E-04  0.2195E-05  0.5800E-03  0.2868E-01  0.3811E-02
   -0.825150    3.39497  0.0000E+00  0.7883E-04  0.1552E-05  0.6033E-03  0.2597E-01  0.4632E-02
   -0.893915    3.39828  0.0000E+00  0.7217E-04  0.1151E-05  0.6278E-03  0.2362E-01  0.5646E-02
   -0.962680    3.40134  0.0000E+00  0.6662E-04  0.8882E-06  0.6535E-03  0.2156E-01  0.6865E-02
   -1.031446    3.40417  0.0000E+00  0.6196E-04  0.7084E-06  0.6735E-03  0.1976E-01  0.7578E-02
   -1.100211    3.40683  0.0000E+00  0.5794E-04  0.5794E-06  0.6932E-03  0.1811E-01  0.8340E-02
   -1.168977    3.40934  0.0000E+00  0.5440E-04  0.4832E-06  0.7120E-03  0.1661E-01  0.9140E-02
   -1.237743    3.41171  0.0000E+00  0.5122E-04  0.4092E-06  0.7291E-03  0.1523E-01  0.9957E-02
   -1.306509    3.41396  0.0000E+00  0.4833E-04  0.3509E-06  0.7437E-03  0.1395E-01  0.1077E-01
   -1.375275    3.41610  0.0000E+00  0.4567E-04  0.3040E-06  0.7550E-03  0.1276E-01  0.1154E-01
   -1.444041    3.41815  0.0000E+00  0.4318E-04  0.2654E-06  0.7622E-03  0.1165E-01  0.1224E-01
   -1.512807    3.42013  0.0000E+00  0.4081E-04  0.2330E-06  0.7735E-03  0.1060E-01  0.1390E-01
   -1.581573    3.42203  0.0000E+00  0.3855E-04  0.2055E-06  0.7843E-03  0.9642E-02  0.1624E-01
   -1.650339    3.42385  0.0000E+00  0.3641E-04  0.1820E-06  0.7914E-03  0.8764E-02  0.1892E-01
   -1.719105    3.42562  0.0000E+00  0.3439E-04  0.1618E-06  0.7953E-03  0.7959E-02  0.2202E-01
   -1.787870    3.42733  0.0000E+00  0.3249E-04  0.1446E-06  0.7960E-03  0.7219E-02  0.2568E-01
   -1.856636    3.42900  0.0000E+00  0.3071E-04  0.1297E-06  0.7935E-03  0.6535E-02  0.3002E-01
   -1.925401    3.43063  0.0000E+00  0.2903E-04  0.1170E-06  0.7876E-03  0.5903E-02  0.3525E-01
   -1.994165    3.43224  0.0000E+00  0.2746E-04  0.1061E-06  0.7781E-03  0.5316E-02  0.4156E-01
   -2.062930    3.43381  0.0000E+00  0.2598E-04  0.9685E-07  0.7644E-03  0.4769E-02  0.4931E-01
   -2.131694    3.43537  0.0000E+00  0.2460E-04  0.8913E-07  0.7457E-03  0.4257E-02  0.5873E-01
   -2.200458    3.43692  0.0000E+00  0.2330E-04  0.8285E-07  0.7210E-03  0.3773E-02  0.6983E-01
   -2.269221    3.43847  0.0000E+00  0.2207E-04  0.7798E-07  0.6945E-03  0.3312E-02  0.9410E-01
   -2.337984    3.44003  0.0000E+00  0.2087E-04  0.7450E-07  0.6585E-03  0.2886E-02  0.1371E+00
   -2.406747    3.44164  0.0000E+00  0.1968E-04  0.7277E-07  0.6083E-03  0.2492E-02  0.2142E+00
   -2.475508    3.44333  0.0000E+00  0.1847E-04  0.7356E-07  0.5388E-03  0.2124E-02  0.3735E+00
   -2.544270    3.44520  0.0000E+00  0.1713E-04  0.7905E-07  0.4413E-03  0.1774E-02  0.8427E+00
   -2.613031    3.44741  0.0000E+00  0.1537E-04  0.9771E-07  0.2966E-03  0.1439E-02  0.2933E+01
   -2.681791    3.45062  0.0000E+00  0.8403E-05  0.2845E-06  0.3214E-04  0.1110E-02  0.3785E+04
   -2.750550    3.47867  0.0000E+00  0.0000E+00  0.0000E+00  0.0000E+00  0.1109E-02  0.0000E+00
