 1 - depth, m
 2 - temperature, C
 3 - salinity, kg/kg
 4 - turbulent kinetic energy, m**2/s**2
 5 - dissipation rate, m**2/s**3
 6 - kinematic heat conductance, m**2/s
 7 - modulus of horizontal velocity, m/s
 8 - Richardson number, n/d
   -0.000000    7.70943  0.0000E+00  0.4265E-03  0.2375E-03  0.1420E-03  0.2235E+00  0.5388E-02
   -0.068750    7.74613  0.0000E+00  0.2325E-03  0.6438E-04  0.3375E-03  0.6581E-01 -0.4341E-02
   -0.137500    7.75164  0.0000E+00  0.1689E-03  0.3039E-04  0.3016E-03  0.5108E-01 -0.8436E-02
   -0.206251    7.75617  0.0000E+00  0.1276E-03  0.1491E-04  0.2992E-03  0.4300E-01 -0.8826E-02
   -0.275002    7.75951  0.0000E+00  0.1016E-03  0.7902E-05  0.3030E-03  0.3754E-01 -0.6295E-02
   -0.343754    7.76222  0.0000E+00  0.8350E-04  0.4385E-05  0.3159E-03  0.3282E-01 -0.6947E-02
   -0.412507    7.76453  0.0000E+00  0.7057E-04  0.2584E-05  0.3329E-03  0.2878E-01 -0.7943E-02
   -0.481260    7.76657  0.0000E+00  0.6098E-04  0.1629E-05  0.3518E-03  0.2531E-01 -0.9353E-02
   -0.550013    7.76840  0.0000E+00  0.5354E-04  0.1093E-05  0.3741E-03  0.2232E-01 -0.1183E-01
   -0.618767    7.77004  0.0000E+00  0.4766E-04  0.7733E-06  0.3959E-03  0.1979E-01 -0.1493E-01
   -0.687521    7.77155  0.0000E+00  0.4287E-04  0.5703E-06  0.4174E-03  0.1763E-01 -0.1883E-01
   -0.756276    7.77294  0.0000E+00  0.3889E-04  0.4343E-06  0.4389E-03  0.1576E-01 -0.2373E-01
   -0.825031    7.77425  0.0000E+00  0.3550E-04  0.3392E-06  0.4604E-03  0.1414E-01 -0.2990E-01
   -0.893786    7.77547  0.0000E+00  0.3259E-04  0.2704E-06  0.4822E-03  0.1272E-01 -0.3769E-01
   -0.962541    7.77662  0.0000E+00  0.3007E-04  0.2194E-06  0.5046E-03  0.1147E-01 -0.4760E-01
   -1.031297    7.77772  0.0000E+00  0.2791E-04  0.1810E-06  0.5233E-03  0.1038E-01 -0.5662E-01
   -1.100053    7.77877  0.0000E+00  0.2601E-04  0.1514E-06  0.5425E-03  0.9387E-02 -0.6242E-01
   -1.168808    7.77977  0.0000E+00  0.2433E-04  0.1282E-06  0.5641E-03  0.8487E-02  0.3089E-01
   -1.237564    7.78074  0.0000E+00  0.2282E-04  0.1096E-06  0.5847E-03  0.7669E-02  0.8993E-01
   -1.306321    7.78166  0.0000E+00  0.2146E-04  0.9464E-07  0.6075E-03  0.6921E-02  0.4260E+04
   -1.375077    7.78255  0.0000E+00  0.2022E-04  0.8235E-07  0.6365E-03  0.6236E-02  0.5401E+00
   -1.443833    7.78341  0.0000E+00  0.1907E-04  0.7214E-07  0.6662E-03  0.5606E-02  0.8301E+01
   -1.512589    7.78422  0.0000E+00  0.1801E-04  0.6356E-07  0.7142E-03  0.5022E-02  0.6183E+02
   -1.581345    7.78499  0.0000E+00  0.1702E-04  0.5628E-07  0.7673E-03  0.4495E-02  0.1807E+02
   -1.650101    7.78571  0.0000E+00  0.1611E-04  0.5009E-07  0.8285E-03  0.4023E-02  0.1353E+02
   -1.718857    7.78639  0.0000E+00  0.1526E-04  0.4483E-07  0.8973E-03  0.3599E-02  0.1788E+03
   -1.787612    7.78702  0.0000E+00  0.1448E-04  0.4037E-07  0.9610E-03  0.3218E-02  0.1507E+02
   -1.856368    7.78761  0.0000E+00  0.1376E-04  0.3658E-07  0.1008E-02  0.2873E-02  0.5350E+02
   -1.925123    7.78818  0.0000E+00  0.1309E-04  0.3338E-07  0.1043E-02  0.2559E-02  0.1709E+04
   -1.993878    7.78872  0.0000E+00  0.1248E-04  0.3068E-07  0.1073E-02  0.2273E-02  0.1013E+02
   -2.062632    7.78925  0.0000E+00  0.1191E-04  0.2846E-07  0.1100E-02  0.2011E-02  0.1012E+03
   -2.131386    7.78976  0.0000E+00  0.1138E-04  0.2666E-07  0.1106E-02  0.1770E-02  0.2144E+02
   -2.200140    7.79027  0.0000E+00  0.1089E-04  0.2528E-07  0.1090E-02  0.1548E-02  0.1032E+03
   -2.268894    7.79079  0.0000E+00  0.1044E-04  0.2431E-07  0.1058E-02  0.1341E-02  0.7347E+02
   -2.337647    7.79132  0.0000E+00  0.1000E-04  0.2377E-07  0.9982E-03  0.1154E-02  0.1386E+02
   -2.406399    7.79188  0.0000E+00  0.9583E-05  0.2375E-07  0.9082E-03  0.9865E-03  0.2095E+02
   -2.475151    7.79249  0.0000E+00  0.9156E-05  0.2449E-07  0.7872E-03  0.8358E-03  0.1905E+02
   -2.543903    7.79321  0.0000E+00  0.8665E-05  0.2673E-07  0.6238E-03  0.6950E-03  0.2175E+02
   -2.612654    7.79412  0.0000E+00  0.7954E-05  0.3354E-07  0.3313E-03  0.5558E-03  0.1787E+03
   -2.681404    7.79574  0.0000E+00  0.4511E-05  0.1053E-06  0.2562E-04  0.4082E-03 -0.2090E+05
   -2.750153    7.81678  0.0000E+00  0.0000E+00  0.0000E+00  0.0000E+00  0.4074E-03  0.0000E+00
