 1 - depth, m
 2 - temperature, C
 3 - salinity, kg/kg
 4 - turbulent kinetic energy, m**2/s**2
 5 - dissipation rate, m**2/s**3
 6 - kinematic heat conductance, m**2/s
 7 - modulus of horizontal velocity, m/s
 8 - Richardson number, n/d
   -0.000000   12.65974  0.0000E+00  0.1768E-03  0.7766E-04  0.6959E-04  0.1017E+00 -0.2940E+01
   -0.068754   12.71897  0.0000E+00  0.1004E-03  0.1958E-04  0.2152E-03  0.3199E-01  0.6213E+04
   -0.137508   12.73062  0.0000E+00  0.7461E-04  0.9001E-05  0.2504E-03  0.2424E-01  0.8466E+02
   -0.206263   12.73773  0.0000E+00  0.5827E-04  0.4672E-05  0.2966E-03  0.2014E-01  0.7266E+02
   -0.275019   12.74268  0.0000E+00  0.4760E-04  0.2636E-05  0.3513E-03  0.1734E-01  0.3452E+02
   -0.343775   12.74648  0.0000E+00  0.4015E-04  0.1579E-05  0.4196E-03  0.1505E-01  0.4139E+02
   -0.412532   12.74950  0.0000E+00  0.3475E-04  0.9980E-06  0.4957E-03  0.1318E-01  0.4921E+02
   -0.481289   12.75198  0.0000E+00  0.3068E-04  0.6632E-06  0.5788E-03  0.1161E-01  0.5960E+02
   -0.550047   12.75405  0.0000E+00  0.2752E-04  0.4612E-06  0.6659E-03  0.1028E-01  0.8745E+03
   -0.618805   12.75581  0.0000E+00  0.2503E-04  0.3341E-06  0.7548E-03  0.9163E-02  0.2069E+02
   -0.687563   12.75733  0.0000E+00  0.2305E-04  0.2508E-06  0.8503E-03  0.8208E-02  0.2563E+02
   -0.756322   12.75865  0.0000E+00  0.2144E-04  0.1940E-06  0.9385E-03  0.7388E-02  0.2219E+02
   -0.825081   12.75982  0.0000E+00  0.2012E-04  0.1539E-06  0.1020E-02  0.6675E-02  0.1862E+04
   -0.893841   12.76087  0.0000E+00  0.1902E-04  0.1248E-06  0.1105E-02  0.6053E-02  0.7255E+02
   -0.962600   12.76181  0.0000E+00  0.1811E-04  0.1033E-06  0.1195E-02  0.5509E-02  0.6793E+02
   -1.031360   12.76266  0.0000E+00  0.1734E-04  0.8717E-07  0.1278E-02  0.5031E-02  0.2383E+02
   -1.100120   12.76343  0.0000E+00  0.1670E-04  0.7479E-07  0.1360E-02  0.4598E-02  0.3310E+02
   -1.168880   12.76413  0.0000E+00  0.1614E-04  0.6514E-07  0.1450E-02  0.4205E-02  0.4640E+02
   -1.237640   12.76477  0.0000E+00  0.1565E-04  0.5747E-07  0.1526E-02  0.3844E-02  0.3947E+02
   -1.306401   12.76536  0.0000E+00  0.1521E-04  0.5127E-07  0.1594E-02  0.3509E-02  0.6766E+02
   -1.375161   12.76592  0.0000E+00  0.1480E-04  0.4619E-07  0.1646E-02  0.3196E-02  0.4581E+02
   -1.443921   12.76645  0.0000E+00  0.1442E-04  0.4196E-07  0.1688E-02  0.2901E-02  0.4457E+02
   -1.512682   12.76696  0.0000E+00  0.1404E-04  0.3839E-07  0.1728E-02  0.2622E-02  0.4562E+02
   -1.581442   12.76746  0.0000E+00  0.1367E-04  0.3535E-07  0.1758E-02  0.2362E-02  0.4150E+02
   -1.650202   12.76795  0.0000E+00  0.1330E-04  0.3275E-07  0.1776E-02  0.2124E-02  0.4656E+02
   -1.718962   12.76843  0.0000E+00  0.1293E-04  0.3054E-07  0.1777E-02  0.1904E-02  0.5164E+02
   -1.787722   12.76891  0.0000E+00  0.1256E-04  0.2867E-07  0.1765E-02  0.1703E-02  0.5956E+02
   -1.856481   12.76939  0.0000E+00  0.1219E-04  0.2712E-07  0.1740E-02  0.1518E-02  0.6988E+02
   -1.925241   12.76988  0.0000E+00  0.1182E-04  0.2588E-07  0.1705E-02  0.1349E-02  0.8283E+02
   -1.994000   12.77038  0.0000E+00  0.1145E-04  0.2494E-07  0.1655E-02  0.1195E-02  0.9990E+02
   -2.062759   12.77090  0.0000E+00  0.1108E-04  0.2431E-07  0.1597E-02  0.1053E-02  0.1225E+03
   -2.131517   12.77144  0.0000E+00  0.1071E-04  0.2401E-07  0.1526E-02  0.9243E-03  0.1532E+03
   -2.200275   12.77201  0.0000E+00  0.1035E-04  0.2408E-07  0.1434E-02  0.8061E-03  0.1988E+03
   -2.269033   12.77262  0.0000E+00  0.9990E-05  0.2460E-07  0.1325E-02  0.6979E-03  0.2669E+03
   -2.337790   12.77329  0.0000E+00  0.9628E-05  0.2571E-07  0.1196E-02  0.6030E-03  0.3897E+03
   -2.406547   12.77404  0.0000E+00  0.9243E-05  0.2783E-07  0.1056E-02  0.5213E-03  0.6334E+03
   -2.475303   12.77490  0.0000E+00  0.8773E-05  0.3239E-07  0.8449E-03  0.4474E-03  0.1214E+04
   -2.544059   12.77612  0.0000E+00  0.8125E-05  0.4160E-07  0.7334E-03  0.3677E-03  0.2633E+04
   -2.612814   12.77749  0.0000E+00  0.7022E-05  0.7121E-07  0.3327E-03  0.2943E-03 -0.6436E+04
   -2.681568   12.78283  0.0000E+00  0.4185E-05  0.2236E-06  0.8556E-04  0.1847E-03 -0.2480E+06
   -2.750322   12.79492  0.0000E+00  0.0000E+00  0.0000E+00  0.0000E+00  0.2371E-03  0.0000E+00
