 1 - depth, m
 2 - temperature, C
 3 - salinity, kg/kg
 4 - turbulent kinetic energy, m**2/s**2
 5 - dissipation rate, m**2/s**3
 6 - kinematic heat conductance, m**2/s
 7 - modulus of horizontal velocity, m/s
 8 - Richardson number, n/d
   -0.000000   26.39428  0.7014E-20  0.2797E-04  0.3453E-05  0.3173E-04  0.3569E-01 -0.5356E-01
   -0.049997   26.46267  0.7013E-20  0.2112E-04  0.9147E-06  0.8963E-04  0.1796E-01 -0.1538E+00
   -0.099994   26.47787  0.7013E-20  0.1975E-04  0.4469E-06  0.1961E-03  0.1411E-01  0.7069E+01
   -0.149991   26.48566  0.7013E-20  0.1935E-04  0.2865E-06  0.3687E-03  0.1198E-01  0.1199E+03
   -0.199989   26.49000  0.7013E-20  0.1935E-04  0.2150E-06  0.5341E-03  0.1059E-01  0.4314E+04
   -0.249988   26.49254  0.7013E-20  0.1951E-04  0.1752E-06  0.6387E-03  0.9512E-02  0.1676E+04
   -0.299987   26.49436  0.7013E-20  0.1975E-04  0.1490E-06  0.6922E-03  0.8550E-02  0.6215E+03
   -0.349986   26.49595  0.7013E-20  0.1992E-04  0.1293E-06  0.7373E-03  0.7636E-02  0.7334E+03
   -0.399985   26.49738  0.7013E-20  0.1995E-04  0.1132E-06  0.7947E-03  0.6758E-02  0.2213E+03
   -0.449985   26.49864  0.7013E-20  0.1986E-04  0.9972E-07  0.8523E-03  0.5967E-02  0.1418E+02
   -0.499985   26.49977  0.7013E-20  0.1967E-04  0.8829E-07  0.9092E-03  0.5265E-02  0.8532E+01
   -0.549985   26.50077  0.7013E-20  0.1940E-04  0.7848E-07  0.9652E-03  0.4637E-02  0.6468E+01
   -0.599986   26.50168  0.7013E-20  0.1907E-04  0.6997E-07  0.1023E-02  0.4071E-02  0.5346E+01
   -0.649987   26.50250  0.7013E-20  0.1867E-04  0.6245E-07  0.1075E-02  0.3562E-02  0.4638E+01
   -0.699987   26.50323  0.7013E-20  0.1822E-04  0.5579E-07  0.1139E-02  0.3094E-02  0.4255E+01
   -0.749988   26.50390  0.7013E-20  0.1767E-04  0.4947E-07  0.1208E-02  0.2683E-02  0.3978E+01
   -0.799990   26.50450  0.7013E-20  0.1730E-04  0.4611E-07  0.2004E-02  0.2256E-02  0.2067E+01
   -0.849991   26.50485  0.7013E-20  0.1708E-04  0.4430E-07  0.2085E-02  0.2116E-02  0.1788E+01
   -0.899992   26.50517  0.7013E-20  0.1679E-04  0.4224E-07  0.1245E-02  0.2012E-02  0.1894E+01
   -0.949994   26.50567  0.7013E-20  0.1621E-04  0.3880E-07  0.1313E-02  0.1724E-02  0.2069E+01
   -0.999995   26.50613  0.7013E-20  0.1564E-04  0.3599E-07  0.1329E-02  0.1499E-02  0.1856E+01
   -1.049996   26.50656  0.7013E-20  0.1507E-04  0.3362E-07  0.1352E-02  0.1298E-02  0.1710E+01
   -1.099998   26.50696  0.7013E-20  0.1450E-04  0.3166E-07  0.1375E-02  0.1124E-02  0.1570E+01
   -1.149999   26.50734  0.7013E-20  0.1393E-04  0.3008E-07  0.1404E-02  0.9732E-03  0.1442E+01
   -1.200000   26.50769  0.7013E-20  0.1338E-04  0.2886E-07  0.1441E-02  0.8439E-03  0.1321E+01
   -1.250002   26.50801  0.7013E-20  0.1285E-04  0.2797E-07  0.1486E-02  0.7335E-03  0.1207E+01
   -1.300003   26.50832  0.7013E-20  0.1234E-04  0.2739E-07  0.1526E-02  0.6396E-03  0.1099E+01
   -1.350004   26.50859  0.7012E-20  0.1186E-04  0.2710E-07  0.1524E-02  0.5604E-03  0.9892E+00
   -1.400004   26.50886  0.7012E-20  0.1142E-04  0.2710E-07  0.1438E-02  0.4940E-03  0.8748E+00
   -1.450005   26.50913  0.7012E-20  0.1100E-04  0.2738E-07  0.1326E-02  0.4386E-03  0.7671E+00
   -1.500005   26.50940  0.7012E-20  0.1062E-04  0.2794E-07  0.1220E-02  0.3926E-03  0.6837E+00
   -1.550005   26.50969  0.7012E-20  0.1026E-04  0.2889E-07  0.1139E-02  0.3543E-03  0.6749E+00
   -1.600005   26.50998  0.7012E-20  0.9879E-05  0.3051E-07  0.1035E-02  0.3212E-03  0.8794E+00
   -1.650004   26.51029  0.7012E-20  0.9460E-05  0.3317E-07  0.9715E-03  0.2903E-03  0.1654E+01
   -1.700004   26.51062  0.7012E-20  0.8940E-05  0.3828E-07  0.8266E-03  0.2609E-03 -0.3421E+00
   -1.750002   26.51111  0.7012E-20  0.8242E-05  0.4754E-07  0.7288E-03  0.2253E-03  0.2464E+04
   -1.800001   26.51163  0.7012E-20  0.7246E-05  0.6737E-07  0.5339E-03  0.1916E-03  0.1352E+04
   -1.849999   26.51286  0.7012E-20  0.6055E-05  0.1025E-06  0.4371E-03  0.1423E-03  0.5714E+05
   -1.899996   26.51313  0.7012E-20  0.4577E-05  0.2133E-06  0.2175E-03  0.1105E-03  0.2508E+04
   -1.949993   26.51748  0.7011E-20  0.3004E-05  0.5571E-06  0.1436E-03  0.5894E-04 -0.1006E+05
   -1.999990   26.52069  0.7011E-20  0.0000E+00  0.0000E+00  0.0000E+00  0.1127E-03  0.0000E+00
