 1 - depth, m
 2 - temperature, C
 3 - salinity, kg/kg
 4 - turbulent kinetic energy, m**2/s**2
 5 - dissipation rate, m**2/s**3
 6 - kinematic heat conductance, m**2/s
 7 - modulus of horizontal velocity, m/s
 8 - Richardson number, n/d
   -0.000000   30.78506  0.5252E-31  0.3912E-05  0.1903E-06  0.3753E-04  0.8574E-03 -0.2707E+02
   -0.049997   30.82021  0.5252E-31  0.6709E-05  0.8857E-07  0.1782E-03  0.4508E-03  0.2174E+05
   -0.099994   30.82742  0.5252E-31  0.7822E-05  0.6474E-07  0.3149E-03  0.3537E-03  0.1211E+03
   -0.149992   30.83083  0.5252E-31  0.8548E-05  0.5437E-07  0.4078E-03  0.3090E-03  0.5930E+02
   -0.199991   30.83328  0.5252E-31  0.9070E-05  0.4799E-07  0.5196E-03  0.2750E-03  0.3848E+02
   -0.249989   30.83510  0.5252E-31  0.9454E-05  0.4354E-07  0.6180E-03  0.2486E-03  0.2814E+02
   -0.299988   30.83654  0.5252E-31  0.9738E-05  0.4018E-07  0.7087E-03  0.2265E-03  0.2217E+02
   -0.349988   30.83774  0.5252E-31  0.9946E-05  0.3752E-07  0.7913E-03  0.2074E-03  0.1874E+02
   -0.399988   30.83876  0.5252E-31  0.1010E-04  0.3532E-07  0.8662E-03  0.1903E-03  0.1647E+02
   -0.449988   30.83964  0.5252E-31  0.1020E-04  0.3342E-07  0.9350E-03  0.1754E-03  0.1524E+02
   -0.499988   30.84041  0.5252E-31  0.1027E-04  0.3176E-07  0.9980E-03  0.1621E-03  0.1461E+02
   -0.549988   30.84109  0.5252E-31  0.1031E-04  0.3028E-07  0.1055E-02  0.1503E-03  0.1417E+02
   -0.599989   30.84170  0.5252E-31  0.1032E-04  0.2895E-07  0.1107E-02  0.1397E-03  0.1392E+02
   -0.649990   30.84225  0.5252E-31  0.1031E-04  0.2775E-07  0.1154E-02  0.1300E-03  0.1380E+02
   -0.699991   30.84275  0.5252E-31  0.1028E-04  0.2666E-07  0.1196E-02  0.1212E-03  0.1381E+02
   -0.749993   30.84321  0.5252E-31  0.1023E-04  0.2565E-07  0.1232E-02  0.1131E-03  0.1392E+02
   -0.799994   30.84363  0.5252E-31  0.1017E-04  0.2474E-07  0.1264E-02  0.1056E-03  0.1413E+02
   -0.849996   30.84401  0.5252E-31  0.1009E-04  0.2389E-07  0.1291E-02  0.9860E-04  0.1444E+02
   -0.899997   30.84437  0.5252E-31  0.1001E-04  0.2312E-07  0.1313E-02  0.9213E-04  0.1487E+02
   -0.949999   30.84471  0.5252E-31  0.9908E-05  0.2240E-07  0.1330E-02  0.8609E-04  0.1541E+02
   -1.000001   30.84502  0.5252E-31  0.9801E-05  0.2175E-07  0.1342E-02  0.8043E-04  0.1608E+02
   -1.050002   30.84531  0.5252E-31  0.9684E-05  0.2116E-07  0.1349E-02  0.7511E-04  0.1691E+02
   -1.100004   30.84558  0.5252E-31  0.9559E-05  0.2062E-07  0.1351E-02  0.7010E-04  0.1792E+02
   -1.150006   30.84584  0.5252E-31  0.9425E-05  0.2014E-07  0.1346E-02  0.6537E-04  0.1916E+02
   -1.200007   30.84609  0.5252E-31  0.9284E-05  0.1972E-07  0.1336E-02  0.6090E-04  0.2068E+02
   -1.250009   30.84632  0.5252E-31  0.9134E-05  0.1937E-07  0.1320E-02  0.5665E-04  0.2256E+02
   -1.300010   30.84654  0.5252E-31  0.8975E-05  0.1908E-07  0.1297E-02  0.5262E-04  0.2494E+02
   -1.350011   30.84676  0.5252E-31  0.8808E-05  0.1887E-07  0.1266E-02  0.4878E-04  0.2800E+02
   -1.400012   30.84697  0.5252E-31  0.8630E-05  0.1876E-07  0.1227E-02  0.4510E-04  0.3201E+02
   -1.450013   30.84717  0.5251E-31  0.8442E-05  0.1875E-07  0.1180E-02  0.4159E-04  0.3747E+02
   -1.500014   30.84737  0.5251E-31  0.8240E-05  0.1890E-07  0.1122E-02  0.3821E-04  0.4511E+02
   -1.550014   30.84757  0.5251E-31  0.8022E-05  0.1924E-07  0.1057E-02  0.3494E-04  0.5646E+02
   -1.600014   30.84777  0.5251E-31  0.7783E-05  0.1987E-07  0.9715E-03  0.3179E-04  0.7484E+02
   -1.650014   30.84797  0.5251E-31  0.7517E-05  0.2095E-07  0.9000E-03  0.2870E-04  0.1062E+03
   -1.700013   30.84818  0.5251E-31  0.7205E-05  0.2297E-07  0.7819E-03  0.2573E-04 -0.1113E+04
   -1.750012   30.84844  0.5251E-31  0.6801E-05  0.2688E-07  0.7013E-03  0.2251E-04  0.2839E+06
   -1.800011   30.84875  0.5251E-31  0.6209E-05  0.3518E-07  0.5213E-03  0.1929E-04  0.1624E+05
   -1.850009   30.84934  0.5251E-31  0.5348E-05  0.5154E-07  0.4236E-03  0.1480E-04  0.1600E+07
   -1.900007   30.84977  0.5251E-31  0.4094E-05  0.1019E-06  0.2062E-03  0.1123E-04  0.1294E+05
   -1.950005   30.85207  0.5251E-31  0.2554E-05  0.2740E-06  0.1038E-03  0.6126E-05 -0.2587E+07
   -2.000002   30.85513  0.5251E-31  0.0000E+00  0.0000E+00  0.0000E+00  0.1036E-04  0.0000E+00
