 1 - depth, m
 2 - temperature, C
 3 - salinity, kg/kg
 4 - turbulent kinetic energy, m**2/s**2
 5 - dissipation rate, m**2/s**3
 6 - kinematic heat conductance, m**2/s
 7 - modulus of horizontal velocity, m/s
 8 - Richardson number, n/d
   -0.000000   28.90577  0.3302E-17  0.1126E-04  0.5548E-06  0.3004E-04  0.1567E-01 -0.1543E+00
   -0.049997   28.95119  0.3302E-17  0.1204E-04  0.2042E-06  0.1584E-03  0.9158E-02  0.2887E+02
   -0.099994   28.95989  0.3302E-17  0.1261E-04  0.1413E-06  0.3755E-03  0.7598E-02  0.3580E+01
   -0.149992   28.96311  0.3302E-17  0.1325E-04  0.1157E-06  0.4571E-03  0.6942E-02  0.3829E+01
   -0.199990   28.96560  0.3302E-17  0.1398E-04  0.9788E-07  0.5932E-03  0.6252E-02  0.4927E+01
   -0.249988   28.96742  0.3302E-17  0.1467E-04  0.8527E-07  0.6487E-03  0.5627E-02  0.5502E+01
   -0.299987   28.96900  0.3302E-17  0.1527E-04  0.7564E-07  0.7057E-03  0.5035E-02  0.6240E+01
   -0.349986   28.97037  0.3302E-17  0.1575E-04  0.6783E-07  0.7634E-03  0.4471E-02  0.7245E+01
   -0.399986   28.97158  0.3302E-17  0.1608E-04  0.6116E-07  0.8422E-03  0.3922E-02  0.6076E+01
   -0.449986   28.97262  0.3302E-17  0.1627E-04  0.5538E-07  0.9262E-03  0.3428E-02  0.4770E+01
   -0.499986   28.97351  0.3302E-17  0.1636E-04  0.5038E-07  0.1010E-02  0.2995E-02  0.3936E+01
   -0.549986   28.97429  0.3302E-17  0.1634E-04  0.4604E-07  0.1092E-02  0.2615E-02  0.3353E+01
   -0.599987   28.97498  0.3302E-17  0.1624E-04  0.4228E-07  0.1169E-02  0.2282E-02  0.2930E+01
   -0.649988   28.97558  0.3302E-17  0.1608E-04  0.3901E-07  0.1239E-02  0.1991E-02  0.2608E+01
   -0.699989   28.97612  0.3302E-17  0.1585E-04  0.3617E-07  0.1302E-02  0.1737E-02  0.2353E+01
   -0.749990   28.97661  0.3302E-17  0.1558E-04  0.3372E-07  0.1358E-02  0.1515E-02  0.2145E+01
   -0.799991   28.97706  0.3302E-17  0.1526E-04  0.3160E-07  0.1407E-02  0.1322E-02  0.1972E+01
   -0.849992   28.97746  0.3302E-17  0.1491E-04  0.2979E-07  0.1452E-02  0.1155E-02  0.1822E+01
   -0.899994   28.97784  0.3302E-17  0.1454E-04  0.2825E-07  0.1495E-02  0.1010E-02  0.1690E+01
   -0.949995   28.97819  0.3302E-17  0.1415E-04  0.2696E-07  0.1540E-02  0.8850E-03  0.1571E+01
   -0.999997   28.97851  0.3302E-17  0.1375E-04  0.2590E-07  0.1588E-02  0.7770E-03  0.1461E+01
   -1.049998   28.97880  0.3302E-17  0.1335E-04  0.2506E-07  0.1644E-02  0.6842E-03  0.1359E+01
   -1.100000   28.97907  0.3302E-17  0.1295E-04  0.2441E-07  0.1710E-02  0.6044E-03  0.1264E+01
   -1.150001   28.97932  0.3302E-17  0.1256E-04  0.2394E-07  0.1785E-02  0.5359E-03  0.1175E+01
   -1.200002   28.97954  0.3301E-17  0.1218E-04  0.2365E-07  0.1832E-02  0.4773E-03  0.1087E+01
   -1.250004   28.97975  0.3301E-17  0.1182E-04  0.2352E-07  0.1778E-02  0.4272E-03  0.9905E+00
   -1.300005   28.97995  0.3301E-17  0.1148E-04  0.2355E-07  0.1672E-02  0.3844E-03  0.8915E+00
   -1.350006   28.98016  0.3301E-17  0.1116E-04  0.2373E-07  0.1567E-02  0.3481E-03  0.7958E+00
   -1.400006   28.98037  0.3301E-17  0.1086E-04  0.2408E-07  0.1470E-02  0.3172E-03  0.7142E+00
   -1.450007   28.98058  0.3301E-17  0.1057E-04  0.2461E-07  0.1384E-02  0.2909E-03  0.6786E+00
   -1.500007   28.98080  0.3301E-17  0.1028E-04  0.2541E-07  0.1291E-02  0.2679E-03  0.7199E+00
   -1.550007   28.98102  0.3301E-17  0.9968E-05  0.2660E-07  0.1218E-02  0.2469E-03  0.8973E+00
   -1.600007   28.98124  0.3301E-17  0.9621E-05  0.2854E-07  0.1097E-02  0.2271E-03  0.1449E+01
   -1.650007   28.98149  0.3301E-17  0.9208E-05  0.3176E-07  0.1012E-02  0.2063E-03  0.2073E+00
   -1.700006   28.98177  0.3301E-17  0.8676E-05  0.3768E-07  0.8481E-03  0.1857E-03 -0.3521E+02
   -1.750005   28.98220  0.3301E-17  0.7961E-05  0.4796E-07  0.7398E-03  0.1597E-03  0.6300E+04
   -1.800003   28.98264  0.3301E-17  0.6942E-05  0.7074E-07  0.5324E-03  0.1359E-03  0.2454E+04
   -1.850002   28.98381  0.3301E-17  0.5794E-05  0.1091E-06  0.4403E-03  0.9960E-04  0.7915E+05
   -1.899999   28.98391  0.3301E-17  0.4368E-05  0.2254E-06  0.2142E-03  0.7795E-04 -0.9076E+04
   -1.949996   28.98829  0.3301E-17  0.2914E-05  0.5767E-06  0.1542E-03  0.4106E-04 -0.3758E+05
   -1.999993   28.99188  0.3301E-17  0.0000E+00  0.0000E+00  0.0000E+00  0.8167E-04  0.0000E+00
