 1 - depth, m
 2 - temperature, C
 3 - salinity, kg/kg
 4 - turbulent kinetic energy, m**2/s**2
 5 - dissipation rate, m**2/s**3
 6 - kinematic heat conductance, m**2/s
 7 - modulus of horizontal velocity, m/s
 8 - Richardson number, n/d
   -0.000000   28.75786  0.4539E-25  0.3453E-05  0.1167E-06  0.2590E-04  0.2838E-02 -0.5368E+01
   -0.049997   28.79061  0.4539E-25  0.5243E-05  0.5325E-07  0.1860E-03  0.1283E-02  0.6625E+04
   -0.099994   28.79497  0.4539E-25  0.5862E-05  0.4066E-07  0.2722E-03  0.1077E-02  0.2260E+02
   -0.149992   28.79756  0.4539E-25  0.6278E-05  0.3435E-07  0.3567E-03  0.9433E-03  0.1101E+02
   -0.199990   28.79941  0.4539E-25  0.6574E-05  0.3031E-07  0.4377E-03  0.8430E-03  0.7118E+01
   -0.249988   28.80081  0.4539E-25  0.6788E-05  0.2742E-07  0.5112E-03  0.7617E-03  0.5295E+01
   -0.299987   28.80194  0.4539E-25  0.6943E-05  0.2516E-07  0.5796E-03  0.6907E-03  0.4271E+01
   -0.349987   28.80288  0.4539E-25  0.7051E-05  0.2329E-07  0.6449E-03  0.6254E-03  0.3778E+01
   -0.399986   28.80368  0.4539E-25  0.7119E-05  0.2169E-07  0.7075E-03  0.5636E-03  0.3381E+01
   -0.449986   28.80436  0.4539E-25  0.7153E-05  0.2027E-07  0.7662E-03  0.5078E-03  0.3175E+01
   -0.499986   28.80494  0.4539E-25  0.7161E-05  0.1902E-07  0.8198E-03  0.4587E-03  0.3011E+01
   -0.549987   28.80544  0.4539E-25  0.7146E-05  0.1791E-07  0.8686E-03  0.4155E-03  0.2921E+01
   -0.599987   28.80588  0.4539E-25  0.7114E-05  0.1692E-07  0.9127E-03  0.3773E-03  0.2810E+01
   -0.649988   28.80627  0.4539E-25  0.7069E-05  0.1604E-07  0.9524E-03  0.3435E-03  0.2771E+01
   -0.699989   28.80662  0.4539E-25  0.7013E-05  0.1524E-07  0.9877E-03  0.3134E-03  0.2699E+01
   -0.749990   28.80693  0.4539E-25  0.6948E-05  0.1453E-07  0.1019E-02  0.2866E-03  0.2697E+01
   -0.799992   28.80721  0.4539E-25  0.6878E-05  0.1388E-07  0.1046E-02  0.2625E-03  0.2657E+01
   -0.849993   28.80747  0.4539E-25  0.6802E-05  0.1330E-07  0.1070E-02  0.2409E-03  0.2691E+01
   -0.899995   28.80770  0.4539E-25  0.6724E-05  0.1277E-07  0.1089E-02  0.2215E-03  0.2682E+01
   -0.949996   28.80791  0.4539E-25  0.6642E-05  0.1230E-07  0.1105E-02  0.2038E-03  0.2757E+01
   -0.999998   28.80811  0.4539E-25  0.6559E-05  0.1187E-07  0.1118E-02  0.1879E-03  0.2786E+01
   -1.049999   28.80829  0.4539E-25  0.6475E-05  0.1149E-07  0.1128E-02  0.1733E-03  0.2913E+01
   -1.100001   28.80845  0.4539E-25  0.6390E-05  0.1114E-07  0.1134E-02  0.1600E-03  0.3003E+01
   -1.150002   28.80861  0.4539E-25  0.6303E-05  0.1083E-07  0.1136E-02  0.1476E-03  0.3209E+01
   -1.200004   28.80876  0.4539E-25  0.6216E-05  0.1055E-07  0.1135E-02  0.1360E-03  0.3498E+01
   -1.250005   28.80889  0.4539E-25  0.6128E-05  0.1032E-07  0.1184E-02  0.1252E-03  0.1141E+02
   -1.300006   28.80902  0.4539E-25  0.6042E-05  0.1012E-07  0.1119E-02  0.1156E-03  0.2820E+02
   -1.350007   28.80914  0.4539E-25  0.5954E-05  0.9961E-08  0.1106E-02  0.1062E-03  0.4791E+01
   -1.400008   28.80926  0.4539E-25  0.5863E-05  0.9840E-08  0.1090E-02  0.9713E-04  0.4824E+01
   -1.450009   28.80938  0.4539E-25  0.5770E-05  0.9767E-08  0.1066E-02  0.8859E-04  0.5352E+01
   -1.500009   28.80949  0.4539E-25  0.5676E-05  0.9750E-08  0.1036E-02  0.8051E-04  0.6197E+01
   -1.550009   28.80961  0.4539E-25  0.5580E-05  0.9800E-08  0.9994E-03  0.7287E-04  0.7169E+01
   -1.600009   28.80972  0.4538E-25  0.5481E-05  0.9936E-08  0.9547E-03  0.6560E-04  0.8693E+01
   -1.650009   28.80984  0.4538E-25  0.5377E-05  0.1019E-07  0.9009E-03  0.5870E-04  0.1068E+02
   -1.700008   28.80996  0.4538E-25  0.5267E-05  0.1060E-07  0.8361E-03  0.5210E-04  0.1392E+02
   -1.750007   28.81010  0.4538E-25  0.5147E-05  0.1127E-07  0.7603E-03  0.4578E-04  0.1888E+02
   -1.800005   28.81025  0.4538E-25  0.5010E-05  0.1238E-07  0.6595E-03  0.3971E-04  0.2846E+02
   -1.850004   28.81045  0.4538E-25  0.4844E-05  0.1435E-07  0.5805E-03  0.3380E-04  0.5009E+02
   -1.900001   28.81071  0.4538E-25  0.4565E-05  0.1950E-07  0.4168E-03  0.2828E-04  0.1943E+04
   -1.949999   28.81124  0.4538E-25  0.2930E-05  0.7108E-07  0.2983E-04  0.2154E-04 -0.1380E+07
   -1.999995   28.81714  0.4538E-25  0.0000E+00  0.0000E+00  0.0000E+00  0.2192E-04  0.0000E+00
