 1 - depth, m
 2 - temperature, C
 3 - salinity, kg/kg
 4 - turbulent kinetic energy, m**2/s**2
 5 - dissipation rate, m**2/s**3
 6 - kinematic heat conductance, m**2/s
 7 - modulus of horizontal velocity, m/s
 8 - Richardson number, n/d
   -0.000000   30.07725  0.2348E-20  0.5525E-05  0.2183E-06  0.3220E-04  0.6056E-02 -0.6051E+00
   -0.049997   30.11543  0.2348E-20  0.7507E-05  0.9491E-07  0.2113E-03  0.3108E-02  0.9108E+02
   -0.099994   30.12111  0.2348E-20  0.8319E-05  0.7197E-07  0.3048E-03  0.2676E-02  0.2886E+01
   -0.149992   30.12443  0.2348E-20  0.8932E-05  0.6091E-07  0.3936E-03  0.2407E-02  0.1881E+01
   -0.199990   30.12685  0.2348E-20  0.9455E-05  0.5369E-07  0.4910E-03  0.2188E-02  0.1804E+01
   -0.249989   30.12868  0.2348E-20  0.9923E-05  0.4825E-07  0.5985E-03  0.1986E-02  0.1912E+01
   -0.299987   30.13011  0.2348E-20  0.1034E-04  0.4385E-07  0.7154E-03  0.1793E-02  0.2063E+01
   -0.349987   30.13124  0.2348E-20  0.1069E-04  0.4012E-07  0.8187E-03  0.1604E-02  0.2213E+01
   -0.399986   30.13218  0.2348E-20  0.1098E-04  0.3691E-07  0.9030E-03  0.1420E-02  0.2150E+01
   -0.449986   30.13299  0.2348E-20  0.1119E-04  0.3413E-07  0.9927E-03  0.1253E-02  0.2042E+01
   -0.499986   30.13368  0.2348E-20  0.1133E-04  0.3172E-07  0.1082E-02  0.1107E-02  0.1948E+01
   -0.549987   30.13428  0.2348E-20  0.1142E-04  0.2962E-07  0.1167E-02  0.9794E-03  0.1863E+01
   -0.599988   30.13481  0.2348E-20  0.1144E-04  0.2777E-07  0.1248E-02  0.8674E-03  0.1789E+01
   -0.649988   30.13528  0.2348E-20  0.1142E-04  0.2612E-07  0.1323E-02  0.7687E-03  0.1724E+01
   -0.699989   30.13569  0.2348E-20  0.1136E-04  0.2465E-07  0.1402E-02  0.6812E-03  0.1667E+01
   -0.749991   30.13606  0.2348E-20  0.1125E-04  0.2329E-07  0.1432E-02  0.6041E-03  0.1645E+01
   -0.799992   30.13641  0.2348E-20  0.1118E-04  0.2257E-07  0.1678E-02  0.5307E-03  0.1615E+01
   -0.849993   30.13669  0.2348E-20  0.1111E-04  0.2211E-07  0.1762E-02  0.5050E-03  0.2091E+01
   -0.899995   30.13694  0.2348E-20  0.1101E-04  0.2156E-07  0.1652E-02  0.4829E-03  0.1252E+01
   -0.949996   30.13720  0.2348E-20  0.1084E-04  0.2078E-07  0.1706E-02  0.4360E-03  0.1266E+01
   -0.999998   30.13743  0.2348E-20  0.1066E-04  0.2012E-07  0.1711E-02  0.3947E-03  0.1201E+01
   -1.049999   30.13765  0.2348E-20  0.1047E-04  0.1955E-07  0.1698E-02  0.3584E-03  0.1129E+01
   -1.100001   30.13785  0.2348E-20  0.1028E-04  0.1909E-07  0.1677E-02  0.3264E-03  0.1057E+01
   -1.150003   30.13805  0.2348E-20  0.1009E-04  0.1871E-07  0.1648E-02  0.2983E-03  0.9820E+00
   -1.200004   30.13824  0.2348E-20  0.9906E-05  0.1842E-07  0.1613E-02  0.2735E-03  0.9100E+00
   -1.250005   30.13843  0.2348E-20  0.9726E-05  0.1822E-07  0.1572E-02  0.2517E-03  0.8416E+00
   -1.300006   30.13860  0.2348E-20  0.9550E-05  0.1810E-07  0.1529E-02  0.2325E-03  0.7870E+00
   -1.350007   30.13877  0.2348E-20  0.9377E-05  0.1805E-07  0.1487E-02  0.2155E-03  0.7664E+00
   -1.400008   30.13894  0.2348E-20  0.9202E-05  0.1810E-07  0.1440E-02  0.2003E-03  0.8061E+00
   -1.450009   30.13910  0.2348E-20  0.9020E-05  0.1825E-07  0.1386E-02  0.1860E-03  0.9050E+00
   -1.500009   30.13925  0.2348E-20  0.8825E-05  0.1855E-07  0.1315E-02  0.1723E-03  0.1064E+01
   -1.550010   30.13941  0.2348E-20  0.8615E-05  0.1904E-07  0.1242E-02  0.1590E-03  0.1293E+01
   -1.600009   30.13956  0.2348E-20  0.8386E-05  0.1985E-07  0.1143E-02  0.1460E-03  0.1699E+01
   -1.650009   30.13972  0.2348E-20  0.8130E-05  0.2114E-07  0.1068E-02  0.1331E-03  0.1539E+02
   -1.700008   30.13988  0.2348E-20  0.7825E-05  0.2351E-07  0.9347E-03  0.1206E-03  0.9782E+01
   -1.750007   30.14009  0.2348E-20  0.7430E-05  0.2772E-07  0.8440E-03  0.1063E-03  0.1113E+04
   -1.800006   30.14033  0.2348E-20  0.6871E-05  0.3605E-07  0.6452E-03  0.9245E-04 -0.1111E+04
   -1.850004   30.14077  0.2348E-20  0.6113E-05  0.5144E-07  0.5661E-03  0.7345E-04  0.7778E+04
   -1.900002   30.14107  0.2348E-20  0.5039E-05  0.9706E-07  0.2914E-03  0.5873E-04  0.2862E+04
   -1.949999   30.14274  0.2348E-20  0.3122E-05  0.2757E-06  0.1028E-03  0.3571E-04 -0.4597E+05
   -1.999996   30.14591  0.2348E-20  0.0000E+00  0.0000E+00  0.0000E+00  0.5288E-04  0.0000E+00
