 1 - depth, m
 2 - temperature, C
 3 - salinity, kg/kg
 4 - turbulent kinetic energy, m**2/s**2
 5 - dissipation rate, m**2/s**3
 6 - kinematic heat conductance, m**2/s
 7 - modulus of horizontal velocity, m/s
 8 - Richardson number, n/d
   -0.000000   26.37601  0.6174E-20  0.2245E-04  0.2014E-05  0.2951E-04  0.3047E-01 -0.4724E-01
   -0.049997   26.43265  0.6174E-20  0.1920E-04  0.6083E-06  0.8699E-04  0.1693E-01 -0.1569E+00
   -0.099994   26.44749  0.6174E-20  0.1852E-04  0.3282E-06  0.1835E-03  0.1332E-01  0.4588E+02
   -0.149991   26.45487  0.6174E-20  0.1838E-04  0.2279E-06  0.4100E-03  0.1135E-01  0.1383E+03
   -0.199989   26.45818  0.6174E-20  0.1854E-04  0.1812E-06  0.5965E-03  0.1016E-01  0.9123E+02
   -0.249988   26.46010  0.6174E-20  0.1885E-04  0.1524E-06  0.6453E-03  0.9188E-02  0.1494E+03
   -0.299987   26.46178  0.6174E-20  0.1915E-04  0.1314E-06  0.7015E-03  0.8247E-02  0.7671E+02
   -0.349986   26.46324  0.6173E-20  0.1936E-04  0.1153E-06  0.7444E-03  0.7370E-02  0.8205E+02
   -0.399985   26.46457  0.6173E-20  0.1941E-04  0.1018E-06  0.8038E-03  0.6522E-02  0.2272E+02
   -0.449985   26.46573  0.6173E-20  0.1932E-04  0.9024E-07  0.8619E-03  0.5759E-02  0.1197E+02
   -0.499985   26.46677  0.6173E-20  0.1914E-04  0.8031E-07  0.9198E-03  0.5080E-02  0.8263E+01
   -0.549985   26.46769  0.6173E-20  0.1888E-04  0.7170E-07  0.9765E-03  0.4473E-02  0.6384E+01
   -0.599986   26.46851  0.6173E-20  0.1855E-04  0.6418E-07  0.1034E-02  0.3926E-02  0.5283E+01
   -0.649987   26.46926  0.6173E-20  0.1816E-04  0.5750E-07  0.1087E-02  0.3434E-02  0.4569E+01
   -0.699988   26.46993  0.6173E-20  0.1772E-04  0.5157E-07  0.1150E-02  0.2983E-02  0.4175E+01
   -0.749989   26.47054  0.6173E-20  0.1719E-04  0.4594E-07  0.1222E-02  0.2587E-02  0.3851E+01
   -0.799990   26.47108  0.6173E-20  0.1684E-04  0.4297E-07  0.2019E-02  0.2175E-02  0.2032E+01
   -0.849991   26.47140  0.6173E-20  0.1663E-04  0.4138E-07  0.2098E-02  0.2041E-02  0.1761E+01
   -0.899993   26.47169  0.6173E-20  0.1636E-04  0.3957E-07  0.1251E-02  0.1941E-02  0.1865E+01
   -0.949994   26.47215  0.6173E-20  0.1581E-04  0.3653E-07  0.1316E-02  0.1664E-02  0.2029E+01
   -0.999995   26.47258  0.6173E-20  0.1528E-04  0.3409E-07  0.1329E-02  0.1446E-02  0.1819E+01
   -1.049997   26.47298  0.6173E-20  0.1474E-04  0.3204E-07  0.1350E-02  0.1253E-02  0.1676E+01
   -1.099998   26.47336  0.6173E-20  0.1421E-04  0.3038E-07  0.1372E-02  0.1085E-02  0.1541E+01
   -1.150000   26.47372  0.6173E-20  0.1368E-04  0.2908E-07  0.1400E-02  0.9406E-03  0.1418E+01
   -1.200001   26.47406  0.6173E-20  0.1317E-04  0.2812E-07  0.1437E-02  0.8164E-03  0.1304E+01
   -1.250002   26.47438  0.6173E-20  0.1268E-04  0.2747E-07  0.1488E-02  0.7104E-03  0.1198E+01
   -1.300003   26.47468  0.6173E-20  0.1222E-04  0.2711E-07  0.1537E-02  0.6205E-03  0.1099E+01
   -1.350004   26.47495  0.6173E-20  0.1178E-04  0.2703E-07  0.1518E-02  0.5446E-03  0.9973E+00
   -1.400005   26.47522  0.6173E-20  0.1137E-04  0.2722E-07  0.1414E-02  0.4811E-03  0.8900E+00
   -1.450005   26.47551  0.6173E-20  0.1099E-04  0.2767E-07  0.1303E-02  0.4282E-03  0.7906E+00
   -1.500006   26.47580  0.6173E-20  0.1064E-04  0.2840E-07  0.1200E-02  0.3842E-03  0.7208E+00
   -1.550006   26.47611  0.6173E-20  0.1030E-04  0.2951E-07  0.1119E-02  0.3474E-03  0.7431E+00
   -1.600005   26.47644  0.6173E-20  0.9938E-05  0.3131E-07  0.1013E-02  0.3154E-03  0.9888E+00
   -1.650005   26.47680  0.6173E-20  0.9532E-05  0.3419E-07  0.9482E-03  0.2849E-03  0.1685E+01
   -1.700004   26.47720  0.6173E-20  0.9022E-05  0.3964E-07  0.7952E-03  0.2559E-03 -0.4414E+01
   -1.750003   26.47780  0.6173E-20  0.8333E-05  0.4946E-07  0.7082E-03  0.2204E-03 -0.1359E+03
   -1.800001   26.47846  0.6173E-20  0.7353E-05  0.6984E-07  0.5089E-03  0.1874E-03  0.9536E+03
   -1.849999   26.48013  0.6173E-20  0.6152E-05  0.1070E-06  0.4275E-03  0.1382E-03  0.8300E+06
   -1.899997   26.48042  0.6173E-20  0.4672E-05  0.2209E-06  0.2022E-03  0.1079E-03 -0.3416E+06
   -1.949994   26.48689  0.6172E-20  0.3092E-05  0.5792E-06  0.1445E-03  0.5684E-04 -0.1115E+05
   -1.999991   26.49071  0.6172E-20  0.0000E+00  0.0000E+00  0.0000E+00  0.1066E-03  0.0000E+00
