 1 - depth, m
 2 - temperature, C
 3 - salinity, kg/kg
 4 - turbulent kinetic energy, m**2/s**2
 5 - dissipation rate, m**2/s**3
 6 - kinematic heat conductance, m**2/s
 7 - modulus of horizontal velocity, m/s
 8 - Richardson number, n/d
   -0.000000   29.70234  0.1695E-26  0.7836E-05  0.3265E-06  0.2843E-04  0.9653E-02 -0.3774E+00
   -0.049997   29.75177  0.1695E-26  0.9580E-05  0.1363E-06  0.2372E-03  0.5195E-02  0.4028E+02
   -0.099994   29.75746  0.1695E-26  0.1043E-04  0.1044E-06  0.3176E-03  0.4592E-02  0.1774E+01
   -0.149992   29.76143  0.1695E-26  0.1122E-04  0.8773E-07  0.4202E-03  0.4171E-02  0.2094E+01
   -0.199990   29.76426  0.1695E-26  0.1201E-04  0.7624E-07  0.5509E-03  0.3781E-02  0.2481E+01
   -0.249988   29.76631  0.1695E-26  0.1275E-04  0.6767E-07  0.6930E-03  0.3414E-02  0.2799E+01
   -0.299987   29.76785  0.1695E-26  0.1342E-04  0.6090E-07  0.7684E-03  0.3060E-02  0.3032E+01
   -0.349986   29.76918  0.1695E-26  0.1399E-04  0.5529E-07  0.8233E-03  0.2718E-02  0.3283E+01
   -0.399986   29.77036  0.1695E-26  0.1445E-04  0.5050E-07  0.9029E-03  0.2383E-02  0.3072E+01
   -0.449986   29.77138  0.1695E-26  0.1478E-04  0.4637E-07  0.9936E-03  0.2080E-02  0.2772E+01
   -0.499986   29.77226  0.1695E-26  0.1500E-04  0.4281E-07  0.1085E-02  0.1816E-02  0.2541E+01
   -0.549986   29.77303  0.1695E-26  0.1511E-04  0.3970E-07  0.1173E-02  0.1585E-02  0.2358E+01
   -0.599987   29.77370  0.1695E-26  0.1514E-04  0.3696E-07  0.1254E-02  0.1383E-02  0.2214E+01
   -0.649987   29.77430  0.1695E-26  0.1508E-04  0.3454E-07  0.1339E-02  0.1204E-02  0.2110E+01
   -0.699988   29.77483  0.1695E-26  0.1494E-04  0.3228E-07  0.1370E-02  0.1048E-02  0.2050E+01
   -0.749990   29.77533  0.1695E-26  0.1484E-04  0.3125E-07  0.2139E-02  0.8959E-03  0.1550E+01
   -0.799991   29.77563  0.1695E-26  0.1476E-04  0.3070E-07  0.2207E-02  0.8526E-03  0.1454E+01
   -0.849992   29.77591  0.1695E-26  0.1464E-04  0.3004E-07  0.1587E-02  0.8205E-03  0.1416E+01
   -0.899994   29.77628  0.1695E-26  0.1435E-04  0.2885E-07  0.1694E-02  0.7259E-03  0.1475E+01
   -0.949995   29.77661  0.1695E-26  0.1405E-04  0.2789E-07  0.1771E-02  0.6467E-03  0.1396E+01
   -0.999996   29.77691  0.1695E-26  0.1374E-04  0.2711E-07  0.1849E-02  0.5778E-03  0.1323E+01
   -1.049998   29.77719  0.1695E-26  0.1342E-04  0.2650E-07  0.1917E-02  0.5180E-03  0.1250E+01
   -1.099999   29.77744  0.1695E-26  0.1310E-04  0.2605E-07  0.1945E-02  0.4661E-03  0.1175E+01
   -1.150001   29.77768  0.1695E-26  0.1279E-04  0.2575E-07  0.1901E-02  0.4211E-03  0.1092E+01
   -1.200002   29.77791  0.1695E-26  0.1248E-04  0.2560E-07  0.1820E-02  0.3822E-03  0.1006E+01
   -1.250003   29.77814  0.1695E-26  0.1218E-04  0.2558E-07  0.1733E-02  0.3485E-03  0.9195E+00
   -1.300004   29.77837  0.1695E-26  0.1189E-04  0.2571E-07  0.1645E-02  0.3194E-03  0.8354E+00
   -1.350005   29.77860  0.1695E-26  0.1162E-04  0.2597E-07  0.1562E-02  0.2943E-03  0.7720E+00
   -1.400006   29.77884  0.1695E-26  0.1135E-04  0.2640E-07  0.1483E-02  0.2725E-03  0.7590E+00
   -1.450007   29.77907  0.1695E-26  0.1107E-04  0.2706E-07  0.1408E-02  0.2531E-03  0.8348E+00
   -1.500007   29.77931  0.1695E-26  0.1076E-04  0.2805E-07  0.1305E-02  0.2350E-03  0.1035E+01
   -1.550007   29.77956  0.1695E-26  0.1043E-04  0.2954E-07  0.1222E-02  0.2172E-03  0.1392E+01
   -1.600007   29.77981  0.1695E-26  0.1004E-04  0.3199E-07  0.1086E-02  0.2000E-03  0.3381E+01
   -1.650007   29.78011  0.1695E-26  0.9576E-05  0.3609E-07  0.1006E-02  0.1815E-03 -0.2267E+02
   -1.700006   29.78045  0.1695E-26  0.8959E-05  0.4371E-07  0.8294E-03  0.1629E-03 -0.7433E+02
   -1.750005   29.78100  0.1695E-26  0.8123E-05  0.5671E-07  0.7264E-03  0.1385E-03  0.1176E+04
   -1.800003   29.78153  0.1695E-26  0.6968E-05  0.8600E-07  0.5175E-03  0.1172E-03  0.5111E+04
   -1.850001   29.78308  0.1695E-26  0.5735E-05  0.1341E-06  0.4374E-03  0.8357E-04  0.1505E+07
   -1.899999   29.78293  0.1695E-26  0.4326E-05  0.2782E-06  0.2192E-03  0.6642E-04 -0.3303E+04
   -1.949996   29.78790  0.1695E-26  0.2916E-05  0.7047E-06  0.1682E-03  0.3442E-04 -0.3125E+05
   -1.999993   29.79051  0.1695E-26  0.0000E+00  0.0000E+00  0.0000E+00  0.7245E-04  0.0000E+00
