 1 - depth, m
 2 - temperature, C
 3 - salinity, kg/kg
 4 - turbulent kinetic energy, m**2/s**2
 5 - dissipation rate, m**2/s**3
 6 - kinematic heat conductance, m**2/s
 7 - modulus of horizontal velocity, m/s
 8 - Richardson number, n/d
   -0.000000   28.80017  0.2325E-14  0.3336E-05  0.1348E-06  0.3350E-04  0.2918E-02 -0.2605E+01
   -0.049998   28.82906  0.2326E-14  0.5121E-05  0.6150E-07  0.1457E-03  0.1572E-02  0.1020E+03
   -0.099996   28.83572  0.2326E-14  0.5836E-05  0.4418E-07  0.2580E-03  0.1230E-02  0.1483E+02
   -0.149995   28.83877  0.2326E-14  0.6264E-05  0.3694E-07  0.3277E-03  0.1074E-02  0.6341E+01
   -0.199994   28.84101  0.2326E-14  0.6550E-05  0.3233E-07  0.4065E-03  0.9547E-03  0.4090E+01
   -0.249994   28.84269  0.2326E-14  0.6738E-05  0.2903E-07  0.4749E-03  0.8596E-03  0.2996E+01
   -0.299994   28.84402  0.2326E-14  0.6855E-05  0.2647E-07  0.5365E-03  0.7789E-03  0.2414E+01
   -0.349995   28.84512  0.2326E-14  0.6920E-05  0.2435E-07  0.5935E-03  0.7067E-03  0.2165E+01
   -0.399995   28.84604  0.2326E-14  0.6941E-05  0.2253E-07  0.6468E-03  0.6393E-03  0.1997E+01
   -0.449996   28.84683  0.2326E-14  0.6926E-05  0.2090E-07  0.6955E-03  0.5785E-03  0.1912E+01
   -0.499998   28.84750  0.2326E-14  0.6880E-05  0.1945E-07  0.7385E-03  0.5250E-03  0.1863E+01
   -0.549999   28.84809  0.2326E-14  0.6808E-05  0.1815E-07  0.7761E-03  0.4778E-03  0.1828E+01
   -0.600001   28.84861  0.2326E-14  0.6714E-05  0.1697E-07  0.8087E-03  0.4360E-03  0.1795E+01
   -0.650003   28.84907  0.2326E-14  0.6602E-05  0.1589E-07  0.8364E-03  0.3989E-03  0.1777E+01
   -0.700005   28.84947  0.2326E-14  0.6476E-05  0.1491E-07  0.8597E-03  0.3659E-03  0.1759E+01
   -0.750007   28.84983  0.2326E-14  0.6339E-05  0.1400E-07  0.8787E-03  0.3364E-03  0.1760E+01
   -0.800010   28.85015  0.2326E-14  0.6193E-05  0.1316E-07  0.8939E-03  0.3100E-03  0.1764E+01
   -0.850012   28.85043  0.2326E-14  0.6041E-05  0.1239E-07  0.9058E-03  0.2863E-03  0.1788E+01
   -0.900015   28.85068  0.2326E-14  0.5884E-05  0.1168E-07  0.9148E-03  0.2650E-03  0.1816E+01
   -0.950018   28.85089  0.2326E-14  0.5724E-05  0.1101E-07  0.9213E-03  0.2458E-03  0.1867E+01
   -1.000020   28.85107  0.2326E-14  0.5563E-05  0.1040E-07  0.9259E-03  0.2283E-03  0.1920E+01
   -1.050023   28.85123  0.2326E-14  0.5402E-05  0.9837E-08  0.9289E-03  0.2125E-03  0.1985E+01
   -1.100026   28.85135  0.2326E-14  0.5244E-05  0.9322E-08  0.9315E-03  0.1982E-03  0.2019E+01
   -1.150028   28.85145  0.2326E-14  0.5092E-05  0.8860E-08  0.9360E-03  0.1854E-03  0.2041E+01
   -1.200031   28.85152  0.2326E-14  0.4948E-05  0.8452E-08  0.9377E-03  0.1742E-03  0.3180E+01
   -1.250033   28.85157  0.2326E-14  0.4800E-05  0.8070E-08  0.8329E-03  0.1643E-03  0.3163E+04
   -1.300036   28.85160  0.2326E-14  0.4613E-05  0.7631E-08  0.3824E-03  0.1546E-03  0.5484E+04
   -1.350038   28.85157  0.2326E-14  0.4370E-05  0.7120E-08  0.2255E-03  0.1407E-03  0.3256E+03
   -1.400040   28.85141  0.2326E-14  0.4100E-05  0.6616E-08  0.1233E-03  0.1272E-03  0.6029E+03
   -1.450042   28.84903  0.2326E-14  0.3615E-05  0.5789E-08  0.3627E-04  0.1114E-03  0.5041E+04
   -1.500043   28.78977  0.2323E-14  0.2421E-05  0.3827E-08  0.9347E-06  0.7719E-04  0.5642E+06
   -1.550044   28.54860  0.2290E-14  0.6654E-06  0.1045E-08  0.2959E-07  0.1918E-04  0.1032E+09
   -1.600045   28.06000  0.2128E-14  0.1021E-06  0.1672E-09  0.3748E-08  0.1488E-05  0.2466E+11
   -1.650046   27.50409  0.1891E-14  0.1440E-07  0.2486E-10  0.5664E-09  0.9282E-07  0.7137E+13
   -1.700047   26.93596  0.1669E-14  0.1892E-08  0.3750E-11  0.1254E-09  0.5062E-08  0.2506E+16
   -1.750047   26.36182  0.1451E-14  0.1558E-09  0.1077E-11  0.1000E-09  0.2394E-09  0.4381E+17
   -1.800046   25.79122  0.1221E-14  0.4419E-11  0.1000E-11  0.1000E-09  0.9631E-11  0.1287E+18
   -1.850046   25.25098  0.9692E-15  0.2891E-09  0.3651E-11  0.1164E-09  0.3155E-12  0.1118E+18
   -1.900044   24.80670  0.7207E-15  0.1488E-07  0.1803E-09  0.1741E-07  0.7884E-14  0.3514E+17
   -1.950043   24.66531  0.6503E-15  0.3524E-06  0.4551E-08  0.1018E-04  0.1415E-15 -0.3451E+16
   -2.000041   24.67920  0.6501E-15  0.0000E+00  0.0000E+00  0.0000E+00  0.1408E-15  0.0000E+00
