 1 - depth, m
 2 - temperature, C
 3 - salinity, kg/kg
 4 - turbulent kinetic energy, m**2/s**2
 5 - dissipation rate, m**2/s**3
 6 - kinematic heat conductance, m**2/s
 7 - modulus of horizontal velocity, m/s
 8 - Richardson number, n/d
   -0.000000   22.89028  0.1457E-19  0.3270E-04  0.1173E-05  0.1000E-09  0.3925E-01 -0.8000E+00
   -0.049997   28.15142  0.1050E-19  0.1641E-04  0.3476E-06  0.1005E-03  0.1013E-01 -0.4479E+00
   -0.099994   28.15818  0.1050E-19  0.1283E-04  0.1858E-06  0.1247E-03  0.8511E-02 -0.3961E+00
   -0.149992   28.16322  0.1050E-19  0.1131E-04  0.1180E-06  0.1977E-03  0.7182E-02  0.8124E+02
   -0.199990   28.16627  0.1050E-19  0.1062E-04  0.8761E-07  0.4077E-03  0.6197E-02  0.3348E+03
   -0.249989   28.16761  0.1050E-19  0.1030E-04  0.7151E-07  0.4799E-03  0.5585E-02  0.4603E+01
   -0.299987   28.16867  0.1050E-19  0.1009E-04  0.5993E-07  0.5425E-03  0.4985E-02  0.7714E+01
   -0.349987   28.16955  0.1050E-19  0.9904E-05  0.5110E-07  0.5608E-03  0.4400E-02  0.1334E+02
   -0.399986   28.17036  0.1050E-19  0.9678E-05  0.4396E-07  0.5921E-03  0.3832E-02  0.1052E+02
   -0.449986   28.17106  0.1050E-19  0.9416E-05  0.3807E-07  0.6274E-03  0.3328E-02  0.7048E+01
   -0.499986   28.17167  0.1050E-19  0.9135E-05  0.3318E-07  0.6619E-03  0.2892E-02  0.5265E+01
   -0.549987   28.17220  0.1050E-19  0.8844E-05  0.2910E-07  0.6954E-03  0.2514E-02  0.4190E+01
   -0.599987   28.17267  0.1050E-19  0.8548E-05  0.2566E-07  0.7287E-03  0.2185E-02  0.3478E+01
   -0.649988   28.17307  0.1050E-19  0.8252E-05  0.2275E-07  0.7621E-03  0.1898E-02  0.2965E+01
   -0.699989   28.17343  0.1050E-19  0.7959E-05  0.2027E-07  0.7963E-03  0.1648E-02  0.2578E+01
   -0.749991   28.17375  0.1050E-19  0.7673E-05  0.1816E-07  0.8316E-03  0.1430E-02  0.2273E+01
   -0.799992   28.17402  0.1050E-19  0.7394E-05  0.1635E-07  0.8685E-03  0.1241E-02  0.2027E+01
   -0.849993   28.17426  0.1050E-19  0.7125E-05  0.1479E-07  0.9074E-03  0.1076E-02  0.1823E+01
   -0.899995   28.17448  0.1050E-19  0.6867E-05  0.1346E-07  0.9491E-03  0.9331E-03  0.1651E+01
   -0.949996   28.17466  0.1050E-19  0.6620E-05  0.1232E-07  0.9940E-03  0.8093E-03  0.1501E+01
   -0.999998   28.17483  0.1050E-19  0.6387E-05  0.1134E-07  0.1043E-02  0.7023E-03  0.1370E+01
   -1.049999   28.17497  0.1050E-19  0.6167E-05  0.1050E-07  0.1091E-02  0.6100E-03  0.1251E+01
   -1.100001   28.17509  0.1050E-19  0.5961E-05  0.9793E-08  0.1114E-02  0.5305E-03  0.1137E+01
   -1.150002   28.17520  0.1050E-19  0.5770E-05  0.9196E-08  0.1122E-02  0.4623E-03  0.1030E+01
   -1.200004   28.17531  0.1050E-19  0.5593E-05  0.8698E-08  0.1118E-02  0.4037E-03  0.9274E+00
   -1.250005   28.17540  0.1050E-19  0.5431E-05  0.8289E-08  0.1107E-02  0.3536E-03  0.8306E+00
   -1.300006   28.17549  0.1050E-19  0.5283E-05  0.7960E-08  0.1093E-02  0.3107E-03  0.7389E+00
   -1.350007   28.17557  0.1050E-19  0.5149E-05  0.7702E-08  0.1075E-02  0.2742E-03  0.6514E+00
   -1.400008   28.17565  0.1050E-19  0.5029E-05  0.7509E-08  0.1053E-02  0.2430E-03  0.5681E+00
   -1.450009   28.17572  0.1050E-19  0.4921E-05  0.7377E-08  0.1030E-02  0.2166E-03  0.4883E+00
   -1.500009   28.17579  0.1050E-19  0.4825E-05  0.7300E-08  0.1008E-02  0.1942E-03  0.4355E+00
   -1.550009   28.17586  0.1050E-19  0.4736E-05  0.7276E-08  0.9845E-03  0.1751E-03  0.4636E+00
   -1.600009   28.17592  0.1050E-19  0.4649E-05  0.7311E-08  0.9544E-03  0.1578E-03  0.5453E+00
   -1.650009   28.17599  0.1050E-19  0.4561E-05  0.7419E-08  0.9214E-03  0.1415E-03  0.6814E+00
   -1.700008   28.17607  0.1050E-19  0.4468E-05  0.7630E-08  0.8572E-03  0.1262E-03  0.1150E+01
   -1.750007   28.17615  0.1050E-19  0.4359E-05  0.8015E-08  0.7109E-03  0.1108E-03  0.2635E+00
   -1.800006   28.17624  0.1050E-19  0.4226E-05  0.8724E-08  0.5595E-03  0.9451E-04 -0.4377E+03
   -1.850004   28.17637  0.1050E-19  0.4061E-05  0.1008E-07  0.4620E-03  0.7831E-04 -0.1838E+03
   -1.900002   28.17656  0.1050E-19  0.3804E-05  0.1347E-07  0.3374E-03  0.6267E-04 -0.4270E+03
   -1.949999   28.17694  0.1050E-19  0.2435E-05  0.4717E-07  0.1910E-04  0.4588E-04 -0.3336E+07
   -1.999996   28.18302  0.1049E-19  0.0000E+00  0.0000E+00  0.0000E+00  0.4590E-04  0.0000E+00
