 1 - depth, m
 2 - temperature, C
 3 - salinity, kg/kg
 4 - turbulent kinetic energy, m**2/s**2
 5 - dissipation rate, m**2/s**3
 6 - kinematic heat conductance, m**2/s
 7 - modulus of horizontal velocity, m/s
 8 - Richardson number, n/d
   -0.000000   27.38602  0.4133E-23  0.1027E-04  0.4620E-06  0.2596E-04  0.1618E-01 -0.1020E+00
   -0.049997   27.41639  0.4133E-23  0.1036E-04  0.1733E-06  0.9144E-04  0.9676E-02 -0.2769E+00
   -0.099994   27.42455  0.4133E-23  0.1040E-04  0.1098E-06  0.2593E-03  0.7630E-02  0.3274E+03
   -0.149992   27.42753  0.4133E-23  0.1056E-04  0.8539E-07  0.4152E-03  0.6680E-02  0.1268E+03
   -0.199990   27.42913  0.4133E-23  0.1082E-04  0.7152E-07  0.5173E-03  0.6016E-02  0.7533E+01
   -0.249989   27.43035  0.4133E-23  0.1109E-04  0.6158E-07  0.5802E-03  0.5389E-02  0.9747E+01
   -0.299988   27.43138  0.4133E-23  0.1132E-04  0.5407E-07  0.6196E-03  0.4807E-02  0.1212E+02
   -0.349987   27.43229  0.4133E-23  0.1148E-04  0.4803E-07  0.6551E-03  0.4256E-02  0.1665E+02
   -0.399987   27.43312  0.4133E-23  0.1154E-04  0.4288E-07  0.7067E-03  0.3725E-02  0.1099E+02
   -0.449987   27.43385  0.4133E-23  0.1152E-04  0.3843E-07  0.7604E-03  0.3252E-02  0.7026E+01
   -0.499987   27.43448  0.4133E-23  0.1144E-04  0.3459E-07  0.8132E-03  0.2840E-02  0.5196E+01
   -0.549988   27.43505  0.4133E-23  0.1131E-04  0.3128E-07  0.8647E-03  0.2479E-02  0.4137E+01
   -0.599988   27.43555  0.4133E-23  0.1115E-04  0.2841E-07  0.9150E-03  0.2163E-02  0.3451E+01
   -0.649989   27.43600  0.4133E-23  0.1097E-04  0.2593E-07  0.9641E-03  0.1886E-02  0.2966E+01
   -0.699990   27.43640  0.4133E-23  0.1076E-04  0.2378E-07  0.1012E-02  0.1643E-02  0.2603E+01
   -0.749992   27.43677  0.4133E-23  0.1053E-04  0.2193E-07  0.1059E-02  0.1431E-02  0.2322E+01
   -0.799993   27.43710  0.4133E-23  0.1030E-04  0.2032E-07  0.1106E-02  0.1245E-02  0.2096E+01
   -0.849994   27.43740  0.4133E-23  0.1005E-04  0.1894E-07  0.1152E-02  0.1083E-02  0.1909E+01
   -0.899996   27.43768  0.4133E-23  0.9799E-05  0.1776E-07  0.1200E-02  0.9431E-03  0.1751E+01
   -0.949998   27.43793  0.4133E-23  0.9544E-05  0.1676E-07  0.1251E-02  0.8215E-03  0.1615E+01
   -0.999999   27.43816  0.4133E-23  0.9290E-05  0.1593E-07  0.1305E-02  0.7164E-03  0.1494E+01
   -1.050001   27.43836  0.4133E-23  0.9039E-05  0.1523E-07  0.1365E-02  0.6258E-03  0.1386E+01
   -1.100002   27.43855  0.4133E-23  0.8793E-05  0.1468E-07  0.1432E-02  0.5480E-03  0.1288E+01
   -1.150004   27.43873  0.4133E-23  0.8555E-05  0.1424E-07  0.1492E-02  0.4812E-03  0.1197E+01
   -1.200005   27.43888  0.4133E-23  0.8326E-05  0.1392E-07  0.1507E-02  0.4241E-03  0.1105E+01
   -1.250007   27.43903  0.4133E-23  0.8109E-05  0.1370E-07  0.1456E-02  0.3753E-03  0.1008E+01
   -1.300008   27.43918  0.4133E-23  0.7903E-05  0.1359E-07  0.1393E-02  0.3337E-03  0.9124E+00
   -1.350009   27.43933  0.4133E-23  0.7711E-05  0.1356E-07  0.1327E-02  0.2984E-03  0.8193E+00
   -1.400010   27.43948  0.4133E-23  0.7531E-05  0.1363E-07  0.1261E-02  0.2685E-03  0.7312E+00
   -1.450011   27.43962  0.4133E-23  0.7363E-05  0.1378E-07  0.1200E-02  0.2433E-03  0.6677E+00
   -1.500011   27.43977  0.4133E-23  0.7198E-05  0.1404E-07  0.1142E-02  0.2218E-03  0.6805E+00
   -1.550011   27.43993  0.4133E-23  0.7027E-05  0.1444E-07  0.1078E-02  0.2027E-03  0.8253E+00
   -1.600011   27.44008  0.4133E-23  0.6840E-05  0.1507E-07  0.9906E-03  0.1845E-03  0.1111E+01
   -1.650011   27.44025  0.4133E-23  0.6630E-05  0.1605E-07  0.9099E-03  0.1667E-03  0.1652E+01
   -1.700010   27.44042  0.4133E-23  0.6384E-05  0.1772E-07  0.7901E-03  0.1494E-03  0.2870E+01
   -1.750009   27.44064  0.4133E-23  0.6066E-05  0.2081E-07  0.7061E-03  0.1312E-03  0.3441E+02
   -1.800008   27.44090  0.4133E-23  0.5591E-05  0.2732E-07  0.5157E-03  0.1127E-03  0.3531E+03
   -1.850006   27.44142  0.4133E-23  0.4870E-05  0.4015E-07  0.4157E-03  0.8695E-04  0.2769E+04
   -1.900004   27.44186  0.4133E-23  0.3761E-05  0.7803E-07  0.2038E-03  0.6580E-04  0.5032E+04
   -1.950001   27.44413  0.4133E-23  0.2325E-05  0.2125E-06  0.9256E-04  0.3591E-04 -0.4830E+05
   -1.999998   27.44755  0.4133E-23  0.0000E+00  0.0000E+00  0.0000E+00  0.5878E-04  0.0000E+00
