 1 - depth, m
 2 - temperature, C
 3 - salinity, kg/kg
 4 - turbulent kinetic energy, m**2/s**2
 5 - dissipation rate, m**2/s**3
 6 - kinematic heat conductance, m**2/s
 7 - modulus of horizontal velocity, m/s
 8 - Richardson number, n/d
   -0.000000   28.55969  0.4518E-18  0.2974E-05  0.1086E-06  0.2960E-04  0.2412E-02 -0.2551E+01
   -0.049997   28.58565  0.4518E-18  0.4686E-05  0.4929E-07  0.1544E-03  0.1192E-02  0.4651E+04
   -0.099995   28.59081  0.4518E-18  0.5352E-05  0.3599E-07  0.2675E-03  0.9316E-03  0.1390E+02
   -0.149993   28.59313  0.4518E-18  0.5769E-05  0.3034E-07  0.3416E-03  0.8095E-03  0.6237E+01
   -0.199991   28.59482  0.4518E-18  0.6068E-05  0.2675E-07  0.4257E-03  0.7162E-03  0.4051E+01
   -0.249990   28.59610  0.4518E-18  0.6285E-05  0.2420E-07  0.5005E-03  0.6419E-03  0.2965E+01
   -0.299989   28.59713  0.4518E-18  0.6441E-05  0.2225E-07  0.5694E-03  0.5794E-03  0.2344E+01
   -0.349989   28.59798  0.4518E-18  0.6551E-05  0.2070E-07  0.6317E-03  0.5249E-03  0.1993E+01
   -0.399989   28.59872  0.4518E-18  0.6623E-05  0.1940E-07  0.6886E-03  0.4762E-03  0.1765E+01
   -0.449989   28.59935  0.4518E-18  0.6666E-05  0.1827E-07  0.7413E-03  0.4332E-03  0.1642E+01
   -0.499989   28.59989  0.4518E-18  0.6686E-05  0.1727E-07  0.7895E-03  0.3955E-03  0.1572E+01
   -0.549990   28.60037  0.4518E-18  0.6689E-05  0.1639E-07  0.8333E-03  0.3622E-03  0.1527E+01
   -0.599991   28.60079  0.4518E-18  0.6677E-05  0.1560E-07  0.8697E-03  0.3324E-03  0.1610E+01
   -0.649992   28.60117  0.4518E-18  0.6654E-05  0.1490E-07  0.8669E-03  0.3055E-03  0.6523E+01
   -0.699993   28.60152  0.4518E-18  0.6622E-05  0.1426E-07  0.1042E-02  0.2807E-03  0.7006E+01
   -0.749995   28.60179  0.4518E-18  0.6583E-05  0.1369E-07  0.9685E-03  0.2609E-03  0.1725E+01
   -0.799996   28.60207  0.4518E-18  0.6537E-05  0.1317E-07  0.9728E-03  0.2406E-03  0.6169E+01
   -0.849998   28.60232  0.4518E-18  0.6486E-05  0.1269E-07  0.1099E-02  0.2219E-03  0.9330E+01
   -0.900000   28.60254  0.4518E-18  0.6433E-05  0.1227E-07  0.1030E-02  0.2062E-03  0.7248E+01
   -0.950002   28.60275  0.4518E-18  0.6375E-05  0.1188E-07  0.1118E-02  0.1905E-03  0.1063E+02
   -1.000004   28.60294  0.4518E-18  0.6316E-05  0.1153E-07  0.1075E-02  0.1769E-03  0.7643E+01
   -1.050005   28.60313  0.4518E-18  0.6253E-05  0.1122E-07  0.1121E-02  0.1635E-03  0.1131E+02
   -1.100007   28.60330  0.4518E-18  0.6188E-05  0.1094E-07  0.1082E-02  0.1515E-03  0.2274E+01
   -1.150009   28.60346  0.4518E-18  0.6119E-05  0.1070E-07  0.1083E-02  0.1396E-03  0.2286E+01
   -1.200011   28.60362  0.4518E-18  0.6049E-05  0.1049E-07  0.1081E-02  0.1284E-03  0.2517E+01
   -1.250012   28.60378  0.4518E-18  0.5977E-05  0.1031E-07  0.1073E-02  0.1180E-03  0.2929E+01
   -1.300014   28.60393  0.4518E-18  0.5904E-05  0.1018E-07  0.1129E-02  0.1082E-03  0.9148E+01
   -1.350015   28.60406  0.4518E-18  0.5830E-05  0.1010E-07  0.1022E-02  0.9961E-04  0.3051E+02
   -1.400016   28.60421  0.4518E-18  0.5753E-05  0.1006E-07  0.1020E-02  0.9101E-04  0.4882E+01
   -1.450017   28.60436  0.4517E-18  0.5670E-05  0.1008E-07  0.9944E-03  0.8280E-04  0.5266E+01
   -1.500018   28.60451  0.4517E-18  0.5584E-05  0.1016E-07  0.9588E-03  0.7505E-04  0.6518E+01
   -1.550018   28.60466  0.4517E-18  0.5492E-05  0.1033E-07  0.9152E-03  0.6771E-04  0.8344E+01
   -1.600019   28.60481  0.4517E-18  0.5393E-05  0.1061E-07  0.8624E-03  0.6073E-04  0.1116E+02
   -1.650018   28.60498  0.4517E-18  0.5285E-05  0.1106E-07  0.8009E-03  0.5407E-04  0.1571E+02
   -1.700018   28.60517  0.4517E-18  0.5163E-05  0.1175E-07  0.7242E-03  0.4769E-04  0.2385E+02
   -1.750017   28.60538  0.4517E-18  0.5020E-05  0.1285E-07  0.6472E-03  0.4153E-04  0.4134E+02
   -1.800016   28.60563  0.4517E-18  0.4839E-05  0.1485E-07  0.5278E-03  0.3561E-04  0.3062E+03
   -1.850015   28.60597  0.4517E-18  0.4582E-05  0.1879E-07  0.4474E-03  0.2939E-04  0.3943E+03
   -1.900013   28.60642  0.4517E-18  0.4109E-05  0.3044E-07  0.2509E-03  0.2366E-04  0.5235E+06
   -1.950010   28.60788  0.4517E-18  0.2636E-05  0.9640E-07  0.4753E-04  0.1547E-04 -0.2249E+07
   -2.000007   28.61444  0.4517E-18  0.0000E+00  0.0000E+00  0.0000E+00  0.1759E-04  0.0000E+00
