 1 - depth, m
 2 - temperature, C
 3 - salinity, kg/kg
 4 - turbulent kinetic energy, m**2/s**2
 5 - dissipation rate, m**2/s**3
 6 - kinematic heat conductance, m**2/s
 7 - modulus of horizontal velocity, m/s
 8 - Richardson number, n/d
   -0.000000   29.06215  0.2297E-16  0.5684E-05  0.2187E-06  0.2927E-04  0.5455E-02 -0.6795E+00
   -0.049998   29.10670  0.2298E-16  0.8141E-05  0.9695E-07  0.2451E-03  0.2668E-02  0.8974E+01
   -0.099996   29.11189  0.2298E-16  0.9021E-05  0.7558E-07  0.3339E-03  0.2330E-02  0.2526E+01
   -0.149994   29.11532  0.2298E-16  0.9683E-05  0.6473E-07  0.4340E-03  0.2099E-02  0.1622E+01
   -0.199993   29.11782  0.2298E-16  0.1023E-04  0.5769E-07  0.5291E-03  0.1921E-02  0.1560E+01
   -0.249992   29.11976  0.2298E-16  0.1073E-04  0.5227E-07  0.6402E-03  0.1755E-02  0.1673E+01
   -0.299992   29.12129  0.2298E-16  0.1118E-04  0.4782E-07  0.7625E-03  0.1596E-02  0.1792E+01
   -0.349992   29.12251  0.2298E-16  0.1158E-04  0.4402E-07  0.8950E-03  0.1440E-02  0.1914E+01
   -0.399993   29.12349  0.2298E-16  0.1192E-04  0.4077E-07  0.1015E-02  0.1286E-02  0.1894E+01
   -0.449993   29.12432  0.2298E-16  0.1219E-04  0.3795E-07  0.1126E-02  0.1146E-02  0.1837E+01
   -0.499994   29.12503  0.2298E-16  0.1239E-04  0.3552E-07  0.1230E-02  0.1023E-02  0.1782E+01
   -0.549995   29.12566  0.2298E-16  0.1253E-04  0.3340E-07  0.1329E-02  0.9151E-03  0.1726E+01
   -0.599997   29.12620  0.2298E-16  0.1261E-04  0.3155E-07  0.1425E-02  0.8202E-03  0.1671E+01
   -0.649998   29.12669  0.2298E-16  0.1264E-04  0.2993E-07  0.1517E-02  0.7365E-03  0.1618E+01
   -0.700000   29.12713  0.2298E-16  0.1263E-04  0.2848E-07  0.1606E-02  0.6628E-03  0.1566E+01
   -0.750002   29.12752  0.2298E-16  0.1258E-04  0.2720E-07  0.1689E-02  0.5977E-03  0.1514E+01
   -0.800004   29.12788  0.2298E-16  0.1250E-04  0.2606E-07  0.1765E-02  0.5401E-03  0.1460E+01
   -0.850007   29.12820  0.2298E-16  0.1240E-04  0.2505E-07  0.1831E-02  0.4892E-03  0.1406E+01
   -0.900009   29.12850  0.2298E-16  0.1227E-04  0.2416E-07  0.1879E-02  0.4439E-03  0.1347E+01
   -0.950011   29.12877  0.2298E-16  0.1212E-04  0.2337E-07  0.1902E-02  0.4038E-03  0.1286E+01
   -1.000013   29.12903  0.2298E-16  0.1196E-04  0.2269E-07  0.1909E-02  0.3681E-03  0.1220E+01
   -1.050016   29.12927  0.2298E-16  0.1180E-04  0.2209E-07  0.1906E-02  0.3364E-03  0.1152E+01
   -1.100018   29.12949  0.2298E-16  0.1162E-04  0.2159E-07  0.1893E-02  0.3082E-03  0.1081E+01
   -1.150020   29.12971  0.2298E-16  0.1144E-04  0.2117E-07  0.1872E-02  0.2831E-03  0.1007E+01
   -1.200023   29.12991  0.2298E-16  0.1127E-04  0.2083E-07  0.1844E-02  0.2608E-03  0.9305E+00
   -1.250025   29.13011  0.2298E-16  0.1109E-04  0.2057E-07  0.1809E-02  0.2409E-03  0.8526E+00
   -1.300027   29.13029  0.2298E-16  0.1092E-04  0.2040E-07  0.1769E-02  0.2233E-03  0.7759E+00
   -1.350028   29.13047  0.2298E-16  0.1075E-04  0.2030E-07  0.1728E-02  0.2076E-03  0.7175E+00
   -1.400030   29.13064  0.2298E-16  0.1058E-04  0.2029E-07  0.1686E-02  0.1936E-03  0.6928E+00
   -1.450031   29.13079  0.2298E-16  0.1041E-04  0.2037E-07  0.1640E-02  0.1807E-03  0.7277E+00
   -1.500033   29.13095  0.2298E-16  0.1023E-04  0.2057E-07  0.1580E-02  0.1685E-03  0.8010E+00
   -1.550034   29.13109  0.2298E-16  0.1004E-04  0.2092E-07  0.1511E-02  0.1566E-03  0.9039E+00
   -1.600034   29.13123  0.2298E-16  0.9844E-05  0.2150E-07  0.1425E-02  0.1451E-03  0.1081E+01
   -1.650035   29.13136  0.2298E-16  0.9630E-05  0.2240E-07  0.1340E-02  0.1337E-03  0.1238E+03
   -1.700035   29.13150  0.2298E-16  0.9393E-05  0.2388E-07  0.1221E-02  0.1226E-03  0.1241E+02
   -1.750034   29.13164  0.2298E-16  0.9121E-05  0.2627E-07  0.1131E-02  0.1112E-03  0.3967E+02
   -1.800034   29.13179  0.2298E-16  0.8785E-05  0.3062E-07  0.9317E-03  0.1001E-03  0.3327E+03
   -1.850033   29.13200  0.2298E-16  0.8355E-05  0.3840E-07  0.9231E-03  0.8720E-04  0.1161E+06
   -1.900031   29.13219  0.2298E-16  0.7644E-05  0.6061E-07  0.4869E-03  0.7608E-04 -0.3351E+04
   -1.950029   29.13291  0.2298E-16  0.4632E-05  0.2176E-06  0.5677E-04  0.5554E-04 -0.2259E+06
   -2.000027   29.13699  0.2297E-16  0.0000E+00  0.0000E+00  0.0000E+00  0.6178E-04  0.0000E+00
