 1 - depth, m
 2 - temperature, C
 3 - salinity, kg/kg
 4 - turbulent kinetic energy, m**2/s**2
 5 - dissipation rate, m**2/s**3
 6 - kinematic heat conductance, m**2/s
 7 - modulus of horizontal velocity, m/s
 8 - Richardson number, n/d
   -0.000000   27.99551  0.1326E-24  0.2693E-05  0.8212E-07  0.2388E-04  0.2551E-02 -0.3010E+01
   -0.049998   28.02166  0.1326E-24  0.4084E-05  0.3730E-07  0.1588E-03  0.1188E-02  0.7054E+03
   -0.099996   28.02541  0.1327E-24  0.4565E-05  0.2814E-07  0.2433E-03  0.9586E-03  0.1868E+02
   -0.149995   28.02749  0.1327E-24  0.4873E-05  0.2376E-07  0.3140E-03  0.8325E-03  0.8884E+01
   -0.199994   28.02898  0.1327E-24  0.5089E-05  0.2093E-07  0.3843E-03  0.7368E-03  0.5825E+01
   -0.249993   28.03011  0.1327E-24  0.5241E-05  0.1889E-07  0.4477E-03  0.6596E-03  0.4333E+01
   -0.299993   28.03103  0.1327E-24  0.5345E-05  0.1730E-07  0.5054E-03  0.5937E-03  0.3529E+01
   -0.349993   28.03180  0.1327E-24  0.5410E-05  0.1600E-07  0.5585E-03  0.5341E-03  0.3126E+01
   -0.399994   28.03245  0.1327E-24  0.5442E-05  0.1489E-07  0.6077E-03  0.4787E-03  0.2812E+01
   -0.449994   28.03302  0.1327E-24  0.5449E-05  0.1390E-07  0.6531E-03  0.4295E-03  0.2617E+01
   -0.499995   28.03349  0.1327E-24  0.5436E-05  0.1303E-07  0.6943E-03  0.3866E-03  0.2493E+01
   -0.549997   28.03390  0.1327E-24  0.5408E-05  0.1226E-07  0.7317E-03  0.3492E-03  0.2404E+01
   -0.599998   28.03426  0.1327E-24  0.5370E-05  0.1158E-07  0.7654E-03  0.3164E-03  0.2336E+01
   -0.650000   28.03457  0.1327E-24  0.5323E-05  0.1096E-07  0.7958E-03  0.2874E-03  0.2296E+01
   -0.700002   28.03485  0.1327E-24  0.5271E-05  0.1041E-07  0.8230E-03  0.2618E-03  0.2269E+01
   -0.750004   28.03510  0.1327E-24  0.5216E-05  0.9912E-08  0.8472E-03  0.2389E-03  0.2270E+01
   -0.800006   28.03532  0.1327E-24  0.5157E-05  0.9466E-08  0.8686E-03  0.2185E-03  0.2289E+01
   -0.850009   28.03551  0.1327E-24  0.5097E-05  0.9063E-08  0.8874E-03  0.2002E-03  0.2348E+01
   -0.900011   28.03569  0.1327E-24  0.5035E-05  0.8699E-08  0.9037E-03  0.1834E-03  0.2425E+01
   -0.950013   28.03586  0.1327E-24  0.4973E-05  0.8370E-08  0.9174E-03  0.1681E-03  0.2533E+01
   -1.000016   28.03601  0.1327E-24  0.4910E-05  0.8074E-08  0.9285E-03  0.1539E-03  0.2658E+01
   -1.050018   28.03615  0.1327E-24  0.4847E-05  0.7810E-08  0.9368E-03  0.1409E-03  0.2824E+01
   -1.100021   28.03628  0.1327E-24  0.4785E-05  0.7575E-08  0.9423E-03  0.1288E-03  0.3021E+01
   -1.150023   28.03640  0.1327E-24  0.4724E-05  0.7370E-08  0.9447E-03  0.1177E-03  0.3277E+01
   -1.200025   28.03651  0.1327E-24  0.4663E-05  0.7194E-08  0.9443E-03  0.1073E-03  0.3734E+01
   -1.250028   28.03662  0.1327E-24  0.4603E-05  0.7050E-08  0.9831E-03  0.9773E-04  0.1216E+02
   -1.300030   28.03673  0.1327E-24  0.4546E-05  0.6936E-08  0.9384E-03  0.8927E-04  0.3441E+02
   -1.350032   28.03683  0.1327E-24  0.4488E-05  0.6853E-08  0.9194E-03  0.8120E-04  0.5724E+01
   -1.400033   28.03693  0.1327E-24  0.4428E-05  0.6801E-08  0.9041E-03  0.7343E-04  0.6038E+01
   -1.450035   28.03704  0.1327E-24  0.4368E-05  0.6787E-08  0.8829E-03  0.6618E-04  0.7197E+01
   -1.500036   28.03715  0.1327E-24  0.4307E-05  0.6818E-08  0.8561E-03  0.5939E-04  0.8831E+01
   -1.550037   28.03726  0.1327E-24  0.4244E-05  0.6903E-08  0.8231E-03  0.5303E-04  0.1117E+02
   -1.600038   28.03737  0.1327E-24  0.4178E-05  0.7057E-08  0.7830E-03  0.4705E-04  0.1466E+02
   -1.650039   28.03750  0.1327E-24  0.4108E-05  0.7306E-08  0.7348E-03  0.4143E-04  0.2019E+02
   -1.700039   28.03764  0.1327E-24  0.4031E-05  0.7691E-08  0.6763E-03  0.3613E-04  0.2949E+02
   -1.750039   28.03780  0.1326E-24  0.3943E-05  0.8293E-08  0.6095E-03  0.3110E-04  0.4675E+02
   -1.800038   28.03799  0.1326E-24  0.3837E-05  0.9279E-08  0.5249E-03  0.2633E-04  0.8535E+02
   -1.850037   28.03824  0.1326E-24  0.3695E-05  0.1112E-07  0.4355E-03  0.2176E-04  0.5159E+03
   -1.900036   28.03860  0.1326E-24  0.3437E-05  0.1615E-07  0.3097E-03  0.1735E-04  0.9243E+05
   -1.950034   28.03938  0.1326E-24  0.2253E-05  0.5376E-07  0.2761E-04  0.1240E-04 -0.6361E+06
   -2.000032   28.04652  0.1326E-24  0.0000E+00  0.0000E+00  0.0000E+00  0.1300E-04  0.0000E+00
