 1 - depth, m
 2 - temperature, C
 3 - salinity, kg/kg
 4 - turbulent kinetic energy, m**2/s**2
 5 - dissipation rate, m**2/s**3
 6 - kinematic heat conductance, m**2/s
 7 - modulus of horizontal velocity, m/s
 8 - Richardson number, n/d
   -0.000000   28.86344  0.6382E-19  0.3658E-05  0.1766E-06  0.3845E-04  0.1145E-02 -0.6692E+01
   -0.049997   28.89472  0.6384E-19  0.6255E-05  0.8090E-07  0.1667E-03  0.6170E-03  0.6275E+04
   -0.099995   28.90235  0.6384E-19  0.7353E-05  0.5788E-07  0.3190E-03  0.4697E-03  0.5588E+02
   -0.149993   28.90546  0.6384E-19  0.8041E-05  0.4876E-07  0.4024E-03  0.4110E-03  0.2646E+02
   -0.199992   28.90778  0.6384E-19  0.8544E-05  0.4313E-07  0.5153E-03  0.3655E-03  0.1727E+02
   -0.249991   28.90950  0.6385E-19  0.8918E-05  0.3921E-07  0.6124E-03  0.3301E-03  0.1265E+02
   -0.299990   28.91087  0.6385E-19  0.9201E-05  0.3626E-07  0.7030E-03  0.3006E-03  0.9972E+01
   -0.349990   28.91201  0.6385E-19  0.9414E-05  0.3393E-07  0.7856E-03  0.2750E-03  0.8441E+01
   -0.399990   28.91298  0.6385E-19  0.9572E-05  0.3202E-07  0.8607E-03  0.2523E-03  0.7436E+01
   -0.449990   28.91383  0.6385E-19  0.9690E-05  0.3038E-07  0.9298E-03  0.2323E-03  0.6917E+01
   -0.499991   28.91457  0.6385E-19  0.9774E-05  0.2894E-07  0.9934E-03  0.2147E-03  0.6662E+01
   -0.549992   28.91523  0.6385E-19  0.9828E-05  0.2766E-07  0.1051E-02  0.1989E-03  0.6497E+01
   -0.599993   28.91582  0.6385E-19  0.9858E-05  0.2652E-07  0.1104E-02  0.1848E-03  0.6409E+01
   -0.649994   28.91636  0.6385E-19  0.9866E-05  0.2548E-07  0.1152E-02  0.1719E-03  0.6384E+01
   -0.699995   28.91686  0.6385E-19  0.9855E-05  0.2454E-07  0.1195E-02  0.1602E-03  0.6409E+01
   -0.749997   28.91731  0.6385E-19  0.9827E-05  0.2367E-07  0.1233E-02  0.1494E-03  0.6484E+01
   -0.799999   28.91772  0.6385E-19  0.9785E-05  0.2287E-07  0.1266E-02  0.1394E-03  0.6602E+01
   -0.850001   28.91811  0.6385E-19  0.9728E-05  0.2214E-07  0.1294E-02  0.1302E-03  0.6768E+01
   -0.900002   28.91847  0.6385E-19  0.9660E-05  0.2146E-07  0.1317E-02  0.1216E-03  0.6978E+01
   -0.950004   28.91880  0.6385E-19  0.9580E-05  0.2084E-07  0.1336E-02  0.1136E-03  0.7242E+01
   -1.000006   28.91912  0.6385E-19  0.9490E-05  0.2027E-07  0.1350E-02  0.1061E-03  0.7559E+01
   -1.050008   28.91941  0.6385E-19  0.9391E-05  0.1975E-07  0.1358E-02  0.9910E-04  0.7946E+01
   -1.100010   28.91969  0.6385E-19  0.9282E-05  0.1927E-07  0.1362E-02  0.9247E-04  0.8409E+01
   -1.150012   28.91995  0.6385E-19  0.9165E-05  0.1884E-07  0.1360E-02  0.8622E-04  0.8966E+01
   -1.200014   28.92020  0.6385E-19  0.9040E-05  0.1847E-07  0.1352E-02  0.8031E-04  0.9639E+01
   -1.250016   28.92043  0.6385E-19  0.8906E-05  0.1814E-07  0.1338E-02  0.7471E-04  0.1046E+02
   -1.300017   28.92066  0.6385E-19  0.8764E-05  0.1788E-07  0.1318E-02  0.6939E-04  0.1148E+02
   -1.350019   28.92087  0.6385E-19  0.8614E-05  0.1768E-07  0.1291E-02  0.6433E-04  0.1276E+02
   -1.400020   28.92108  0.6385E-19  0.8455E-05  0.1756E-07  0.1256E-02  0.5949E-04  0.1442E+02
   -1.450021   28.92128  0.6385E-19  0.8286E-05  0.1754E-07  0.1213E-02  0.5487E-04  0.1662E+02
   -1.500022   28.92147  0.6385E-19  0.8106E-05  0.1763E-07  0.1160E-02  0.5044E-04  0.1962E+02
   -1.550023   28.92166  0.6385E-19  0.7913E-05  0.1789E-07  0.1100E-02  0.4617E-04  0.2395E+02
   -1.600023   28.92185  0.6385E-19  0.7704E-05  0.1838E-07  0.1023E-02  0.4206E-04  0.3068E+02
   -1.650023   28.92204  0.6385E-19  0.7474E-05  0.1921E-07  0.9502E-03  0.3806E-04  0.4178E+02
   -1.700023   28.92223  0.6385E-19  0.7211E-05  0.2069E-07  0.8384E-03  0.3419E-04  0.9683E+02
   -1.750022   28.92245  0.6385E-19  0.6892E-05  0.2339E-07  0.7729E-03  0.3020E-04  0.3148E+03
   -1.800021   28.92270  0.6385E-19  0.6444E-05  0.2915E-07  0.5876E-03  0.2633E-04 -0.2689E+05
   -1.850020   28.92313  0.6385E-19  0.5771E-05  0.4090E-07  0.4917E-03  0.2107E-04  0.2846E+07
   -1.900018   28.92353  0.6385E-19  0.4711E-05  0.7477E-07  0.2514E-03  0.1652E-04  0.1453E+06
   -1.950016   28.92524  0.6384E-19  0.2880E-05  0.2133E-06  0.8294E-04  0.9875E-05 -0.8757E+06
   -2.000013   28.92902  0.6384E-19  0.0000E+00  0.0000E+00  0.0000E+00  0.1403E-04  0.0000E+00
