 1 - depth, m
 2 - temperature, C
 3 - salinity, kg/kg
 4 - turbulent kinetic energy, m**2/s**2
 5 - dissipation rate, m**2/s**3
 6 - kinematic heat conductance, m**2/s
 7 - modulus of horizontal velocity, m/s
 8 - Richardson number, n/d
   -0.000000   22.83501  0.2428E-15  0.1761E-04  0.1230E-05  0.2905E-04  0.2522E-01 -0.5634E-01
   -0.049997   22.88026  0.2428E-15  0.1615E-04  0.4139E-06  0.8498E-04  0.1494E-01 -0.1645E+00
   -0.099994   22.89371  0.2428E-15  0.1573E-04  0.2361E-06  0.1799E-03  0.1175E-01  0.3907E+02
   -0.149992   22.90026  0.2428E-15  0.1560E-04  0.1679E-06  0.3712E-03  0.1001E-01  0.4174E+02
   -0.199990   22.90335  0.2428E-15  0.1568E-04  0.1352E-06  0.5875E-03  0.8926E-02  0.1997E+02
   -0.249988   22.90502  0.2428E-15  0.1587E-04  0.1147E-06  0.6192E-03  0.8079E-02  0.6695E+02
   -0.299987   22.90653  0.2428E-15  0.1605E-04  0.9932E-07  0.6730E-03  0.7239E-02  0.3449E+02
   -0.349986   22.90784  0.2428E-15  0.1615E-04  0.8732E-07  0.7085E-03  0.6461E-02  0.4855E+02
   -0.399986   22.90903  0.2428E-15  0.1612E-04  0.7720E-07  0.7614E-03  0.5710E-02  0.2211E+02
   -0.449986   22.91008  0.2428E-15  0.1599E-04  0.6851E-07  0.8122E-03  0.5037E-02  0.1152E+02
   -0.499986   22.91102  0.2428E-15  0.1578E-04  0.6105E-07  0.8618E-03  0.4442E-02  0.7759E+01
   -0.549986   22.91186  0.2428E-15  0.1552E-04  0.5462E-07  0.9097E-03  0.3915E-02  0.5834E+01
   -0.599987   22.91261  0.2428E-15  0.1523E-04  0.4907E-07  0.9564E-03  0.3446E-02  0.4673E+01
   -0.649988   22.91329  0.2428E-15  0.1491E-04  0.4425E-07  0.1002E-02  0.3027E-02  0.3891E+01
   -0.699989   22.91391  0.2428E-15  0.1456E-04  0.4007E-07  0.1046E-02  0.2654E-02  0.3327E+01
   -0.749990   22.91448  0.2428E-15  0.1420E-04  0.3645E-07  0.1087E-02  0.2321E-02  0.2901E+01
   -0.799991   22.91499  0.2428E-15  0.1382E-04  0.3330E-07  0.1126E-02  0.2026E-02  0.2569E+01
   -0.849993   22.91547  0.2428E-15  0.1343E-04  0.3058E-07  0.1163E-02  0.1765E-02  0.2300E+01
   -0.899994   22.91591  0.2428E-15  0.1303E-04  0.2824E-07  0.1197E-02  0.1535E-02  0.2079E+01
   -0.949996   22.91632  0.2428E-15  0.1264E-04  0.2624E-07  0.1229E-02  0.1333E-02  0.1891E+01
   -0.999997   22.91670  0.2428E-15  0.1224E-04  0.2455E-07  0.1262E-02  0.1156E-02  0.1728E+01
   -1.049999   22.91705  0.2428E-15  0.1184E-04  0.2314E-07  0.1296E-02  0.1002E-02  0.1585E+01
   -1.100000   22.91738  0.2428E-15  0.1145E-04  0.2198E-07  0.1334E-02  0.8692E-03  0.1458E+01
   -1.150002   22.91768  0.2428E-15  0.1106E-04  0.2106E-07  0.1379E-02  0.7546E-03  0.1342E+01
   -1.200003   22.91796  0.2428E-15  0.1070E-04  0.2036E-07  0.1433E-02  0.6563E-03  0.1236E+01
   -1.250004   22.91822  0.2428E-15  0.1034E-04  0.1987E-07  0.1491E-02  0.5724E-03  0.1137E+01
   -1.300005   22.91846  0.2428E-15  0.1001E-04  0.1957E-07  0.1510E-02  0.5011E-03  0.1040E+01
   -1.350006   22.91869  0.2428E-15  0.9695E-05  0.1945E-07  0.1455E-02  0.4408E-03  0.9378E+00
   -1.400007   22.91892  0.2428E-15  0.9404E-05  0.1950E-07  0.1365E-02  0.3900E-03  0.8364E+00
   -1.450008   22.91915  0.2428E-15  0.9135E-05  0.1972E-07  0.1274E-02  0.3475E-03  0.7409E+00
   -1.500008   22.91938  0.2428E-15  0.8886E-05  0.2011E-07  0.1189E-02  0.3120E-03  0.6659E+00
   -1.550008   22.91963  0.2428E-15  0.8647E-05  0.2071E-07  0.1117E-02  0.2822E-03  0.6626E+00
   -1.600008   22.91988  0.2428E-15  0.8402E-05  0.2163E-07  0.1033E-02  0.2564E-03  0.8151E+00
   -1.650008   22.92015  0.2428E-15  0.8131E-05  0.2307E-07  0.9577E-03  0.2322E-03  0.1301E+01
   -1.700007   22.92044  0.2428E-15  0.7809E-05  0.2564E-07  0.8250E-03  0.2088E-03 -0.5680E+02
   -1.750006   22.92080  0.2428E-15  0.7395E-05  0.3029E-07  0.7395E-03  0.1832E-03  0.3902E+02
   -1.800004   22.92123  0.2428E-15  0.6799E-05  0.4004E-07  0.5474E-03  0.1582E-03  0.2127E+03
   -1.850003   22.92212  0.2428E-15  0.5951E-05  0.5865E-07  0.4486E-03  0.1237E-03  0.1650E+05
   -1.900000   22.92271  0.2428E-15  0.4707E-05  0.1155E-06  0.2170E-03  0.9593E-04  0.1796E+05
   -1.949997   22.92690  0.2428E-15  0.3014E-05  0.3133E-06  0.1041E-03  0.5394E-04 -0.1921E+05
   -1.999994   22.93221  0.2428E-15  0.0000E+00  0.0000E+00  0.0000E+00  0.8513E-04  0.0000E+00
