 1 - depth, m
 2 - temperature, C
 3 - salinity, kg/kg
 4 - turbulent kinetic energy, m**2/s**2
 5 - dissipation rate, m**2/s**3
 6 - kinematic heat conductance, m**2/s
 7 - modulus of horizontal velocity, m/s
 8 - Richardson number, n/d
   -0.000000   29.48895  0.1638E-22  0.1098E-04  0.5536E-06  0.2972E-04  0.1525E-01 -0.1671E+00
   -0.049997   29.53510  0.1638E-22  0.1176E-04  0.2018E-06  0.1725E-03  0.8757E-02  0.3747E+02
   -0.099994   29.54347  0.1638E-22  0.1238E-04  0.1395E-06  0.3645E-03  0.7298E-02  0.8573E+02
   -0.149992   29.54679  0.1637E-22  0.1303E-04  0.1138E-06  0.4504E-03  0.6649E-02  0.3648E+01
   -0.199990   29.54931  0.1637E-22  0.1377E-04  0.9636E-07  0.5864E-03  0.5993E-02  0.4593E+01
   -0.249988   29.55114  0.1637E-22  0.1448E-04  0.8399E-07  0.6531E-03  0.5393E-02  0.5110E+01
   -0.299987   29.55271  0.1637E-22  0.1509E-04  0.7456E-07  0.7090E-03  0.4827E-02  0.5763E+01
   -0.349986   29.55407  0.1637E-22  0.1560E-04  0.6691E-07  0.7664E-03  0.4285E-02  0.6665E+01
   -0.399986   29.55528  0.1637E-22  0.1595E-04  0.6038E-07  0.8459E-03  0.3758E-02  0.5644E+01
   -0.449986   29.55631  0.1637E-22  0.1617E-04  0.5473E-07  0.9311E-03  0.3284E-02  0.4485E+01
   -0.499986   29.55720  0.1637E-22  0.1627E-04  0.4986E-07  0.1017E-02  0.2869E-02  0.3734E+01
   -0.549986   29.55797  0.1637E-22  0.1627E-04  0.4564E-07  0.1099E-02  0.2505E-02  0.3205E+01
   -0.599987   29.55865  0.1637E-22  0.1620E-04  0.4199E-07  0.1178E-02  0.2187E-02  0.2817E+01
   -0.649988   29.55925  0.1637E-22  0.1605E-04  0.3883E-07  0.1250E-02  0.1909E-02  0.2519E+01
   -0.699989   29.55979  0.1637E-22  0.1584E-04  0.3610E-07  0.1316E-02  0.1666E-02  0.2282E+01
   -0.749990   29.56027  0.1637E-22  0.1559E-04  0.3374E-07  0.1374E-02  0.1455E-02  0.2087E+01
   -0.799991   29.56071  0.1637E-22  0.1529E-04  0.3172E-07  0.1427E-02  0.1271E-02  0.1924E+01
   -0.849992   29.56111  0.1637E-22  0.1496E-04  0.3000E-07  0.1475E-02  0.1112E-02  0.1782E+01
   -0.899994   29.56148  0.1637E-22  0.1461E-04  0.2854E-07  0.1523E-02  0.9740E-03  0.1657E+01
   -0.949995   29.56183  0.1637E-22  0.1424E-04  0.2734E-07  0.1573E-02  0.8548E-03  0.1544E+01
   -0.999997   29.56214  0.1637E-22  0.1386E-04  0.2636E-07  0.1627E-02  0.7520E-03  0.1439E+01
   -1.049998   29.56243  0.1637E-22  0.1348E-04  0.2559E-07  0.1689E-02  0.6635E-03  0.1343E+01
   -1.100000   29.56270  0.1637E-22  0.1310E-04  0.2501E-07  0.1759E-02  0.5874E-03  0.1253E+01
   -1.150001   29.56294  0.1637E-22  0.1273E-04  0.2461E-07  0.1823E-02  0.5221E-03  0.1168E+01
   -1.200003   29.56317  0.1637E-22  0.1237E-04  0.2439E-07  0.1836E-02  0.4662E-03  0.1080E+01
   -1.250004   29.56338  0.1637E-22  0.1202E-04  0.2433E-07  0.1771E-02  0.4183E-03  0.9877E+00
   -1.300005   29.56360  0.1637E-22  0.1169E-04  0.2442E-07  0.1668E-02  0.3774E-03  0.8930E+00
   -1.350006   29.56381  0.1637E-22  0.1138E-04  0.2467E-07  0.1565E-02  0.3426E-03  0.8034E+00
   -1.400007   29.56403  0.1637E-22  0.1109E-04  0.2507E-07  0.1470E-02  0.3130E-03  0.7333E+00
   -1.450007   29.56426  0.1637E-22  0.1080E-04  0.2568E-07  0.1385E-02  0.2877E-03  0.7200E+00
   -1.500008   29.56448  0.1637E-22  0.1051E-04  0.2656E-07  0.1291E-02  0.2653E-03  0.7927E+00
   -1.550008   29.56472  0.1637E-22  0.1020E-04  0.2787E-07  0.1212E-02  0.2447E-03  0.1010E+01
   -1.600008   29.56496  0.1637E-22  0.9842E-05  0.2994E-07  0.1089E-02  0.2249E-03  0.1668E+01
   -1.650007   29.56524  0.1637E-22  0.9421E-05  0.3340E-07  0.1005E-02  0.2045E-03  0.6652E+01
   -1.700007   29.56556  0.1637E-22  0.8873E-05  0.3983E-07  0.8377E-03  0.1838E-03 -0.2778E+03
   -1.750006   29.56604  0.1637E-22  0.8126E-05  0.5102E-07  0.7315E-03  0.1579E-03 -0.1966E+03
   -1.800004   29.56658  0.1637E-22  0.7070E-05  0.7464E-07  0.5330E-03  0.1335E-03  0.1007E+04
   -1.850002   29.56791  0.1637E-22  0.5872E-05  0.1148E-06  0.4387E-03  0.9798E-04  0.6514E+06
   -1.900000   29.56804  0.1637E-22  0.4437E-05  0.2387E-06  0.2203E-03  0.7647E-04  0.8214E+03
   -1.949997   29.57286  0.1637E-22  0.2961E-05  0.6171E-06  0.1541E-03  0.4019E-04 -0.2736E+05
   -1.999994   29.57637  0.1637E-22  0.0000E+00  0.0000E+00  0.0000E+00  0.8083E-04  0.0000E+00
