 1 - depth, m
 2 - temperature, C
 3 - salinity, kg/kg
 4 - turbulent kinetic energy, m**2/s**2
 5 - dissipation rate, m**2/s**3
 6 - kinematic heat conductance, m**2/s
 7 - modulus of horizontal velocity, m/s
 8 - Richardson number, n/d
   -0.000000   29.05245  0.7326E-16  0.3065E-05  0.1263E-06  0.3293E-04  0.1477E-02 -0.1367E+02
   -0.049997   29.08076  0.7326E-16  0.5094E-05  0.5865E-07  0.1531E-03  0.7802E-03  0.1532E+05
   -0.099995   29.08672  0.7326E-16  0.5892E-05  0.4286E-07  0.2707E-03  0.6056E-03  0.6007E+02
   -0.149993   29.08952  0.7326E-16  0.6398E-05  0.3598E-07  0.3510E-03  0.5261E-03  0.2817E+02
   -0.199991   29.09152  0.7326E-16  0.6754E-05  0.3167E-07  0.4415E-03  0.4659E-03  0.1804E+02
   -0.249990   29.09302  0.7326E-16  0.7008E-05  0.2862E-07  0.5223E-03  0.4184E-03  0.1314E+02
   -0.299990   29.09421  0.7326E-16  0.7189E-05  0.2630E-07  0.5961E-03  0.3786E-03  0.1025E+02
   -0.349989   29.09519  0.7326E-16  0.7314E-05  0.2443E-07  0.6631E-03  0.3440E-03  0.8676E+01
   -0.399989   29.09603  0.7326E-16  0.7394E-05  0.2288E-07  0.7238E-03  0.3132E-03  0.7563E+01
   -0.449989   29.09675  0.7326E-16  0.7441E-05  0.2152E-07  0.7795E-03  0.2861E-03  0.7033E+01
   -0.499990   29.09737  0.7326E-16  0.7461E-05  0.2033E-07  0.8306E-03  0.2623E-03  0.6693E+01
   -0.549991   29.09791  0.7326E-16  0.7459E-05  0.1926E-07  0.8771E-03  0.2411E-03  0.6529E+01
   -0.599992   29.09839  0.7326E-16  0.7439E-05  0.1829E-07  0.9195E-03  0.2222E-03  0.6354E+01
   -0.649993   29.09882  0.7326E-16  0.7405E-05  0.1742E-07  0.9578E-03  0.2051E-03  0.6329E+01
   -0.699994   29.09920  0.7326E-16  0.7358E-05  0.1662E-07  0.9924E-03  0.1895E-03  0.6258E+01
   -0.749996   29.09954  0.7326E-16  0.7301E-05  0.1589E-07  0.1023E-02  0.1753E-03  0.6328E+01
   -0.799997   29.09985  0.7326E-16  0.7236E-05  0.1522E-07  0.1051E-02  0.1623E-03  0.6336E+01
   -0.849999   29.10014  0.7326E-16  0.7163E-05  0.1460E-07  0.1075E-02  0.1502E-03  0.6486E+01
   -0.900001   29.10039  0.7326E-16  0.7085E-05  0.1403E-07  0.1095E-02  0.1392E-03  0.6563E+01
   -0.950003   29.10063  0.7326E-16  0.7001E-05  0.1351E-07  0.1112E-02  0.1288E-03  0.6795E+01
   -1.000005   29.10085  0.7326E-16  0.6914E-05  0.1303E-07  0.1126E-02  0.1193E-03  0.6947E+01
   -1.050007   29.10105  0.7326E-16  0.6824E-05  0.1259E-07  0.1137E-02  0.1104E-03  0.7577E+01
   -1.100009   29.10123  0.7326E-16  0.6732E-05  0.1220E-07  0.1168E-02  0.1021E-03  0.2582E+02
   -1.150010   29.10140  0.7326E-16  0.6639E-05  0.1184E-07  0.1178E-02  0.9453E-04  0.4847E+02
   -1.200012   29.10155  0.7326E-16  0.6544E-05  0.1153E-07  0.1148E-02  0.8759E-04  0.9257E+01
   -1.250014   29.10170  0.7326E-16  0.6445E-05  0.1124E-07  0.1144E-02  0.8075E-04  0.8905E+01
   -1.300015   29.10184  0.7326E-16  0.6345E-05  0.1099E-07  0.1136E-02  0.7430E-04  0.9627E+01
   -1.350017   29.10197  0.7326E-16  0.6244E-05  0.1079E-07  0.1123E-02  0.6825E-04  0.1035E+02
   -1.400018   29.10210  0.7326E-16  0.6142E-05  0.1063E-07  0.1105E-02  0.6253E-04  0.1144E+02
   -1.450019   29.10222  0.7326E-16  0.6038E-05  0.1052E-07  0.1083E-02  0.5715E-04  0.1261E+02
   -1.500020   29.10233  0.7326E-16  0.5934E-05  0.1048E-07  0.1054E-02  0.5203E-04  0.1434E+02
   -1.550020   29.10245  0.7326E-16  0.5828E-05  0.1050E-07  0.1018E-02  0.4721E-04  0.1637E+02
   -1.600020   29.10256  0.7326E-16  0.5719E-05  0.1061E-07  0.9750E-03  0.4261E-04  0.1945E+02
   -1.650020   29.10267  0.7325E-16  0.5607E-05  0.1085E-07  0.9226E-03  0.3825E-04  0.2353E+02
   -1.700020   29.10279  0.7325E-16  0.5490E-05  0.1126E-07  0.8594E-03  0.3406E-04  0.3004E+02
   -1.750019   29.10291  0.7325E-16  0.5365E-05  0.1192E-07  0.7836E-03  0.3007E-04  0.4033E+02
   -1.800018   29.10306  0.7325E-16  0.5225E-05  0.1304E-07  0.6857E-03  0.2621E-04  0.6059E+02
   -1.850017   29.10324  0.7325E-16  0.5058E-05  0.1503E-07  0.5888E-03  0.2246E-04  0.1527E+03
   -1.900015   29.10350  0.7325E-16  0.4792E-05  0.1991E-07  0.4587E-03  0.1891E-04  0.4944E+03
   -1.950012   29.10398  0.7325E-16  0.3148E-05  0.7131E-07  0.2364E-04  0.1488E-04 -0.1495E+06
   -2.000010   29.11232  0.7324E-16  0.0000E+00  0.0000E+00  0.0000E+00  0.1493E-04  0.0000E+00
