 1 - depth, m
 2 - temperature, C
 3 - salinity, kg/kg
 4 - turbulent kinetic energy, m**2/s**2
 5 - dissipation rate, m**2/s**3
 6 - kinematic heat conductance, m**2/s
 7 - modulus of horizontal velocity, m/s
 8 - Richardson number, n/d
   -0.000000   29.76610  0.6830E-31  0.6597E-05  0.2508E-06  0.2644E-04  0.8202E-02 -0.4154E+00
   -0.049997   29.80996  0.6830E-31  0.8205E-05  0.1066E-06  0.2297E-03  0.4258E-02  0.8721E+01
   -0.099994   29.81476  0.6830E-31  0.8935E-05  0.8239E-07  0.2965E-03  0.3774E-02  0.1743E+01
   -0.149992   29.81827  0.6830E-31  0.9593E-05  0.6954E-07  0.3915E-03  0.3419E-02  0.1873E+01
   -0.199990   29.82079  0.6830E-31  0.1023E-04  0.6074E-07  0.5043E-03  0.3103E-02  0.2183E+01
   -0.249989   29.82265  0.6830E-31  0.1082E-04  0.5410E-07  0.6343E-03  0.2805E-02  0.2456E+01
   -0.299988   29.82405  0.6830E-31  0.1136E-04  0.4880E-07  0.7605E-03  0.2518E-02  0.2683E+01
   -0.349987   29.82516  0.6830E-31  0.1182E-04  0.4439E-07  0.8068E-03  0.2240E-02  0.2864E+01
   -0.399987   29.82615  0.6830E-31  0.1219E-04  0.4064E-07  0.8784E-03  0.1968E-02  0.2705E+01
   -0.449987   29.82702  0.6830E-31  0.1246E-04  0.3743E-07  0.9632E-03  0.1724E-02  0.2477E+01
   -0.499987   29.82777  0.6830E-31  0.1264E-04  0.3468E-07  0.1050E-02  0.1512E-02  0.2293E+01
   -0.549988   29.82842  0.6830E-31  0.1275E-04  0.3232E-07  0.1136E-02  0.1329E-02  0.2135E+01
   -0.599988   29.82900  0.6830E-31  0.1278E-04  0.3028E-07  0.1221E-02  0.1170E-02  0.2003E+01
   -0.649989   29.82951  0.6830E-31  0.1276E-04  0.2850E-07  0.1305E-02  0.1033E-02  0.1888E+01
   -0.699991   29.82996  0.6830E-31  0.1268E-04  0.2695E-07  0.1387E-02  0.9132E-03  0.1786E+01
   -0.749992   29.83036  0.6830E-31  0.1257E-04  0.2560E-07  0.1469E-02  0.8093E-03  0.1694E+01
   -0.799993   29.83072  0.6830E-31  0.1242E-04  0.2443E-07  0.1552E-02  0.7190E-03  0.1609E+01
   -0.849995   29.83105  0.6830E-31  0.1224E-04  0.2342E-07  0.1636E-02  0.6404E-03  0.1530E+01
   -0.899996   29.83134  0.6830E-31  0.1203E-04  0.2254E-07  0.1723E-02  0.5720E-03  0.1455E+01
   -0.949998   29.83160  0.6830E-31  0.1182E-04  0.2180E-07  0.1813E-02  0.5123E-03  0.1383E+01
   -0.999999   29.83184  0.6830E-31  0.1159E-04  0.2118E-07  0.1878E-02  0.4603E-03  0.1309E+01
   -1.050001   29.83206  0.6830E-31  0.1136E-04  0.2068E-07  0.1878E-02  0.4149E-03  0.1229E+01
   -1.100003   29.83226  0.6830E-31  0.1112E-04  0.2028E-07  0.1839E-02  0.3753E-03  0.1144E+01
   -1.150004   29.83246  0.6830E-31  0.1088E-04  0.1998E-07  0.1786E-02  0.3408E-03  0.1057E+01
   -1.200006   29.83266  0.6830E-31  0.1065E-04  0.1978E-07  0.1727E-02  0.3107E-03  0.9707E+00
   -1.250007   29.83284  0.6830E-31  0.1043E-04  0.1968E-07  0.1663E-02  0.2845E-03  0.8828E+00
   -1.300008   29.83303  0.6830E-31  0.1021E-04  0.1966E-07  0.1597E-02  0.2618E-03  0.7989E+00
   -1.350010   29.83321  0.6830E-31  0.9999E-05  0.1975E-07  0.1535E-02  0.2420E-03  0.7384E+00
   -1.400010   29.83339  0.6830E-31  0.9790E-05  0.1994E-07  0.1472E-02  0.2246E-03  0.7342E+00
   -1.450011   29.83356  0.6830E-31  0.9572E-05  0.2027E-07  0.1410E-02  0.2088E-03  0.8160E+00
   -1.500012   29.83373  0.6830E-31  0.9339E-05  0.2081E-07  0.1319E-02  0.1939E-03  0.9910E+00
   -1.550012   29.83391  0.6830E-31  0.9082E-05  0.2163E-07  0.1243E-02  0.1792E-03  0.1257E+01
   -1.600012   29.83408  0.6830E-31  0.8794E-05  0.2296E-07  0.1116E-02  0.1650E-03  0.1964E+01
   -1.650012   29.83427  0.6830E-31  0.8460E-05  0.2514E-07  0.1051E-02  0.1501E-03  0.2482E+03
   -1.700011   29.83446  0.6829E-31  0.8035E-05  0.2925E-07  0.8794E-03  0.1359E-03 -0.5687E+02
   -1.750010   29.83476  0.6829E-31  0.7453E-05  0.3638E-07  0.7893E-03  0.1174E-03  0.1266E+04
   -1.800009   29.83503  0.6829E-31  0.6648E-05  0.5038E-07  0.5761E-03  0.1010E-03  0.1088E+03
   -1.850007   29.83571  0.6829E-31  0.5618E-05  0.7605E-07  0.4744E-03  0.7578E-04  0.2920E+06
   -1.900005   29.83592  0.6829E-31  0.4329E-05  0.1509E-06  0.2414E-03  0.5913E-04  0.3446E+04
   -1.950002   29.83799  0.6829E-31  0.2780E-05  0.4037E-06  0.1294E-03  0.3276E-04 -0.3804E+05
   -1.999999   29.84057  0.6828E-31  0.0000E+00  0.0000E+00  0.0000E+00  0.6012E-04  0.0000E+00
