 1 - depth, m
 2 - temperature, C
 3 - salinity, kg/kg
 4 - turbulent kinetic energy, m**2/s**2
 5 - dissipation rate, m**2/s**3
 6 - kinematic heat conductance, m**2/s
 7 - modulus of horizontal velocity, m/s
 8 - Richardson number, n/d
   -0.000000   25.08971  0.4420E-24  0.1086E-04  0.4987E-06  0.2771E-04  0.1620E-01 -0.1164E+00
   -0.049997   25.12915  0.4420E-24  0.1113E-04  0.1844E-06  0.1042E-03  0.9674E-02 -0.3124E+00
   -0.099994   25.13903  0.4420E-24  0.1131E-04  0.1216E-06  0.3556E-03  0.7753E-02  0.2297E+03
   -0.149992   25.14176  0.4420E-24  0.1168E-04  0.9778E-07  0.4386E-03  0.6982E-02  0.5133E+01
   -0.199990   25.14384  0.4420E-24  0.1212E-04  0.8215E-07  0.5514E-03  0.6278E-02  0.6606E+01
   -0.249988   25.14541  0.4420E-24  0.1254E-04  0.7108E-07  0.6038E-03  0.5630E-02  0.7725E+01
   -0.299987   25.14677  0.4420E-24  0.1290E-04  0.6270E-07  0.6500E-03  0.5027E-02  0.9010E+01
   -0.349986   25.14797  0.4420E-24  0.1316E-04  0.5593E-07  0.6932E-03  0.4456E-02  0.1102E+02
   -0.399986   25.14904  0.4420E-24  0.1331E-04  0.5014E-07  0.7534E-03  0.3904E-02  0.8475E+01
   -0.449986   25.14997  0.4420E-24  0.1335E-04  0.4511E-07  0.8164E-03  0.3409E-02  0.6071E+01
   -0.499986   25.15079  0.4420E-24  0.1331E-04  0.4077E-07  0.8787E-03  0.2976E-02  0.4729E+01
   -0.549986   25.15150  0.4420E-24  0.1322E-04  0.3701E-07  0.9395E-03  0.2598E-02  0.3874E+01
   -0.599987   25.15213  0.4420E-24  0.1307E-04  0.3375E-07  0.9981E-03  0.2265E-02  0.3290E+01
   -0.649988   25.15269  0.4420E-24  0.1288E-04  0.3093E-07  0.1054E-02  0.1973E-02  0.2864E+01
   -0.699989   25.15319  0.4420E-24  0.1266E-04  0.2848E-07  0.1107E-02  0.1717E-02  0.2541E+01
   -0.749990   25.15365  0.4420E-24  0.1241E-04  0.2636E-07  0.1156E-02  0.1492E-02  0.2286E+01
   -0.799991   25.15406  0.4420E-24  0.1214E-04  0.2454E-07  0.1201E-02  0.1296E-02  0.2082E+01
   -0.849992   25.15444  0.4420E-24  0.1186E-04  0.2297E-07  0.1244E-02  0.1125E-02  0.1913E+01
   -0.899994   25.15479  0.4420E-24  0.1156E-04  0.2163E-07  0.1285E-02  0.9754E-03  0.1772E+01
   -0.949995   25.15511  0.4420E-24  0.1124E-04  0.2049E-07  0.1322E-02  0.8449E-03  0.1649E+01
   -0.999997   25.15541  0.4420E-24  0.1093E-04  0.1954E-07  0.1374E-02  0.7307E-03  0.1551E+01
   -1.049998   25.15569  0.4420E-24  0.1060E-04  0.1874E-07  0.1335E-02  0.6319E-03  0.1437E+01
   -1.100000   25.15596  0.4420E-24  0.1042E-04  0.1840E-07  0.1878E-02  0.5388E-03  0.1124E+01
   -1.150001   25.15614  0.4420E-24  0.1030E-04  0.1822E-07  0.1758E-02  0.5097E-03  0.1401E+01
   -1.200002   25.15633  0.4420E-24  0.1014E-04  0.1806E-07  0.1621E-02  0.4858E-03  0.1054E+01
   -1.250004   25.15652  0.4420E-24  0.9849E-05  0.1789E-07  0.1623E-02  0.4284E-03  0.1037E+01
   -1.300005   25.15671  0.4420E-24  0.9584E-05  0.1786E-07  0.1549E-02  0.3812E-03  0.9421E+00
   -1.350006   25.15690  0.4420E-24  0.9335E-05  0.1795E-07  0.1460E-02  0.3412E-03  0.8511E+00
   -1.400007   25.15710  0.4420E-24  0.9103E-05  0.1816E-07  0.1372E-02  0.3073E-03  0.7644E+00
   -1.450007   25.15730  0.4420E-24  0.8886E-05  0.1850E-07  0.1292E-02  0.2787E-03  0.6990E+00
   -1.500008   25.15750  0.4420E-24  0.8676E-05  0.1899E-07  0.1218E-02  0.2544E-03  0.6966E+00
   -1.550008   25.15772  0.4420E-24  0.8460E-05  0.1970E-07  0.1148E-02  0.2331E-03  0.8267E+00
   -1.600007   25.15794  0.4420E-24  0.8222E-05  0.2078E-07  0.1048E-02  0.2131E-03  0.1151E+01
   -1.650007   25.15818  0.4420E-24  0.7950E-05  0.2247E-07  0.9648E-03  0.1934E-03  0.1577E+02
   -1.700006   25.15844  0.4420E-24  0.7617E-05  0.2548E-07  0.8248E-03  0.1740E-03 -0.1729E+02
   -1.750005   25.15879  0.4419E-24  0.7175E-05  0.3089E-07  0.7319E-03  0.1521E-03  0.1108E+03
   -1.800004   25.15921  0.4419E-24  0.6524E-05  0.4203E-07  0.5422E-03  0.1304E-03  0.3010E+04
   -1.850002   25.16010  0.4419E-24  0.5635E-05  0.6251E-07  0.4403E-03  0.1002E-03  0.2211E+05
   -1.899999   25.16060  0.4419E-24  0.4382E-05  0.1253E-06  0.2195E-03  0.7748E-04 -0.3280E+04
   -1.949997   25.16436  0.4419E-24  0.2814E-05  0.3381E-06  0.1117E-03  0.4317E-04 -0.4034E+05
   -1.999993   25.16838  0.4419E-24  0.0000E+00  0.0000E+00  0.0000E+00  0.7238E-04  0.0000E+00
