 1 - depth, m
 2 - temperature, C
 3 - salinity, kg/kg
 4 - turbulent kinetic energy, m**2/s**2
 5 - dissipation rate, m**2/s**3
 6 - kinematic heat conductance, m**2/s
 7 - modulus of horizontal velocity, m/s
 8 - Richardson number, n/d
   -0.000000   25.46486  0.2643E-17  0.2478E-04  0.2397E-05  0.2900E-04  0.3342E-01 -0.3767E-01
   -0.049997   25.52316  0.2643E-17  0.2050E-04  0.7064E-06  0.8212E-04  0.1825E-01 -0.1313E+00
   -0.099994   25.53848  0.2643E-17  0.1949E-04  0.3719E-06  0.1542E-03  0.1431E-01 -0.1894E+00
   -0.149992   25.54665  0.2643E-17  0.1915E-04  0.2505E-06  0.3425E-03  0.1209E-01  0.1736E+03
   -0.199990   25.55065  0.2643E-17  0.1913E-04  0.1953E-06  0.5949E-03  0.1072E-01  0.3698E+03
   -0.249988   25.55260  0.2643E-17  0.1933E-04  0.1633E-06  0.6453E-03  0.9715E-02  0.7538E+03
   -0.299987   25.55427  0.2643E-17  0.1956E-04  0.1402E-06  0.7026E-03  0.8729E-02  0.5636E+03
   -0.349986   25.55573  0.2643E-17  0.1970E-04  0.1225E-06  0.7425E-03  0.7814E-02  0.4197E+03
   -0.399986   25.55706  0.2643E-17  0.1970E-04  0.1078E-06  0.7994E-03  0.6932E-02  0.2963E+02
   -0.449986   25.55823  0.2643E-17  0.1957E-04  0.9537E-07  0.8540E-03  0.6140E-02  0.1311E+02
   -0.499986   25.55928  0.2643E-17  0.1936E-04  0.8475E-07  0.9080E-03  0.5436E-02  0.8625E+01
   -0.549986   25.56023  0.2643E-17  0.1908E-04  0.7565E-07  0.9612E-03  0.4808E-02  0.6447E+01
   -0.599987   25.56108  0.2643E-17  0.1876E-04  0.6780E-07  0.1014E-02  0.4245E-02  0.5154E+01
   -0.649988   25.56185  0.2643E-17  0.1839E-04  0.6101E-07  0.1067E-02  0.3740E-02  0.4285E+01
   -0.699989   25.56255  0.2643E-17  0.1799E-04  0.5512E-07  0.1117E-02  0.3286E-02  0.3657E+01
   -0.749990   25.56319  0.2643E-17  0.1755E-04  0.5001E-07  0.1165E-02  0.2879E-02  0.3181E+01
   -0.799991   25.56378  0.2643E-17  0.1709E-04  0.4558E-07  0.1208E-02  0.2516E-02  0.2811E+01
   -0.849992   25.56432  0.2643E-17  0.1661E-04  0.4174E-07  0.1245E-02  0.2193E-02  0.2512E+01
   -0.899994   25.56483  0.2643E-17  0.1611E-04  0.3844E-07  0.1276E-02  0.1906E-02  0.2266E+01
   -0.949995   25.56530  0.2643E-17  0.1560E-04  0.3562E-07  0.1301E-02  0.1654E-02  0.2058E+01
   -0.999997   25.56574  0.2643E-17  0.1507E-04  0.3323E-07  0.1322E-02  0.1433E-02  0.1878E+01
   -1.049998   25.56616  0.2643E-17  0.1454E-04  0.3124E-07  0.1342E-02  0.1240E-02  0.1718E+01
   -1.100000   25.56656  0.2643E-17  0.1401E-04  0.2961E-07  0.1364E-02  0.1073E-02  0.1574E+01
   -1.150001   25.56693  0.2643E-17  0.1348E-04  0.2833E-07  0.1393E-02  0.9290E-03  0.1443E+01
   -1.200002   25.56728  0.2643E-17  0.1297E-04  0.2737E-07  0.1431E-02  0.8057E-03  0.1321E+01
   -1.250004   25.56760  0.2643E-17  0.1248E-04  0.2671E-07  0.1483E-02  0.7008E-03  0.1209E+01
   -1.300005   25.56790  0.2642E-17  0.1201E-04  0.2634E-07  0.1533E-02  0.6119E-03  0.1104E+01
   -1.350006   25.56818  0.2642E-17  0.1157E-04  0.2623E-07  0.1512E-02  0.5371E-03  0.9950E+00
   -1.400007   25.56845  0.2642E-17  0.1115E-04  0.2637E-07  0.1405E-02  0.4745E-03  0.8812E+00
   -1.450007   25.56874  0.2642E-17  0.1077E-04  0.2677E-07  0.1293E-02  0.4225E-03  0.7765E+00
   -1.500008   25.56903  0.2642E-17  0.1042E-04  0.2744E-07  0.1192E-02  0.3793E-03  0.7025E+00
   -1.550008   25.56934  0.2642E-17  0.1007E-04  0.2849E-07  0.1111E-02  0.3431E-03  0.7233E+00
   -1.600008   25.56965  0.2642E-17  0.9709E-05  0.3020E-07  0.1009E-02  0.3115E-03  0.9742E+00
   -1.650007   25.57000  0.2642E-17  0.9299E-05  0.3299E-07  0.9404E-03  0.2816E-03  0.9933E-01
   -1.700006   25.57037  0.2642E-17  0.8783E-05  0.3828E-07  0.7973E-03  0.2527E-03 -0.7766E+01
   -1.750005   25.57093  0.2642E-17  0.8087E-05  0.4798E-07  0.6988E-03  0.2178E-03  0.1759E+03
   -1.800004   25.57158  0.2642E-17  0.7072E-05  0.6874E-07  0.5049E-03  0.1840E-03  0.9105E+03
   -1.850002   25.57315  0.2642E-17  0.5856E-05  0.1053E-06  0.4156E-03  0.1347E-03  0.5037E+05
   -1.899999   25.57336  0.2642E-17  0.4383E-05  0.2194E-06  0.2026E-03  0.1042E-03 -0.1049E+03
   -1.949997   25.57941  0.2642E-17  0.2909E-05  0.5712E-06  0.1468E-03  0.5415E-04 -0.1908E+05
   -1.999993   25.58313  0.2642E-17  0.0000E+00  0.0000E+00  0.0000E+00  0.1064E-03  0.0000E+00
