 1 - depth, m
 2 - temperature, C
 3 - salinity, kg/kg
 4 - turbulent kinetic energy, m**2/s**2
 5 - dissipation rate, m**2/s**3
 6 - kinematic heat conductance, m**2/s
 7 - modulus of horizontal velocity, m/s
 8 - Richardson number, n/d
   -0.000000   28.53771  0.2853E-27  0.5144E-05  0.1752E-06  0.2384E-04  0.6575E-02 -0.5461E+00
   -0.049997   28.57505  0.2854E-27  0.6539E-05  0.7436E-07  0.2088E-03  0.3258E-02  0.1323E+03
   -0.099995   28.57907  0.2854E-27  0.7115E-05  0.5714E-07  0.2807E-03  0.2832E-02  0.2518E+01
   -0.149993   28.58189  0.2854E-27  0.7586E-05  0.4825E-07  0.3652E-03  0.2544E-02  0.1925E+01
   -0.199992   28.58393  0.2854E-27  0.8003E-05  0.4235E-07  0.4533E-03  0.2304E-02  0.1997E+01
   -0.249991   28.58548  0.2854E-27  0.8381E-05  0.3789E-07  0.5517E-03  0.2082E-02  0.2200E+01
   -0.299990   28.58669  0.2854E-27  0.8717E-05  0.3431E-07  0.6584E-03  0.1869E-02  0.2416E+01
   -0.349990   28.58765  0.2854E-27  0.9000E-05  0.3128E-07  0.7397E-03  0.1662E-02  0.2620E+01
   -0.399990   28.58846  0.2854E-27  0.9219E-05  0.2866E-07  0.8165E-03  0.1460E-02  0.2497E+01
   -0.449990   28.58916  0.2854E-27  0.9375E-05  0.2640E-07  0.8976E-03  0.1278E-02  0.2305E+01
   -0.499990   28.58976  0.2854E-27  0.9473E-05  0.2444E-07  0.9769E-03  0.1120E-02  0.2150E+01
   -0.549991   28.59027  0.2854E-27  0.9520E-05  0.2273E-07  0.1053E-02  0.9823E-03  0.2021E+01
   -0.599992   28.59073  0.2854E-27  0.9524E-05  0.2122E-07  0.1124E-02  0.8623E-03  0.1915E+01
   -0.649994   28.59113  0.2854E-27  0.9491E-05  0.1989E-07  0.1199E-02  0.7566E-03  0.1834E+01
   -0.699995   28.59148  0.2854E-27  0.9422E-05  0.1866E-07  0.1227E-02  0.6643E-03  0.1784E+01
   -0.749997   28.59181  0.2854E-27  0.9366E-05  0.1803E-07  0.1477E-02  0.5763E-03  0.1644E+01
   -0.799998   28.59207  0.2854E-27  0.9320E-05  0.1763E-07  0.1567E-02  0.5465E-03  0.2025E+01
   -0.850000   28.59229  0.2854E-27  0.9248E-05  0.1717E-07  0.1422E-02  0.5219E-03  0.1307E+01
   -0.900002   28.59253  0.2854E-27  0.9116E-05  0.1649E-07  0.1496E-02  0.4666E-03  0.1334E+01
   -0.950004   28.59275  0.2854E-27  0.8978E-05  0.1592E-07  0.1532E-02  0.4190E-03  0.1264E+01
   -1.000006   28.59295  0.2854E-27  0.8836E-05  0.1543E-07  0.1540E-02  0.3774E-03  0.1195E+01
   -1.050008   28.59314  0.2854E-27  0.8692E-05  0.1503E-07  0.1530E-02  0.3410E-03  0.1122E+01
   -1.100010   28.59332  0.2854E-27  0.8548E-05  0.1471E-07  0.1511E-02  0.3091E-03  0.1051E+01
   -1.150012   28.59349  0.2854E-27  0.8406E-05  0.1446E-07  0.1486E-02  0.2813E-03  0.9802E+00
   -1.200014   28.59366  0.2854E-27  0.8267E-05  0.1428E-07  0.1455E-02  0.2570E-03  0.9186E+00
   -1.250015   28.59382  0.2854E-27  0.8131E-05  0.1417E-07  0.1420E-02  0.2357E-03  0.8672E+00
   -1.300017   28.59398  0.2854E-27  0.7998E-05  0.1411E-07  0.1382E-02  0.2170E-03  0.8378E+00
   -1.350018   28.59414  0.2854E-27  0.7867E-05  0.1412E-07  0.1343E-02  0.2004E-03  0.8465E+00
   -1.400020   28.59429  0.2854E-27  0.7732E-05  0.1419E-07  0.1300E-02  0.1855E-03  0.9345E+00
   -1.450021   28.59445  0.2854E-27  0.7590E-05  0.1436E-07  0.1247E-02  0.1715E-03  0.1095E+01
   -1.500021   28.59460  0.2854E-27  0.7437E-05  0.1463E-07  0.1181E-02  0.1580E-03  0.1336E+01
   -1.550022   28.59476  0.2853E-27  0.7270E-05  0.1507E-07  0.1108E-02  0.1449E-03  0.1689E+01
   -1.600022   28.59492  0.2853E-27  0.7086E-05  0.1574E-07  0.1016E-02  0.1322E-03  0.2268E+01
   -1.650022   28.59509  0.2853E-27  0.6879E-05  0.1677E-07  0.9347E-03  0.1196E-03  0.3293E+01
   -1.700022   28.59527  0.2853E-27  0.6636E-05  0.1852E-07  0.8111E-03  0.1074E-03 -0.2555E+02
   -1.750021   28.59550  0.2853E-27  0.6324E-05  0.2167E-07  0.7322E-03  0.9446E-04  0.3897E+02
   -1.800020   28.59577  0.2853E-27  0.5865E-05  0.2827E-07  0.5422E-03  0.8159E-04  0.1200E+04
   -1.850019   28.59629  0.2853E-27  0.5175E-05  0.4116E-07  0.4440E-03  0.6381E-04  0.2120E+05
   -1.900017   28.59673  0.2853E-27  0.4125E-05  0.7965E-07  0.2254E-03  0.4914E-04  0.2682E+05
   -1.950015   28.59899  0.2853E-27  0.2563E-05  0.2210E-06  0.9033E-04  0.2811E-04 -0.1894E+06
   -2.000012   28.60263  0.2853E-27  0.0000E+00  0.0000E+00  0.0000E+00  0.4337E-04  0.0000E+00
