 1 - depth, m
 2 - temperature, C
 3 - salinity, kg/kg
 4 - turbulent kinetic energy, m**2/s**2
 5 - dissipation rate, m**2/s**3
 6 - kinematic heat conductance, m**2/s
 7 - modulus of horizontal velocity, m/s
 8 - Richardson number, n/d
   -0.000000   30.81185  0.2585E-21  0.4377E-05  0.2289E-06  0.4410E-04  0.2689E-02  0.7762E+02
   -0.049997   30.84308  0.2585E-21  0.7016E-05  0.1028E-06  0.1595E-03  0.1510E-02  0.2792E+02
   -0.099994   30.85294  0.2585E-21  0.8228E-05  0.7160E-07  0.3276E-03  0.1150E-02  0.1140E+02
   -0.149992   30.85635  0.2585E-21  0.8967E-05  0.5986E-07  0.4053E-03  0.1012E-02  0.5220E+01
   -0.199991   30.85894  0.2585E-21  0.9508E-05  0.5268E-07  0.5207E-03  0.9033E-03  0.3368E+01
   -0.249989   30.86085  0.2585E-21  0.9910E-05  0.4773E-07  0.6169E-03  0.8192E-03  0.2473E+01
   -0.299988   30.86237  0.2585E-21  0.1022E-04  0.4401E-07  0.7069E-03  0.7485E-03  0.2016E+01
   -0.349988   30.86364  0.2585E-21  0.1045E-04  0.4101E-07  0.7930E-03  0.6851E-03  0.1806E+01
   -0.399988   30.86471  0.2585E-21  0.1063E-04  0.3849E-07  0.8759E-03  0.6262E-03  0.1667E+01
   -0.449988   30.86563  0.2585E-21  0.1076E-04  0.3629E-07  0.9545E-03  0.5728E-03  0.1588E+01
   -0.499988   30.86642  0.2585E-21  0.1085E-04  0.3437E-07  0.1027E-02  0.5252E-03  0.1542E+01
   -0.549989   30.86713  0.2585E-21  0.1090E-04  0.3267E-07  0.1093E-02  0.4828E-03  0.1503E+01
   -0.599989   30.86776  0.2585E-21  0.1092E-04  0.3115E-07  0.1154E-02  0.4447E-03  0.1471E+01
   -0.649990   30.86832  0.2585E-21  0.1092E-04  0.2978E-07  0.1208E-02  0.4104E-03  0.1446E+01
   -0.699992   30.86883  0.2585E-21  0.1089E-04  0.2856E-07  0.1255E-02  0.3795E-03  0.1425E+01
   -0.749993   30.86930  0.2585E-21  0.1085E-04  0.2745E-07  0.1296E-02  0.3515E-03  0.1410E+01
   -0.799994   30.86973  0.2585E-21  0.1078E-04  0.2644E-07  0.1331E-02  0.3260E-03  0.1399E+01
   -0.849996   30.87012  0.2585E-21  0.1070E-04  0.2554E-07  0.1360E-02  0.3029E-03  0.1396E+01
   -0.899998   30.87049  0.2585E-21  0.1061E-04  0.2471E-07  0.1383E-02  0.2818E-03  0.1400E+01
   -0.949999   30.87083  0.2585E-21  0.1051E-04  0.2397E-07  0.1400E-02  0.2625E-03  0.1414E+01
   -1.000001   30.87115  0.2585E-21  0.1040E-04  0.2330E-07  0.1411E-02  0.2447E-03  0.1437E+01
   -1.050003   30.87145  0.2585E-21  0.1028E-04  0.2269E-07  0.1416E-02  0.2284E-03  0.1479E+01
   -1.100005   30.87174  0.2585E-21  0.1015E-04  0.2215E-07  0.1416E-02  0.2132E-03  0.1539E+01
   -1.150006   30.87201  0.2585E-21  0.1001E-04  0.2168E-07  0.1410E-02  0.1991E-03  0.1629E+01
   -1.200008   30.87226  0.2585E-21  0.9859E-05  0.2126E-07  0.1398E-02  0.1858E-03  0.1749E+01
   -1.250009   30.87251  0.2585E-21  0.9702E-05  0.2092E-07  0.1378E-02  0.1732E-03  0.1902E+01
   -1.300011   30.87274  0.2585E-21  0.9535E-05  0.2064E-07  0.1352E-02  0.1612E-03  0.2093E+01
   -1.350012   30.87297  0.2585E-21  0.9358E-05  0.2045E-07  0.1318E-02  0.1497E-03  0.2340E+01
   -1.400013   30.87318  0.2585E-21  0.9169E-05  0.2037E-07  0.1275E-02  0.1387E-03  0.2665E+01
   -1.450014   30.87339  0.2585E-21  0.8968E-05  0.2040E-07  0.1224E-02  0.1281E-03  0.3107E+01
   -1.500014   30.87360  0.2585E-21  0.8751E-05  0.2061E-07  0.1161E-02  0.1179E-03  0.3734E+01
   -1.550014   30.87381  0.2585E-21  0.8516E-05  0.2104E-07  0.1091E-02  0.1080E-03  0.4673E+01
   -1.600015   30.87402  0.2585E-21  0.8257E-05  0.2181E-07  0.1001E-02  0.9844E-04  0.6236E+01
   -1.650014   30.87424  0.2585E-21  0.7967E-05  0.2312E-07  0.9276E-03  0.8901E-04  0.9448E+01
   -1.700014   30.87446  0.2585E-21  0.7621E-05  0.2563E-07  0.8032E-03  0.7990E-04 -0.9847E+02
   -1.750013   30.87475  0.2585E-21  0.7165E-05  0.3048E-07  0.7145E-03  0.6974E-04  0.3769E+03
   -1.800012   30.87510  0.2585E-21  0.6495E-05  0.4051E-07  0.5353E-03  0.5955E-04  0.5426E+05
   -1.850010   30.87576  0.2585E-21  0.5582E-05  0.5936E-07  0.4449E-03  0.4564E-04  0.3654E+06
   -1.900008   30.87615  0.2585E-21  0.4342E-05  0.1191E-06  0.2198E-03  0.3510E-04  0.9834E+05
   -1.950005   30.87878  0.2585E-21  0.2732E-05  0.3196E-06  0.1130E-03  0.1951E-04 -0.2639E+06
   -2.000002   30.88201  0.2585E-21  0.0000E+00  0.0000E+00  0.0000E+00  0.3275E-04  0.0000E+00
