 1 - depth, m
 2 - temperature, C
 3 - salinity, kg/kg
 4 - turbulent kinetic energy, m**2/s**2
 5 - dissipation rate, m**2/s**3
 6 - kinematic heat conductance, m**2/s
 7 - modulus of horizontal velocity, m/s
 8 - Richardson number, n/d
   -0.000000   30.47718  0.1124E-30  0.4141E-05  0.2149E-06  0.4095E-04  0.1126E-02 -0.1368E+00
   -0.049998   30.51155  0.1124E-30  0.7062E-05  0.9850E-07  0.1733E-03  0.6205E-03  0.4672E+04
   -0.099996   30.52017  0.1124E-30  0.8307E-05  0.7034E-07  0.3347E-03  0.4700E-03  0.1168E+03
   -0.149994   30.52361  0.1124E-30  0.9093E-05  0.5911E-07  0.4213E-03  0.4126E-03  0.5781E+02
   -0.199993   30.52616  0.1124E-30  0.9666E-05  0.5221E-07  0.5420E-03  0.3674E-03  0.3767E+02
   -0.249993   30.52805  0.1124E-30  0.1009E-04  0.4743E-07  0.6450E-03  0.3325E-03  0.2758E+02
   -0.299992   30.52956  0.1124E-30  0.1041E-04  0.4385E-07  0.7412E-03  0.3033E-03  0.2176E+02
   -0.349992   30.53080  0.1124E-30  0.1065E-04  0.4102E-07  0.8290E-03  0.2781E-03  0.1838E+02
   -0.399993   30.53186  0.1124E-30  0.1083E-04  0.3869E-07  0.9086E-03  0.2557E-03  0.1618E+02
   -0.449994   30.53278  0.1124E-30  0.1096E-04  0.3670E-07  0.9818E-03  0.2359E-03  0.1501E+02
   -0.499995   30.53359  0.1124E-30  0.1106E-04  0.3496E-07  0.1049E-02  0.2185E-03  0.1445E+02
   -0.549996   30.53432  0.1124E-30  0.1112E-04  0.3342E-07  0.1110E-02  0.2029E-03  0.1404E+02
   -0.599997   30.53497  0.1124E-30  0.1115E-04  0.3203E-07  0.1166E-02  0.1888E-03  0.1384E+02
   -0.649999   30.53556  0.1124E-30  0.1116E-04  0.3078E-07  0.1216E-02  0.1760E-03  0.1374E+02
   -0.700001   30.53610  0.1124E-30  0.1114E-04  0.2963E-07  0.1261E-02  0.1643E-03  0.1378E+02
   -0.750003   30.53659  0.1124E-30  0.1111E-04  0.2858E-07  0.1300E-02  0.1536E-03  0.1389E+02
   -0.800005   30.53705  0.1124E-30  0.1105E-04  0.2762E-07  0.1334E-02  0.1436E-03  0.1413E+02
   -0.850007   30.53747  0.1124E-30  0.1099E-04  0.2673E-07  0.1363E-02  0.1344E-03  0.1443E+02
   -0.900009   30.53786  0.1124E-30  0.1090E-04  0.2592E-07  0.1387E-02  0.1258E-03  0.1487E+02
   -0.950012   30.53823  0.1124E-30  0.1081E-04  0.2516E-07  0.1405E-02  0.1178E-03  0.1536E+02
   -1.000014   30.53857  0.1124E-30  0.1070E-04  0.2447E-07  0.1418E-02  0.1102E-03  0.1603E+02
   -1.050016   30.53890  0.1124E-30  0.1058E-04  0.2383E-07  0.1426E-02  0.1031E-03  0.1678E+02
   -1.100019   30.53920  0.1124E-30  0.1045E-04  0.2326E-07  0.1427E-02  0.9644E-04  0.1775E+02
   -1.150021   30.53949  0.1124E-30  0.1031E-04  0.2274E-07  0.1423E-02  0.9012E-04  0.1885E+02
   -1.200023   30.53976  0.1124E-30  0.1016E-04  0.2229E-07  0.1412E-02  0.8411E-04  0.2027E+02
   -1.250025   30.54002  0.1124E-30  0.9999E-05  0.2190E-07  0.1395E-02  0.7842E-04  0.2194E+02
   -1.300027   30.54027  0.1124E-30  0.9827E-05  0.2159E-07  0.1370E-02  0.7298E-04  0.2411E+02
   -1.350029   30.54051  0.1124E-30  0.9644E-05  0.2136E-07  0.1338E-02  0.6780E-04  0.2679E+02
   -1.400031   30.54074  0.1124E-30  0.9449E-05  0.2123E-07  0.1297E-02  0.6284E-04  0.3041E+02
   -1.450032   30.54096  0.1124E-30  0.9241E-05  0.2123E-07  0.1247E-02  0.5808E-04  0.3519E+02
   -1.500034   30.54118  0.1124E-30  0.9018E-05  0.2139E-07  0.1185E-02  0.5350E-04  0.4205E+02
   -1.550035   30.54139  0.1124E-30  0.8776E-05  0.2178E-07  0.1118E-02  0.4907E-04  0.5200E+02
   -1.600035   30.54160  0.1124E-30  0.8510E-05  0.2249E-07  0.1028E-02  0.4478E-04  0.6885E+02
   -1.650036   30.54181  0.1124E-30  0.8215E-05  0.2371E-07  0.9593E-03  0.4057E-04  0.1053E+03
   -1.700036   30.54203  0.1124E-30  0.7866E-05  0.2609E-07  0.8353E-03  0.3652E-04  0.8716E+04
   -1.750036   30.54230  0.1124E-30  0.7413E-05  0.3068E-07  0.7507E-03  0.3208E-04 -0.1681E+04
   -1.800035   30.54261  0.1124E-30  0.6746E-05  0.4047E-07  0.5686E-03  0.2765E-04  0.1072E+06
   -1.850034   30.54320  0.1124E-30  0.5819E-05  0.5882E-07  0.4687E-03  0.2157E-04  0.1288E+06
   -1.900032   30.54357  0.1124E-30  0.4529E-05  0.1154E-06  0.2390E-03  0.1671E-04 -0.2734E+07
   -1.950031   30.54562  0.1124E-30  0.2827E-05  0.3145E-06  0.1105E-03  0.9595E-05 -0.5270E+07
   -2.000028   30.54814  0.1124E-30  0.0000E+00  0.0000E+00  0.0000E+00  0.1538E-04  0.0000E+00
