 1 - depth, m
 2 - temperature, C
 3 - salinity, kg/kg
 4 - turbulent kinetic energy, m**2/s**2
 5 - dissipation rate, m**2/s**3
 6 - kinematic heat conductance, m**2/s
 7 - modulus of horizontal velocity, m/s
 8 - Richardson number, n/d
   -0.000000   25.02425  0.2191E-28  0.3791E-04  0.5678E-05  0.3529E-04  0.4547E-01 -0.3720E-01
   -0.049997   25.10658  0.2191E-28  0.2595E-04  0.1447E-05  0.8530E-04  0.2134E-01 -0.7821E-01
   -0.099994   25.12347  0.2191E-28  0.2329E-04  0.6682E-06  0.1463E-03  0.1668E-01  0.1100E-01
   -0.149991   25.13318  0.2191E-28  0.2221E-04  0.4012E-06  0.2743E-03  0.1397E-01  0.1097E+03
   -0.199989   25.13913  0.2191E-28  0.2178E-04  0.2849E-06  0.4635E-03  0.1217E-01  0.3387E+03
   -0.249988   25.14260  0.2191E-28  0.2164E-04  0.2246E-06  0.6313E-03  0.1086E-01  0.1315E+04
   -0.299987   25.14465  0.2191E-28  0.2167E-04  0.1878E-06  0.6919E-03  0.9779E-02  0.1376E+04
   -0.349986   25.14638  0.2191E-28  0.2170E-04  0.1610E-06  0.7340E-03  0.8743E-02  0.1774E+04
   -0.399985   25.14794  0.2191E-28  0.2161E-04  0.1396E-06  0.7861E-03  0.7751E-02  0.2015E+04
   -0.449985   25.14933  0.2191E-28  0.2139E-04  0.1218E-06  0.8358E-03  0.6856E-02  0.2812E+02
   -0.499985   25.15059  0.2191E-28  0.2109E-04  0.1068E-06  0.8876E-03  0.6058E-02  0.1206E+02
   -0.549985   25.15172  0.2191E-28  0.2071E-04  0.9389E-07  0.9285E-03  0.5344E-02  0.8751E+01
   -0.599986   25.15276  0.2191E-28  0.2025E-04  0.8263E-07  0.9990E-03  0.4685E-02  0.7377E+01
   -0.649987   25.15368  0.2191E-28  0.1971E-04  0.7205E-07  0.1033E-02  0.4111E-02  0.6902E+01
   -0.699987   25.15454  0.2191E-28  0.1929E-04  0.6596E-07  0.1740E-02  0.3499E-02  0.2544E+01
   -0.749988   25.15502  0.2191E-28  0.1904E-04  0.6265E-07  0.1847E-02  0.3282E-02  0.2155E+01
   -0.799990   25.15546  0.2191E-28  0.1875E-04  0.5903E-07  0.1101E-02  0.3113E-02  0.2504E+01
   -0.849991   25.15617  0.2191E-28  0.1819E-04  0.5330E-07  0.1196E-02  0.2680E-02  0.2811E+01
   -0.899992   25.15679  0.2191E-28  0.1765E-04  0.4862E-07  0.1218E-02  0.2342E-02  0.2437E+01
   -0.949994   25.15738  0.2190E-28  0.1708E-04  0.4457E-07  0.1251E-02  0.2032E-02  0.2232E+01
   -0.999995   25.15792  0.2190E-28  0.1651E-04  0.4114E-07  0.1275E-02  0.1761E-02  0.2034E+01
   -1.049996   25.15844  0.2190E-28  0.1592E-04  0.3826E-07  0.1296E-02  0.1522E-02  0.1861E+01
   -1.099998   25.15893  0.2190E-28  0.1534E-04  0.3588E-07  0.1316E-02  0.1314E-02  0.1706E+01
   -1.149999   25.15939  0.2190E-28  0.1475E-04  0.3396E-07  0.1339E-02  0.1134E-02  0.1564E+01
   -1.200000   25.15982  0.2190E-28  0.1417E-04  0.3247E-07  0.1367E-02  0.9786E-03  0.1432E+01
   -1.250002   25.16023  0.2190E-28  0.1361E-04  0.3139E-07  0.1407E-02  0.8460E-03  0.1309E+01
   -1.300003   25.16061  0.2190E-28  0.1307E-04  0.3068E-07  0.1458E-02  0.7335E-03  0.1195E+01
   -1.350004   25.16096  0.2190E-28  0.1256E-04  0.3033E-07  0.1488E-02  0.6387E-03  0.1084E+01
   -1.400004   25.16129  0.2190E-28  0.1207E-04  0.3032E-07  0.1427E-02  0.5594E-03  0.9678E+00
   -1.450005   25.16162  0.2190E-28  0.1163E-04  0.3064E-07  0.1312E-02  0.4935E-03  0.8511E+00
   -1.500005   25.16197  0.2190E-28  0.1122E-04  0.3128E-07  0.1203E-02  0.4391E-03  0.7520E+00
   -1.550005   25.16233  0.2190E-28  0.1083E-04  0.3236E-07  0.1114E-02  0.3942E-03  0.7310E+00
   -1.600005   25.16271  0.2190E-28  0.1043E-04  0.3413E-07  0.1013E-02  0.3559E-03  0.8560E+00
   -1.650004   25.16313  0.2190E-28  0.9988E-05  0.3704E-07  0.9470E-03  0.3210E-03  0.2719E+01
   -1.700003   25.16357  0.2190E-28  0.9446E-05  0.4257E-07  0.8099E-03  0.2880E-03 -0.1564E+03
   -1.750002   25.16420  0.2190E-28  0.8722E-05  0.5270E-07  0.7136E-03  0.2491E-03  0.2815E+03
   -1.800001   25.16493  0.2190E-28  0.7671E-05  0.7478E-07  0.5235E-03  0.2113E-03  0.1354E+04
   -1.849999   25.16664  0.2190E-28  0.6405E-05  0.1137E-06  0.4309E-03  0.1568E-03  0.1138E+06
   -1.899996   25.16700  0.2190E-28  0.4823E-05  0.2358E-06  0.2077E-03  0.1219E-03  0.7807E+04
   -1.949993   25.17322  0.2190E-28  0.3190E-05  0.6158E-06  0.1465E-03  0.6447E-04 -0.2208E+05
   -1.999990   25.17632  0.2190E-28  0.0000E+00  0.0000E+00  0.0000E+00  0.1218E-03  0.0000E+00
