 1 - depth, m
 2 - temperature, C
 3 - salinity, kg/kg
 4 - turbulent kinetic energy, m**2/s**2
 5 - dissipation rate, m**2/s**3
 6 - kinematic heat conductance, m**2/s
 7 - modulus of horizontal velocity, m/s
 8 - Richardson number, n/d
   -0.000000   26.11921  0.1023E-17  0.1553E-04  0.9762E-06  0.3016E-04  0.2164E-01 -0.8483E-01
   -0.049997   26.16843  0.1023E-17  0.1499E-04  0.3313E-06  0.1038E-03  0.1269E-01 -0.2544E+00
   -0.099994   26.18130  0.1023E-17  0.1513E-04  0.2030E-06  0.3117E-03  0.1015E-01  0.1946E+03
   -0.149992   26.18578  0.1023E-17  0.1551E-04  0.1563E-06  0.4991E-03  0.8976E-02  0.7506E+01
   -0.199990   26.18818  0.1023E-17  0.1603E-04  0.1300E-06  0.5836E-03  0.8130E-02  0.1039E+02
   -0.249988   26.19012  0.1023E-17  0.1657E-04  0.1114E-06  0.6477E-03  0.7301E-02  0.1052E+02
   -0.299987   26.19179  0.1023E-17  0.1704E-04  0.9770E-07  0.6983E-03  0.6539E-02  0.1196E+02
   -0.349986   26.19326  0.1023E-17  0.1740E-04  0.8676E-07  0.7505E-03  0.5813E-02  0.1557E+02
   -0.399986   26.19456  0.1023E-17  0.1759E-04  0.7743E-07  0.8177E-03  0.5110E-02  0.1162E+02
   -0.449985   26.19570  0.1023E-17  0.1764E-04  0.6926E-07  0.8866E-03  0.4473E-02  0.8193E+01
   -0.499985   26.19670  0.1023E-17  0.1757E-04  0.6206E-07  0.9570E-03  0.3904E-02  0.6476E+01
   -0.549986   26.19758  0.1023E-17  0.1739E-04  0.5559E-07  0.1025E-02  0.3394E-02  0.5503E+01
   -0.599986   26.19836  0.1023E-17  0.1712E-04  0.4975E-07  0.1101E-02  0.2928E-02  0.5032E+01
   -0.649987   26.19905  0.1023E-17  0.1673E-04  0.4403E-07  0.1229E-02  0.2516E-02  0.4796E+01
   -0.699988   26.19964  0.1023E-17  0.1643E-04  0.4096E-07  0.1971E-02  0.2083E-02  0.2408E+01
   -0.749989   26.20000  0.1023E-17  0.1624E-04  0.3928E-07  0.2108E-02  0.1943E-02  0.2153E+01
   -0.799990   26.20031  0.1023E-17  0.1597E-04  0.3723E-07  0.1292E-02  0.1840E-02  0.2414E+01
   -0.849992   26.20080  0.1023E-17  0.1565E-04  0.3519E-07  0.2145E-02  0.1506E-02  0.1838E+01
   -0.899993   26.20108  0.1023E-17  0.1544E-04  0.3411E-07  0.2174E-02  0.1413E-02  0.1622E+01
   -0.949994   26.20134  0.1023E-17  0.1516E-04  0.3281E-07  0.1325E-02  0.1342E-02  0.1684E+01
   -0.999996   26.20176  0.1023E-17  0.1454E-04  0.3045E-07  0.1304E-02  0.1138E-02  0.1846E+01
   -1.049997   26.20216  0.1023E-17  0.1422E-04  0.2942E-07  0.2163E-02  0.9546E-03  0.1346E+01
   -1.099999   26.20240  0.1023E-17  0.1403E-04  0.2891E-07  0.2074E-02  0.8989E-03  0.1224E+01
   -1.150000   26.20263  0.1023E-17  0.1376E-04  0.2834E-07  0.1456E-02  0.8588E-03  0.1185E+01
   -1.200001   26.20295  0.1023E-17  0.1321E-04  0.2750E-07  0.1525E-02  0.7431E-03  0.1222E+01
   -1.250003   26.20324  0.1023E-17  0.1272E-04  0.2698E-07  0.1577E-02  0.6507E-03  0.1118E+01
   -1.300004   26.20351  0.1023E-17  0.1225E-04  0.2673E-07  0.1606E-02  0.5719E-03  0.1025E+01
   -1.350005   26.20377  0.1023E-17  0.1181E-04  0.2674E-07  0.1547E-02  0.5054E-03  0.9252E+00
   -1.400005   26.20403  0.1023E-17  0.1140E-04  0.2700E-07  0.1433E-02  0.4496E-03  0.8233E+00
   -1.450006   26.20430  0.1023E-17  0.1102E-04  0.2750E-07  0.1322E-02  0.4029E-03  0.7344E+00
   -1.500006   26.20458  0.1023E-17  0.1067E-04  0.2829E-07  0.1220E-02  0.3640E-03  0.6870E+00
   -1.550006   26.20487  0.1023E-17  0.1032E-04  0.2950E-07  0.1139E-02  0.3309E-03  0.7425E+00
   -1.600006   26.20518  0.1023E-17  0.9942E-05  0.3147E-07  0.1031E-02  0.3014E-03  0.1053E+01
   -1.650006   26.20552  0.1023E-17  0.9513E-05  0.3471E-07  0.9585E-03  0.2729E-03  0.3082E+01
   -1.700005   26.20590  0.1023E-17  0.8963E-05  0.4083E-07  0.8069E-03  0.2448E-03  0.2842E+02
   -1.750004   26.20649  0.1023E-17  0.8217E-05  0.5179E-07  0.7049E-03  0.2101E-03  0.1303E+03
   -1.800002   26.20716  0.1023E-17  0.7143E-05  0.7645E-07  0.5050E-03  0.1774E-03  0.2523E+03
   -1.850000   26.20889  0.1023E-17  0.5928E-05  0.1175E-06  0.4236E-03  0.1289E-03  0.4163E+05
   -1.899998   26.20894  0.1023E-17  0.4481E-05  0.2435E-06  0.2047E-03  0.1011E-03  0.7116E+04
   -1.949995   26.21544  0.1023E-17  0.2999E-05  0.6283E-06  0.1536E-03  0.5289E-04 -0.3399E+04
   -1.999992   26.21923  0.1023E-17  0.0000E+00  0.0000E+00  0.0000E+00  0.1049E-03  0.0000E+00
