 1 - depth, m
 2 - temperature, C
 3 - salinity, kg/kg
 4 - turbulent kinetic energy, m**2/s**2
 5 - dissipation rate, m**2/s**3
 6 - kinematic heat conductance, m**2/s
 7 - modulus of horizontal velocity, m/s
 8 - Richardson number, n/d
   -0.000000   31.24095  0.5855E-29  0.4359E-05  0.2347E-06  0.4446E-04  0.2451E-02  0.5787E+02
   -0.049997   31.27254  0.5855E-29  0.7045E-05  0.1058E-06  0.1537E-03  0.1408E-02  0.1157E+02
   -0.099994   31.28312  0.5855E-29  0.8307E-05  0.7276E-07  0.3317E-03  0.1044E-02  0.1268E+02
   -0.149992   31.28655  0.5855E-29  0.9061E-05  0.6078E-07  0.4056E-03  0.9174E-03  0.5700E+01
   -0.199990   31.28917  0.5855E-29  0.9610E-05  0.5342E-07  0.5244E-03  0.8163E-03  0.3655E+01
   -0.249988   31.29110  0.5855E-29  0.1001E-04  0.4834E-07  0.6231E-03  0.7383E-03  0.2654E+01
   -0.299987   31.29263  0.5855E-29  0.1031E-04  0.4454E-07  0.7158E-03  0.6731E-03  0.2081E+01
   -0.349986   31.29390  0.5855E-29  0.1054E-04  0.4154E-07  0.7985E-03  0.6167E-03  0.1765E+01
   -0.399986   31.29497  0.5855E-29  0.1070E-04  0.3906E-07  0.8743E-03  0.5664E-03  0.1601E+01
   -0.449986   31.29591  0.5855E-29  0.1081E-04  0.3689E-07  0.9478E-03  0.5211E-03  0.1528E+01
   -0.499986   31.29672  0.5855E-29  0.1089E-04  0.3498E-07  0.1016E-02  0.4804E-03  0.1482E+01
   -0.549986   31.29744  0.5855E-29  0.1093E-04  0.3328E-07  0.1079E-02  0.4439E-03  0.1447E+01
   -0.599987   31.29808  0.5855E-29  0.1095E-04  0.3175E-07  0.1136E-02  0.4109E-03  0.1416E+01
   -0.649988   31.29865  0.5855E-29  0.1094E-04  0.3039E-07  0.1184E-02  0.3810E-03  0.1444E+01
   -0.699988   31.29917  0.5855E-29  0.1091E-04  0.2920E-07  0.1156E-02  0.3542E-03  0.5439E+01
   -0.749990   31.29968  0.5855E-29  0.1087E-04  0.2811E-07  0.1411E-02  0.3297E-03  0.5717E+01
   -0.799991   31.30007  0.5855E-29  0.1081E-04  0.2714E-07  0.1298E-02  0.3106E-03  0.1393E+01
   -0.849992   31.30048  0.5855E-29  0.1073E-04  0.2622E-07  0.1328E-02  0.2902E-03  0.1334E+01
   -0.899994   31.30085  0.5855E-29  0.1064E-04  0.2538E-07  0.1351E-02  0.2713E-03  0.1364E+01
   -0.949995   31.30120  0.5855E-29  0.1054E-04  0.2462E-07  0.1368E-02  0.2537E-03  0.1407E+01
   -0.999997   31.30153  0.5855E-29  0.1043E-04  0.2392E-07  0.1380E-02  0.2373E-03  0.1473E+01
   -1.049998   31.30184  0.5855E-29  0.1031E-04  0.2328E-07  0.1387E-02  0.2218E-03  0.1543E+01
   -1.099999   31.30213  0.5855E-29  0.1018E-04  0.2271E-07  0.1388E-02  0.2072E-03  0.1640E+01
   -1.150001   31.30240  0.5855E-29  0.1004E-04  0.2221E-07  0.1384E-02  0.1934E-03  0.1748E+01
   -1.200002   31.30266  0.5855E-29  0.9892E-05  0.2177E-07  0.1373E-02  0.1804E-03  0.1893E+01
   -1.250003   31.30291  0.5855E-29  0.9735E-05  0.2140E-07  0.1355E-02  0.1680E-03  0.2061E+01
   -1.300005   31.30315  0.5855E-29  0.9569E-05  0.2111E-07  0.1330E-02  0.1562E-03  0.2288E+01
   -1.350006   31.30339  0.5855E-29  0.9393E-05  0.2091E-07  0.1297E-02  0.1449E-03  0.2565E+01
   -1.400006   31.30361  0.5855E-29  0.9206E-05  0.2082E-07  0.1256E-02  0.1341E-03  0.2950E+01
   -1.450007   31.30383  0.5855E-29  0.9006E-05  0.2085E-07  0.1206E-02  0.1238E-03  0.3456E+01
   -1.500007   31.30405  0.5855E-29  0.8791E-05  0.2106E-07  0.1144E-02  0.1139E-03  0.4200E+01
   -1.550007   31.30427  0.5854E-29  0.8557E-05  0.2149E-07  0.1075E-02  0.1043E-03  0.5284E+01
   -1.600007   31.30449  0.5854E-29  0.8299E-05  0.2227E-07  0.9852E-03  0.9493E-04  0.7128E+01
   -1.650007   31.30472  0.5854E-29  0.8010E-05  0.2359E-07  0.9098E-03  0.8577E-04  0.1053E+02
   -1.700006   31.30496  0.5854E-29  0.7667E-05  0.2604E-07  0.7855E-03  0.7692E-04  0.4034E+02
   -1.750005   31.30527  0.5854E-29  0.7222E-05  0.3072E-07  0.7028E-03  0.6726E-04  0.3589E+03
   -1.800003   31.30563  0.5854E-29  0.6571E-05  0.4059E-07  0.5233E-03  0.5767E-04  0.1704E+05
   -1.850001   31.30633  0.5854E-29  0.5645E-05  0.5986E-07  0.4255E-03  0.4437E-04  0.2638E+06
   -1.899999   31.30680  0.5854E-29  0.4322E-05  0.1207E-06  0.2066E-03  0.3387E-04  0.1726E+05
   -1.949996   31.30963  0.5854E-29  0.2725E-05  0.3238E-06  0.1120E-03  0.1849E-04 -0.2866E+06
   -1.999993   31.31285  0.5854E-29  0.0000E+00  0.0000E+00  0.0000E+00  0.3113E-04  0.0000E+00
