 1 - depth, m
 2 - temperature, C
 3 - salinity, kg/kg
 4 - turbulent kinetic energy, m**2/s**2
 5 - dissipation rate, m**2/s**3
 6 - kinematic heat conductance, m**2/s
 7 - modulus of horizontal velocity, m/s
 8 - Richardson number, n/d
   -0.000000   29.46124  0.4432E-31  0.3494E-05  0.1596E-06  0.3555E-04  0.8778E-03 -0.2014E+03
   -0.049998   29.49263  0.4434E-31  0.6030E-05  0.7370E-07  0.1710E-03  0.4645E-03  0.5821E+04
   -0.099997   29.49921  0.4434E-31  0.7040E-05  0.5373E-07  0.3100E-03  0.3562E-03  0.6895E+03
   -0.149996   29.50217  0.4434E-31  0.7689E-05  0.4534E-07  0.3977E-03  0.3111E-03  0.3524E+03
   -0.199995   29.50433  0.4434E-31  0.8160E-05  0.4014E-07  0.5054E-03  0.2764E-03  0.2320E+03
   -0.249995   29.50594  0.4434E-31  0.8511E-05  0.3650E-07  0.6001E-03  0.2494E-03  0.1722E+03
   -0.299995   29.50724  0.4434E-31  0.8774E-05  0.3376E-07  0.6877E-03  0.2268E-03  0.1363E+03
   -0.349996   29.50831  0.4434E-31  0.8971E-05  0.3158E-07  0.7676E-03  0.2072E-03  0.1164E+03
   -0.399997   29.50922  0.4434E-31  0.9116E-05  0.2978E-07  0.8403E-03  0.1898E-03  0.1024E+03
   -0.449998   29.51001  0.4434E-31  0.9222E-05  0.2823E-07  0.9072E-03  0.1744E-03  0.9584E+02
   -0.500000   29.51071  0.4434E-31  0.9296E-05  0.2688E-07  0.9687E-03  0.1609E-03  0.9185E+02
   -0.550001   29.51133  0.4434E-31  0.9342E-05  0.2568E-07  0.1025E-02  0.1489E-03  0.9012E+02
   -0.600003   29.51188  0.4434E-31  0.9366E-05  0.2460E-07  0.1076E-02  0.1381E-03  0.8836E+02
   -0.650005   29.51238  0.4434E-31  0.9369E-05  0.2362E-07  0.1123E-02  0.1283E-03  0.8859E+02
   -0.700008   29.51284  0.4434E-31  0.9355E-05  0.2273E-07  0.1164E-02  0.1193E-03  0.8834E+02
   -0.750010   29.51326  0.4434E-31  0.9326E-05  0.2191E-07  0.1201E-02  0.1111E-03  0.9000E+02
   -0.800013   29.51364  0.4434E-31  0.9284E-05  0.2117E-07  0.1234E-02  0.1036E-03  0.9100E+02
   -0.850016   29.51400  0.4434E-31  0.9230E-05  0.2048E-07  0.1261E-02  0.9655E-04  0.9396E+02
   -0.900018   29.51433  0.4434E-31  0.9165E-05  0.1985E-07  0.1284E-02  0.9006E-04  0.9619E+02
   -0.950021   29.51463  0.4434E-31  0.9091E-05  0.1927E-07  0.1303E-02  0.8399E-04  0.1006E+03
   -1.000024   29.51492  0.4434E-31  0.9007E-05  0.1874E-07  0.1317E-02  0.7833E-04  0.1042E+03
   -1.050027   29.51519  0.4434E-31  0.8916E-05  0.1825E-07  0.1326E-02  0.7301E-04  0.1104E+03
   -1.100030   29.51545  0.4434E-31  0.8816E-05  0.1781E-07  0.1330E-02  0.6803E-04  0.1160E+03
   -1.150033   29.51569  0.4434E-31  0.8710E-05  0.1742E-07  0.1329E-02  0.6332E-04  0.1247E+03
   -1.200035   29.51592  0.4434E-31  0.8596E-05  0.1708E-07  0.1323E-02  0.5889E-04  0.1330E+03
   -1.250038   29.51613  0.4434E-31  0.8476E-05  0.1679E-07  0.1311E-02  0.5468E-04  0.1454E+03
   -1.300041   29.51634  0.4434E-31  0.8348E-05  0.1655E-07  0.1293E-02  0.5071E-04  0.1583E+03
   -1.350043   29.51654  0.4434E-31  0.8214E-05  0.1637E-07  0.1268E-02  0.4692E-04  0.1770E+03
   -1.400045   29.51673  0.4434E-31  0.8072E-05  0.1627E-07  0.1235E-02  0.4332E-04  0.1980E+03
   -1.450047   29.51692  0.4434E-31  0.7921E-05  0.1625E-07  0.1195E-02  0.3988E-04  0.2285E+03
   -1.500049   29.51710  0.4434E-31  0.7761E-05  0.1634E-07  0.1146E-02  0.3659E-04  0.2658E+03
   -1.550050   29.51728  0.4434E-31  0.7590E-05  0.1657E-07  0.1089E-02  0.3343E-04  0.3217E+03
   -1.600051   29.51746  0.4434E-31  0.7405E-05  0.1699E-07  0.1017E-02  0.3039E-04  0.4001E+03
   -1.650052   29.51764  0.4434E-31  0.7202E-05  0.1771E-07  0.9462E-03  0.2744E-04  0.5240E+03
   -1.700053   29.51783  0.4434E-31  0.6975E-05  0.1890E-07  0.8376E-03  0.2460E-04  0.7425E+03
   -1.750053   29.51804  0.4434E-31  0.6708E-05  0.2096E-07  0.7835E-03  0.2173E-04  0.1651E+04
   -1.800053   29.51826  0.4434E-31  0.6343E-05  0.2551E-07  0.5938E-03  0.1906E-04 -0.3543E+07
   -1.850053   29.51866  0.4434E-31  0.5766E-05  0.3508E-07  0.5068E-03  0.1531E-04  0.2892E+05
   -1.900052   29.51906  0.4434E-31  0.4824E-05  0.5959E-07  0.2700E-03  0.1212E-04 -0.3505E+06
   -1.950050   29.52052  0.4434E-31  0.2940E-05  0.1777E-06  0.6977E-04  0.7358E-05 -0.2966E+07
   -2.000048   29.52424  0.4434E-31  0.0000E+00  0.0000E+00  0.0000E+00  0.9957E-05  0.0000E+00
