 1 - depth, m
 2 - temperature, C
 3 - salinity, kg/kg
 4 - turbulent kinetic energy, m**2/s**2
 5 - dissipation rate, m**2/s**3
 6 - kinematic heat conductance, m**2/s
 7 - modulus of horizontal velocity, m/s
 8 - Richardson number, n/d
   -0.000000   28.75190  0.1297E-24  0.2504E-05  0.8700E-07  0.2492E-04  0.3695E-03 -0.2318E+03
   -0.049998   28.78073  0.1297E-24  0.4333E-05  0.4134E-07  0.1594E-03  0.1719E-03  0.2064E+07
   -0.099996   28.78495  0.1297E-24  0.4945E-05  0.3176E-07  0.2507E-03  0.1406E-03  0.1531E+04
   -0.149994   28.78733  0.1297E-24  0.5346E-05  0.2692E-07  0.3316E-03  0.1219E-03  0.7211E+03
   -0.199993   28.78900  0.1297E-24  0.5623E-05  0.2381E-07  0.4097E-03  0.1080E-03  0.4656E+03
   -0.249992   28.79026  0.1297E-24  0.5816E-05  0.2156E-07  0.4808E-03  0.9691E-04  0.3419E+03
   -0.299992   28.79127  0.1297E-24  0.5949E-05  0.1982E-07  0.5452E-03  0.8755E-04  0.2707E+03
   -0.349992   28.79211  0.1297E-24  0.6036E-05  0.1841E-07  0.6031E-03  0.7935E-04  0.2309E+03
   -0.399993   28.79282  0.1297E-24  0.6085E-05  0.1722E-07  0.6552E-03  0.7202E-04  0.2042E+03
   -0.449993   28.79343  0.1297E-24  0.6106E-05  0.1617E-07  0.7029E-03  0.6555E-04  0.1904E+03
   -0.499994   28.79396  0.1297E-24  0.6104E-05  0.1523E-07  0.7462E-03  0.5989E-04  0.1837E+03
   -0.549995   28.79442  0.1297E-24  0.6083E-05  0.1439E-07  0.7855E-03  0.5484E-04  0.1794E+03
   -0.599997   28.79483  0.1297E-24  0.6049E-05  0.1363E-07  0.8211E-03  0.5034E-04  0.1770E+03
   -0.649999   28.79518  0.1297E-24  0.6002E-05  0.1293E-07  0.8531E-03  0.4626E-04  0.1762E+03
   -0.700000   28.79550  0.1297E-24  0.5946E-05  0.1229E-07  0.8819E-03  0.4258E-04  0.1765E+03
   -0.750002   28.79578  0.1297E-24  0.5882E-05  0.1171E-07  0.9076E-03  0.3921E-04  0.1781E+03
   -0.800004   28.79604  0.1297E-24  0.5811E-05  0.1117E-07  0.9302E-03  0.3613E-04  0.1807E+03
   -0.850007   28.79627  0.1297E-24  0.5736E-05  0.1067E-07  0.9501E-03  0.3330E-04  0.1844E+03
   -0.900009   28.79647  0.1297E-24  0.5657E-05  0.1021E-07  0.9673E-03  0.3069E-04  0.1892E+03
   -0.950011   28.79666  0.1297E-24  0.5574E-05  0.9783E-08  0.9818E-03  0.2828E-04  0.1954E+03
   -1.000014   28.79683  0.1297E-24  0.5490E-05  0.9392E-08  0.9936E-03  0.2605E-04  0.2026E+03
   -1.050016   28.79699  0.1297E-24  0.5404E-05  0.9031E-08  0.1003E-02  0.2398E-04  0.2119E+03
   -1.100018   28.79713  0.1297E-24  0.5317E-05  0.8701E-08  0.1010E-02  0.2206E-04  0.2228E+03
   -1.150020   28.79726  0.1297E-24  0.5229E-05  0.8400E-08  0.1014E-02  0.2026E-04  0.2364E+03
   -1.200023   28.79738  0.1297E-24  0.5141E-05  0.8127E-08  0.1015E-02  0.1859E-04  0.2617E+03
   -1.250025   28.79749  0.1297E-24  0.5055E-05  0.7886E-08  0.1055E-02  0.1703E-04  0.8595E+03
   -1.300027   28.79759  0.1297E-24  0.4970E-05  0.7677E-08  0.1023E-02  0.1564E-04  0.2276E+04
   -1.350029   28.79768  0.1297E-24  0.4885E-05  0.7495E-08  0.1000E-02  0.1433E-04  0.3690E+03
   -1.400030   28.79777  0.1297E-24  0.4799E-05  0.7338E-08  0.9894E-03  0.1305E-04  0.3758E+03
   -1.450032   28.79785  0.1297E-24  0.4713E-05  0.7215E-08  0.9738E-03  0.1185E-04  0.4310E+03
   -1.500033   28.79793  0.1297E-24  0.4628E-05  0.7130E-08  0.9539E-03  0.1073E-04  0.5083E+03
   -1.550034   28.79801  0.1297E-24  0.4543E-05  0.7088E-08  0.9290E-03  0.9676E-05  0.6152E+03
   -1.600034   28.79808  0.1297E-24  0.4458E-05  0.7099E-08  0.8984E-03  0.8686E-05  0.7715E+03
   -1.650035   28.79815  0.1297E-24  0.4373E-05  0.7176E-08  0.8611E-03  0.7757E-05  0.1007E+04
   -1.700035   28.79823  0.1297E-24  0.4286E-05  0.7345E-08  0.8158E-03  0.6881E-05  0.1380E+04
   -1.750035   28.79831  0.1297E-24  0.4196E-05  0.7645E-08  0.7599E-03  0.6058E-05  0.2022E+04
   -1.800034   28.79841  0.1297E-24  0.4099E-05  0.8162E-08  0.7047E-03  0.5282E-05  0.3307E+04
   -1.850033   28.79852  0.1297E-24  0.3972E-05  0.9179E-08  0.6355E-03  0.4556E-05 -0.3480E+05
   -1.900031   28.79870  0.1297E-24  0.3732E-05  0.1219E-07  0.3612E-03  0.3780E-05 -0.1159E+08
   -1.950029   28.79905  0.1297E-24  0.2337E-05  0.4402E-07  0.1785E-04  0.2721E-05 -0.2965E+08
   -2.000027   28.80417  0.1297E-24  0.0000E+00  0.0000E+00  0.0000E+00  0.2722E-05  0.0000E+00
