 1 - depth, m
 2 - temperature, C
 3 - salinity, kg/kg
 4 - turbulent kinetic energy, m**2/s**2
 5 - dissipation rate, m**2/s**3
 6 - kinematic heat conductance, m**2/s
 7 - modulus of horizontal velocity, m/s
 8 - Richardson number, n/d
   -0.000000   27.15262  0.1354E-16  0.1273E-04  0.6533E-06  0.2884E-04  0.1851E-01 -0.9093E-01
   -0.049997   27.18896  0.1355E-16  0.1279E-04  0.2367E-06  0.1013E-03  0.1110E-01 -0.2620E+00
   -0.099995   27.19882  0.1355E-16  0.1298E-04  0.1504E-06  0.3107E-03  0.8871E-02  0.3620E+03
   -0.149993   27.20210  0.1356E-16  0.1335E-04  0.1183E-06  0.4827E-03  0.7872E-02  0.5746E+01
   -0.199991   27.20401  0.1356E-16  0.1383E-04  0.9929E-07  0.5764E-03  0.7127E-02  0.7155E+01
   -0.249990   27.20552  0.1356E-16  0.1433E-04  0.8566E-07  0.6358E-03  0.6404E-02  0.8600E+01
   -0.299989   27.20683  0.1356E-16  0.1477E-04  0.7550E-07  0.6864E-03  0.5738E-02  0.9984E+01
   -0.349989   27.20799  0.1356E-16  0.1512E-04  0.6737E-07  0.7381E-03  0.5107E-02  0.1243E+02
   -0.399989   27.20902  0.1356E-16  0.1535E-04  0.6049E-07  0.8057E-03  0.4498E-02  0.9326E+01
   -0.449989   27.20992  0.1356E-16  0.1547E-04  0.5455E-07  0.8763E-03  0.3949E-02  0.6612E+01
   -0.499989   27.21071  0.1356E-16  0.1552E-04  0.4940E-07  0.9483E-03  0.3465E-02  0.5140E+01
   -0.549990   27.21142  0.1356E-16  0.1550E-04  0.4493E-07  0.1021E-02  0.3036E-02  0.4202E+01
   -0.599991   27.21206  0.1356E-16  0.1541E-04  0.4102E-07  0.1094E-02  0.2657E-02  0.3559E+01
   -0.649992   27.21262  0.1356E-16  0.1528E-04  0.3761E-07  0.1165E-02  0.2321E-02  0.3088E+01
   -0.699994   27.21314  0.1356E-16  0.1510E-04  0.3462E-07  0.1232E-02  0.2024E-02  0.2730E+01
   -0.749995   27.21360  0.1356E-16  0.1488E-04  0.3201E-07  0.1293E-02  0.1763E-02  0.2447E+01
   -0.799997   27.21402  0.1356E-16  0.1462E-04  0.2973E-07  0.1348E-02  0.1534E-02  0.2219E+01
   -0.849998   27.21441  0.1356E-16  0.1434E-04  0.2775E-07  0.1398E-02  0.1335E-02  0.2029E+01
   -0.900000   27.21477  0.1356E-16  0.1403E-04  0.2603E-07  0.1444E-02  0.1161E-02  0.1867E+01
   -0.950002   27.21510  0.1356E-16  0.1371E-04  0.2455E-07  0.1487E-02  0.1010E-02  0.1724E+01
   -1.000004   27.21540  0.1356E-16  0.1337E-04  0.2328E-07  0.1532E-02  0.8797E-03  0.1595E+01
   -1.050006   27.21568  0.1356E-16  0.1303E-04  0.2221E-07  0.1579E-02  0.7674E-03  0.1476E+01
   -1.100008   27.21594  0.1356E-16  0.1268E-04  0.2132E-07  0.1632E-02  0.6708E-03  0.1365E+01
   -1.150009   27.21617  0.1356E-16  0.1234E-04  0.2060E-07  0.1693E-02  0.5878E-03  0.1259E+01
   -1.200011   27.21639  0.1356E-16  0.1201E-04  0.2003E-07  0.1765E-02  0.5167E-03  0.1158E+01
   -1.250013   27.21658  0.1356E-16  0.1168E-04  0.1961E-07  0.1846E-02  0.4558E-03  0.1060E+01
   -1.300014   27.21675  0.1356E-16  0.1138E-04  0.1933E-07  0.1923E-02  0.4037E-03  0.9634E+00
   -1.350015   27.21691  0.1356E-16  0.1109E-04  0.1918E-07  0.1931E-02  0.3592E-03  0.8622E+00
   -1.400017   27.21705  0.1356E-16  0.1082E-04  0.1916E-07  0.1839E-02  0.3213E-03  0.7553E+00
   -1.450018   27.21719  0.1356E-16  0.1056E-04  0.1926E-07  0.1744E-02  0.2889E-03  0.6513E+00
   -1.500018   27.21733  0.1356E-16  0.1033E-04  0.1949E-07  0.1651E-02  0.2614E-03  0.5535E+00
   -1.550019   27.21746  0.1356E-16  0.1012E-04  0.1985E-07  0.1561E-02  0.2380E-03  0.4715E+00
   -1.600019   27.21759  0.1356E-16  0.9926E-05  0.2037E-07  0.1484E-02  0.2179E-03  0.4179E+00
   -1.650019   27.21771  0.1356E-16  0.9733E-05  0.2111E-07  0.1422E-02  0.2005E-03  0.4642E+00
   -1.700018   27.21783  0.1356E-16  0.9528E-05  0.2226E-07  0.1324E-02  0.1844E-03  0.9038E+00
   -1.750018   27.21796  0.1356E-16  0.9298E-05  0.2410E-07  0.1230E-02  0.1682E-03  0.1788E+01
   -1.800017   27.21808  0.1356E-16  0.9024E-05  0.2724E-07  0.1043E-02  0.1525E-03  0.2878E+03
   -1.850015   27.21826  0.1356E-16  0.8676E-05  0.3283E-07  0.1054E-02  0.1350E-03  0.1000E+04
   -1.900013   27.21844  0.1356E-16  0.8076E-05  0.4885E-07  0.5974E-03  0.1201E-03  0.4948E+03
   -1.950011   27.21901  0.1356E-16  0.4938E-05  0.1873E-06  0.4142E-04  0.9198E-04 -0.4801E+05
   -2.000008   27.22311  0.1356E-16  0.0000E+00  0.0000E+00  0.0000E+00  0.9781E-04  0.0000E+00
