 1 - depth, m
 2 - temperature, C
 3 - salinity, kg/kg
 4 - turbulent kinetic energy, m**2/s**2
 5 - dissipation rate, m**2/s**3
 6 - kinematic heat conductance, m**2/s
 7 - modulus of horizontal velocity, m/s
 8 - Richardson number, n/d
   -0.000000   29.50676  0.6140E-31  0.4556E-05  0.2160E-06  0.4096E-04  0.3354E-02  0.5167E+00
   -0.049997   29.53955  0.6140E-31  0.7138E-05  0.9637E-07  0.1830E-03  0.1776E-02  0.5370E+03
   -0.099995   29.54771  0.6140E-31  0.8240E-05  0.6955E-07  0.3282E-03  0.1416E-02  0.6697E+01
   -0.149993   29.55105  0.6140E-31  0.8952E-05  0.5851E-07  0.4166E-03  0.1253E-02  0.3231E+01
   -0.199991   29.55353  0.6140E-31  0.9485E-05  0.5177E-07  0.5251E-03  0.1128E-02  0.2149E+01
   -0.249990   29.55539  0.6140E-31  0.9898E-05  0.4707E-07  0.6201E-03  0.1029E-02  0.1683E+01
   -0.299989   29.55690  0.6140E-31  0.1023E-04  0.4347E-07  0.7126E-03  0.9418E-03  0.1496E+01
   -0.349989   29.55814  0.6140E-31  0.1051E-04  0.4049E-07  0.8063E-03  0.8613E-03  0.1468E+01
   -0.399989   29.55919  0.6140E-31  0.1073E-04  0.3794E-07  0.9019E-03  0.7842E-03  0.1454E+01
   -0.449989   29.56008  0.6140E-31  0.1091E-04  0.3570E-07  0.9959E-03  0.7132E-03  0.1442E+01
   -0.499990   29.56085  0.6140E-31  0.1105E-04  0.3373E-07  0.1084E-02  0.6495E-03  0.1430E+01
   -0.549990   29.56153  0.6140E-31  0.1114E-04  0.3199E-07  0.1165E-02  0.5927E-03  0.1406E+01
   -0.599991   29.56213  0.6140E-31  0.1120E-04  0.3045E-07  0.1240E-02  0.5418E-03  0.1382E+01
   -0.649993   29.56267  0.6140E-31  0.1123E-04  0.2907E-07  0.1307E-02  0.4963E-03  0.1351E+01
   -0.699994   29.56316  0.6140E-31  0.1122E-04  0.2784E-07  0.1366E-02  0.4554E-03  0.1320E+01
   -0.749995   29.56360  0.6140E-31  0.1119E-04  0.2673E-07  0.1417E-02  0.4187E-03  0.1282E+01
   -0.799997   29.56401  0.6140E-31  0.1114E-04  0.2574E-07  0.1460E-02  0.3856E-03  0.1247E+01
   -0.849999   29.56439  0.6140E-31  0.1108E-04  0.2485E-07  0.1495E-02  0.3559E-03  0.1210E+01
   -0.900001   29.56474  0.6140E-31  0.1099E-04  0.2406E-07  0.1522E-02  0.3291E-03  0.1179E+01
   -0.950002   29.56507  0.6140E-31  0.1089E-04  0.2334E-07  0.1542E-02  0.3048E-03  0.1150E+01
   -1.000004   29.56538  0.6140E-31  0.1079E-04  0.2271E-07  0.1555E-02  0.2828E-03  0.1134E+01
   -1.050006   29.56567  0.6140E-31  0.1067E-04  0.2214E-07  0.1562E-02  0.2628E-03  0.1126E+01
   -1.100008   29.56594  0.6140E-31  0.1054E-04  0.2164E-07  0.1562E-02  0.2445E-03  0.1133E+01
   -1.150010   29.56620  0.6140E-31  0.1041E-04  0.2120E-07  0.1555E-02  0.2277E-03  0.1148E+01
   -1.200011   29.56645  0.6140E-31  0.1027E-04  0.2083E-07  0.1542E-02  0.2121E-03  0.1180E+01
   -1.250013   29.56668  0.6140E-31  0.1012E-04  0.2052E-07  0.1524E-02  0.1978E-03  0.1227E+01
   -1.300015   29.56690  0.6140E-31  0.9964E-05  0.2028E-07  0.1499E-02  0.1844E-03  0.1310E+01
   -1.350016   29.56711  0.6140E-31  0.9802E-05  0.2011E-07  0.1469E-02  0.1718E-03  0.1425E+01
   -1.400017   29.56732  0.6140E-31  0.9631E-05  0.2002E-07  0.1430E-02  0.1599E-03  0.1599E+01
   -1.450018   29.56751  0.6140E-31  0.9449E-05  0.2004E-07  0.1382E-02  0.1484E-03  0.1824E+01
   -1.500019   29.56770  0.6140E-31  0.9254E-05  0.2019E-07  0.1324E-02  0.1373E-03  0.2142E+01
   -1.550019   29.56788  0.6140E-31  0.9046E-05  0.2052E-07  0.1258E-02  0.1266E-03  0.2593E+01
   -1.600020   29.56806  0.6140E-31  0.8820E-05  0.2111E-07  0.1175E-02  0.1162E-03  0.3327E+01
   -1.650019   29.56825  0.6140E-31  0.8572E-05  0.2209E-07  0.1098E-02  0.1061E-03  0.4745E+01
   -1.700019   29.56843  0.6140E-31  0.8289E-05  0.2387E-07  0.9861E-03  0.9620E-04 -0.9611E+03
   -1.750018   29.56864  0.6140E-31  0.7936E-05  0.2714E-07  0.8931E-03  0.8585E-04  0.7168E+03
   -1.800017   29.56888  0.6140E-31  0.7442E-05  0.3382E-07  0.7064E-03  0.7546E-04 -0.1474E+04
   -1.850016   29.56927  0.6140E-31  0.6783E-05  0.4609E-07  0.6710E-03  0.6253E-04  0.3351E+06
   -1.900014   29.56957  0.6140E-31  0.5797E-05  0.8404E-07  0.3456E-03  0.5225E-04  0.1287E+03
   -1.950011   29.57091  0.6139E-31  0.3530E-05  0.2487E-06  0.8361E-04  0.3483E-04 -0.1248E+06
   -2.000008   29.57345  0.6139E-31  0.0000E+00  0.0000E+00  0.0000E+00  0.4426E-04  0.0000E+00
