 1 - depth, m
 2 - temperature, C
 3 - salinity, kg/kg
 4 - turbulent kinetic energy, m**2/s**2
 5 - dissipation rate, m**2/s**3
 6 - kinematic heat conductance, m**2/s
 7 - modulus of horizontal velocity, m/s
 8 - Richardson number, n/d
   -0.000000   26.95715  0.9657E-24  0.1499E-04  0.9688E-06  0.3047E-04  0.2050E-01 -0.1075E+00
   -0.049997   27.01153  0.9656E-24  0.1476E-04  0.3224E-06  0.1318E-03  0.1175E-01  0.1589E+02
   -0.099994   27.02377  0.9656E-24  0.1518E-04  0.2025E-06  0.3498E-03  0.9548E-02  0.2494E+03
   -0.149992   27.02815  0.9656E-24  0.1579E-04  0.1583E-06  0.4971E-03  0.8562E-02  0.5590E+01
   -0.199990   27.03086  0.9656E-24  0.1651E-04  0.1321E-06  0.6034E-03  0.7753E-02  0.6940E+01
   -0.249988   27.03298  0.9656E-24  0.1725E-04  0.1138E-06  0.6694E-03  0.6985E-02  0.7345E+01
   -0.299987   27.03480  0.9656E-24  0.1791E-04  0.1003E-06  0.7281E-03  0.6270E-02  0.8288E+01
   -0.349986   27.03640  0.9656E-24  0.1845E-04  0.8952E-07  0.7907E-03  0.5589E-02  0.1005E+02
   -0.399986   27.03780  0.9656E-24  0.1883E-04  0.8041E-07  0.8732E-03  0.4927E-02  0.7936E+01
   -0.449985   27.03902  0.9656E-24  0.1905E-04  0.7254E-07  0.9613E-03  0.4328E-02  0.5886E+01
   -0.499986   27.04008  0.9656E-24  0.1916E-04  0.6574E-07  0.1052E-02  0.3798E-02  0.4693E+01
   -0.549986   27.04100  0.9656E-24  0.1915E-04  0.5986E-07  0.1142E-02  0.3329E-02  0.3901E+01
   -0.599986   27.04182  0.9656E-24  0.1906E-04  0.5476E-07  0.1229E-02  0.2913E-02  0.3344E+01
   -0.649987   27.04254  0.9656E-24  0.1888E-04  0.5034E-07  0.1310E-02  0.2546E-02  0.2930E+01
   -0.699988   27.04319  0.9656E-24  0.1864E-04  0.4650E-07  0.1381E-02  0.2222E-02  0.2612E+01
   -0.749989   27.04378  0.9656E-24  0.1833E-04  0.4319E-07  0.1440E-02  0.1937E-02  0.2359E+01
   -0.799990   27.04432  0.9656E-24  0.1797E-04  0.4034E-07  0.1486E-02  0.1687E-02  0.2154E+01
   -0.849992   27.04483  0.9656E-24  0.1756E-04  0.3791E-07  0.1522E-02  0.1470E-02  0.1981E+01
   -0.899993   27.04530  0.9656E-24  0.1712E-04  0.3586E-07  0.1552E-02  0.1281E-02  0.1831E+01
   -0.949995   27.04574  0.9656E-24  0.1665E-04  0.3416E-07  0.1579E-02  0.1117E-02  0.1697E+01
   -0.999996   27.04616  0.9656E-24  0.1616E-04  0.3277E-07  0.1609E-02  0.9756E-03  0.1574E+01
   -1.049998   27.04655  0.9656E-24  0.1566E-04  0.3167E-07  0.1645E-02  0.8540E-03  0.1461E+01
   -1.099999   27.04692  0.9656E-24  0.1516E-04  0.3085E-07  0.1691E-02  0.7498E-03  0.1354E+01
   -1.150000   27.04726  0.9656E-24  0.1467E-04  0.3029E-07  0.1749E-02  0.6607E-03  0.1256E+01
   -1.200002   27.04758  0.9656E-24  0.1419E-04  0.2997E-07  0.1801E-02  0.5848E-03  0.1161E+01
   -1.250003   27.04788  0.9656E-24  0.1373E-04  0.2988E-07  0.1809E-02  0.5203E-03  0.1066E+01
   -1.300004   27.04816  0.9655E-24  0.1329E-04  0.3000E-07  0.1738E-02  0.4656E-03  0.9664E+00
   -1.350005   27.04844  0.9655E-24  0.1288E-04  0.3034E-07  0.1620E-02  0.4194E-03  0.8659E+00
   -1.400006   27.04873  0.9655E-24  0.1249E-04  0.3090E-07  0.1504E-02  0.3805E-03  0.7792E+00
   -1.450006   27.04903  0.9655E-24  0.1212E-04  0.3173E-07  0.1405E-02  0.3476E-03  0.7438E+00
   -1.500007   27.04933  0.9655E-24  0.1175E-04  0.3296E-07  0.1296E-02  0.3192E-03  0.7863E+00
   -1.550007   27.04965  0.9655E-24  0.1135E-04  0.3479E-07  0.1220E-02  0.2934E-03  0.9730E+00
   -1.600007   27.04998  0.9655E-24  0.1091E-04  0.3783E-07  0.1094E-02  0.2696E-03  0.1896E+01
   -1.650006   27.05037  0.9655E-24  0.1037E-04  0.4289E-07  0.1015E-02  0.2443E-03  0.1633E+04
   -1.700005   27.05081  0.9655E-24  0.9661E-05  0.5210E-07  0.8373E-03  0.2189E-03 -0.4176E+03
   -1.750004   27.05153  0.9655E-24  0.8719E-05  0.6783E-07  0.7359E-03  0.1857E-03  0.1018E+04
   -1.800003   27.05222  0.9655E-24  0.7432E-05  0.1041E-06  0.5210E-03  0.1569E-03  0.1672E+04
   -1.850001   27.05427  0.9655E-24  0.6121E-05  0.1631E-06  0.4457E-03  0.1115E-03  0.2473E+07
   -1.899998   27.05394  0.9655E-24  0.4626E-05  0.3411E-06  0.2193E-03  0.8924E-04 -0.5659E+03
   -1.949995   27.06031  0.9654E-24  0.3149E-05  0.8535E-06  0.1803E-03  0.4597E-04 -0.1436E+05
   -1.999992   27.06291  0.9654E-24  0.0000E+00  0.0000E+00  0.0000E+00  0.9900E-04  0.0000E+00
