 1 - depth, m
 2 - temperature, C
 3 - salinity, kg/kg
 4 - turbulent kinetic energy, m**2/s**2
 5 - dissipation rate, m**2/s**3
 6 - kinematic heat conductance, m**2/s
 7 - modulus of horizontal velocity, m/s
 8 - Richardson number, n/d
   -0.000000   29.36755  0.5258E-19  0.3940E-05  0.1839E-06  0.3374E-04  0.2206E-03 -0.1348E+04
   -0.049998   29.40684  0.5260E-19  0.6983E-05  0.8613E-07  0.1971E-03  0.1088E-03  0.2170E+05
   -0.099996   29.41329  0.5260E-19  0.8090E-05  0.6507E-07  0.3273E-03  0.8851E-04  0.3952E+04
   -0.149994   29.41670  0.5260E-19  0.8850E-05  0.5501E-07  0.4336E-03  0.7729E-04  0.2050E+04
   -0.199993   29.41911  0.5260E-19  0.9404E-05  0.4879E-07  0.5486E-03  0.6901E-04  0.1356E+04
   -0.249993   29.42092  0.5260E-19  0.9819E-05  0.4444E-07  0.6529E-03  0.6252E-04  0.1004E+04
   -0.299993   29.42237  0.5260E-19  0.1013E-04  0.4116E-07  0.7489E-03  0.5708E-04  0.7961E+03
   -0.349993   29.42357  0.5260E-19  0.1037E-04  0.3856E-07  0.8370E-03  0.5239E-04  0.6753E+03
   -0.399993   29.42459  0.5260E-19  0.1055E-04  0.3643E-07  0.9171E-03  0.4820E-04  0.5959E+03
   -0.449994   29.42548  0.5260E-19  0.1069E-04  0.3459E-07  0.9910E-03  0.4452E-04  0.5543E+03
   -0.499995   29.42626  0.5260E-19  0.1079E-04  0.3299E-07  0.1059E-02  0.4125E-04  0.5340E+03
   -0.549996   29.42696  0.5260E-19  0.1086E-04  0.3156E-07  0.1122E-02  0.3835E-04  0.5197E+03
   -0.599998   29.42759  0.5260E-19  0.1090E-04  0.3027E-07  0.1179E-02  0.3571E-04  0.5120E+03
   -0.649999   29.42817  0.5260E-19  0.1091E-04  0.2911E-07  0.1231E-02  0.3332E-04  0.5083E+03
   -0.700001   29.42869  0.5260E-19  0.1091E-04  0.2804E-07  0.1277E-02  0.3113E-04  0.5089E+03
   -0.750003   29.42917  0.5260E-19  0.1088E-04  0.2706E-07  0.1319E-02  0.2912E-04  0.5124E+03
   -0.800006   29.42961  0.5260E-19  0.1084E-04  0.2616E-07  0.1356E-02  0.2725E-04  0.5195E+03
   -0.850008   29.43002  0.5260E-19  0.1079E-04  0.2532E-07  0.1388E-02  0.2553E-04  0.5289E+03
   -0.900010   29.43040  0.5260E-19  0.1072E-04  0.2454E-07  0.1415E-02  0.2390E-04  0.5421E+03
   -0.950013   29.43076  0.5260E-19  0.1064E-04  0.2382E-07  0.1437E-02  0.2240E-04  0.5577E+03
   -1.000015   29.43109  0.5260E-19  0.1054E-04  0.2315E-07  0.1455E-02  0.2098E-04  0.5772E+03
   -1.050017   29.43140  0.5260E-19  0.1044E-04  0.2254E-07  0.1467E-02  0.1965E-04  0.5999E+03
   -1.100020   29.43169  0.5260E-19  0.1033E-04  0.2197E-07  0.1475E-02  0.1839E-04  0.6275E+03
   -1.150022   29.43196  0.5260E-19  0.1021E-04  0.2146E-07  0.1477E-02  0.1721E-04  0.6593E+03
   -1.200024   29.43222  0.5260E-19  0.1008E-04  0.2100E-07  0.1474E-02  0.1608E-04  0.6980E+03
   -1.250027   29.43246  0.5260E-19  0.9937E-05  0.2059E-07  0.1465E-02  0.1502E-04  0.7432E+03
   -1.300029   29.43269  0.5260E-19  0.9792E-05  0.2024E-07  0.1450E-02  0.1400E-04  0.7990E+03
   -1.350030   29.43291  0.5260E-19  0.9639E-05  0.1995E-07  0.1429E-02  0.1303E-04  0.8662E+03
   -1.400032   29.43311  0.5260E-19  0.9479E-05  0.1975E-07  0.1401E-02  0.1211E-04  0.9517E+03
   -1.450034   29.43330  0.5260E-19  0.9311E-05  0.1963E-07  0.1365E-02  0.1123E-04  0.1060E+04
   -1.500035   29.43349  0.5260E-19  0.9135E-05  0.1962E-07  0.1321E-02  0.1038E-04  0.1204E+04
   -1.550036   29.43367  0.5260E-19  0.8950E-05  0.1975E-07  0.1268E-02  0.9569E-05  0.1403E+04
   -1.600037   29.43384  0.5260E-19  0.8754E-05  0.2007E-07  0.1203E-02  0.8784E-05  0.1702E+04
   -1.650037   29.43400  0.5260E-19  0.8546E-05  0.2067E-07  0.1134E-02  0.8032E-05  0.2215E+04
   -1.700037   29.43417  0.5260E-19  0.8319E-05  0.2172E-07  0.1041E-02  0.7300E-05 -0.3075E+05
   -1.750037   29.43434  0.5260E-19  0.8059E-05  0.2358E-07  0.9604E-03  0.6587E-05  0.7387E+04
   -1.800037   29.43452  0.5260E-19  0.7735E-05  0.2711E-07  0.7952E-03  0.5891E-05  0.5886E+06
   -1.850036   29.43477  0.5260E-19  0.7311E-05  0.3381E-07  0.7729E-03  0.5147E-05  0.2508E+08
   -1.900034   29.43503  0.5260E-19  0.6614E-05  0.5375E-07  0.4425E-03  0.4516E-05 -0.4518E+07
   -1.950032   29.43590  0.5260E-19  0.4002E-05  0.1802E-06  0.6184E-04  0.3374E-05 -0.1024E+09
   -2.000030   29.43951  0.5260E-19  0.0000E+00  0.0000E+00  0.0000E+00  0.3587E-05  0.0000E+00
