 1 - depth, m
 2 - temperature, C
 3 - salinity, kg/kg
 4 - turbulent kinetic energy, m**2/s**2
 5 - dissipation rate, m**2/s**3
 6 - kinematic heat conductance, m**2/s
 7 - modulus of horizontal velocity, m/s
 8 - Richardson number, n/d
   -0.000000   27.15395  0.1486E-24  0.2327E-05  0.8011E-07  0.2738E-04  0.1071E-02 -0.3048E+02
   -0.049998   27.17641  0.1486E-24  0.3957E-05  0.3738E-07  0.1472E-03  0.5332E-03  0.2203E+06
   -0.099997   27.18048  0.1486E-24  0.4570E-05  0.2791E-07  0.2502E-03  0.4158E-03  0.1795E+03
   -0.149996   27.18254  0.1486E-24  0.4970E-05  0.2362E-07  0.3280E-03  0.3590E-03  0.8587E+02
   -0.199995   27.18402  0.1487E-24  0.5259E-05  0.2093E-07  0.4101E-03  0.3165E-03  0.5667E+02
   -0.249995   27.18513  0.1487E-24  0.5472E-05  0.1902E-07  0.4845E-03  0.2830E-03  0.4168E+02
   -0.299996   27.18603  0.1487E-24  0.5631E-05  0.1757E-07  0.5528E-03  0.2549E-03  0.3356E+02
   -0.349996   27.18677  0.1487E-24  0.5747E-05  0.1641E-07  0.6150E-03  0.2306E-03  0.2847E+02
   -0.399997   27.18741  0.1487E-24  0.5830E-05  0.1544E-07  0.6718E-03  0.2090E-03  0.2564E+02
   -0.449998   27.18797  0.1487E-24  0.5887E-05  0.1461E-07  0.7242E-03  0.1901E-03  0.2380E+02
   -0.500000   27.18845  0.1487E-24  0.5924E-05  0.1387E-07  0.7725E-03  0.1735E-03  0.2350E+02
   -0.550002   27.18887  0.1487E-24  0.5945E-05  0.1321E-07  0.8169E-03  0.1588E-03  0.2282E+02
   -0.600004   27.18925  0.1487E-24  0.5951E-05  0.1262E-07  0.8574E-03  0.1457E-03  0.2312E+02
   -0.650006   27.18959  0.1487E-24  0.5946E-05  0.1209E-07  0.8944E-03  0.1340E-03  0.2288E+02
   -0.700008   27.18990  0.1487E-24  0.5932E-05  0.1160E-07  0.9279E-03  0.1233E-03  0.2363E+02
   -0.750011   27.19017  0.1487E-24  0.5909E-05  0.1116E-07  0.9581E-03  0.1137E-03  0.2372E+02
   -0.800014   27.19043  0.1487E-24  0.5879E-05  0.1075E-07  0.9850E-03  0.1048E-03  0.2488E+02
   -0.850016   27.19066  0.1487E-24  0.5843E-05  0.1038E-07  0.1009E-02  0.9671E-04  0.2528E+02
   -0.900019   27.19088  0.1487E-24  0.5802E-05  0.1004E-07  0.1029E-02  0.8923E-04  0.2687E+02
   -0.950022   27.19107  0.1487E-24  0.5756E-05  0.9729E-08  0.1046E-02  0.8236E-04  0.2763E+02
   -1.000025   27.19126  0.1487E-24  0.5707E-05  0.9445E-08  0.1060E-02  0.7596E-04  0.2975E+02
   -1.050028   27.19143  0.1487E-24  0.5655E-05  0.9188E-08  0.1071E-02  0.7006E-04  0.3096E+02
   -1.100031   27.19160  0.1487E-24  0.5599E-05  0.8955E-08  0.1079E-02  0.6454E-04  0.3379E+02
   -1.150034   27.19175  0.1487E-24  0.5541E-05  0.8747E-08  0.1083E-02  0.5942E-04  0.3564E+02
   -1.200036   27.19189  0.1487E-24  0.5480E-05  0.8565E-08  0.1083E-02  0.5462E-04  0.4104E+02
   -1.250039   27.19203  0.1487E-24  0.5418E-05  0.8410E-08  0.1125E-02  0.5015E-04  0.1314E+03
   -1.300041   27.19216  0.1487E-24  0.5355E-05  0.8284E-08  0.1072E-02  0.4617E-04  0.3341E+03
   -1.350044   27.19228  0.1487E-24  0.5290E-05  0.8185E-08  0.1059E-02  0.4235E-04  0.5894E+02
   -1.400046   27.19241  0.1487E-24  0.5220E-05  0.8116E-08  0.1043E-02  0.3866E-04  0.5915E+02
   -1.450048   27.19253  0.1487E-24  0.5149E-05  0.8084E-08  0.1021E-02  0.3517E-04  0.6904E+02
   -1.500050   27.19264  0.1487E-24  0.5075E-05  0.8095E-08  0.9931E-03  0.3190E-04  0.7904E+02
   -1.550051   27.19276  0.1487E-24  0.4998E-05  0.8159E-08  0.9586E-03  0.2880E-04  0.9586E+02
   -1.600053   27.19288  0.1487E-24  0.4917E-05  0.8293E-08  0.9166E-03  0.2588E-04  0.1151E+03
   -1.650054   27.19300  0.1487E-24  0.4831E-05  0.8519E-08  0.8660E-03  0.2310E-04  0.1476E+03
   -1.700054   27.19312  0.1487E-24  0.4739E-05  0.8879E-08  0.8052E-03  0.2047E-04  0.1908E+03
   -1.750055   27.19326  0.1487E-24  0.4637E-05  0.9445E-08  0.7333E-03  0.1795E-04  0.2689E+03
   -1.800054   27.19341  0.1487E-24  0.4521E-05  0.1036E-07  0.6411E-03  0.1555E-04  0.4002E+03
   -1.850054   27.19360  0.1487E-24  0.4378E-05  0.1198E-07  0.5561E-03  0.1324E-04  0.7599E+03
   -1.900053   27.19385  0.1487E-24  0.4142E-05  0.1601E-07  0.4274E-03  0.1110E-04  0.1089E+05
   -1.950052   27.19431  0.1487E-24  0.2695E-05  0.5785E-07  0.2295E-04  0.8545E-05 -0.1471E+07
   -2.000050   27.20046  0.1486E-24  0.0000E+00  0.0000E+00  0.0000E+00  0.8585E-05  0.0000E+00
