 1 - depth, m
 2 - temperature, C
 3 - salinity, kg/kg
 4 - turbulent kinetic energy, m**2/s**2
 5 - dissipation rate, m**2/s**3
 6 - kinematic heat conductance, m**2/s
 7 - modulus of horizontal velocity, m/s
 8 - Richardson number, n/d
   -0.000000   29.99304  0.8136E-17  0.5334E-05  0.2265E-06  0.3578E-04  0.4828E-02 -0.1006E+01
   -0.049998   30.03136  0.8138E-17  0.7835E-05  0.9867E-07  0.2208E-03  0.2447E-02  0.1294E+03
   -0.099997   30.03735  0.8138E-17  0.8771E-05  0.7491E-07  0.3264E-03  0.2080E-02  0.3885E+01
   -0.149996   30.04078  0.8138E-17  0.9445E-05  0.6359E-07  0.4234E-03  0.1863E-02  0.2255E+01
   -0.199996   30.04328  0.8138E-17  0.9986E-05  0.5636E-07  0.5244E-03  0.1693E-02  0.1824E+01
   -0.249996   30.04520  0.8138E-17  0.1044E-04  0.5104E-07  0.6286E-03  0.1543E-02  0.1721E+01
   -0.299997   30.04672  0.8138E-17  0.1084E-04  0.4678E-07  0.7371E-03  0.1403E-02  0.1736E+01
   -0.349997   30.04795  0.8138E-17  0.1117E-04  0.4321E-07  0.8448E-03  0.1267E-02  0.1810E+01
   -0.399999   30.04896  0.8138E-17  0.1145E-04  0.4014E-07  0.9444E-03  0.1134E-02  0.1784E+01
   -0.450000   30.04983  0.8138E-17  0.1166E-04  0.3747E-07  0.1041E-02  0.1014E-02  0.1729E+01
   -0.500002   30.05058  0.8138E-17  0.1181E-04  0.3516E-07  0.1133E-02  0.9074E-03  0.1681E+01
   -0.550004   30.05123  0.8139E-17  0.1191E-04  0.3313E-07  0.1220E-02  0.8142E-03  0.1626E+01
   -0.600006   30.05181  0.8139E-17  0.1195E-04  0.3136E-07  0.1302E-02  0.7321E-03  0.1577E+01
   -0.650008   30.05232  0.8139E-17  0.1196E-04  0.2979E-07  0.1379E-02  0.6599E-03  0.1525E+01
   -0.700011   30.05279  0.8139E-17  0.1193E-04  0.2840E-07  0.1449E-02  0.5961E-03  0.1477E+01
   -0.750014   30.05321  0.8139E-17  0.1186E-04  0.2716E-07  0.1514E-02  0.5397E-03  0.1424E+01
   -0.800016   30.05359  0.8139E-17  0.1177E-04  0.2607E-07  0.1570E-02  0.4898E-03  0.1375E+01
   -0.850019   30.05394  0.8139E-17  0.1166E-04  0.2510E-07  0.1618E-02  0.4456E-03  0.1319E+01
   -0.900022   30.05426  0.8139E-17  0.1153E-04  0.2424E-07  0.1653E-02  0.4063E-03  0.1266E+01
   -0.950025   30.05456  0.8139E-17  0.1138E-04  0.2349E-07  0.1672E-02  0.3715E-03  0.1207E+01
   -1.000029   30.05484  0.8139E-17  0.1122E-04  0.2284E-07  0.1674E-02  0.3405E-03  0.1152E+01
   -1.050032   30.05510  0.8139E-17  0.1106E-04  0.2228E-07  0.1666E-02  0.3130E-03  0.1094E+01
   -1.100035   30.05535  0.8139E-17  0.1089E-04  0.2180E-07  0.1651E-02  0.2885E-03  0.1046E+01
   -1.150038   30.05559  0.8139E-17  0.1072E-04  0.2141E-07  0.1628E-02  0.2667E-03  0.1003E+01
   -1.200041   30.05582  0.8139E-17  0.1054E-04  0.2109E-07  0.1600E-02  0.2471E-03  0.9751E+00
   -1.250044   30.05604  0.8139E-17  0.1037E-04  0.2084E-07  0.1567E-02  0.2295E-03  0.9595E+00
   -1.300046   30.05625  0.8139E-17  0.1019E-04  0.2067E-07  0.1530E-02  0.2136E-03  0.9774E+00
   -1.350049   30.05645  0.8139E-17  0.1000E-04  0.2059E-07  0.1489E-02  0.1990E-03  0.1033E+01
   -1.400051   30.05664  0.8138E-17  0.9810E-05  0.2061E-07  0.1439E-02  0.1853E-03  0.1140E+01
   -1.450053   30.05683  0.8138E-17  0.9605E-05  0.2075E-07  0.1381E-02  0.1722E-03  0.1297E+01
   -1.500055   30.05701  0.8138E-17  0.9385E-05  0.2106E-07  0.1307E-02  0.1596E-03  0.1530E+01
   -1.550057   30.05719  0.8138E-17  0.9147E-05  0.2160E-07  0.1232E-02  0.1472E-03  0.1861E+01
   -1.600058   30.05736  0.8138E-17  0.8886E-05  0.2250E-07  0.1132E-02  0.1352E-03  0.2471E+01
   -1.650060   30.05755  0.8138E-17  0.8593E-05  0.2399E-07  0.1055E-02  0.1232E-03  0.3879E+01
   -1.700060   30.05773  0.8138E-17  0.8243E-05  0.2674E-07  0.9223E-03  0.1115E-03  0.1674E+02
   -1.750061   30.05797  0.8138E-17  0.7787E-05  0.3174E-07  0.8239E-03  0.9818E-04  0.9042E+03
   -1.800061   30.05824  0.8138E-17  0.7130E-05  0.4209E-07  0.6297E-03  0.8496E-04  0.1002E+05
   -1.850061   30.05874  0.8138E-17  0.6265E-05  0.6073E-07  0.5409E-03  0.6672E-04  0.1650E+06
   -1.900060   30.05907  0.8138E-17  0.5020E-05  0.1181E-06  0.2716E-03  0.5262E-04 -0.1048E+05
   -1.950059   30.06111  0.8138E-17  0.3142E-05  0.3217E-06  0.1118E-03  0.3091E-04 -0.1262E+06
   -2.000057   30.06451  0.8137E-17  0.0000E+00  0.0000E+00  0.0000E+00  0.4891E-04  0.0000E+00
