 1 - depth, m
 2 - temperature, C
 3 - salinity, kg/kg
 4 - turbulent kinetic energy, m**2/s**2
 5 - dissipation rate, m**2/s**3
 6 - kinematic heat conductance, m**2/s
 7 - modulus of horizontal velocity, m/s
 8 - Richardson number, n/d
   -0.000000   27.85779  0.1089E-17  0.1052E-04  0.5254E-06  0.2814E-04  0.1461E-01 -0.2412E+00
   -0.049997   27.90203  0.1089E-17  0.1128E-04  0.1920E-06  0.1563E-03  0.8462E-02  0.4672E+02
   -0.099994   27.91036  0.1089E-17  0.1174E-04  0.1292E-06  0.3431E-03  0.6952E-02  0.5619E+02
   -0.149992   27.91367  0.1089E-17  0.1227E-04  0.1044E-06  0.4508E-03  0.6276E-02  0.4025E+01
   -0.199990   27.91598  0.1089E-17  0.1285E-04  0.8837E-07  0.5640E-03  0.5670E-02  0.5339E+01
   -0.249988   27.91773  0.1089E-17  0.1339E-04  0.7693E-07  0.6362E-03  0.5104E-02  0.5909E+01
   -0.299987   27.91919  0.1089E-17  0.1387E-04  0.6821E-07  0.7006E-03  0.4573E-02  0.6699E+01
   -0.349987   27.92046  0.1089E-17  0.1425E-04  0.6113E-07  0.7602E-03  0.4067E-02  0.8057E+01
   -0.399986   27.92156  0.1089E-17  0.1451E-04  0.5508E-07  0.8347E-03  0.3575E-02  0.6423E+01
   -0.449986   27.92252  0.1089E-17  0.1465E-04  0.4984E-07  0.9129E-03  0.3133E-02  0.4846E+01
   -0.499986   27.92335  0.1089E-17  0.1469E-04  0.4530E-07  0.9907E-03  0.2744E-02  0.3931E+01
   -0.549987   27.92407  0.1089E-17  0.1466E-04  0.4136E-07  0.1067E-02  0.2403E-02  0.3324E+01
   -0.599987   27.92471  0.1089E-17  0.1457E-04  0.3794E-07  0.1140E-02  0.2104E-02  0.2895E+01
   -0.649988   27.92527  0.1089E-17  0.1441E-04  0.3495E-07  0.1209E-02  0.1841E-02  0.2572E+01
   -0.699989   27.92578  0.1089E-17  0.1421E-04  0.3235E-07  0.1274E-02  0.1610E-02  0.2319E+01
   -0.749990   27.92623  0.1089E-17  0.1398E-04  0.3009E-07  0.1334E-02  0.1407E-02  0.2115E+01
   -0.799991   27.92664  0.1089E-17  0.1371E-04  0.2812E-07  0.1390E-02  0.1231E-02  0.1943E+01
   -0.849993   27.92702  0.1089E-17  0.1341E-04  0.2642E-07  0.1440E-02  0.1076E-02  0.1797E+01
   -0.899994   27.92736  0.1089E-17  0.1310E-04  0.2496E-07  0.1489E-02  0.9424E-03  0.1667E+01
   -0.949996   27.92767  0.1089E-17  0.1277E-04  0.2371E-07  0.1536E-02  0.8261E-03  0.1551E+01
   -0.999997   27.92796  0.1089E-17  0.1243E-04  0.2267E-07  0.1581E-02  0.7254E-03  0.1442E+01
   -1.049999   27.92823  0.1089E-17  0.1209E-04  0.2180E-07  0.1628E-02  0.6384E-03  0.1342E+01
   -1.100000   27.92847  0.1089E-17  0.1176E-04  0.2111E-07  0.1677E-02  0.5634E-03  0.1245E+01
   -1.150002   27.92869  0.1089E-17  0.1143E-04  0.2057E-07  0.1721E-02  0.4988E-03  0.1153E+01
   -1.200003   27.92890  0.1089E-17  0.1111E-04  0.2019E-07  0.1752E-02  0.4433E-03  0.1061E+01
   -1.250004   27.92909  0.1089E-17  0.1081E-04  0.1994E-07  0.1742E-02  0.3956E-03  0.9704E+00
   -1.300006   27.92927  0.1089E-17  0.1052E-04  0.1983E-07  0.1680E-02  0.3549E-03  0.8759E+00
   -1.350007   27.92945  0.1089E-17  0.1024E-04  0.1984E-07  0.1595E-02  0.3201E-03  0.7878E+00
   -1.400007   27.92962  0.1089E-17  0.9985E-05  0.1998E-07  0.1509E-02  0.2904E-03  0.7093E+00
   -1.450008   27.92980  0.1089E-17  0.9741E-05  0.2026E-07  0.1428E-02  0.2650E-03  0.6619E+00
   -1.500008   27.92997  0.1089E-17  0.9504E-05  0.2071E-07  0.1348E-02  0.2431E-03  0.6597E+00
   -1.550009   27.93014  0.1089E-17  0.9263E-05  0.2138E-07  0.1278E-02  0.2236E-03  0.7475E+00
   -1.600008   27.93032  0.1089E-17  0.9003E-05  0.2244E-07  0.1176E-02  0.2055E-03  0.9963E+00
   -1.650008   27.93050  0.1089E-17  0.8710E-05  0.2413E-07  0.1098E-02  0.1876E-03  0.4272E+01
   -1.700007   27.93069  0.1089E-17  0.8357E-05  0.2720E-07  0.9510E-03  0.1701E-03  0.1046E+02
   -1.750006   27.93094  0.1089E-17  0.7897E-05  0.3259E-07  0.8592E-03  0.1498E-03  0.2742E+03
   -1.800005   27.93122  0.1089E-17  0.7243E-05  0.4354E-07  0.6565E-03  0.1301E-03  0.2097E+05
   -1.850003   27.93180  0.1089E-17  0.6367E-05  0.6359E-07  0.5467E-03  0.1023E-03  0.1570E+06
   -1.900000   27.93214  0.1089E-17  0.5111E-05  0.1234E-06  0.2818E-03  0.8084E-04 -0.1076E+05
   -1.949998   27.93440  0.1089E-17  0.3223E-05  0.3429E-06  0.1080E-03  0.4762E-04 -0.5018E+05
   -1.999994   27.93821  0.1089E-17  0.0000E+00  0.0000E+00  0.0000E+00  0.7562E-04  0.0000E+00
