 1 - depth, m
 2 - temperature, C
 3 - salinity, kg/kg
 4 - turbulent kinetic energy, m**2/s**2
 5 - dissipation rate, m**2/s**3
 6 - kinematic heat conductance, m**2/s
 7 - modulus of horizontal velocity, m/s
 8 - Richardson number, n/d
   -0.000000   27.78771  0.5782E-30  0.1532E-04  0.1012E-05  0.2973E-04  0.2121E-01 -0.9541E-01
   -0.049997   27.83892  0.5782E-30  0.1486E-04  0.3325E-06  0.1172E-03  0.1215E-01 -0.2579E+00
   -0.099994   27.85102  0.5782E-30  0.1517E-04  0.2048E-06  0.3349E-03  0.9779E-02  0.8460E+02
   -0.149992   27.85532  0.5781E-30  0.1569E-04  0.1586E-06  0.4978E-03  0.8714E-02  0.6223E+01
   -0.199990   27.85779  0.5781E-30  0.1632E-04  0.1320E-06  0.5959E-03  0.7893E-02  0.8319E+01
   -0.249988   27.85975  0.5781E-30  0.1699E-04  0.1135E-06  0.6610E-03  0.7102E-02  0.8454E+01
   -0.299987   27.86143  0.5781E-30  0.1759E-04  0.9980E-07  0.7164E-03  0.6369E-02  0.9535E+01
   -0.349986   27.86292  0.5781E-30  0.1807E-04  0.8890E-07  0.7750E-03  0.5670E-02  0.1193E+02
   -0.399986   27.86423  0.5781E-30  0.1839E-04  0.7964E-07  0.8518E-03  0.4990E-02  0.9263E+01
   -0.449986   27.86538  0.5781E-30  0.1856E-04  0.7157E-07  0.9330E-03  0.4374E-02  0.6787E+01
   -0.499986   27.86637  0.5781E-30  0.1860E-04  0.6451E-07  0.1017E-02  0.3825E-02  0.5447E+01
   -0.549986   27.86724  0.5781E-30  0.1853E-04  0.5824E-07  0.1102E-02  0.3335E-02  0.4613E+01
   -0.599987   27.86801  0.5781E-30  0.1836E-04  0.5264E-07  0.1189E-02  0.2890E-02  0.4144E+01
   -0.649988   27.86869  0.5781E-30  0.1808E-04  0.4731E-07  0.1343E-02  0.2499E-02  0.3743E+01
   -0.699989   27.86927  0.5781E-30  0.1786E-04  0.4460E-07  0.2129E-02  0.2101E-02  0.2094E+01
   -0.749990   27.86962  0.5781E-30  0.1772E-04  0.4316E-07  0.2284E-02  0.1978E-02  0.1855E+01
   -0.799991   27.86993  0.5781E-30  0.1752E-04  0.4150E-07  0.1355E-02  0.1886E-02  0.1942E+01
   -0.849993   27.87044  0.5781E-30  0.1707E-04  0.3863E-07  0.1425E-02  0.1623E-02  0.2075E+01
   -0.899994   27.87090  0.5781E-30  0.1662E-04  0.3630E-07  0.1450E-02  0.1416E-02  0.1882E+01
   -0.949996   27.87133  0.5781E-30  0.1614E-04  0.3434E-07  0.1477E-02  0.1232E-02  0.1744E+01
   -0.999997   27.87174  0.5781E-30  0.1565E-04  0.3274E-07  0.1503E-02  0.1074E-02  0.1617E+01
   -1.049999   27.87212  0.5781E-30  0.1515E-04  0.3147E-07  0.1534E-02  0.9367E-03  0.1498E+01
   -1.100000   27.87249  0.5781E-30  0.1464E-04  0.3051E-07  0.1574E-02  0.8191E-03  0.1388E+01
   -1.150002   27.87283  0.5781E-30  0.1415E-04  0.2983E-07  0.1626E-02  0.7185E-03  0.1286E+01
   -1.200003   27.87315  0.5781E-30  0.1367E-04  0.2942E-07  0.1686E-02  0.6328E-03  0.1191E+01
   -1.250004   27.87344  0.5781E-30  0.1321E-04  0.2926E-07  0.1702E-02  0.5600E-03  0.1095E+01
   -1.300005   27.87372  0.5781E-30  0.1277E-04  0.2933E-07  0.1647E-02  0.4984E-03  0.9961E+00
   -1.350006   27.87401  0.5781E-30  0.1236E-04  0.2964E-07  0.1539E-02  0.4466E-03  0.8947E+00
   -1.400007   27.87430  0.5781E-30  0.1198E-04  0.3017E-07  0.1426E-02  0.4031E-03  0.8032E+00
   -1.450008   27.87460  0.5781E-30  0.1161E-04  0.3099E-07  0.1333E-02  0.3667E-03  0.7711E+00
   -1.500008   27.87491  0.5781E-30  0.1124E-04  0.3225E-07  0.1222E-02  0.3352E-03  0.8239E+00
   -1.550008   27.87525  0.5781E-30  0.1084E-04  0.3415E-07  0.1157E-02  0.3069E-03  0.1029E+01
   -1.600008   27.87559  0.5781E-30  0.1039E-04  0.3758E-07  0.1026E-02  0.2811E-03  0.2838E+01
   -1.650008   27.87607  0.5781E-30  0.9844E-05  0.4303E-07  0.9562E-03  0.2523E-03  0.1257E+02
   -1.700007   27.87651  0.5781E-30  0.9129E-05  0.5282E-07  0.7773E-03  0.2257E-03 -0.5314E+02
   -1.750006   27.87740  0.5781E-30  0.8185E-05  0.6952E-07  0.6901E-03  0.1879E-03  0.2207E+04
   -1.800004   27.87801  0.5781E-30  0.6995E-05  0.1062E-06  0.4854E-03  0.1599E-03  0.4887E+04
   -1.850002   27.88066  0.5780E-30  0.5739E-05  0.1716E-06  0.4242E-03  0.1104E-03  0.9545E+05
   -1.900000   27.87977  0.5781E-30  0.4390E-05  0.3661E-06  0.2085E-03  0.8967E-04 -0.2871E+04
   -1.949997   27.88701  0.5780E-30  0.2969E-05  0.9017E-06  0.1787E-03  0.4540E-04 -0.9378E+04
   -1.999994   27.89026  0.5780E-30  0.0000E+00  0.0000E+00  0.0000E+00  0.1005E-03  0.0000E+00
