 1 - depth, m
 2 - temperature, C
 3 - salinity, kg/kg
 4 - turbulent kinetic energy, m**2/s**2
 5 - dissipation rate, m**2/s**3
 6 - kinematic heat conductance, m**2/s
 7 - modulus of horizontal velocity, m/s
 8 - Richardson number, n/d
   -0.000000   30.25546  0.4676E-20  0.4501E-05  0.2240E-06  0.4070E-04  0.2527E-02  0.2234E+02
   -0.049997   30.29082  0.4676E-20  0.7310E-05  0.9985E-07  0.1863E-03  0.1343E-02  0.3791E+03
   -0.099994   30.29948  0.4676E-20  0.8464E-05  0.7181E-07  0.3335E-03  0.1042E-02  0.1092E+02
   -0.149992   30.30296  0.4676E-20  0.9194E-05  0.6037E-07  0.4233E-03  0.9158E-03  0.5304E+01
   -0.199990   30.30555  0.4676E-20  0.9727E-05  0.5326E-07  0.5377E-03  0.8176E-03  0.3468E+01
   -0.249989   30.30747  0.4676E-20  0.1012E-04  0.4830E-07  0.6368E-03  0.7408E-03  0.2547E+01
   -0.299988   30.30901  0.4676E-20  0.1042E-04  0.4457E-07  0.7280E-03  0.6765E-03  0.2025E+01
   -0.349987   30.31029  0.4676E-20  0.1064E-04  0.4160E-07  0.8116E-03  0.6204E-03  0.1759E+01
   -0.399987   30.31138  0.4676E-20  0.1080E-04  0.3913E-07  0.8903E-03  0.5694E-03  0.1597E+01
   -0.449987   30.31232  0.4676E-20  0.1091E-04  0.3697E-07  0.9644E-03  0.5236E-03  0.1510E+01
   -0.499987   30.31314  0.4676E-20  0.1099E-04  0.3508E-07  0.1033E-02  0.4827E-03  0.1465E+01
   -0.549987   30.31387  0.4676E-20  0.1104E-04  0.3339E-07  0.1096E-02  0.4460E-03  0.1427E+01
   -0.599988   30.31452  0.4676E-20  0.1105E-04  0.3189E-07  0.1152E-02  0.4129E-03  0.1402E+01
   -0.649989   30.31510  0.4676E-20  0.1105E-04  0.3053E-07  0.1204E-02  0.3830E-03  0.1381E+01
   -0.699990   30.31563  0.4676E-20  0.1102E-04  0.2930E-07  0.1249E-02  0.3557E-03  0.1370E+01
   -0.749991   30.31612  0.4676E-20  0.1097E-04  0.2818E-07  0.1287E-02  0.3308E-03  0.1419E+01
   -0.799992   30.31656  0.4676E-20  0.1090E-04  0.2720E-07  0.1274E-02  0.3081E-03  0.5100E+01
   -0.849994   30.31699  0.4676E-20  0.1083E-04  0.2630E-07  0.1461E-02  0.2879E-03  0.6319E+01
   -0.899995   30.31735  0.4676E-20  0.1074E-04  0.2549E-07  0.1370E-02  0.2712E-03  0.1463E+01
   -0.949997   30.31770  0.4676E-20  0.1064E-04  0.2472E-07  0.1388E-02  0.2535E-03  0.1415E+01
   -0.999998   30.31804  0.4676E-20  0.1052E-04  0.2402E-07  0.1400E-02  0.2370E-03  0.1459E+01
   -1.050000   30.31835  0.4676E-20  0.1040E-04  0.2338E-07  0.1406E-02  0.2216E-03  0.1525E+01
   -1.100002   30.31865  0.4676E-20  0.1027E-04  0.2281E-07  0.1407E-02  0.2071E-03  0.1609E+01
   -1.150003   30.31893  0.4676E-20  0.1013E-04  0.2230E-07  0.1402E-02  0.1935E-03  0.1719E+01
   -1.200005   30.31919  0.4676E-20  0.9974E-05  0.2185E-07  0.1390E-02  0.1805E-03  0.1849E+01
   -1.250006   30.31945  0.4676E-20  0.9814E-05  0.2148E-07  0.1372E-02  0.1682E-03  0.2015E+01
   -1.300007   30.31969  0.4676E-20  0.9644E-05  0.2118E-07  0.1347E-02  0.1565E-03  0.2220E+01
   -1.350008   30.31992  0.4676E-20  0.9464E-05  0.2097E-07  0.1313E-02  0.1453E-03  0.2488E+01
   -1.400009   30.32015  0.4675E-20  0.9273E-05  0.2086E-07  0.1272E-02  0.1346E-03  0.2836E+01
   -1.450010   30.32037  0.4675E-20  0.9069E-05  0.2088E-07  0.1221E-02  0.1243E-03  0.3316E+01
   -1.500010   30.32059  0.4675E-20  0.8850E-05  0.2107E-07  0.1159E-02  0.1144E-03  0.3986E+01
   -1.550010   30.32080  0.4675E-20  0.8614E-05  0.2148E-07  0.1091E-02  0.1048E-03  0.4990E+01
   -1.600010   30.32102  0.4675E-20  0.8354E-05  0.2223E-07  0.9989E-03  0.9556E-04  0.6645E+01
   -1.650010   30.32125  0.4675E-20  0.8063E-05  0.2350E-07  0.9294E-03  0.8642E-04  0.9590E+01
   -1.700009   30.32148  0.4675E-20  0.7721E-05  0.2591E-07  0.8030E-03  0.7766E-04 -0.1333E+02
   -1.750008   30.32177  0.4675E-20  0.7277E-05  0.3051E-07  0.7203E-03  0.6798E-04  0.9803E+04
   -1.800007   30.32211  0.4675E-20  0.6623E-05  0.4032E-07  0.5374E-03  0.5841E-04  0.7891E+03
   -1.850005   30.32279  0.4675E-20  0.5682E-05  0.5907E-07  0.4369E-03  0.4484E-04  0.3417E+06
   -1.900003   30.32323  0.4675E-20  0.4371E-05  0.1156E-06  0.2185E-03  0.3439E-04 -0.7307E+03
   -1.950000   30.32592  0.4675E-20  0.2776E-05  0.3152E-06  0.1083E-03  0.1902E-04 -0.4058E+06
   -1.999997   30.32948  0.4675E-20  0.0000E+00  0.0000E+00  0.0000E+00  0.3176E-04  0.0000E+00
