 1 - depth, m
 2 - temperature, C
 3 - salinity, kg/kg
 4 - turbulent kinetic energy, m**2/s**2
 5 - dissipation rate, m**2/s**3
 6 - kinematic heat conductance, m**2/s
 7 - modulus of horizontal velocity, m/s
 8 - Richardson number, n/d
   -0.000000   24.87129  0.5011E-22  0.4802E-04  0.8317E-05  0.4614E-04  0.5374E-01  0.1139E+01
   -0.049997   24.95623  0.5010E-22  0.3081E-04  0.2101E-05  0.9118E-04  0.2382E-01 -0.6594E-01
   -0.099994   24.97239  0.5010E-22  0.2666E-04  0.9425E-06  0.1404E-03  0.1869E-01  0.3305E-01
   -0.149991   24.98194  0.5010E-22  0.2466E-04  0.5357E-06  0.2070E-03  0.1564E-01  0.7392E+01
   -0.199989   24.98853  0.5010E-22  0.2364E-04  0.3604E-06  0.3508E-03  0.1349E-01  0.1114E+03
   -0.249988   24.99289  0.5010E-22  0.2308E-04  0.2716E-06  0.5346E-03  0.1190E-01  0.8743E+03
   -0.299987   24.99552  0.5010E-22  0.2274E-04  0.2202E-06  0.6841E-03  0.1065E-01  0.6503E+03
   -0.349986   24.99724  0.5010E-22  0.2250E-04  0.1860E-06  0.7211E-03  0.9541E-02  0.1028E+04
   -0.399985   24.99876  0.5010E-22  0.2217E-04  0.1594E-06  0.7724E-03  0.8464E-02  0.1037E+05
   -0.449985   25.00012  0.5010E-22  0.2175E-04  0.1377E-06  0.8134E-03  0.7499E-02  0.5156E+03
   -0.499985   25.00134  0.5010E-22  0.2126E-04  0.1196E-06  0.8579E-03  0.6638E-02  0.2065E+02
   -0.549985   25.00246  0.5010E-22  0.2073E-04  0.1042E-06  0.8846E-03  0.5870E-02  0.1146E+02
   -0.599986   25.00349  0.5010E-22  0.2013E-04  0.9100E-07  0.9510E-03  0.5159E-02  0.8981E+01
   -0.649986   25.00441  0.5009E-22  0.1946E-04  0.7871E-07  0.9359E-03  0.4543E-02  0.8519E+01
   -0.699987   25.00531  0.5009E-22  0.1895E-04  0.7138E-07  0.1568E-02  0.3882E-02  0.2670E+01
   -0.749988   25.00582  0.5009E-22  0.1865E-04  0.6737E-07  0.1658E-02  0.3637E-02  0.2244E+01
   -0.799989   25.00628  0.5009E-22  0.1831E-04  0.6306E-07  0.1005E-02  0.3442E-02  0.2699E+01
   -0.849991   25.00701  0.5009E-22  0.1770E-04  0.5647E-07  0.1107E-02  0.2964E-02  0.3113E+01
   -0.899992   25.00765  0.5009E-22  0.1711E-04  0.5110E-07  0.1117E-02  0.2592E-02  0.2674E+01
   -0.949993   25.00826  0.5009E-22  0.1650E-04  0.4641E-07  0.1147E-02  0.2245E-02  0.2465E+01
   -0.999995   25.00883  0.5009E-22  0.1589E-04  0.4240E-07  0.1167E-02  0.1938E-02  0.2261E+01
   -1.049996   25.00936  0.5009E-22  0.1526E-04  0.3894E-07  0.1179E-02  0.1664E-02  0.2093E+01
   -1.099997   25.00987  0.5009E-22  0.1462E-04  0.3602E-07  0.1205E-02  0.1419E-02  0.1973E+01
   -1.149999   25.01035  0.5009E-22  0.1394E-04  0.3346E-07  0.1132E-02  0.1206E-02  0.1830E+01
   -1.200000   25.01084  0.5009E-22  0.1357E-04  0.3230E-07  0.1816E-02  0.9968E-03  0.1314E+01
   -1.250001   25.01113  0.5009E-22  0.1334E-04  0.3175E-07  0.1708E-02  0.9313E-03  0.1184E+01
   -1.300002   25.01144  0.5009E-22  0.1303E-04  0.3121E-07  0.1292E-02  0.8847E-03  0.1141E+01
   -1.350003   25.01182  0.5009E-22  0.1244E-04  0.3056E-07  0.1373E-02  0.7553E-03  0.1162E+01
   -1.400004   25.01217  0.5009E-22  0.1192E-04  0.3035E-07  0.1368E-02  0.6551E-03  0.1033E+01
   -1.450004   25.01250  0.5009E-22  0.1143E-04  0.3051E-07  0.1277E-02  0.5712E-03  0.9094E+00
   -1.500005   25.01285  0.5009E-22  0.1098E-04  0.3106E-07  0.1162E-02  0.5021E-03  0.7945E+00
   -1.550005   25.01323  0.5009E-22  0.1056E-04  0.3206E-07  0.1067E-02  0.4457E-03  0.7378E+00
   -1.600004   25.01362  0.5009E-22  0.1014E-04  0.3379E-07  0.9669E-03  0.3987E-03  0.8433E+00
   -1.650004   25.01405  0.5009E-22  0.9697E-05  0.3674E-07  0.9015E-03  0.3572E-03  0.1484E+02
   -1.700003   25.01453  0.5009E-22  0.9147E-05  0.4239E-07  0.7697E-03  0.3185E-03 -0.2755E+01
   -1.750002   25.01521  0.5009E-22  0.8425E-05  0.5246E-07  0.6804E-03  0.2738E-03  0.1730E+03
   -1.800000   25.01598  0.5009E-22  0.7391E-05  0.7444E-07  0.4878E-03  0.2314E-03  0.1593E+04
   -1.849998   25.01792  0.5009E-22  0.6163E-05  0.1140E-06  0.4146E-03  0.1695E-03  0.1418E+05
   -1.899996   25.01812  0.5009E-22  0.4686E-05  0.2376E-06  0.1963E-03  0.1324E-03  0.4856E+03
   -1.949993   25.02512  0.5008E-22  0.3091E-05  0.6160E-06  0.1449E-03  0.6944E-04 -0.1384E+05
   -1.999989   25.02860  0.5008E-22  0.0000E+00  0.0000E+00  0.0000E+00  0.1317E-03  0.0000E+00
