 1 - depth, m
 2 - temperature, C
 3 - salinity, kg/kg
 4 - turbulent kinetic energy, m**2/s**2
 5 - dissipation rate, m**2/s**3
 6 - kinematic heat conductance, m**2/s
 7 - modulus of horizontal velocity, m/s
 8 - Richardson number, n/d
   -0.000000   29.78134  0.1215E-24  0.3408E-05  0.1455E-06  0.3177E-04  0.5055E-03 -0.4343E+03
   -0.049997   29.81588  0.1215E-24  0.5914E-05  0.6860E-07  0.1778E-03  0.2497E-03  0.1276E+05
   -0.099994   29.82168  0.1215E-24  0.6822E-05  0.5176E-07  0.2927E-03  0.2019E-03  0.1524E+04
   -0.149992   29.82478  0.1215E-24  0.7432E-05  0.4363E-07  0.3884E-03  0.1751E-03  0.7781E+03
   -0.199990   29.82694  0.1215E-24  0.7866E-05  0.3856E-07  0.4882E-03  0.1554E-03  0.5135E+03
   -0.249988   29.82857  0.1215E-24  0.8182E-05  0.3498E-07  0.5790E-03  0.1399E-03  0.3790E+03
   -0.299987   29.82986  0.1215E-24  0.8414E-05  0.3226E-07  0.6619E-03  0.1270E-03  0.3009E+03
   -0.349987   29.83093  0.1215E-24  0.8580E-05  0.3008E-07  0.7374E-03  0.1157E-03  0.2550E+03
   -0.399986   29.83184  0.1215E-24  0.8696E-05  0.2827E-07  0.8061E-03  0.1057E-03  0.2250E+03
   -0.449986   29.83262  0.1215E-24  0.8773E-05  0.2670E-07  0.8692E-03  0.9697E-04  0.2082E+03
   -0.499986   29.83330  0.1215E-24  0.8819E-05  0.2531E-07  0.9272E-03  0.8921E-04  0.2001E+03
   -0.549987   29.83390  0.1215E-24  0.8840E-05  0.2408E-07  0.9802E-03  0.8234E-04  0.1937E+03
   -0.599987   29.83444  0.1215E-24  0.8839E-05  0.2296E-07  0.1029E-02  0.7613E-04  0.1905E+03
   -0.649988   29.83492  0.1215E-24  0.8820E-05  0.2195E-07  0.1072E-02  0.7054E-04  0.1880E+03
   -0.699989   29.83535  0.1215E-24  0.8785E-05  0.2103E-07  0.1112E-02  0.6543E-04  0.1880E+03
   -0.749990   29.83574  0.1215E-24  0.8738E-05  0.2019E-07  0.1147E-02  0.6077E-04  0.1882E+03
   -0.799992   29.83610  0.1215E-24  0.8680E-05  0.1942E-07  0.1178E-02  0.5646E-04  0.1906E+03
   -0.849993   29.83642  0.1215E-24  0.8612E-05  0.1870E-07  0.1206E-02  0.5250E-04  0.1931E+03
   -0.899994   29.83672  0.1215E-24  0.8536E-05  0.1805E-07  0.1229E-02  0.4881E-04  0.1977E+03
   -0.949996   29.83700  0.1215E-24  0.8452E-05  0.1744E-07  0.1248E-02  0.4540E-04  0.2024E+03
   -0.999997   29.83726  0.1215E-24  0.8362E-05  0.1689E-07  0.1263E-02  0.4219E-04  0.2093E+03
   -1.049999   29.83750  0.1215E-24  0.8267E-05  0.1638E-07  0.1275E-02  0.3922E-04  0.2165E+03
   -1.100000   29.83772  0.1215E-24  0.8166E-05  0.1591E-07  0.1282E-02  0.3641E-04  0.2264E+03
   -1.150002   29.83793  0.1215E-24  0.8062E-05  0.1550E-07  0.1285E-02  0.3379E-04  0.2367E+03
   -1.200003   29.83812  0.1215E-24  0.7953E-05  0.1512E-07  0.1283E-02  0.3132E-04  0.2592E+03
   -1.250005   29.83831  0.1215E-24  0.7842E-05  0.1480E-07  0.1344E-02  0.2899E-04  0.8294E+03
   -1.300006   29.83847  0.1215E-24  0.7729E-05  0.1453E-07  0.1246E-02  0.2693E-04  0.1959E+04
   -1.350007   29.83864  0.1215E-24  0.7612E-05  0.1431E-07  0.1246E-02  0.2487E-04  0.3419E+03
   -1.400008   29.83880  0.1215E-24  0.7489E-05  0.1414E-07  0.1227E-02  0.2290E-04  0.3341E+03
   -1.450008   29.83895  0.1215E-24  0.7362E-05  0.1404E-07  0.1198E-02  0.2102E-04  0.3681E+03
   -1.500009   29.83909  0.1215E-24  0.7230E-05  0.1401E-07  0.1161E-02  0.1924E-04  0.4099E+03
   -1.550009   29.83924  0.1215E-24  0.7094E-05  0.1409E-07  0.1117E-02  0.1753E-04  0.4662E+03
   -1.600009   29.83938  0.1215E-24  0.6951E-05  0.1429E-07  0.1063E-02  0.1591E-04  0.5385E+03
   -1.650008   29.83952  0.1215E-24  0.6800E-05  0.1468E-07  0.1000E-02  0.1434E-04  0.6404E+03
   -1.700007   29.83966  0.1215E-24  0.6637E-05  0.1532E-07  0.9208E-03  0.1284E-04  0.7818E+03
   -1.750006   29.83982  0.1215E-24  0.6458E-05  0.1637E-07  0.8436E-03  0.1137E-04  0.1005E+04
   -1.800005   29.83999  0.1215E-24  0.6246E-05  0.1831E-07  0.7061E-03  0.9980E-05  0.1371E+04
   -1.850003   29.84021  0.1215E-24  0.5970E-05  0.2207E-07  0.6679E-03  0.8430E-05  0.2217E+04
   -1.900001   29.84049  0.1215E-24  0.5474E-05  0.3304E-07  0.3803E-03  0.7049E-05 -0.1200E+05
   -1.949998   29.84133  0.1215E-24  0.3329E-05  0.1182E-06  0.5203E-04  0.4768E-05 -0.3544E+08
   -1.999995   29.84536  0.1215E-24  0.0000E+00  0.0000E+00  0.0000E+00  0.5403E-05  0.0000E+00
