 1 - depth, m
 2 - temperature, C
 3 - salinity, kg/kg
 4 - turbulent kinetic energy, m**2/s**2
 5 - dissipation rate, m**2/s**3
 6 - kinematic heat conductance, m**2/s
 7 - modulus of horizontal velocity, m/s
 8 - Richardson number, n/d
   -0.000000   31.08392  0.1090E-25  0.4533E-05  0.2369E-06  0.4458E-04  0.2852E-02  0.2459E+04
   -0.049997   31.11572  0.1090E-25  0.7199E-05  0.1060E-06  0.1642E-03  0.1593E-02  0.2950E+02
   -0.099994   31.12546  0.1090E-25  0.8412E-05  0.7419E-07  0.3289E-03  0.1233E-02  0.1369E+02
   -0.149992   31.12894  0.1090E-25  0.9158E-05  0.6207E-07  0.4077E-03  0.1089E-02  0.6351E+01
   -0.199990   31.13156  0.1090E-25  0.9707E-05  0.5467E-07  0.5211E-03  0.9769E-03  0.4150E+01
   -0.249989   31.13350  0.1090E-25  0.1012E-04  0.4953E-07  0.6170E-03  0.8884E-03  0.3116E+01
   -0.299988   31.13506  0.1090E-25  0.1044E-04  0.4562E-07  0.7105E-03  0.8112E-03  0.2598E+01
   -0.349987   31.13634  0.1090E-25  0.1070E-04  0.4243E-07  0.8017E-03  0.7401E-03  0.2332E+01
   -0.399987   31.13742  0.1090E-25  0.1089E-04  0.3974E-07  0.8902E-03  0.6728E-03  0.2152E+01
   -0.449987   31.13834  0.1090E-25  0.1103E-04  0.3741E-07  0.9739E-03  0.6117E-03  0.2032E+01
   -0.499987   31.13914  0.1090E-25  0.1113E-04  0.3537E-07  0.1051E-02  0.5575E-03  0.1974E+01
   -0.549987   31.13984  0.1090E-25  0.1119E-04  0.3357E-07  0.1122E-02  0.5093E-03  0.1911E+01
   -0.599988   31.14046  0.1090E-25  0.1121E-04  0.3197E-07  0.1186E-02  0.4664E-03  0.1878E+01
   -0.649989   31.14102  0.1090E-25  0.1121E-04  0.3054E-07  0.1243E-02  0.4279E-03  0.1837E+01
   -0.699990   31.14152  0.1090E-25  0.1118E-04  0.2926E-07  0.1294E-02  0.3935E-03  0.1823E+01
   -0.749991   31.14198  0.1090E-25  0.1113E-04  0.2811E-07  0.1337E-02  0.3625E-03  0.1797E+01
   -0.799993   31.14241  0.1090E-25  0.1106E-04  0.2707E-07  0.1373E-02  0.3345E-03  0.1799E+01
   -0.849994   31.14280  0.1090E-25  0.1098E-04  0.2613E-07  0.1403E-02  0.3092E-03  0.1788E+01
   -0.899996   31.14316  0.1090E-25  0.1089E-04  0.2529E-07  0.1425E-02  0.2863E-03  0.1808E+01
   -0.949997   31.14350  0.1090E-25  0.1078E-04  0.2454E-07  0.1441E-02  0.2655E-03  0.1814E+01
   -0.999999   31.14381  0.1090E-25  0.1066E-04  0.2387E-07  0.1451E-02  0.2466E-03  0.1858E+01
   -1.050001   31.14411  0.1090E-25  0.1054E-04  0.2327E-07  0.1454E-02  0.2294E-03  0.1892E+01
   -1.100002   31.14440  0.1090E-25  0.1040E-04  0.2274E-07  0.1451E-02  0.2136E-03  0.1974E+01
   -1.150004   31.14466  0.1090E-25  0.1026E-04  0.2228E-07  0.1443E-02  0.1991E-03  0.2055E+01
   -1.200005   31.14492  0.1090E-25  0.1011E-04  0.2190E-07  0.1426E-02  0.1856E-03  0.2269E+01
   -1.250006   31.14517  0.1090E-25  0.9958E-05  0.2158E-07  0.1535E-02  0.1731E-03  0.6679E+01
   -1.300008   31.14538  0.1090E-25  0.9795E-05  0.2135E-07  0.1287E-02  0.1623E-03  0.2157E+02
   -1.350009   31.14563  0.1090E-25  0.9621E-05  0.2121E-07  0.1332E-02  0.1506E-03  0.3367E+01
   -1.400010   31.14585  0.1090E-25  0.9432E-05  0.2117E-07  0.1298E-02  0.1396E-03  0.3359E+01
   -1.450010   31.14607  0.1090E-25  0.9229E-05  0.2126E-07  0.1244E-02  0.1291E-03  0.3937E+01
   -1.500011   31.14629  0.1090E-25  0.9010E-05  0.2153E-07  0.1177E-02  0.1189E-03  0.4725E+01
   -1.550011   31.14650  0.1090E-25  0.8771E-05  0.2205E-07  0.1105E-02  0.1091E-03  0.5959E+01
   -1.600011   31.14672  0.1090E-25  0.8506E-05  0.2293E-07  0.1009E-02  0.9951E-04  0.7957E+01
   -1.650011   31.14696  0.1090E-25  0.8208E-05  0.2440E-07  0.9325E-03  0.9004E-04  0.1232E+02
   -1.700010   31.14720  0.1090E-25  0.7850E-05  0.2716E-07  0.8040E-03  0.8087E-04 -0.1040E+04
   -1.750009   31.14751  0.1090E-25  0.7379E-05  0.3236E-07  0.7160E-03  0.7064E-04 -0.2632E+04
   -1.800008   31.14788  0.1090E-25  0.6685E-05  0.4341E-07  0.5341E-03  0.6053E-04  0.2231E+05
   -1.850006   31.14862  0.1090E-25  0.5727E-05  0.6418E-07  0.4330E-03  0.4630E-04  0.4242E+06
   -1.900004   31.14907  0.1090E-25  0.4378E-05  0.1288E-06  0.2116E-03  0.3549E-04 -0.9390E+05
   -1.950001   31.15203  0.1090E-25  0.2792E-05  0.3434E-06  0.1155E-03  0.1939E-04 -0.3804E+06
   -1.999998   31.15518  0.1090E-25  0.0000E+00  0.0000E+00  0.0000E+00  0.3306E-04  0.0000E+00
