 1 - depth, m
 2 - temperature, C
 3 - salinity, kg/kg
 4 - turbulent kinetic energy, m**2/s**2
 5 - dissipation rate, m**2/s**3
 6 - kinematic heat conductance, m**2/s
 7 - modulus of horizontal velocity, m/s
 8 - Richardson number, n/d
   -0.000000   30.86586  0.2646E-24  0.5048E-05  0.2254E-06  0.3384E-04  0.2623E-02  0.1109E+02
   -0.049997   30.90842  0.2646E-24  0.8276E-05  0.9791E-07  0.2536E-03  0.1186E-02  0.7759E+02
   -0.099995   30.91363  0.2646E-24  0.9318E-05  0.7631E-07  0.3520E-03  0.1013E-02  0.1179E+02
   -0.149993   30.91712  0.2646E-24  0.1006E-04  0.6506E-07  0.4719E-03  0.8945E-03  0.6524E+01
   -0.199991   30.91960  0.2646E-24  0.1060E-04  0.5790E-07  0.5840E-03  0.8064E-03  0.4359E+01
   -0.249990   30.92149  0.2646E-24  0.1101E-04  0.5282E-07  0.6869E-03  0.7355E-03  0.3273E+01
   -0.299989   30.92302  0.2646E-24  0.1132E-04  0.4896E-07  0.7789E-03  0.6756E-03  0.2621E+01
   -0.349989   30.92430  0.2646E-24  0.1156E-04  0.4586E-07  0.8641E-03  0.6227E-03  0.2334E+01
   -0.399989   30.92540  0.2646E-24  0.1174E-04  0.4321E-07  0.9481E-03  0.5734E-03  0.2144E+01
   -0.449989   30.92635  0.2646E-24  0.1188E-04  0.4089E-07  0.1029E-02  0.5279E-03  0.2061E+01
   -0.499989   30.92719  0.2646E-24  0.1197E-04  0.3883E-07  0.1104E-02  0.4870E-03  0.1996E+01
   -0.549990   30.92793  0.2646E-24  0.1203E-04  0.3699E-07  0.1173E-02  0.4500E-03  0.1967E+01
   -0.599991   30.92859  0.2646E-24  0.1206E-04  0.3535E-07  0.1235E-02  0.4166E-03  0.1921E+01
   -0.649992   30.92919  0.2646E-24  0.1206E-04  0.3387E-07  0.1290E-02  0.3862E-03  0.1912E+01
   -0.699993   30.92974  0.2646E-24  0.1203E-04  0.3253E-07  0.1339E-02  0.3587E-03  0.1879E+01
   -0.749995   30.93024  0.2646E-24  0.1198E-04  0.3132E-07  0.1382E-02  0.3336E-03  0.1884E+01
   -0.799996   30.93071  0.2646E-24  0.1192E-04  0.3022E-07  0.1417E-02  0.3108E-03  0.1861E+01
   -0.849998   30.93114  0.2646E-24  0.1183E-04  0.2923E-07  0.1446E-02  0.2899E-03  0.1878E+01
   -0.900000   30.93154  0.2646E-24  0.1173E-04  0.2833E-07  0.1468E-02  0.2709E-03  0.1867E+01
   -0.950002   30.93191  0.2646E-24  0.1162E-04  0.2753E-07  0.1483E-02  0.2534E-03  0.1910E+01
   -1.000004   30.93226  0.2646E-24  0.1149E-04  0.2680E-07  0.1493E-02  0.2374E-03  0.1937E+01
   -1.050005   30.93260  0.2646E-24  0.1136E-04  0.2614E-07  0.1496E-02  0.2226E-03  0.2035E+01
   -1.100007   30.93291  0.2646E-24  0.1121E-04  0.2554E-07  0.1494E-02  0.2087E-03  0.2123E+01
   -1.150009   30.93321  0.2646E-24  0.1105E-04  0.2502E-07  0.1485E-02  0.1955E-03  0.2286E+01
   -1.200011   30.93349  0.2646E-24  0.1088E-04  0.2456E-07  0.1466E-02  0.1830E-03  0.2507E+01
   -1.250012   30.93376  0.2646E-24  0.1070E-04  0.2418E-07  0.1586E-02  0.1710E-03  0.7435E+01
   -1.300014   30.93400  0.2646E-24  0.1051E-04  0.2389E-07  0.1308E-02  0.1607E-03  0.2507E+02
   -1.350015   30.93427  0.2646E-24  0.1031E-04  0.2370E-07  0.1362E-02  0.1493E-03  0.3762E+01
   -1.400016   30.93451  0.2646E-24  0.1009E-04  0.2362E-07  0.1327E-02  0.1386E-03  0.3774E+01
   -1.450017   30.93474  0.2646E-24  0.9849E-05  0.2370E-07  0.1271E-02  0.1284E-03  0.4354E+01
   -1.500018   30.93497  0.2646E-24  0.9592E-05  0.2398E-07  0.1199E-02  0.1186E-03  0.5304E+01
   -1.550018   30.93520  0.2646E-24  0.9311E-05  0.2455E-07  0.1125E-02  0.1090E-03  0.6628E+01
   -1.600019   30.93543  0.2646E-24  0.9000E-05  0.2556E-07  0.1023E-02  0.9971E-04  0.9050E+01
   -1.650018   30.93566  0.2646E-24  0.8648E-05  0.2729E-07  0.9516E-03  0.9045E-04  0.1637E+02
   -1.700018   30.93590  0.2646E-24  0.8218E-05  0.3078E-07  0.8165E-03  0.8147E-04 -0.7383E+01
   -1.750017   30.93623  0.2646E-24  0.7639E-05  0.3743E-07  0.7212E-03  0.7086E-04 -0.1185E+04
   -1.800016   30.93660  0.2646E-24  0.6776E-05  0.5181E-07  0.5291E-03  0.6044E-04  0.7010E+04
   -1.850015   30.93737  0.2646E-24  0.5676E-05  0.7749E-07  0.4320E-03  0.4532E-04  0.1953E+07
   -1.900013   30.93768  0.2646E-24  0.4245E-05  0.1573E-06  0.2103E-03  0.3482E-04  0.6517E+05
   -1.950010   30.94032  0.2646E-24  0.2730E-05  0.4101E-06  0.1314E-03  0.1860E-04 -0.1555E+06
   -2.000007   30.94257  0.2646E-24  0.0000E+00  0.0000E+00  0.0000E+00  0.3453E-04  0.0000E+00
