 1 - depth, m
 2 - temperature, C
 3 - salinity, kg/kg
 4 - turbulent kinetic energy, m**2/s**2
 5 - dissipation rate, m**2/s**3
 6 - kinematic heat conductance, m**2/s
 7 - modulus of horizontal velocity, m/s
 8 - Richardson number, n/d
   -0.000000   29.02847  0.1923E-22  0.9376E-05  0.4234E-06  0.2859E-04  0.1283E-01 -0.2225E+00
   -0.049997   29.07152  0.1923E-22  0.1048E-04  0.1615E-06  0.1883E-03  0.7286E-02  0.6084E+02
   -0.099995   29.07832  0.1923E-22  0.1116E-04  0.1157E-06  0.3514E-03  0.6156E-02  0.2725E+01
   -0.149993   29.08151  0.1923E-22  0.1183E-04  0.9572E-07  0.4392E-03  0.5613E-02  0.2989E+01
   -0.199991   29.08392  0.1923E-22  0.1256E-04  0.8185E-07  0.5737E-03  0.5066E-02  0.3752E+01
   -0.249990   29.08567  0.1923E-22  0.1326E-04  0.7189E-07  0.6580E-03  0.4564E-02  0.4199E+01
   -0.299989   29.08713  0.1923E-22  0.1388E-04  0.6421E-07  0.7234E-03  0.4087E-02  0.4676E+01
   -0.349989   29.08839  0.1923E-22  0.1439E-04  0.5796E-07  0.7809E-03  0.3630E-02  0.5276E+01
   -0.399988   29.08951  0.1923E-22  0.1479E-04  0.5264E-07  0.8608E-03  0.3184E-02  0.4599E+01
   -0.449989   29.09047  0.1923E-22  0.1506E-04  0.4806E-07  0.9484E-03  0.2783E-02  0.3806E+01
   -0.499989   29.09131  0.1923E-22  0.1523E-04  0.4411E-07  0.1037E-02  0.2432E-02  0.3270E+01
   -0.549990   29.09204  0.1923E-22  0.1530E-04  0.4070E-07  0.1123E-02  0.2126E-02  0.2875E+01
   -0.599991   29.09269  0.1923E-22  0.1530E-04  0.3774E-07  0.1205E-02  0.1858E-02  0.2577E+01
   -0.649992   29.09326  0.1923E-22  0.1522E-04  0.3517E-07  0.1282E-02  0.1624E-02  0.2342E+01
   -0.699993   29.09378  0.1923E-22  0.1507E-04  0.3295E-07  0.1353E-02  0.1420E-02  0.2151E+01
   -0.749995   29.09425  0.1923E-22  0.1488E-04  0.3101E-07  0.1418E-02  0.1243E-02  0.1991E+01
   -0.799996   29.09467  0.1923E-22  0.1463E-04  0.2935E-07  0.1478E-02  0.1089E-02  0.1854E+01
   -0.849998   29.09506  0.1923E-22  0.1436E-04  0.2792E-07  0.1536E-02  0.9562E-03  0.1732E+01
   -0.900000   29.09542  0.1923E-22  0.1405E-04  0.2671E-07  0.1595E-02  0.8409E-03  0.1623E+01
   -0.950001   29.09575  0.1923E-22  0.1372E-04  0.2569E-07  0.1655E-02  0.7413E-03  0.1521E+01
   -1.000003   29.09606  0.1923E-22  0.1338E-04  0.2486E-07  0.1716E-02  0.6553E-03  0.1425E+01
   -1.050005   29.09634  0.1923E-22  0.1303E-04  0.2419E-07  0.1775E-02  0.5812E-03  0.1333E+01
   -1.100007   29.09659  0.1923E-22  0.1268E-04  0.2368E-07  0.1829E-02  0.5173E-03  0.1244E+01
   -1.150009   29.09683  0.1923E-22  0.1234E-04  0.2333E-07  0.1862E-02  0.4624E-03  0.1154E+01
   -1.200010   29.09705  0.1923E-22  0.1200E-04  0.2311E-07  0.1842E-02  0.4153E-03  0.1062E+01
   -1.250012   29.09726  0.1923E-22  0.1167E-04  0.2303E-07  0.1768E-02  0.3748E-03  0.9636E+00
   -1.300013   29.09746  0.1923E-22  0.1136E-04  0.2309E-07  0.1671E-02  0.3401E-03  0.8658E+00
   -1.350014   29.09767  0.1923E-22  0.1107E-04  0.2327E-07  0.1577E-02  0.3105E-03  0.7764E+00
   -1.400016   29.09788  0.1923E-22  0.1079E-04  0.2361E-07  0.1490E-02  0.2852E-03  0.7204E+00
   -1.450017   29.09809  0.1923E-22  0.1051E-04  0.2413E-07  0.1411E-02  0.2632E-03  0.7310E+00
   -1.500017   29.09829  0.1923E-22  0.1022E-04  0.2492E-07  0.1313E-02  0.2434E-03  0.8323E+00
   -1.550018   29.09850  0.1923E-22  0.9901E-05  0.2611E-07  0.1239E-02  0.2248E-03  0.1052E+01
   -1.600018   29.09871  0.1923E-22  0.9546E-05  0.2807E-07  0.1112E-02  0.2070E-03  0.2863E+01
   -1.650018   29.09895  0.1923E-22  0.9121E-05  0.3139E-07  0.1037E-02  0.1882E-03  0.3119E+03
   -1.700017   29.09921  0.1923E-22  0.8563E-05  0.3760E-07  0.8602E-03  0.1693E-03  0.1302E+03
   -1.750016   29.09961  0.1923E-22  0.7802E-05  0.4818E-07  0.7543E-03  0.1446E-03  0.2176E+04
   -1.800015   29.09999  0.1923E-22  0.6755E-05  0.7047E-07  0.5442E-03  0.1226E-03  0.6906E+05
   -1.850014   29.10097  0.1923E-22  0.5604E-05  0.1087E-06  0.4514E-03  0.8916E-04  0.9113E+06
   -1.900012   29.10100  0.1923E-22  0.4267E-05  0.2245E-06  0.2347E-03  0.7027E-04  0.1458E+04
   -1.950009   29.10393  0.1923E-22  0.2824E-05  0.5735E-06  0.1554E-03  0.3777E-04 -0.1750E+05
   -2.000006   29.10635  0.1923E-22  0.0000E+00  0.0000E+00  0.0000E+00  0.7670E-04  0.0000E+00
