 1 - depth, m
 2 - temperature, C
 3 - salinity, kg/kg
 4 - turbulent kinetic energy, m**2/s**2
 5 - dissipation rate, m**2/s**3
 6 - kinematic heat conductance, m**2/s
 7 - modulus of horizontal velocity, m/s
 8 - Richardson number, n/d
   -0.000000   27.64623  0.3174E-17  0.5759E-05  0.2130E-06  0.2714E-04  0.5672E-02 -0.8145E+00
   -0.049997   27.69359  0.3174E-17  0.8108E-05  0.9454E-07  0.2503E-03  0.2766E-02  0.9382E+01
   -0.099994   27.69847  0.3174E-17  0.8934E-05  0.7449E-07  0.3296E-03  0.2438E-02  0.2392E+01
   -0.149992   27.70200  0.3174E-17  0.9582E-05  0.6384E-07  0.4324E-03  0.2199E-02  0.1657E+01
   -0.199990   27.70455  0.3174E-17  0.1013E-04  0.5684E-07  0.5283E-03  0.2010E-02  0.1591E+01
   -0.249988   27.70653  0.3174E-17  0.1063E-04  0.5149E-07  0.6387E-03  0.1835E-02  0.1733E+01
   -0.299987   27.70809  0.3174E-17  0.1108E-04  0.4709E-07  0.7593E-03  0.1666E-02  0.1866E+01
   -0.349987   27.70934  0.3174E-17  0.1148E-04  0.4337E-07  0.8698E-03  0.1500E-02  0.1989E+01
   -0.399986   27.71038  0.3174E-17  0.1181E-04  0.4017E-07  0.9781E-03  0.1337E-02  0.1957E+01
   -0.449986   27.71126  0.3174E-17  0.1206E-04  0.3741E-07  0.1084E-02  0.1189E-02  0.1883E+01
   -0.499986   27.71202  0.3174E-17  0.1225E-04  0.3505E-07  0.1185E-02  0.1058E-02  0.1815E+01
   -0.549987   27.71268  0.3174E-17  0.1238E-04  0.3301E-07  0.1281E-02  0.9445E-03  0.1747E+01
   -0.599987   27.71326  0.3174E-17  0.1245E-04  0.3124E-07  0.1370E-02  0.8447E-03  0.1684E+01
   -0.649988   27.71378  0.3174E-17  0.1246E-04  0.2969E-07  0.1454E-02  0.7571E-03  0.1623E+01
   -0.699989   27.71425  0.3174E-17  0.1244E-04  0.2834E-07  0.1530E-02  0.6802E-03  0.1564E+01
   -0.749990   27.71467  0.3174E-17  0.1238E-04  0.2716E-07  0.1599E-02  0.6125E-03  0.1506E+01
   -0.799991   27.71506  0.3174E-17  0.1228E-04  0.2614E-07  0.1658E-02  0.5529E-03  0.1448E+01
   -0.849993   27.71541  0.3174E-17  0.1216E-04  0.2525E-07  0.1706E-02  0.5003E-03  0.1389E+01
   -0.899994   27.71574  0.3174E-17  0.1202E-04  0.2448E-07  0.1742E-02  0.4540E-03  0.1329E+01
   -0.949996   27.71605  0.3174E-17  0.1187E-04  0.2383E-07  0.1764E-02  0.4130E-03  0.1268E+01
   -0.999997   27.71634  0.3174E-17  0.1170E-04  0.2328E-07  0.1768E-02  0.3769E-03  0.1203E+01
   -1.049999   27.71662  0.3174E-17  0.1152E-04  0.2284E-07  0.1752E-02  0.3450E-03  0.1136E+01
   -1.100000   27.71688  0.3174E-17  0.1134E-04  0.2250E-07  0.1722E-02  0.3168E-03  0.1066E+01
   -1.150002   27.71714  0.3174E-17  0.1115E-04  0.2224E-07  0.1684E-02  0.2920E-03  0.9947E+00
   -1.200003   27.71739  0.3174E-17  0.1097E-04  0.2208E-07  0.1641E-02  0.2701E-03  0.9260E+00
   -1.250004   27.71763  0.3174E-17  0.1078E-04  0.2200E-07  0.1596E-02  0.2508E-03  0.8829E+00
   -1.300006   27.71787  0.3174E-17  0.1060E-04  0.2202E-07  0.1549E-02  0.2337E-03  0.8955E+00
   -1.350007   27.71811  0.3174E-17  0.1040E-04  0.2213E-07  0.1495E-02  0.2180E-03  0.9716E+00
   -1.400007   27.71834  0.3174E-17  0.1020E-04  0.2237E-07  0.1431E-02  0.2034E-03  0.1111E+01
   -1.450008   27.71857  0.3174E-17  0.9973E-05  0.2278E-07  0.1359E-02  0.1892E-03  0.1329E+01
   -1.500008   27.71880  0.3174E-17  0.9727E-05  0.2343E-07  0.1266E-02  0.1755E-03  0.1661E+01
   -1.550009   27.71904  0.3174E-17  0.9453E-05  0.2443E-07  0.1180E-02  0.1619E-03  0.2175E+01
   -1.600008   27.71928  0.3174E-17  0.9143E-05  0.2600E-07  0.1058E-02  0.1486E-03  0.3225E+01
   -1.650008   27.71954  0.3174E-17  0.8780E-05  0.2856E-07  0.9764E-03  0.1350E-03  0.2198E+02
   -1.700007   27.71983  0.3174E-17  0.8319E-05  0.3336E-07  0.8229E-03  0.1216E-03  0.9666E+03
   -1.750006   27.72025  0.3174E-17  0.7691E-05  0.4194E-07  0.7208E-03  0.1051E-03  0.3989E+03
   -1.800005   27.72073  0.3174E-17  0.6778E-05  0.5997E-07  0.5259E-03  0.8922E-04  0.3216E+04
   -1.850003   27.72183  0.3173E-17  0.5653E-05  0.9161E-07  0.4251E-03  0.6608E-04  0.2828E+06
   -1.900000   27.72214  0.3173E-17  0.4219E-05  0.1899E-06  0.2074E-03  0.5079E-04  0.6052E+05
   -1.949998   27.72649  0.3173E-17  0.2787E-05  0.4907E-06  0.1409E-03  0.2664E-04 -0.2002E+06
   -1.999995   27.73000  0.3173E-17  0.0000E+00  0.0000E+00  0.0000E+00  0.5195E-04  0.0000E+00
