 1 - depth, m
 2 - temperature, C
 3 - salinity, kg/kg
 4 - turbulent kinetic energy, m**2/s**2
 5 - dissipation rate, m**2/s**3
 6 - kinematic heat conductance, m**2/s
 7 - modulus of horizontal velocity, m/s
 8 - Richardson number, n/d
   -0.000000   28.45899  0.8068E-25  0.3131E-05  0.1117E-06  0.2840E-04  0.2183E-02 -0.4479E+01
   -0.049998   28.48785  0.8072E-25  0.4992E-05  0.5111E-07  0.1740E-03  0.1026E-02  0.5945E+02
   -0.099997   28.49251  0.8072E-25  0.5674E-05  0.3821E-07  0.2771E-03  0.8360E-03  0.2134E+02
   -0.149996   28.49494  0.8072E-25  0.6116E-05  0.3235E-07  0.3586E-03  0.7312E-03  0.9906E+01
   -0.199995   28.49670  0.8073E-25  0.6434E-05  0.2862E-07  0.4445E-03  0.6520E-03  0.6482E+01
   -0.249995   28.49804  0.8073E-25  0.6667E-05  0.2595E-07  0.5218E-03  0.5883E-03  0.4790E+01
   -0.299995   28.49911  0.8073E-25  0.6839E-05  0.2389E-07  0.5937E-03  0.5336E-03  0.3835E+01
   -0.349996   28.50001  0.8073E-25  0.6963E-05  0.2222E-07  0.6609E-03  0.4844E-03  0.3320E+01
   -0.399996   28.50077  0.8073E-25  0.7049E-05  0.2081E-07  0.7236E-03  0.4389E-03  0.2960E+01
   -0.449998   28.50142  0.8073E-25  0.7103E-05  0.1957E-07  0.7820E-03  0.3982E-03  0.2770E+01
   -0.499999   28.50199  0.8073E-25  0.7131E-05  0.1848E-07  0.8357E-03  0.3624E-03  0.2663E+01
   -0.550001   28.50248  0.8073E-25  0.7139E-05  0.1751E-07  0.8848E-03  0.3306E-03  0.2593E+01
   -0.600003   28.50292  0.8073E-25  0.7129E-05  0.1664E-07  0.9296E-03  0.3024E-03  0.2541E+01
   -0.650005   28.50331  0.8073E-25  0.7104E-05  0.1585E-07  0.9701E-03  0.2772E-03  0.2520E+01
   -0.700007   28.50366  0.8073E-25  0.7068E-05  0.1514E-07  0.1007E-02  0.2545E-03  0.2505E+01
   -0.750009   28.50398  0.8073E-25  0.7022E-05  0.1449E-07  0.1039E-02  0.2340E-03  0.2517E+01
   -0.800012   28.50427  0.8073E-25  0.6967E-05  0.1390E-07  0.1068E-02  0.2154E-03  0.2534E+01
   -0.850015   28.50453  0.8073E-25  0.6906E-05  0.1336E-07  0.1093E-02  0.1986E-03  0.2577E+01
   -0.900017   28.50477  0.8073E-25  0.6838E-05  0.1286E-07  0.1114E-02  0.1832E-03  0.2624E+01
   -0.950020   28.50500  0.8073E-25  0.6767E-05  0.1241E-07  0.1131E-02  0.1691E-03  0.2702E+01
   -1.000023   28.50520  0.8073E-25  0.6691E-05  0.1200E-07  0.1146E-02  0.1562E-03  0.2783E+01
   -1.050026   28.50539  0.8073E-25  0.6612E-05  0.1163E-07  0.1156E-02  0.1443E-03  0.2903E+01
   -1.100028   28.50557  0.8073E-25  0.6531E-05  0.1129E-07  0.1163E-02  0.1334E-03  0.3032E+01
   -1.150031   28.50573  0.8073E-25  0.6447E-05  0.1098E-07  0.1167E-02  0.1232E-03  0.3210E+01
   -1.200034   28.50589  0.8073E-25  0.6361E-05  0.1070E-07  0.1167E-02  0.1137E-03  0.3535E+01
   -1.250036   28.50603  0.8073E-25  0.6275E-05  0.1047E-07  0.1215E-02  0.1048E-03  0.1148E+02
   -1.300039   28.50616  0.8073E-25  0.6188E-05  0.1027E-07  0.1152E-02  0.9696E-04  0.2820E+02
   -1.350041   28.50629  0.8073E-25  0.6099E-05  0.1010E-07  0.1141E-02  0.8930E-04  0.4835E+01
   -1.400043   28.50642  0.8073E-25  0.6006E-05  0.9968E-08  0.1125E-02  0.8187E-04  0.4823E+01
   -1.450045   28.50653  0.8073E-25  0.5911E-05  0.9881E-08  0.1102E-02  0.7487E-04  0.5387E+01
   -1.500047   28.50665  0.8073E-25  0.5814E-05  0.9846E-08  0.1074E-02  0.6823E-04  0.6159E+01
   -1.550048   28.50676  0.8073E-25  0.5714E-05  0.9874E-08  0.1038E-02  0.6196E-04  0.7154E+01
   -1.600049   28.50687  0.8073E-25  0.5612E-05  0.9983E-08  0.9955E-03  0.5598E-04  0.8558E+01
   -1.650050   28.50698  0.8073E-25  0.5505E-05  0.1020E-07  0.9440E-03  0.5031E-04  0.1054E+02
   -1.700051   28.50709  0.8073E-25  0.5393E-05  0.1057E-07  0.8816E-03  0.4488E-04  0.1358E+02
   -1.750051   28.50722  0.8073E-25  0.5271E-05  0.1117E-07  0.8092E-03  0.3970E-04  0.1852E+02
   -1.800051   28.50735  0.8073E-25  0.5136E-05  0.1217E-07  0.7113E-03  0.3472E-04  0.2854E+02
   -1.850050   28.50752  0.8073E-25  0.4972E-05  0.1396E-07  0.6388E-03  0.2991E-04  0.1360E+03
   -1.900049   28.50774  0.8073E-25  0.4682E-05  0.1893E-07  0.4920E-03  0.2546E-04  0.3422E+05
   -1.950048   28.50822  0.8073E-25  0.2981E-05  0.6833E-07  0.2396E-04  0.1944E-04 -0.1574E+06
   -2.000046   28.51369  0.8072E-25  0.0000E+00  0.0000E+00  0.0000E+00  0.1971E-04  0.0000E+00
