 1 - depth, m
 2 - temperature, C
 3 - salinity, kg/kg
 4 - turbulent kinetic energy, m**2/s**2
 5 - dissipation rate, m**2/s**3
 6 - kinematic heat conductance, m**2/s
 7 - modulus of horizontal velocity, m/s
 8 - Richardson number, n/d
   -0.000000   30.86758  0.6501E-29  0.9992E-05  0.4775E-06  0.3033E-04  0.1345E-01 -0.2328E+00
   -0.049997   30.90984  0.6501E-29  0.1104E-04  0.1791E-06  0.1740E-03  0.7705E-02  0.6109E+02
   -0.099994   30.91728  0.6500E-29  0.1164E-04  0.1255E-06  0.3568E-03  0.6416E-02  0.5132E+01
   -0.149992   30.92043  0.6500E-29  0.1228E-04  0.1033E-06  0.4413E-03  0.5845E-02  0.3333E+01
   -0.199990   30.92281  0.6500E-29  0.1296E-04  0.8790E-07  0.5680E-03  0.5263E-02  0.4242E+01
   -0.249988   30.92457  0.6500E-29  0.1361E-04  0.7691E-07  0.6469E-03  0.4734E-02  0.4754E+01
   -0.299987   30.92602  0.6500E-29  0.1417E-04  0.6845E-07  0.7177E-03  0.4233E-02  0.5398E+01
   -0.349986   30.92727  0.6500E-29  0.1463E-04  0.6153E-07  0.7807E-03  0.3754E-02  0.6286E+01
   -0.399986   30.92837  0.6500E-29  0.1496E-04  0.5558E-07  0.8599E-03  0.3287E-02  0.5370E+01
   -0.449986   30.92931  0.6500E-29  0.1516E-04  0.5039E-07  0.9441E-03  0.2866E-02  0.4335E+01
   -0.499986   30.93013  0.6500E-29  0.1524E-04  0.4585E-07  0.1029E-02  0.2495E-02  0.3693E+01
   -0.549986   30.93083  0.6500E-29  0.1524E-04  0.4182E-07  0.1109E-02  0.2168E-02  0.3262E+01
   -0.599987   30.93145  0.6500E-29  0.1514E-04  0.3824E-07  0.1193E-02  0.1875E-02  0.2997E+01
   -0.649987   30.93200  0.6500E-29  0.1496E-04  0.3485E-07  0.1268E-02  0.1620E-02  0.2826E+01
   -0.699988   30.93249  0.6500E-29  0.1482E-04  0.3321E-07  0.2006E-02  0.1365E-02  0.1826E+01
   -0.749989   30.93278  0.6500E-29  0.1472E-04  0.3232E-07  0.2104E-02  0.1289E-02  0.1685E+01
   -0.799991   30.93305  0.6500E-29  0.1458E-04  0.3128E-07  0.1382E-02  0.1233E-02  0.1643E+01
   -0.849992   30.93343  0.6500E-29  0.1426E-04  0.2945E-07  0.1478E-02  0.1071E-02  0.1735E+01
   -0.899993   30.93377  0.6500E-29  0.1393E-04  0.2794E-07  0.1524E-02  0.9410E-03  0.1607E+01
   -0.949995   30.93409  0.6500E-29  0.1359E-04  0.2667E-07  0.1572E-02  0.8270E-03  0.1506E+01
   -0.999996   30.93438  0.6500E-29  0.1324E-04  0.2563E-07  0.1618E-02  0.7284E-03  0.1409E+01
   -1.049998   30.93465  0.6500E-29  0.1289E-04  0.2479E-07  0.1660E-02  0.6431E-03  0.1319E+01
   -1.099999   30.93490  0.6500E-29  0.1254E-04  0.2415E-07  0.1699E-02  0.5696E-03  0.1231E+01
   -1.150001   30.93514  0.6500E-29  0.1219E-04  0.2368E-07  0.1731E-02  0.5063E-03  0.1147E+01
   -1.200002   30.93535  0.6500E-29  0.1186E-04  0.2338E-07  0.1747E-02  0.4520E-03  0.1063E+01
   -1.250003   30.93556  0.6500E-29  0.1154E-04  0.2324E-07  0.1713E-02  0.4054E-03  0.9778E+00
   -1.300004   30.93576  0.6500E-29  0.1124E-04  0.2325E-07  0.1627E-02  0.3655E-03  0.8907E+00
   -1.350005   30.93597  0.6500E-29  0.1095E-04  0.2340E-07  0.1536E-02  0.3315E-03  0.8199E+00
   -1.400006   30.93617  0.6500E-29  0.1068E-04  0.2371E-07  0.1447E-02  0.3024E-03  0.7725E+00
   -1.450007   30.93638  0.6500E-29  0.1041E-04  0.2421E-07  0.1365E-02  0.2774E-03  0.7817E+00
   -1.500007   30.93659  0.6500E-29  0.1014E-04  0.2495E-07  0.1275E-02  0.2553E-03  0.8725E+00
   -1.550007   30.93681  0.6500E-29  0.9845E-05  0.2605E-07  0.1196E-02  0.2350E-03  0.1103E+01
   -1.600007   30.93704  0.6500E-29  0.9518E-05  0.2778E-07  0.1076E-02  0.2158E-03  0.1681E+01
   -1.650006   30.93729  0.6500E-29  0.9136E-05  0.3062E-07  0.9960E-03  0.1961E-03 -0.5189E+02
   -1.700006   30.93758  0.6500E-29  0.8647E-05  0.3595E-07  0.8328E-03  0.1766E-03  0.1312E+02
   -1.750004   30.93800  0.6500E-29  0.7979E-05  0.4539E-07  0.7337E-03  0.1524E-03  0.1780E+04
   -1.800003   30.93848  0.6500E-29  0.7022E-05  0.6509E-07  0.5356E-03  0.1295E-03  0.1900E+04
   -1.850001   30.93961  0.6499E-29  0.5866E-05  0.9953E-07  0.4394E-03  0.9594E-04  0.1967E+06
   -1.899999   30.93986  0.6499E-29  0.4424E-05  0.2073E-06  0.2170E-03  0.7443E-04 -0.1294E+05
   -1.949996   30.94414  0.6499E-29  0.2911E-05  0.5446E-06  0.1457E-03  0.3924E-04 -0.5199E+05
   -1.999993   30.94742  0.6499E-29  0.0000E+00  0.0000E+00  0.0000E+00  0.7620E-04  0.0000E+00
