 1 - depth, m
 2 - temperature, C
 3 - salinity, kg/kg
 4 - turbulent kinetic energy, m**2/s**2
 5 - dissipation rate, m**2/s**3
 6 - kinematic heat conductance, m**2/s
 7 - modulus of horizontal velocity, m/s
 8 - Richardson number, n/d
   -0.000000   27.51873  0.1332E-21  0.1333E-04  0.7577E-06  0.3062E-04  0.1839E-01 -0.1215E+00
   -0.049997   27.56975  0.1332E-21  0.1373E-04  0.2654E-06  0.1441E-03  0.1068E-01  0.1219E+02
   -0.099994   27.58061  0.1332E-21  0.1425E-04  0.1758E-06  0.3807E-03  0.8770E-02  0.9306E+03
   -0.149992   27.58425  0.1332E-21  0.1491E-04  0.1412E-06  0.4826E-03  0.7963E-02  0.4567E+01
   -0.199990   27.58694  0.1332E-21  0.1570E-04  0.1186E-06  0.6049E-03  0.7186E-02  0.5741E+01
   -0.249988   27.58898  0.1332E-21  0.1646E-04  0.1028E-06  0.6645E-03  0.6475E-02  0.6387E+01
   -0.299987   27.59075  0.1332E-21  0.1715E-04  0.9100E-07  0.7254E-03  0.5806E-02  0.7309E+01
   -0.349986   27.59230  0.1332E-21  0.1770E-04  0.8150E-07  0.7889E-03  0.5168E-02  0.8701E+01
   -0.399986   27.59365  0.1332E-21  0.1810E-04  0.7342E-07  0.8736E-03  0.4547E-02  0.7082E+01
   -0.449986   27.59482  0.1332E-21  0.1834E-04  0.6643E-07  0.9641E-03  0.3986E-02  0.5389E+01
   -0.499986   27.59583  0.1332E-21  0.1846E-04  0.6039E-07  0.1056E-02  0.3491E-02  0.4359E+01
   -0.549986   27.59671  0.1332E-21  0.1847E-04  0.5516E-07  0.1147E-02  0.3054E-02  0.3661E+01
   -0.599987   27.59748  0.1332E-21  0.1839E-04  0.5062E-07  0.1233E-02  0.2669E-02  0.3164E+01
   -0.649987   27.59817  0.1332E-21  0.1823E-04  0.4669E-07  0.1311E-02  0.2331E-02  0.2791E+01
   -0.699988   27.59878  0.1332E-21  0.1799E-04  0.4328E-07  0.1378E-02  0.2033E-02  0.2502E+01
   -0.749989   27.59935  0.1332E-21  0.1770E-04  0.4034E-07  0.1433E-02  0.1772E-02  0.2270E+01
   -0.799991   27.59986  0.1332E-21  0.1735E-04  0.3782E-07  0.1478E-02  0.1545E-02  0.2080E+01
   -0.849992   27.60034  0.1332E-21  0.1696E-04  0.3568E-07  0.1514E-02  0.1347E-02  0.1918E+01
   -0.899993   27.60079  0.1332E-21  0.1654E-04  0.3387E-07  0.1546E-02  0.1176E-02  0.1775E+01
   -0.949995   27.60121  0.1332E-21  0.1609E-04  0.3238E-07  0.1578E-02  0.1027E-02  0.1647E+01
   -0.999996   27.60160  0.1332E-21  0.1563E-04  0.3117E-07  0.1613E-02  0.8994E-03  0.1530E+01
   -1.049998   27.60197  0.1332E-21  0.1516E-04  0.3023E-07  0.1657E-02  0.7895E-03  0.1421E+01
   -1.099999   27.60231  0.1332E-21  0.1469E-04  0.2953E-07  0.1711E-02  0.6954E-03  0.1320E+01
   -1.150001   27.60263  0.1332E-21  0.1423E-04  0.2907E-07  0.1778E-02  0.6149E-03  0.1226E+01
   -1.200002   27.60293  0.1332E-21  0.1378E-04  0.2882E-07  0.1833E-02  0.5462E-03  0.1136E+01
   -1.250003   27.60320  0.1332E-21  0.1335E-04  0.2879E-07  0.1820E-02  0.4877E-03  0.1042E+01
   -1.300004   27.60346  0.1332E-21  0.1294E-04  0.2895E-07  0.1719E-02  0.4381E-03  0.9421E+00
   -1.350005   27.60373  0.1332E-21  0.1256E-04  0.2931E-07  0.1599E-02  0.3961E-03  0.8454E+00
   -1.400006   27.60400  0.1332E-21  0.1219E-04  0.2988E-07  0.1490E-02  0.3606E-03  0.7675E+00
   -1.450007   27.60429  0.1332E-21  0.1184E-04  0.3072E-07  0.1396E-02  0.3304E-03  0.7465E+00
   -1.500007   27.60458  0.1332E-21  0.1148E-04  0.3198E-07  0.1288E-02  0.3040E-03  0.8116E+00
   -1.550007   27.60488  0.1332E-21  0.1109E-04  0.3384E-07  0.1216E-02  0.2798E-03  0.1059E+01
   -1.600007   27.60520  0.1332E-21  0.1065E-04  0.3696E-07  0.1087E-02  0.2571E-03  0.3393E+01
   -1.650007   27.60558  0.1332E-21  0.1012E-04  0.4214E-07  0.1008E-02  0.2326E-03  0.2145E+01
   -1.700006   27.60600  0.1332E-21  0.9413E-05  0.5142E-07  0.8310E-03  0.2083E-03  0.4725E+04
   -1.750005   27.60671  0.1332E-21  0.8484E-05  0.6715E-07  0.7248E-03  0.1761E-03  0.1336E+04
   -1.800003   27.60733  0.1332E-21  0.7262E-05  0.1039E-06  0.5206E-03  0.1489E-03  0.2794E+06
   -1.850001   27.60935  0.1332E-21  0.5984E-05  0.1639E-06  0.4426E-03  0.1057E-03  0.8525E+06
   -1.899999   27.60899  0.1332E-21  0.4547E-05  0.3440E-06  0.2247E-03  0.8451E-04  0.7231E+04
   -1.949996   27.61513  0.1331E-21  0.3084E-05  0.8633E-06  0.1786E-03  0.4373E-04 -0.2395E+05
   -1.999993   27.61863  0.1331E-21  0.0000E+00  0.0000E+00  0.0000E+00  0.9431E-04  0.0000E+00
