 1 - depth, m
 2 - temperature, C
 3 - salinity, kg/kg
 4 - turbulent kinetic energy, m**2/s**2
 5 - dissipation rate, m**2/s**3
 6 - kinematic heat conductance, m**2/s
 7 - modulus of horizontal velocity, m/s
 8 - Richardson number, n/d
   -0.000000   28.89931  0.2327E-26  0.3510E-05  0.1167E-06  0.2594E-04  0.3331E-02 -0.2215E+01
   -0.049997   28.93126  0.2327E-26  0.5190E-05  0.5284E-07  0.1812E-03  0.1577E-02  0.2828E+04
   -0.099994   28.93558  0.2327E-26  0.5768E-05  0.4043E-07  0.2645E-03  0.1315E-02  0.1339E+02
   -0.149992   28.93816  0.2327E-26  0.6155E-05  0.3421E-07  0.3454E-03  0.1156E-02  0.6005E+01
   -0.199990   28.94000  0.2327E-26  0.6432E-05  0.3022E-07  0.4202E-03  0.1036E-02  0.3935E+01
   -0.249989   28.94141  0.2327E-26  0.6636E-05  0.2731E-07  0.4893E-03  0.9378E-03  0.3028E+01
   -0.299988   28.94255  0.2327E-26  0.6789E-05  0.2498E-07  0.5573E-03  0.8501E-03  0.2602E+01
   -0.349987   28.94349  0.2327E-26  0.6899E-05  0.2300E-07  0.6252E-03  0.7677E-03  0.2422E+01
   -0.399987   28.94428  0.2327E-26  0.6968E-05  0.2127E-07  0.6915E-03  0.6886E-03  0.2253E+01
   -0.449987   28.94494  0.2327E-26  0.7001E-05  0.1974E-07  0.7539E-03  0.6168E-03  0.2132E+01
   -0.499987   28.94550  0.2327E-26  0.7004E-05  0.1838E-07  0.8111E-03  0.5535E-03  0.2050E+01
   -0.549988   28.94599  0.2327E-26  0.6982E-05  0.1718E-07  0.8633E-03  0.4978E-03  0.1979E+01
   -0.599989   28.94641  0.2327E-26  0.6939E-05  0.1610E-07  0.9109E-03  0.4485E-03  0.1922E+01
   -0.649990   28.94677  0.2327E-26  0.6879E-05  0.1513E-07  0.9533E-03  0.4046E-03  0.1876E+01
   -0.699991   28.94710  0.2327E-26  0.6806E-05  0.1425E-07  0.9997E-03  0.3654E-03  0.1913E+01
   -0.749992   28.94738  0.2327E-26  0.6733E-05  0.1358E-07  0.1007E-02  0.3298E-03  0.5694E+01
   -0.799993   28.94764  0.2327E-26  0.6662E-05  0.1303E-07  0.1119E-02  0.3064E-03  0.7524E+01
   -0.849995   28.94786  0.2327E-26  0.6581E-05  0.1249E-07  0.1059E-02  0.2866E-03  0.1808E+01
   -0.899996   28.94807  0.2327E-26  0.6484E-05  0.1192E-07  0.1084E-02  0.2620E-03  0.1731E+01
   -0.949998   28.94826  0.2327E-26  0.6384E-05  0.1140E-07  0.1100E-02  0.2394E-03  0.1739E+01
   -1.000000   28.94843  0.2327E-26  0.6283E-05  0.1094E-07  0.1112E-02  0.2190E-03  0.1764E+01
   -1.050001   28.94859  0.2327E-26  0.6183E-05  0.1052E-07  0.1121E-02  0.2006E-03  0.1802E+01
   -1.100003   28.94874  0.2327E-26  0.6083E-05  0.1016E-07  0.1127E-02  0.1840E-03  0.1862E+01
   -1.150005   28.94887  0.2327E-26  0.5985E-05  0.9828E-08  0.1129E-02  0.1688E-03  0.1947E+01
   -1.200006   28.94899  0.2327E-26  0.5889E-05  0.9541E-08  0.1128E-02  0.1550E-03  0.2062E+01
   -1.250007   28.94911  0.2327E-26  0.5795E-05  0.9292E-08  0.1123E-02  0.1423E-03  0.2219E+01
   -1.300009   28.94922  0.2327E-26  0.5703E-05  0.9080E-08  0.1116E-02  0.1307E-03  0.2434E+01
   -1.350010   28.94932  0.2327E-26  0.5612E-05  0.8904E-08  0.1105E-02  0.1200E-03  0.2727E+01
   -1.400011   28.94941  0.2327E-26  0.5521E-05  0.8764E-08  0.1090E-02  0.1100E-03  0.3123E+01
   -1.450011   28.94950  0.2327E-26  0.5431E-05  0.8664E-08  0.1069E-02  0.1005E-03  0.3657E+01
   -1.500012   28.94959  0.2327E-26  0.5341E-05  0.8610E-08  0.1044E-02  0.9161E-04  0.4388E+01
   -1.550012   28.94968  0.2327E-26  0.5250E-05  0.8609E-08  0.1013E-02  0.8320E-04  0.5423E+01
   -1.600012   28.94976  0.2327E-26  0.5159E-05  0.8675E-08  0.9761E-03  0.7526E-04  0.6952E+01
   -1.650012   28.94985  0.2327E-26  0.5066E-05  0.8827E-08  0.9314E-03  0.6775E-04  0.9307E+01
   -1.700011   28.94995  0.2327E-26  0.4970E-05  0.9100E-08  0.8778E-03  0.6064E-04  0.1315E+02
   -1.750010   28.95005  0.2327E-26  0.4869E-05  0.9551E-08  0.8150E-03  0.5391E-04  0.2001E+02
   -1.800009   28.95016  0.2327E-26  0.4756E-05  0.1030E-07  0.7515E-03  0.4754E-04  0.3413E+02
   -1.850007   28.95031  0.2327E-26  0.4607E-05  0.1175E-07  0.6386E-03  0.4136E-04 -0.4117E+02
   -1.900005   28.95053  0.2327E-26  0.4338E-05  0.1572E-07  0.3824E-03  0.3428E-04 -0.5695E+05
   -1.950002   28.95093  0.2327E-26  0.2757E-05  0.5675E-07  0.1968E-04  0.2558E-04 -0.1635E+06
   -1.999999   28.95647  0.2327E-26  0.0000E+00  0.0000E+00  0.0000E+00  0.2557E-04  0.0000E+00
