 1 - depth, m
 2 - temperature, C
 3 - salinity, kg/kg
 4 - turbulent kinetic energy, m**2/s**2
 5 - dissipation rate, m**2/s**3
 6 - kinematic heat conductance, m**2/s
 7 - modulus of horizontal velocity, m/s
 8 - Richardson number, n/d
   -0.000000   25.11470  0.5355E-26  0.1681E-04  0.1144E-05  0.2964E-04  0.2334E-01 -0.7081E-01
   -0.049997   25.16648  0.5355E-26  0.1579E-04  0.3776E-06  0.9742E-04  0.1344E-01 -0.2237E+00
   -0.099994   25.18033  0.5355E-26  0.1582E-04  0.2233E-06  0.2694E-03  0.1065E-01  0.1049E+03
   -0.149992   25.18573  0.5355E-26  0.1609E-04  0.1682E-06  0.5081E-03  0.9290E-02  0.9195E+01
   -0.199990   25.18815  0.5355E-26  0.1655E-04  0.1393E-06  0.5806E-03  0.8432E-02  0.1184E+02
   -0.249988   25.19017  0.5355E-26  0.1706E-04  0.1187E-06  0.6494E-03  0.7557E-02  0.1259E+02
   -0.299987   25.19190  0.5355E-26  0.1751E-04  0.1035E-06  0.7007E-03  0.6758E-02  0.1455E+02
   -0.349986   25.19343  0.5355E-26  0.1784E-04  0.9109E-07  0.7444E-03  0.5998E-02  0.2142E+02
   -0.399986   25.19481  0.5355E-26  0.1798E-04  0.8037E-07  0.8324E-03  0.5247E-02  0.1639E+02
   -0.449986   25.19598  0.5355E-26  0.1795E-04  0.7017E-07  0.8812E-03  0.4592E-02  0.1425E+02
   -0.499986   25.19705  0.5355E-26  0.1780E-04  0.6418E-07  0.1510E-02  0.3900E-02  0.3338E+01
   -0.549986   25.19764  0.5355E-26  0.1771E-04  0.6096E-07  0.1651E-02  0.3660E-02  0.2686E+01
   -0.599987   25.19816  0.5355E-26  0.1762E-04  0.5751E-07  0.9825E-03  0.3471E-02  0.3473E+01
   -0.649988   25.19900  0.5355E-26  0.1738E-04  0.5196E-07  0.1112E-02  0.2988E-02  0.3751E+01
   -0.699989   25.19971  0.5355E-26  0.1711E-04  0.4736E-07  0.1156E-02  0.2613E-02  0.3174E+01
   -0.749990   25.20036  0.5355E-26  0.1678E-04  0.4329E-07  0.1215E-02  0.2267E-02  0.2887E+01
   -0.799991   25.20096  0.5355E-26  0.1640E-04  0.3971E-07  0.1260E-02  0.1960E-02  0.2636E+01
   -0.849992   25.20151  0.5355E-26  0.1597E-04  0.3657E-07  0.1306E-02  0.1685E-02  0.2479E+01
   -0.899994   25.20202  0.5355E-26  0.1548E-04  0.3366E-07  0.1311E-02  0.1444E-02  0.2332E+01
   -0.949995   25.20251  0.5355E-26  0.1520E-04  0.3231E-07  0.2214E-02  0.1204E-02  0.1602E+01
   -0.999997   25.20278  0.5355E-26  0.1502E-04  0.3161E-07  0.2198E-02  0.1133E-02  0.1461E+01
   -1.049998   25.20305  0.5355E-26  0.1478E-04  0.3081E-07  0.1401E-02  0.1081E-02  0.1432E+01
   -1.100000   25.20346  0.5355E-26  0.1426E-04  0.2949E-07  0.1463E-02  0.9307E-03  0.1491E+01
   -1.150001   25.20383  0.5355E-26  0.1377E-04  0.2852E-07  0.1498E-02  0.8108E-03  0.1364E+01
   -1.200003   25.20418  0.5355E-26  0.1328E-04  0.2784E-07  0.1549E-02  0.7078E-03  0.1259E+01
   -1.250004   25.20450  0.5355E-26  0.1282E-04  0.2742E-07  0.1612E-02  0.6203E-03  0.1160E+01
   -1.300005   25.20480  0.5355E-26  0.1238E-04  0.2726E-07  0.1633E-02  0.5463E-03  0.1061E+01
   -1.350006   25.20509  0.5355E-26  0.1196E-04  0.2734E-07  0.1554E-02  0.4840E-03  0.9549E+00
   -1.400007   25.20537  0.5355E-26  0.1157E-04  0.2764E-07  0.1438E-02  0.4318E-03  0.8486E+00
   -1.450007   25.20567  0.5355E-26  0.1121E-04  0.2819E-07  0.1330E-02  0.3882E-03  0.7596E+00
   -1.500008   25.20599  0.5354E-26  0.1086E-04  0.2902E-07  0.1231E-02  0.3517E-03  0.7153E+00
   -1.550008   25.20631  0.5354E-26  0.1051E-04  0.3026E-07  0.1155E-02  0.3205E-03  0.7855E+00
   -1.600008   25.20664  0.5354E-26  0.1014E-04  0.3227E-07  0.1042E-02  0.2926E-03  0.1135E+01
   -1.650007   25.20702  0.5354E-26  0.9706E-05  0.3552E-07  0.9736E-03  0.2650E-03  0.2504E+01
   -1.700007   25.20742  0.5354E-26  0.9155E-05  0.4169E-07  0.8160E-03  0.2384E-03 -0.4177E+01
   -1.750005   25.20805  0.5354E-26  0.8402E-05  0.5275E-07  0.7193E-03  0.2048E-03  0.1228E+04
   -1.800004   25.20873  0.5354E-26  0.7336E-05  0.7554E-07  0.5234E-03  0.1734E-03  0.9664E+04
   -1.850002   25.21043  0.5354E-26  0.6080E-05  0.1160E-06  0.4329E-03  0.1269E-03  0.9173E+05
   -1.900000   25.21064  0.5354E-26  0.4575E-05  0.2392E-06  0.2087E-03  0.9910E-04  0.5319E+04
   -1.949997   25.21671  0.5354E-26  0.3045E-05  0.6263E-06  0.1519E-03  0.5180E-04  0.1888E+06
   -1.999994   25.21968  0.5354E-26  0.0000E+00  0.0000E+00  0.0000E+00  0.1020E-03  0.0000E+00
