 1 - depth, m
 2 - temperature, C
 3 - salinity, kg/kg
 4 - turbulent kinetic energy, m**2/s**2
 5 - dissipation rate, m**2/s**3
 6 - kinematic heat conductance, m**2/s
 7 - modulus of horizontal velocity, m/s
 8 - Richardson number, n/d
   -0.000000   24.43420  0.5147E-26  0.2201E-04  0.1949E-05  0.2891E-04  0.2978E-01 -0.4866E-01
   -0.049997   24.49831  0.5147E-26  0.1890E-04  0.5856E-06  0.8875E-04  0.1627E-01 -0.1701E+00
   -0.099994   24.51475  0.5147E-26  0.1839E-04  0.3186E-06  0.2003E-03  0.1276E-01  0.6893E+02
   -0.149992   24.52264  0.5147E-26  0.1838E-04  0.2244E-06  0.4506E-03  0.1090E-01  0.2047E+05
   -0.199990   24.52595  0.5147E-26  0.1866E-04  0.1801E-06  0.5942E-03  0.9797E-02  0.3538E+02
   -0.249988   24.52814  0.5147E-26  0.1907E-04  0.1516E-06  0.6510E-03  0.8821E-02  0.4583E+02
   -0.299987   24.53005  0.5147E-26  0.1945E-04  0.1308E-06  0.7087E-03  0.7894E-02  0.3111E+02
   -0.349986   24.53173  0.5147E-26  0.1972E-04  0.1142E-06  0.7458E-03  0.7026E-02  0.5347E+02
   -0.399986   24.53326  0.5147E-26  0.1979E-04  0.1000E-06  0.8349E-03  0.6167E-02  0.2691E+02
   -0.449986   24.53456  0.5147E-26  0.1968E-04  0.8672E-07  0.8638E-03  0.5424E-02  0.2192E+02
   -0.499986   24.53577  0.5147E-26  0.1945E-04  0.7863E-07  0.1479E-02  0.4633E-02  0.3646E+01
   -0.549986   24.53645  0.5147E-26  0.1932E-04  0.7426E-07  0.1618E-02  0.4346E-02  0.2915E+01
   -0.599987   24.53705  0.5147E-26  0.1920E-04  0.6969E-07  0.9674E-03  0.4117E-02  0.3933E+01
   -0.649987   24.53800  0.5147E-26  0.1891E-04  0.6256E-07  0.1098E-02  0.3555E-02  0.4319E+01
   -0.699988   24.53880  0.5147E-26  0.1859E-04  0.5669E-07  0.1140E-02  0.3119E-02  0.3580E+01
   -0.749989   24.53955  0.5147E-26  0.1820E-04  0.5147E-07  0.1201E-02  0.2711E-02  0.3241E+01
   -0.799991   24.54023  0.5147E-26  0.1777E-04  0.4687E-07  0.1249E-02  0.2348E-02  0.2938E+01
   -0.849992   24.54085  0.5146E-26  0.1729E-04  0.4282E-07  0.1296E-02  0.2020E-02  0.2762E+01
   -0.899993   24.54143  0.5146E-26  0.1673E-04  0.3905E-07  0.1322E-02  0.1731E-02  0.2591E+01
   -0.949995   24.54198  0.5146E-26  0.1640E-04  0.3724E-07  0.2231E-02  0.1441E-02  0.1692E+01
   -0.999996   24.54229  0.5146E-26  0.1619E-04  0.3630E-07  0.2229E-02  0.1353E-02  0.1533E+01
   -1.049998   24.54259  0.5146E-26  0.1591E-04  0.3523E-07  0.1374E-02  0.1289E-02  0.1515E+01
   -1.099999   24.54306  0.5146E-26  0.1532E-04  0.3344E-07  0.1425E-02  0.1104E-02  0.1593E+01
   -1.150001   24.54349  0.5146E-26  0.1476E-04  0.3211E-07  0.1446E-02  0.9581E-03  0.1448E+01
   -1.200002   24.54390  0.5146E-26  0.1420E-04  0.3113E-07  0.1483E-02  0.8319E-03  0.1331E+01
   -1.250003   24.54428  0.5146E-26  0.1367E-04  0.3049E-07  0.1535E-02  0.7246E-03  0.1221E+01
   -1.300004   24.54463  0.5146E-26  0.1315E-04  0.3016E-07  0.1585E-02  0.6339E-03  0.1117E+01
   -1.350005   24.54497  0.5146E-26  0.1267E-04  0.3013E-07  0.1565E-02  0.5576E-03  0.1011E+01
   -1.400006   24.54529  0.5146E-26  0.1222E-04  0.3039E-07  0.1456E-02  0.4938E-03  0.8981E+00
   -1.450007   24.54562  0.5146E-26  0.1180E-04  0.3094E-07  0.1338E-02  0.4407E-03  0.7977E+00
   -1.500007   24.54598  0.5146E-26  0.1141E-04  0.3181E-07  0.1230E-02  0.3966E-03  0.7302E+00
   -1.550007   24.54634  0.5146E-26  0.1102E-04  0.3315E-07  0.1150E-02  0.3595E-03  0.7631E+00
   -1.600007   24.54672  0.5146E-26  0.1061E-04  0.3538E-07  0.1036E-02  0.3271E-03  0.1099E+01
   -1.650006   24.54715  0.5146E-26  0.1014E-04  0.3898E-07  0.9725E-03  0.2956E-03  0.4095E+03
   -1.700006   24.54761  0.5146E-26  0.9538E-05  0.4579E-07  0.8153E-03  0.2656E-03  0.2045E+02
   -1.750004   24.54834  0.5146E-26  0.8733E-05  0.5789E-07  0.7239E-03  0.2276E-03  0.1119E+04
   -1.800003   24.54908  0.5146E-26  0.7598E-05  0.8368E-07  0.5211E-03  0.1933E-03  0.4841E+04
   -1.850001   24.55109  0.5146E-26  0.6300E-05  0.1292E-06  0.4367E-03  0.1407E-03  0.9089E+05
   -1.899999   24.55118  0.5146E-26  0.4748E-05  0.2677E-06  0.2124E-03  0.1106E-03  0.1115E+04
   -1.949996   24.55799  0.5145E-26  0.3173E-05  0.6982E-06  0.1589E-03  0.5776E-04  0.1055E+06
   -1.999993   24.56093  0.5145E-26  0.0000E+00  0.0000E+00  0.0000E+00  0.1144E-03  0.0000E+00
