 1 - depth, m
 2 - temperature, C
 3 - salinity, kg/kg
 4 - turbulent kinetic energy, m**2/s**2
 5 - dissipation rate, m**2/s**3
 6 - kinematic heat conductance, m**2/s
 7 - modulus of horizontal velocity, m/s
 8 - Richardson number, n/d
   -0.000000   29.32098  0.6745E-19  0.4695E-05  0.1965E-06  0.3563E-04  0.4198E-02 -0.7938E+00
   -0.049997   29.35594  0.6746E-19  0.7007E-05  0.8715E-07  0.1987E-03  0.2127E-02  0.1773E+02
   -0.099995   29.36251  0.6746E-19  0.7920E-05  0.6481E-07  0.3156E-03  0.1763E-02  0.4492E+01
   -0.149993   29.36571  0.6746E-19  0.8538E-05  0.5483E-07  0.4062E-03  0.1568E-02  0.2332E+01
   -0.199992   29.36806  0.6746E-19  0.9009E-05  0.4864E-07  0.5004E-03  0.1420E-02  0.1695E+01
   -0.249991   29.36986  0.6746E-19  0.9390E-05  0.4421E-07  0.5889E-03  0.1297E-02  0.1545E+01
   -0.299991   29.37132  0.6746E-19  0.9711E-05  0.4066E-07  0.6821E-03  0.1184E-02  0.1577E+01
   -0.349991   29.37251  0.6746E-19  0.9985E-05  0.3764E-07  0.7830E-03  0.1074E-02  0.1675E+01
   -0.399991   29.37350  0.6746E-19  0.1021E-04  0.3502E-07  0.8870E-03  0.9671E-03  0.1671E+01
   -0.449991   29.37433  0.6746E-19  0.1038E-04  0.3273E-07  0.9867E-03  0.8689E-03  0.1638E+01
   -0.499992   29.37504  0.6746E-19  0.1050E-04  0.3073E-07  0.1079E-02  0.7819E-03  0.1601E+01
   -0.549993   29.37565  0.6746E-19  0.1058E-04  0.2899E-07  0.1163E-02  0.7052E-03  0.1559E+01
   -0.599994   29.37619  0.6746E-19  0.1062E-04  0.2746E-07  0.1239E-02  0.6374E-03  0.1515E+01
   -0.649995   29.37668  0.6746E-19  0.1062E-04  0.2611E-07  0.1306E-02  0.5774E-03  0.1470E+01
   -0.699997   29.37711  0.6746E-19  0.1059E-04  0.2492E-07  0.1363E-02  0.5242E-03  0.1423E+01
   -0.749999   29.37751  0.6746E-19  0.1054E-04  0.2386E-07  0.1411E-02  0.4769E-03  0.1375E+01
   -0.800001   29.37787  0.6746E-19  0.1047E-04  0.2292E-07  0.1450E-02  0.4348E-03  0.1325E+01
   -0.850003   29.37821  0.6746E-19  0.1038E-04  0.2209E-07  0.1479E-02  0.3974E-03  0.1273E+01
   -0.900005   29.37852  0.6746E-19  0.1027E-04  0.2137E-07  0.1499E-02  0.3641E-03  0.1218E+01
   -0.950007   29.37881  0.6746E-19  0.1016E-04  0.2073E-07  0.1511E-02  0.3343E-03  0.1162E+01
   -1.000009   29.37909  0.6746E-19  0.1003E-04  0.2018E-07  0.1514E-02  0.3079E-03  0.1102E+01
   -1.050011   29.37935  0.6746E-19  0.9901E-05  0.1971E-07  0.1511E-02  0.2843E-03  0.1043E+01
   -1.100013   29.37960  0.6746E-19  0.9766E-05  0.1932E-07  0.1500E-02  0.2633E-03  0.9939E+00
   -1.150015   29.37983  0.6746E-19  0.9628E-05  0.1899E-07  0.1484E-02  0.2445E-03  0.9650E+00
   -1.200017   29.38006  0.6746E-19  0.9486E-05  0.1873E-07  0.1463E-02  0.2276E-03  0.9622E+00
   -1.250019   29.38027  0.6746E-19  0.9339E-05  0.1854E-07  0.1438E-02  0.2122E-03  0.1005E+01
   -1.300021   29.38048  0.6746E-19  0.9184E-05  0.1841E-07  0.1406E-02  0.1978E-03  0.1101E+01
   -1.350022   29.38069  0.6746E-19  0.9019E-05  0.1835E-07  0.1364E-02  0.1842E-03  0.1242E+01
   -1.400024   29.38088  0.6746E-19  0.8841E-05  0.1839E-07  0.1313E-02  0.1710E-03  0.1431E+01
   -1.450025   29.38108  0.6746E-19  0.8650E-05  0.1855E-07  0.1254E-02  0.1583E-03  0.1693E+01
   -1.500026   29.38127  0.6745E-19  0.8443E-05  0.1886E-07  0.1181E-02  0.1461E-03  0.2069E+01
   -1.550026   29.38146  0.6745E-19  0.8217E-05  0.1941E-07  0.1104E-02  0.1341E-03  0.2641E+01
   -1.600027   29.38165  0.6745E-19  0.7965E-05  0.2029E-07  0.1005E-02  0.1224E-03  0.3611E+01
   -1.650027   29.38186  0.6745E-19  0.7681E-05  0.2173E-07  0.9241E-03  0.1109E-03  0.5818E+01
   -1.700027   29.38207  0.6745E-19  0.7337E-05  0.2440E-07  0.7963E-03  0.9964E-04  0.3971E+02
   -1.750026   29.38235  0.6745E-19  0.6876E-05  0.2950E-07  0.6978E-03  0.8702E-04 -0.4568E+03
   -1.800025   29.38271  0.6745E-19  0.6184E-05  0.4012E-07  0.5164E-03  0.7402E-04  0.1221E+05
   -1.850024   29.38339  0.6745E-19  0.5232E-05  0.5995E-07  0.4082E-03  0.5609E-04  0.2655E+05
   -1.900022   29.38379  0.6745E-19  0.3902E-05  0.1237E-06  0.1966E-03  0.4228E-04  0.2873E+05
   -1.950020   29.38672  0.6744E-19  0.2487E-05  0.3242E-06  0.1184E-03  0.2250E-04 -0.1920E+06
   -2.000018   29.38991  0.6744E-19  0.0000E+00  0.0000E+00  0.0000E+00  0.4076E-04  0.0000E+00
