 1 - depth, m
 2 - temperature, C
 3 - salinity, kg/kg
 4 - turbulent kinetic energy, m**2/s**2
 5 - dissipation rate, m**2/s**3
 6 - kinematic heat conductance, m**2/s
 7 - modulus of horizontal velocity, m/s
 8 - Richardson number, n/d
   -0.000000   25.43034  0.2021E-30  0.3958E-04  0.6089E-05  0.3688E-04  0.4673E-01 -0.7230E+00
   -0.049997   25.52104  0.2021E-30  0.2665E-04  0.1538E-05  0.9240E-04  0.2154E-01 -0.4109E-01
   -0.099994   25.53844  0.2021E-30  0.2389E-04  0.7053E-06  0.1594E-03  0.1688E-01  0.5050E+01
   -0.149991   25.54840  0.2021E-30  0.2286E-04  0.4239E-06  0.3023E-03  0.1420E-01  0.8275E+02
   -0.199989   25.55456  0.2021E-30  0.2250E-04  0.3013E-06  0.4796E-03  0.1243E-01  0.8150E+03
   -0.249988   25.55816  0.2021E-30  0.2239E-04  0.2373E-06  0.6472E-03  0.1113E-01  0.9894E+03
   -0.299986   25.56030  0.2021E-30  0.2249E-04  0.1987E-06  0.6966E-03  0.1004E-01  0.3992E+04
   -0.349985   25.56218  0.2021E-30  0.2260E-04  0.1704E-06  0.7430E-03  0.8994E-02  0.5452E+04
   -0.399985   25.56387  0.2021E-30  0.2257E-04  0.1479E-06  0.7967E-03  0.7993E-02  0.1183E+04
   -0.449985   25.56537  0.2021E-30  0.2243E-04  0.1294E-06  0.8519E-03  0.7090E-02  0.1693E+02
   -0.499985   25.56672  0.2021E-30  0.2220E-04  0.1139E-06  0.9063E-03  0.6289E-02  0.9336E+01
   -0.549985   25.56793  0.2021E-30  0.2191E-04  0.1010E-06  0.9612E-03  0.5573E-02  0.6713E+01
   -0.599985   25.56903  0.2021E-30  0.2157E-04  0.8992E-07  0.1017E-02  0.4930E-02  0.5319E+01
   -0.649986   25.57001  0.2021E-30  0.2118E-04  0.8049E-07  0.1074E-02  0.4351E-02  0.4422E+01
   -0.699987   25.57091  0.2021E-30  0.2076E-04  0.7238E-07  0.1131E-02  0.3830E-02  0.3784E+01
   -0.749988   25.57173  0.2021E-30  0.2029E-04  0.6538E-07  0.1186E-02  0.3361E-02  0.3301E+01
   -0.799989   25.57248  0.2021E-30  0.1980E-04  0.5935E-07  0.1236E-02  0.2940E-02  0.2924E+01
   -0.849990   25.57316  0.2021E-30  0.1927E-04  0.5416E-07  0.1280E-02  0.2565E-02  0.2619E+01
   -0.899991   25.57380  0.2021E-30  0.1871E-04  0.4970E-07  0.1315E-02  0.2231E-02  0.2367E+01
   -0.949993   25.57439  0.2021E-30  0.1813E-04  0.4591E-07  0.1342E-02  0.1935E-02  0.2154E+01
   -0.999994   25.57495  0.2021E-30  0.1752E-04  0.4270E-07  0.1361E-02  0.1676E-02  0.1969E+01
   -1.049995   25.57548  0.2021E-30  0.1690E-04  0.4004E-07  0.1376E-02  0.1449E-02  0.1805E+01
   -1.099997   25.57598  0.2021E-30  0.1628E-04  0.3789E-07  0.1391E-02  0.1252E-02  0.1656E+01
   -1.149998   25.57646  0.2021E-30  0.1565E-04  0.3620E-07  0.1410E-02  0.1083E-02  0.1518E+01
   -1.199999   25.57691  0.2021E-30  0.1503E-04  0.3494E-07  0.1439E-02  0.9377E-03  0.1391E+01
   -1.250000   25.57733  0.2021E-30  0.1443E-04  0.3410E-07  0.1482E-02  0.8141E-03  0.1272E+01
   -1.300001   25.57773  0.2021E-30  0.1386E-04  0.3364E-07  0.1532E-02  0.7097E-03  0.1162E+01
   -1.350002   25.57810  0.2021E-30  0.1331E-04  0.3355E-07  0.1528E-02  0.6220E-03  0.1051E+01
   -1.400003   25.57846  0.2021E-30  0.1280E-04  0.3381E-07  0.1435E-02  0.5489E-03  0.9353E+00
   -1.450003   25.57883  0.2021E-30  0.1233E-04  0.3442E-07  0.1314E-02  0.4883E-03  0.8292E+00
   -1.500004   25.57922  0.2021E-30  0.1189E-04  0.3543E-07  0.1204E-02  0.4382E-03  0.7637E+00
   -1.550004   25.57963  0.2021E-30  0.1145E-04  0.3704E-07  0.1120E-02  0.3961E-03  0.8114E+00
   -1.600003   25.58005  0.2021E-30  0.1099E-04  0.3981E-07  0.1008E-02  0.3593E-03  0.1242E+01
   -1.650003   25.58054  0.2021E-30  0.1045E-04  0.4446E-07  0.9389E-03  0.3238E-03  0.3226E+01
   -1.700002   25.58110  0.2021E-30  0.9747E-05  0.5311E-07  0.7836E-03  0.2889E-03  0.1014E+02
   -1.750001   25.58197  0.2021E-30  0.8826E-05  0.6799E-07  0.6895E-03  0.2453E-03  0.2135E+03
   -1.799999   25.58284  0.2021E-30  0.7553E-05  0.1018E-06  0.4836E-03  0.2068E-03 -0.8255E+03
   -1.849997   25.58548  0.2020E-30  0.6192E-05  0.1601E-06  0.4190E-03  0.1460E-03  0.2994E+06
   -1.899994   25.58511  0.2020E-30  0.4670E-05  0.3349E-06  0.1989E-03  0.1164E-03 -0.1247E+05
   -1.949992   25.59342  0.2020E-30  0.3169E-05  0.8477E-06  0.1734E-03  0.5903E-04 -0.3909E+05
   -1.999988   25.59590  0.2020E-30  0.0000E+00  0.0000E+00  0.0000E+00  0.1244E-03  0.0000E+00
