 1 - depth, m
 2 - temperature, C
 3 - salinity, kg/kg
 4 - turbulent kinetic energy, m**2/s**2
 5 - dissipation rate, m**2/s**3
 6 - kinematic heat conductance, m**2/s
 7 - modulus of horizontal velocity, m/s
 8 - Richardson number, n/d
   -0.000000   26.35905  0.5059E-28  0.1868E-04  0.1377E-05  0.3036E-04  0.2543E-01 -0.6612E-01
   -0.049997   26.41383  0.5058E-28  0.1727E-04  0.4453E-06  0.9901E-04  0.1465E-01 -0.2125E+00
   -0.099994   26.42836  0.5058E-28  0.1727E-04  0.2597E-06  0.2662E-03  0.1166E-01  0.2207E+02
   -0.149992   26.43422  0.5058E-28  0.1756E-04  0.1941E-06  0.5246E-03  0.1018E-01  0.1065E+02
   -0.199990   26.43673  0.5058E-28  0.1807E-04  0.1604E-06  0.5931E-03  0.9274E-02  0.1233E+02
   -0.249988   26.43884  0.5058E-28  0.1867E-04  0.1366E-06  0.6685E-03  0.8342E-02  0.1269E+02
   -0.299987   26.44063  0.5058E-28  0.1920E-04  0.1194E-06  0.7203E-03  0.7496E-02  0.1387E+02
   -0.349986   26.44222  0.5058E-28  0.1962E-04  0.1058E-06  0.7774E-03  0.6690E-02  0.1821E+02
   -0.399986   26.44362  0.5058E-28  0.1987E-04  0.9433E-07  0.8488E-03  0.5911E-02  0.1280E+02
   -0.449985   26.44486  0.5058E-28  0.1997E-04  0.8441E-07  0.9235E-03  0.5204E-02  0.8611E+01
   -0.499986   26.44594  0.5058E-28  0.1995E-04  0.7578E-07  0.9998E-03  0.4574E-02  0.6563E+01
   -0.549986   26.44690  0.5058E-28  0.1983E-04  0.6821E-07  0.1079E-02  0.4009E-02  0.5363E+01
   -0.599986   26.44775  0.5058E-28  0.1961E-04  0.6147E-07  0.1159E-02  0.3501E-02  0.4597E+01
   -0.649987   26.44850  0.5058E-28  0.1930E-04  0.5545E-07  0.1238E-02  0.3037E-02  0.4170E+01
   -0.699988   26.44918  0.5058E-28  0.1889E-04  0.4971E-07  0.1400E-02  0.2627E-02  0.3752E+01
   -0.749989   26.44976  0.5058E-28  0.1859E-04  0.4675E-07  0.2179E-02  0.2209E-02  0.2079E+01
   -0.799991   26.45011  0.5058E-28  0.1841E-04  0.4518E-07  0.2342E-02  0.2076E-02  0.1842E+01
   -0.849992   26.45043  0.5058E-28  0.1816E-04  0.4338E-07  0.1387E-02  0.1977E-02  0.1929E+01
   -0.899993   26.45095  0.5058E-28  0.1763E-04  0.4028E-07  0.1438E-02  0.1698E-02  0.2076E+01
   -0.949995   26.45142  0.5058E-28  0.1710E-04  0.3778E-07  0.1452E-02  0.1477E-02  0.1874E+01
   -0.999996   26.45187  0.5058E-28  0.1655E-04  0.3568E-07  0.1469E-02  0.1282E-02  0.1734E+01
   -1.049998   26.45230  0.5058E-28  0.1600E-04  0.3398E-07  0.1487E-02  0.1113E-02  0.1599E+01
   -1.099999   26.45271  0.5058E-28  0.1544E-04  0.3265E-07  0.1510E-02  0.9681E-03  0.1476E+01
   -1.150000   26.45309  0.5058E-28  0.1489E-04  0.3165E-07  0.1543E-02  0.8436E-03  0.1361E+01
   -1.200002   26.45346  0.5058E-28  0.1435E-04  0.3098E-07  0.1591E-02  0.7373E-03  0.1254E+01
   -1.250003   26.45380  0.5058E-28  0.1383E-04  0.3060E-07  0.1649E-02  0.6470E-03  0.1154E+01
   -1.300004   26.45411  0.5058E-28  0.1333E-04  0.3050E-07  0.1671E-02  0.5706E-03  0.1056E+01
   -1.350005   26.45441  0.5058E-28  0.1287E-04  0.3068E-07  0.1598E-02  0.5064E-03  0.9517E+00
   -1.400006   26.45471  0.5058E-28  0.1244E-04  0.3111E-07  0.1474E-02  0.4526E-03  0.8467E+00
   -1.450006   26.45502  0.5058E-28  0.1203E-04  0.3182E-07  0.1362E-02  0.4077E-03  0.7679E+00
   -1.500007   26.45535  0.5058E-28  0.1165E-04  0.3289E-07  0.1253E-02  0.3700E-03  0.7406E+00
   -1.550007   26.45570  0.5058E-28  0.1125E-04  0.3450E-07  0.1177E-02  0.3374E-03  0.8281E+00
   -1.600007   26.45605  0.5058E-28  0.1082E-04  0.3722E-07  0.1058E-02  0.3083E-03  0.1393E+01
   -1.650006   26.45647  0.5058E-28  0.1031E-04  0.4165E-07  0.9883E-03  0.2787E-03  0.6717E+01
   -1.700005   26.45693  0.5058E-28  0.9655E-05  0.4982E-07  0.8226E-03  0.2500E-03  0.9510E+00
   -1.750004   26.45767  0.5058E-28  0.8776E-05  0.6394E-07  0.7269E-03  0.2129E-03  0.8524E+03
   -1.800003   26.45839  0.5058E-28  0.7586E-05  0.9520E-07  0.5260E-03  0.1805E-03  0.5123E+03
   -1.850001   26.46048  0.5057E-28  0.6289E-05  0.1488E-06  0.4416E-03  0.1301E-03  0.4590E+05
   -1.899998   26.46035  0.5057E-28  0.4769E-05  0.3089E-06  0.2209E-03  0.1034E-03  0.2833E+04
   -1.949996   26.46715  0.5057E-28  0.3213E-05  0.7893E-06  0.1676E-03  0.5404E-04 -0.2568E+05
   -1.999992   26.47021  0.5057E-28  0.0000E+00  0.0000E+00  0.0000E+00  0.1101E-03  0.0000E+00
