 1 - depth, m
 2 - temperature, C
 3 - salinity, kg/kg
 4 - turbulent kinetic energy, m**2/s**2
 5 - dissipation rate, m**2/s**3
 6 - kinematic heat conductance, m**2/s
 7 - modulus of horizontal velocity, m/s
 8 - Richardson number, n/d
   -0.000000   30.77689  0.7183E-29  0.6571E-05  0.2673E-06  0.3047E-04  0.6222E-02 -0.8054E+00
   -0.049997   30.82448  0.7184E-29  0.9282E-05  0.1176E-06  0.2625E-03  0.3128E-02  0.8155E+01
   -0.099994   30.82968  0.7184E-29  0.1026E-04  0.9258E-07  0.3446E-03  0.2771E-02  0.2198E+01
   -0.149992   30.83345  0.7184E-29  0.1104E-04  0.7931E-07  0.4530E-03  0.2509E-02  0.1663E+01
   -0.199990   30.83617  0.7184E-29  0.1173E-04  0.7047E-07  0.5635E-03  0.2294E-02  0.1664E+01
   -0.249988   30.83825  0.7184E-29  0.1236E-04  0.6370E-07  0.6911E-03  0.2092E-02  0.1801E+01
   -0.299987   30.83987  0.7184E-29  0.1293E-04  0.5817E-07  0.8319E-03  0.1896E-02  0.1942E+01
   -0.349986   30.84115  0.7184E-29  0.1344E-04  0.5349E-07  0.9318E-03  0.1704E-02  0.2064E+01
   -0.399986   30.84224  0.7184E-29  0.1386E-04  0.4946E-07  0.1027E-02  0.1515E-02  0.2027E+01
   -0.449986   30.84319  0.7184E-29  0.1420E-04  0.4597E-07  0.1128E-02  0.1342E-02  0.1957E+01
   -0.499986   30.84401  0.7184E-29  0.1444E-04  0.4293E-07  0.1227E-02  0.1189E-02  0.1898E+01
   -0.549986   30.84473  0.7184E-29  0.1460E-04  0.4027E-07  0.1320E-02  0.1053E-02  0.1841E+01
   -0.599987   30.84537  0.7184E-29  0.1468E-04  0.3791E-07  0.1415E-02  0.9329E-03  0.1797E+01
   -0.649988   30.84595  0.7184E-29  0.1469E-04  0.3570E-07  0.1470E-02  0.8266E-03  0.1794E+01
   -0.699989   30.84647  0.7184E-29  0.1466E-04  0.3461E-07  0.1853E-02  0.7243E-03  0.1630E+01
   -0.749990   30.84688  0.7184E-29  0.1462E-04  0.3396E-07  0.1995E-02  0.6914E-03  0.1789E+01
   -0.799991   30.84723  0.7184E-29  0.1455E-04  0.3319E-07  0.1690E-02  0.6655E-03  0.1366E+01
   -0.849993   30.84763  0.7184E-29  0.1437E-04  0.3194E-07  0.1788E-02  0.5998E-03  0.1416E+01
   -0.899994   30.84800  0.7184E-29  0.1417E-04  0.3087E-07  0.1855E-02  0.5425E-03  0.1363E+01
   -0.949996   30.84833  0.7184E-29  0.1394E-04  0.2996E-07  0.1909E-02  0.4920E-03  0.1305E+01
   -0.999997   30.84864  0.7184E-29  0.1370E-04  0.2920E-07  0.1927E-02  0.4475E-03  0.1244E+01
   -1.049999   30.84893  0.7184E-29  0.1345E-04  0.2859E-07  0.1904E-02  0.4083E-03  0.1174E+01
   -1.100000   30.84921  0.7184E-29  0.1320E-04  0.2810E-07  0.1861E-02  0.3737E-03  0.1102E+01
   -1.150001   30.84948  0.7184E-29  0.1294E-04  0.2775E-07  0.1810E-02  0.3433E-03  0.1025E+01
   -1.200003   30.84975  0.7184E-29  0.1268E-04  0.2752E-07  0.1752E-02  0.3165E-03  0.9530E+00
   -1.250004   30.85001  0.7184E-29  0.1242E-04  0.2741E-07  0.1690E-02  0.2930E-03  0.8918E+00
   -1.300005   30.85026  0.7184E-29  0.1217E-04  0.2743E-07  0.1628E-02  0.2723E-03  0.8629E+00
   -1.350006   30.85051  0.7184E-29  0.1191E-04  0.2759E-07  0.1565E-02  0.2539E-03  0.8839E+00
   -1.400007   30.85076  0.7184E-29  0.1164E-04  0.2793E-07  0.1492E-02  0.2369E-03  0.9745E+00
   -1.450008   30.85100  0.7183E-29  0.1135E-04  0.2850E-07  0.1416E-02  0.2210E-03  0.1147E+01
   -1.500008   30.85125  0.7183E-29  0.1103E-04  0.2942E-07  0.1310E-02  0.2055E-03  0.1449E+01
   -1.550008   30.85150  0.7183E-29  0.1068E-04  0.3085E-07  0.1223E-02  0.1901E-03  0.1916E+01
   -1.600008   30.85175  0.7183E-29  0.1027E-04  0.3323E-07  0.1095E-02  0.1750E-03  0.3245E+01
   -1.650008   30.85203  0.7183E-29  0.9777E-05  0.3733E-07  0.1015E-02  0.1591E-03  0.1717E+03
   -1.700007   30.85235  0.7183E-29  0.9129E-05  0.4507E-07  0.8414E-03  0.1428E-03  0.9390E+03
   -1.750006   30.85285  0.7183E-29  0.8250E-05  0.5835E-07  0.7389E-03  0.1214E-03  0.4697E+04
   -1.800004   30.85332  0.7183E-29  0.7019E-05  0.8909E-07  0.5181E-03  0.1025E-03  0.1426E+05
   -1.850002   30.85462  0.7183E-29  0.5758E-05  0.1376E-06  0.4486E-03  0.7278E-04  0.1545E+07
   -1.900000   30.85447  0.7183E-29  0.4371E-05  0.2823E-06  0.2278E-03  0.5840E-04  0.1040E+05
   -1.949997   30.85811  0.7182E-29  0.2919E-05  0.7215E-06  0.1727E-03  0.3044E-04 -0.5258E+05
   -1.999994   30.86017  0.7182E-29  0.0000E+00  0.0000E+00  0.0000E+00  0.6529E-04  0.0000E+00
