 1 - depth, m
 2 - temperature, C
 3 - salinity, kg/kg
 4 - turbulent kinetic energy, m**2/s**2
 5 - dissipation rate, m**2/s**3
 6 - kinematic heat conductance, m**2/s
 7 - modulus of horizontal velocity, m/s
 8 - Richardson number, n/d
   -0.000000   24.61724  0.3818E-30  0.2046E-04  0.1663E-05  0.2905E-04  0.2824E-01 -0.5138E-01
   -0.049997   24.67476  0.3818E-30  0.1810E-04  0.5195E-06  0.8866E-04  0.1594E-01 -0.1715E+00
   -0.099994   24.69024  0.3818E-30  0.1771E-04  0.2881E-06  0.1954E-03  0.1257E-01  0.2069E+02
   -0.149992   24.69757  0.3818E-30  0.1773E-04  0.2062E-06  0.4723E-03  0.1077E-01  0.6482E+03
   -0.199990   24.70041  0.3818E-30  0.1804E-04  0.1674E-06  0.5930E-03  0.9754E-02  0.1953E+02
   -0.249988   24.70246  0.3818E-30  0.1846E-04  0.1416E-06  0.6543E-03  0.8798E-02  0.1949E+02
   -0.299987   24.70423  0.3818E-30  0.1886E-04  0.1229E-06  0.7063E-03  0.7909E-02  0.1974E+02
   -0.349986   24.70581  0.3818E-30  0.1916E-04  0.1083E-06  0.7548E-03  0.7071E-02  0.2652E+02
   -0.399986   24.70722  0.3818E-30  0.1929E-04  0.9617E-07  0.8178E-03  0.6263E-02  0.1609E+02
   -0.449986   24.70846  0.3818E-30  0.1930E-04  0.8575E-07  0.8817E-03  0.5533E-02  0.9754E+01
   -0.499986   24.70956  0.3818E-30  0.1921E-04  0.7679E-07  0.9458E-03  0.4886E-02  0.7023E+01
   -0.549986   24.71055  0.3818E-30  0.1904E-04  0.6907E-07  0.1010E-02  0.4308E-02  0.5480E+01
   -0.599987   24.71143  0.3818E-30  0.1881E-04  0.6238E-07  0.1074E-02  0.3791E-02  0.4494E+01
   -0.649988   24.71223  0.3818E-30  0.1851E-04  0.5658E-07  0.1137E-02  0.3328E-02  0.3802E+01
   -0.699988   24.71295  0.3818E-30  0.1818E-04  0.5154E-07  0.1196E-02  0.2914E-02  0.3291E+01
   -0.749990   24.71361  0.3818E-30  0.1779E-04  0.4717E-07  0.1248E-02  0.2545E-02  0.2899E+01
   -0.799991   24.71421  0.3818E-30  0.1737E-04  0.4339E-07  0.1292E-02  0.2217E-02  0.2590E+01
   -0.849992   24.71478  0.3818E-30  0.1692E-04  0.4014E-07  0.1327E-02  0.1927E-02  0.2340E+01
   -0.899994   24.71530  0.3818E-30  0.1643E-04  0.3735E-07  0.1354E-02  0.1671E-02  0.2133E+01
   -0.949995   24.71579  0.3818E-30  0.1592E-04  0.3500E-07  0.1374E-02  0.1446E-02  0.1955E+01
   -0.999997   24.71626  0.3818E-30  0.1540E-04  0.3304E-07  0.1390E-02  0.1250E-02  0.1800E+01
   -1.049998   24.71671  0.3818E-30  0.1486E-04  0.3144E-07  0.1405E-02  0.1080E-02  0.1662E+01
   -1.100000   24.71713  0.3818E-30  0.1432E-04  0.3017E-07  0.1422E-02  0.9314E-03  0.1536E+01
   -1.150001   24.71753  0.3818E-30  0.1378E-04  0.2922E-07  0.1456E-02  0.8028E-03  0.1428E+01
   -1.200002   24.71791  0.3817E-30  0.1323E-04  0.2856E-07  0.1402E-02  0.6925E-03  0.1289E+01
   -1.250004   24.71828  0.3817E-30  0.1293E-04  0.2834E-07  0.1937E-02  0.5912E-03  0.1025E+01
   -1.300005   24.71855  0.3817E-30  0.1272E-04  0.2831E-07  0.1637E-02  0.5578E-03  0.1772E+01
   -1.350006   24.71885  0.3817E-30  0.1243E-04  0.2844E-07  0.1665E-02  0.5277E-03  0.9571E+00
   -1.400006   24.71913  0.3817E-30  0.1198E-04  0.2889E-07  0.1464E-02  0.4675E-03  0.8727E+00
   -1.450007   24.71944  0.3817E-30  0.1157E-04  0.2957E-07  0.1347E-02  0.4187E-03  0.7745E+00
   -1.500007   24.71977  0.3817E-30  0.1119E-04  0.3057E-07  0.1237E-02  0.3781E-03  0.7212E+00
   -1.550007   24.72011  0.3817E-30  0.1081E-04  0.3205E-07  0.1156E-02  0.3437E-03  0.7759E+00
   -1.600007   24.72047  0.3817E-30  0.1041E-04  0.3446E-07  0.1040E-02  0.3133E-03  0.1183E+01
   -1.650007   24.72087  0.3817E-30  0.9935E-05  0.3833E-07  0.9740E-03  0.2833E-03 -0.1846E+03
   -1.700006   24.72132  0.3817E-30  0.9324E-05  0.4560E-07  0.8085E-03  0.2544E-03 -0.1388E+03
   -1.750005   24.72204  0.3817E-30  0.8496E-05  0.5839E-07  0.7178E-03  0.2171E-03  0.5818E+03
   -1.800003   24.72280  0.3817E-30  0.7344E-05  0.8621E-07  0.5106E-03  0.1835E-03  0.2128E+04
   -1.850002   24.72481  0.3817E-30  0.6052E-05  0.1336E-06  0.4318E-03  0.1323E-03  0.9096E+06
   -1.899999   24.72478  0.3817E-30  0.4559E-05  0.2772E-06  0.2104E-03  0.1042E-03 -0.3848E+04
   -1.949996   24.73157  0.3817E-30  0.3045E-05  0.7206E-06  0.1612E-03  0.5362E-04 -0.1888E+05
   -1.999993   24.73446  0.3817E-30  0.0000E+00  0.0000E+00  0.0000E+00  0.1104E-03  0.0000E+00
