 1 - depth, m
 2 - temperature, C
 3 - salinity, kg/kg
 4 - turbulent kinetic energy, m**2/s**2
 5 - dissipation rate, m**2/s**3
 6 - kinematic heat conductance, m**2/s
 7 - modulus of horizontal velocity, m/s
 8 - Richardson number, n/d
   -0.000000   28.10961  0.6442E-27  0.9132E-05  0.3868E-06  0.2557E-04  0.1417E-01 -0.1345E+00
   -0.049999   28.14274  0.6444E-27  0.9541E-05  0.1433E-06  0.1073E-03  0.8241E-02 -0.3480E+00
   -0.099998   28.15025  0.6444E-27  0.9744E-05  0.9585E-07  0.3131E-03  0.6580E-02  0.1010E+03
   -0.149997   28.15273  0.6444E-27  0.1005E-04  0.7757E-07  0.4088E-03  0.5912E-02  0.4319E+01
   -0.199997   28.15447  0.6444E-27  0.1044E-04  0.6553E-07  0.5163E-03  0.5315E-02  0.5619E+01
   -0.249997   28.15577  0.6445E-27  0.1081E-04  0.5685E-07  0.5888E-03  0.4757E-02  0.6803E+01
   -0.299998   28.15686  0.6445E-27  0.1113E-04  0.5023E-07  0.6304E-03  0.4237E-02  0.7947E+01
   -0.349999   28.15782  0.6445E-27  0.1137E-04  0.4486E-07  0.6695E-03  0.3743E-02  0.9806E+01
   -0.400000   28.15869  0.6445E-27  0.1151E-04  0.4026E-07  0.7265E-03  0.3264E-02  0.7591E+01
   -0.450002   28.15944  0.6445E-27  0.1156E-04  0.3625E-07  0.7872E-03  0.2837E-02  0.5549E+01
   -0.500004   28.16010  0.6445E-27  0.1154E-04  0.3278E-07  0.8469E-03  0.2463E-02  0.4434E+01
   -0.550006   28.16068  0.6445E-27  0.1147E-04  0.2974E-07  0.9055E-03  0.2136E-02  0.3741E+01
   -0.600008   28.16119  0.6445E-27  0.1134E-04  0.2705E-07  0.9577E-03  0.1849E-02  0.3285E+01
   -0.650011   28.16164  0.6445E-27  0.1118E-04  0.2467E-07  0.1023E-02  0.1593E-02  0.2994E+01
   -0.700014   28.16205  0.6445E-27  0.1096E-04  0.2244E-07  0.1032E-02  0.1371E-02  0.2816E+01
   -0.750017   28.16243  0.6445E-27  0.1083E-04  0.2135E-07  0.1686E-02  0.1148E-02  0.1757E+01
   -0.800020   28.16265  0.6445E-27  0.1074E-04  0.2077E-07  0.1748E-02  0.1082E-02  0.1549E+01
   -0.850023   28.16285  0.6445E-27  0.1062E-04  0.2009E-07  0.1163E-02  0.1032E-02  0.1574E+01
   -0.900026   28.16314  0.6445E-27  0.1036E-04  0.1891E-07  0.1272E-02  0.8927E-03  0.1666E+01
   -0.950030   28.16339  0.6445E-27  0.1011E-04  0.1795E-07  0.1320E-02  0.7809E-03  0.1531E+01
   -1.000033   28.16362  0.6445E-27  0.9864E-05  0.1715E-07  0.1379E-02  0.6835E-03  0.1430E+01
   -1.050036   28.16384  0.6445E-27  0.9619E-05  0.1650E-07  0.1444E-02  0.5996E-03  0.1335E+01
   -1.100039   28.16403  0.6445E-27  0.9378E-05  0.1600E-07  0.1517E-02  0.5274E-03  0.1250E+01
   -1.150043   28.16421  0.6445E-27  0.9145E-05  0.1561E-07  0.1579E-02  0.4654E-03  0.1169E+01
   -1.200046   28.16437  0.6445E-27  0.8921E-05  0.1535E-07  0.1570E-02  0.4122E-03  0.1084E+01
   -1.250049   28.16453  0.6445E-27  0.8707E-05  0.1519E-07  0.1510E-02  0.3667E-03  0.9950E+00
   -1.300052   28.16468  0.6445E-27  0.8505E-05  0.1514E-07  0.1444E-02  0.3278E-03  0.9081E+00
   -1.350055   28.16484  0.6445E-27  0.8315E-05  0.1518E-07  0.1375E-02  0.2947E-03  0.8235E+00
   -1.400057   28.16500  0.6445E-27  0.8137E-05  0.1531E-07  0.1307E-02  0.2666E-03  0.7449E+00
   -1.450060   28.16517  0.6445E-27  0.7968E-05  0.1554E-07  0.1244E-02  0.2427E-03  0.6999E+00
   -1.500062   28.16533  0.6445E-27  0.7800E-05  0.1590E-07  0.1183E-02  0.2221E-03  0.7424E+00
   -1.550064   28.16551  0.6445E-27  0.7621E-05  0.1642E-07  0.1114E-02  0.2035E-03  0.9246E+00
   -1.600065   28.16568  0.6445E-27  0.7424E-05  0.1722E-07  0.1019E-02  0.1857E-03  0.1269E+01
   -1.650067   28.16588  0.6445E-27  0.7201E-05  0.1845E-07  0.9332E-03  0.1681E-03  0.1963E+01
   -1.700068   28.16609  0.6445E-27  0.6935E-05  0.2053E-07  0.8070E-03  0.1509E-03 -0.7132E+02
   -1.750068   28.16635  0.6445E-27  0.6589E-05  0.2430E-07  0.7185E-03  0.1325E-03  0.2832E+02
   -1.800069   28.16667  0.6445E-27  0.6075E-05  0.3218E-07  0.5340E-03  0.1141E-03  0.3280E+03
   -1.850069   28.16730  0.6445E-27  0.5316E-05  0.4741E-07  0.4303E-03  0.8889E-04  0.1065E+06
   -1.900068   28.16782  0.6445E-27  0.4170E-05  0.9437E-07  0.2156E-03  0.6811E-04  0.3663E+03
   -1.950067   28.17063  0.6444E-27  0.2633E-05  0.2559E-06  0.9865E-04  0.3852E-04 -0.4990E+05
   -2.000066   28.17452  0.6444E-27  0.0000E+00  0.0000E+00  0.0000E+00  0.6086E-04  0.0000E+00
