 1 - depth, m
 2 - temperature, C
 3 - salinity, kg/kg
 4 - turbulent kinetic energy, m**2/s**2
 5 - dissipation rate, m**2/s**3
 6 - kinematic heat conductance, m**2/s
 7 - modulus of horizontal velocity, m/s
 8 - Richardson number, n/d
   -0.000000   29.06335  0.1719E-30  0.4160E-05  0.1348E-06  0.2378E-04  0.4111E-02 -0.1067E+01
   -0.049997   29.10104  0.1719E-30  0.5996E-05  0.6055E-07  0.2128E-03  0.1853E-02  0.3115E+02
   -0.099994   29.10498  0.1719E-30  0.6589E-05  0.4747E-07  0.2867E-03  0.1593E-02  0.4493E+01
   -0.149992   29.10771  0.1719E-30  0.7012E-05  0.4037E-07  0.3778E-03  0.1408E-02  0.2554E+01
   -0.199990   29.10964  0.1719E-30  0.7322E-05  0.3581E-07  0.4556E-03  0.1270E-02  0.1773E+01
   -0.249988   29.11115  0.1719E-30  0.7557E-05  0.3250E-07  0.5261E-03  0.1157E-02  0.1534E+01
   -0.299987   29.11237  0.1719E-30  0.7745E-05  0.2981E-07  0.5988E-03  0.1055E-02  0.1610E+01
   -0.349987   29.11339  0.1719E-30  0.7893E-05  0.2746E-07  0.6786E-03  0.9553E-03  0.1710E+01
   -0.399986   29.11423  0.1719E-30  0.7998E-05  0.2538E-07  0.7585E-03  0.8577E-03  0.1694E+01
   -0.449986   29.11494  0.1719E-30  0.8063E-05  0.2354E-07  0.8344E-03  0.7685E-03  0.1640E+01
   -0.499986   29.11553  0.1719E-30  0.8091E-05  0.2193E-07  0.9041E-03  0.6897E-03  0.1583E+01
   -0.549987   29.11605  0.1719E-30  0.8089E-05  0.2051E-07  0.9676E-03  0.6205E-03  0.1522E+01
   -0.599987   29.11649  0.1719E-30  0.8062E-05  0.1925E-07  0.1025E-02  0.5595E-03  0.1462E+01
   -0.649988   29.11689  0.1719E-30  0.8014E-05  0.1813E-07  0.1077E-02  0.5055E-03  0.1403E+01
   -0.699989   29.11723  0.1719E-30  0.7949E-05  0.1714E-07  0.1123E-02  0.4577E-03  0.1342E+01
   -0.749990   29.11754  0.1719E-30  0.7871E-05  0.1625E-07  0.1162E-02  0.4153E-03  0.1282E+01
   -0.799991   29.11782  0.1719E-30  0.7783E-05  0.1546E-07  0.1196E-02  0.3776E-03  0.1222E+01
   -0.849993   29.11808  0.1719E-30  0.7688E-05  0.1475E-07  0.1224E-02  0.3441E-03  0.1161E+01
   -0.899994   29.11830  0.1719E-30  0.7588E-05  0.1412E-07  0.1247E-02  0.3142E-03  0.1099E+01
   -0.949996   29.11851  0.1719E-30  0.7485E-05  0.1356E-07  0.1264E-02  0.2876E-03  0.1037E+01
   -0.999997   29.11871  0.1719E-30  0.7381E-05  0.1307E-07  0.1277E-02  0.2638E-03  0.9732E+00
   -1.049999   29.11888  0.1719E-30  0.7277E-05  0.1264E-07  0.1285E-02  0.2427E-03  0.9192E+00
   -1.100000   29.11905  0.1719E-30  0.7174E-05  0.1226E-07  0.1288E-02  0.2238E-03  0.8883E+00
   -1.150002   29.11920  0.1719E-30  0.7071E-05  0.1193E-07  0.1288E-02  0.2067E-03  0.8794E+00
   -1.200003   29.11934  0.1719E-30  0.6969E-05  0.1164E-07  0.1284E-02  0.1911E-03  0.8993E+00
   -1.250004   29.11948  0.1719E-30  0.6867E-05  0.1139E-07  0.1277E-02  0.1766E-03  0.9347E+00
   -1.300005   29.11960  0.1719E-30  0.6764E-05  0.1118E-07  0.1265E-02  0.1632E-03  0.9930E+00
   -1.350006   29.11972  0.1719E-30  0.6661E-05  0.1101E-07  0.1249E-02  0.1507E-03  0.1081E+01
   -1.400007   29.11983  0.1719E-30  0.6556E-05  0.1088E-07  0.1228E-02  0.1388E-03  0.1197E+01
   -1.450008   29.11994  0.1719E-30  0.6450E-05  0.1080E-07  0.1201E-02  0.1276E-03  0.1348E+01
   -1.500008   29.12004  0.1719E-30  0.6343E-05  0.1078E-07  0.1169E-02  0.1169E-03  0.1545E+01
   -1.550008   29.12014  0.1719E-30  0.6233E-05  0.1082E-07  0.1129E-02  0.1067E-03  0.1817E+01
   -1.600008   29.12024  0.1719E-30  0.6120E-05  0.1095E-07  0.1082E-02  0.9698E-04  0.2202E+01
   -1.650008   29.12033  0.1719E-30  0.6004E-05  0.1120E-07  0.1026E-02  0.8770E-04  0.2777E+01
   -1.700007   29.12044  0.1719E-30  0.5881E-05  0.1162E-07  0.9585E-03  0.7883E-04  0.3692E+01
   -1.750006   29.12055  0.1719E-30  0.5750E-05  0.1229E-07  0.8832E-03  0.7029E-04  0.5274E+01
   -1.800005   29.12067  0.1719E-30  0.5603E-05  0.1342E-07  0.7782E-03  0.6211E-04  0.8877E+01
   -1.850003   29.12083  0.1719E-30  0.5422E-05  0.1548E-07  0.7269E-03  0.5413E-04 -0.1060E+03
   -1.900000   29.12104  0.1719E-30  0.5078E-05  0.2167E-07  0.5188E-03  0.4668E-04  0.1392E+04
   -1.949998   29.12160  0.1719E-30  0.3152E-05  0.7980E-07  0.2819E-04  0.3445E-04 -0.1836E+06
   -1.999994   29.12595  0.1719E-30  0.0000E+00  0.0000E+00  0.0000E+00  0.3555E-04  0.0000E+00
