 1 - depth, m
 2 - temperature, C
 3 - salinity, kg/kg
 4 - turbulent kinetic energy, m**2/s**2
 5 - dissipation rate, m**2/s**3
 6 - kinematic heat conductance, m**2/s
 7 - modulus of horizontal velocity, m/s
 8 - Richardson number, n/d
   -0.000000   27.35429  0.3953E-31  0.3345E-05  0.1556E-06  0.3770E-04  0.1245E-02 -0.5131E+01
   -0.049997   27.38187  0.3953E-31  0.5735E-05  0.7058E-07  0.1572E-03  0.6752E-03  0.7970E+02
   -0.099994   27.38940  0.3954E-31  0.6778E-05  0.5015E-07  0.3178E-03  0.5059E-03  0.4330E+02
   -0.149992   27.39217  0.3954E-31  0.7422E-05  0.4240E-07  0.3962E-03  0.4432E-03  0.2008E+02
   -0.199990   27.39427  0.3954E-31  0.7899E-05  0.3763E-07  0.5078E-03  0.3939E-03  0.1320E+02
   -0.249989   27.39584  0.3954E-31  0.8261E-05  0.3432E-07  0.6033E-03  0.3557E-03  0.9685E+01
   -0.299988   27.39710  0.3954E-31  0.8540E-05  0.3184E-07  0.6927E-03  0.3238E-03  0.7681E+01
   -0.349988   27.39815  0.3954E-31  0.8755E-05  0.2989E-07  0.7744E-03  0.2962E-03  0.6512E+01
   -0.399987   27.39905  0.3954E-31  0.8921E-05  0.2830E-07  0.8487E-03  0.2716E-03  0.5781E+01
   -0.449987   27.39984  0.3954E-31  0.9050E-05  0.2694E-07  0.9173E-03  0.2500E-03  0.5391E+01
   -0.499988   27.40053  0.3954E-31  0.9148E-05  0.2575E-07  0.9804E-03  0.2309E-03  0.5245E+01
   -0.549988   27.40116  0.3954E-31  0.9219E-05  0.2470E-07  0.1038E-02  0.2140E-03  0.5128E+01
   -0.599989   27.40172  0.3954E-31  0.9266E-05  0.2377E-07  0.1091E-02  0.1987E-03  0.5113E+01
   -0.649990   27.40224  0.3954E-31  0.9293E-05  0.2292E-07  0.1138E-02  0.1848E-03  0.5106E+01
   -0.699991   27.40272  0.3954E-31  0.9302E-05  0.2216E-07  0.1180E-02  0.1722E-03  0.5186E+01
   -0.749993   27.40315  0.3954E-31  0.9294E-05  0.2145E-07  0.1218E-02  0.1606E-03  0.5260E+01
   -0.799994   27.40356  0.3954E-31  0.9271E-05  0.2081E-07  0.1250E-02  0.1499E-03  0.5423E+01
   -0.849996   27.40394  0.3954E-31  0.9235E-05  0.2022E-07  0.1278E-02  0.1399E-03  0.5574E+01
   -0.899997   27.40430  0.3954E-31  0.9187E-05  0.1967E-07  0.1301E-02  0.1307E-03  0.5824E+01
   -0.949999   27.40463  0.3954E-31  0.9127E-05  0.1918E-07  0.1318E-02  0.1221E-03  0.6064E+01
   -1.000000   27.40495  0.3954E-31  0.9056E-05  0.1872E-07  0.1331E-02  0.1140E-03  0.6420E+01
   -1.050002   27.40525  0.3954E-31  0.8974E-05  0.1831E-07  0.1338E-02  0.1065E-03  0.6776E+01
   -1.100004   27.40553  0.3954E-31  0.8883E-05  0.1793E-07  0.1340E-02  0.9931E-04  0.7281E+01
   -1.150005   27.40580  0.3954E-31  0.8782E-05  0.1760E-07  0.1336E-02  0.9259E-04  0.7804E+01
   -1.200007   27.40606  0.3954E-31  0.8672E-05  0.1732E-07  0.1326E-02  0.8622E-04  0.8531E+01
   -1.250008   27.40631  0.3954E-31  0.8552E-05  0.1708E-07  0.1310E-02  0.8019E-04  0.9323E+01
   -1.300010   27.40655  0.3954E-31  0.8423E-05  0.1690E-07  0.1287E-02  0.7444E-04  0.1042E+02
   -1.350011   27.40678  0.3954E-31  0.8283E-05  0.1679E-07  0.1256E-02  0.6898E-04  0.1170E+02
   -1.400012   27.40700  0.3954E-31  0.8133E-05  0.1675E-07  0.1218E-02  0.6374E-04  0.1350E+02
   -1.450013   27.40722  0.3954E-31  0.7970E-05  0.1681E-07  0.1171E-02  0.5875E-04  0.1576E+02
   -1.500013   27.40743  0.3954E-31  0.7794E-05  0.1699E-07  0.1114E-02  0.5393E-04  0.1909E+02
   -1.550014   27.40765  0.3954E-31  0.7600E-05  0.1735E-07  0.1049E-02  0.4930E-04  0.2376E+02
   -1.600014   27.40786  0.3954E-31  0.7387E-05  0.1796E-07  0.9658E-03  0.4481E-04  0.3149E+02
   -1.650013   27.40808  0.3954E-31  0.7147E-05  0.1896E-07  0.8934E-03  0.4043E-04  0.4421E+02
   -1.700013   27.40831  0.3954E-31  0.6863E-05  0.2079E-07  0.7759E-03  0.3621E-04  0.1265E+03
   -1.750012   27.40858  0.3954E-31  0.6498E-05  0.2425E-07  0.6995E-03  0.3165E-04  0.6090E+03
   -1.800010   27.40889  0.3954E-31  0.5968E-05  0.3148E-07  0.5239E-03  0.2715E-04  0.7243E+04
   -1.850009   27.40947  0.3953E-31  0.5187E-05  0.4592E-07  0.4218E-03  0.2100E-04  0.3195E+06
   -1.900007   27.40991  0.3953E-31  0.4022E-05  0.8985E-07  0.2097E-03  0.1598E-04 -0.3184E+05
   -1.950004   27.41206  0.3953E-31  0.2480E-05  0.2436E-06  0.9752E-04  0.8861E-05 -0.1479E+07
   -2.000001   27.41486  0.3953E-31  0.0000E+00  0.0000E+00  0.0000E+00  0.1456E-04  0.0000E+00
