 1 - depth, m
 2 - temperature, C
 3 - salinity, kg/kg
 4 - turbulent kinetic energy, m**2/s**2
 5 - dissipation rate, m**2/s**3
 6 - kinematic heat conductance, m**2/s
 7 - modulus of horizontal velocity, m/s
 8 - Richardson number, n/d
   -0.000000   26.49989  0.4647E-27  0.7578E-05  0.2924E-06  0.2272E-04  0.1307E-01 -0.1156E+00
   -0.049997   26.52625  0.4648E-27  0.7713E-05  0.1097E-06  0.8161E-04  0.7543E-02 -0.3191E+00
   -0.099995   26.53317  0.4648E-27  0.7777E-05  0.6974E-07  0.2330E-03  0.5850E-02  0.3932E+03
   -0.149993   26.53554  0.4648E-27  0.7896E-05  0.5483E-07  0.3740E-03  0.5082E-02  0.4820E+01
   -0.199992   26.53688  0.4648E-27  0.8079E-05  0.4636E-07  0.4446E-03  0.4584E-02  0.5693E+01
   -0.249991   26.53794  0.4648E-27  0.8265E-05  0.4002E-07  0.5317E-03  0.4085E-02  0.7309E+01
   -0.299990   26.53878  0.4648E-27  0.8420E-05  0.3520E-07  0.5691E-03  0.3625E-02  0.8599E+01
   -0.349990   26.53952  0.4648E-27  0.8523E-05  0.3127E-07  0.5974E-03  0.3188E-02  0.1063E+02
   -0.399990   26.54020  0.4648E-27  0.8555E-05  0.2790E-07  0.6426E-03  0.2767E-02  0.8030E+01
   -0.449990   26.54079  0.4648E-27  0.8529E-05  0.2499E-07  0.6915E-03  0.2394E-02  0.5722E+01
   -0.499990   26.54131  0.4648E-27  0.8459E-05  0.2247E-07  0.7392E-03  0.2071E-02  0.4495E+01
   -0.549991   26.54176  0.4648E-27  0.8356E-05  0.2027E-07  0.7864E-03  0.1790E-02  0.3747E+01
   -0.599992   26.54216  0.4648E-27  0.8226E-05  0.1833E-07  0.8269E-03  0.1544E-02  0.3266E+01
   -0.649994   26.54252  0.4648E-27  0.8073E-05  0.1663E-07  0.8868E-03  0.1327E-02  0.2956E+01
   -0.699995   26.54283  0.4648E-27  0.7892E-05  0.1502E-07  0.8683E-03  0.1140E-02  0.2779E+01
   -0.749997   26.54313  0.4648E-27  0.7780E-05  0.1422E-07  0.1318E-02  0.9521E-03  0.1700E+01
   -0.799998   26.54332  0.4648E-27  0.7711E-05  0.1379E-07  0.1376E-02  0.8945E-03  0.1456E+01
   -0.850000   26.54349  0.4648E-27  0.7618E-05  0.1328E-07  0.1021E-02  0.8520E-03  0.1501E+01
   -0.900002   26.54371  0.4648E-27  0.7435E-05  0.1241E-07  0.1136E-02  0.7356E-03  0.1602E+01
   -0.950004   26.54389  0.4648E-27  0.7261E-05  0.1169E-07  0.1187E-02  0.6426E-03  0.1469E+01
   -1.000006   26.54405  0.4648E-27  0.7091E-05  0.1108E-07  0.1251E-02  0.5615E-03  0.1371E+01
   -1.050008   26.54420  0.4648E-27  0.6926E-05  0.1057E-07  0.1317E-02  0.4917E-03  0.1278E+01
   -1.100010   26.54434  0.4648E-27  0.6767E-05  0.1015E-07  0.1365E-02  0.4316E-03  0.1190E+01
   -1.150012   26.54446  0.4648E-27  0.6616E-05  0.9807E-08  0.1369E-02  0.3799E-03  0.1101E+01
   -1.200013   26.54458  0.4648E-27  0.6473E-05  0.9541E-08  0.1347E-02  0.3356E-03  0.1014E+01
   -1.250015   26.54469  0.4648E-27  0.6339E-05  0.9341E-08  0.1319E-02  0.2976E-03  0.9288E+00
   -1.300017   26.54480  0.4648E-27  0.6213E-05  0.9203E-08  0.1286E-02  0.2650E-03  0.8469E+00
   -1.350018   26.54490  0.4648E-27  0.6096E-05  0.9123E-08  0.1249E-02  0.2371E-03  0.7665E+00
   -1.400019   26.54501  0.4648E-27  0.5987E-05  0.9096E-08  0.1208E-02  0.2132E-03  0.6881E+00
   -1.450020   26.54511  0.4648E-27  0.5887E-05  0.9121E-08  0.1169E-02  0.1929E-03  0.6214E+00
   -1.500021   26.54522  0.4648E-27  0.5792E-05  0.9200E-08  0.1133E-02  0.1755E-03  0.6258E+00
   -1.550022   26.54532  0.4648E-27  0.5696E-05  0.9344E-08  0.1089E-02  0.1599E-03  0.7380E+00
   -1.600022   26.54543  0.4648E-27  0.5594E-05  0.9579E-08  0.1031E-02  0.1451E-03  0.9166E+00
   -1.650022   26.54554  0.4648E-27  0.5486E-05  0.9940E-08  0.9638E-03  0.1309E-03  0.1186E+01
   -1.700022   26.54565  0.4648E-27  0.5369E-05  0.1049E-07  0.8809E-03  0.1171E-03  0.1620E+01
   -1.750021   26.54578  0.4647E-27  0.5237E-05  0.1134E-07  0.8009E-03  0.1037E-03  0.2364E+01
   -1.800020   26.54593  0.4647E-27  0.5081E-05  0.1280E-07  0.6734E-03  0.9087E-04  0.5142E+01
   -1.850019   26.54611  0.4647E-27  0.4872E-05  0.1559E-07  0.5986E-03  0.7742E-04  0.1527E+02
   -1.900017   26.54637  0.4647E-27  0.4483E-05  0.2366E-07  0.3769E-03  0.6475E-04  0.3355E+03
   -1.950015   26.54711  0.4647E-27  0.2785E-05  0.8504E-07  0.3869E-04  0.4510E-04 -0.9944E+05
   -2.000012   26.55155  0.4647E-27  0.0000E+00  0.0000E+00  0.0000E+00  0.4917E-04  0.0000E+00
