 1 - depth, m
 2 - temperature, C
 3 - salinity, kg/kg
 4 - turbulent kinetic energy, m**2/s**2
 5 - dissipation rate, m**2/s**3
 6 - kinematic heat conductance, m**2/s
 7 - modulus of horizontal velocity, m/s
 8 - Richardson number, n/d
   -0.000000   24.84913  0.1287E-19  0.5786E-05  0.2050E-06  0.2347E-04  0.8244E-02 -0.3817E+00
   -0.049997   24.88837  0.1287E-19  0.6984E-05  0.8108E-07  0.1838E-03  0.4307E-02  0.2092E+02
   -0.099994   24.89318  0.1287E-19  0.7485E-05  0.6013E-07  0.3053E-03  0.3604E-02  0.2520E+01
   -0.149992   24.89588  0.1287E-19  0.7906E-05  0.5067E-07  0.3772E-03  0.3270E-02  0.2189E+01
   -0.199990   24.89793  0.1287E-19  0.8317E-05  0.4408E-07  0.4748E-03  0.2952E-02  0.2554E+01
   -0.249989   24.89948  0.1287E-19  0.8699E-05  0.3918E-07  0.5746E-03  0.2659E-02  0.2887E+01
   -0.299987   24.90069  0.1287E-19  0.9040E-05  0.3529E-07  0.6542E-03  0.2379E-02  0.3187E+01
   -0.349987   24.90171  0.1287E-19  0.9326E-05  0.3205E-07  0.7184E-03  0.2109E-02  0.3503E+01
   -0.399986   24.90259  0.1287E-19  0.9543E-05  0.2928E-07  0.7934E-03  0.1846E-02  0.3197E+01
   -0.449986   24.90335  0.1287E-19  0.9695E-05  0.2690E-07  0.8726E-03  0.1611E-02  0.2792E+01
   -0.499986   24.90400  0.1287E-19  0.9789E-05  0.2486E-07  0.9510E-03  0.1408E-02  0.2493E+01
   -0.549987   24.90456  0.1287E-19  0.9834E-05  0.2311E-07  0.1027E-02  0.1233E-02  0.2259E+01
   -0.599988   24.90506  0.1287E-19  0.9838E-05  0.2161E-07  0.1102E-02  0.1081E-02  0.2075E+01
   -0.649988   24.90550  0.1287E-19  0.9807E-05  0.2031E-07  0.1174E-02  0.9497E-03  0.1923E+01
   -0.699989   24.90589  0.1287E-19  0.9747E-05  0.1919E-07  0.1244E-02  0.8360E-03  0.1794E+01
   -0.749991   24.90623  0.1287E-19  0.9664E-05  0.1822E-07  0.1311E-02  0.7375E-03  0.1682E+01
   -0.799992   24.90655  0.1287E-19  0.9562E-05  0.1740E-07  0.1375E-02  0.6521E-03  0.1583E+01
   -0.849993   24.90684  0.1287E-19  0.9445E-05  0.1670E-07  0.1436E-02  0.5782E-03  0.1493E+01
   -0.899995   24.90710  0.1287E-19  0.9318E-05  0.1611E-07  0.1492E-02  0.5140E-03  0.1411E+01
   -0.949996   24.90734  0.1287E-19  0.9182E-05  0.1562E-07  0.1542E-02  0.4584E-03  0.1333E+01
   -0.999998   24.90756  0.1287E-19  0.9042E-05  0.1522E-07  0.1580E-02  0.4101E-03  0.1259E+01
   -1.050000   24.90777  0.1287E-19  0.8899E-05  0.1490E-07  0.1595E-02  0.3682E-03  0.1184E+01
   -1.100001   24.90796  0.1287E-19  0.8756E-05  0.1466E-07  0.1588E-02  0.3318E-03  0.1111E+01
   -1.150003   24.90815  0.1287E-19  0.8615E-05  0.1450E-07  0.1556E-02  0.3003E-03  0.1036E+01
   -1.200004   24.90834  0.1287E-19  0.8476E-05  0.1440E-07  0.1516E-02  0.2729E-03  0.9649E+00
   -1.250005   24.90852  0.1287E-19  0.8341E-05  0.1436E-07  0.1471E-02  0.2492E-03  0.9013E+00
   -1.300006   24.90870  0.1287E-19  0.8209E-05  0.1439E-07  0.1424E-02  0.2286E-03  0.8597E+00
   -1.350008   24.90888  0.1287E-19  0.8079E-05  0.1448E-07  0.1376E-02  0.2105E-03  0.8551E+00
   -1.400008   24.90907  0.1287E-19  0.7947E-05  0.1465E-07  0.1326E-02  0.1945E-03  0.9210E+00
   -1.450009   24.90925  0.1287E-19  0.7809E-05  0.1490E-07  0.1269E-02  0.1798E-03  0.1073E+01
   -1.500009   24.90943  0.1287E-19  0.7660E-05  0.1529E-07  0.1200E-02  0.1658E-03  0.1328E+01
   -1.550010   24.90963  0.1287E-19  0.7496E-05  0.1585E-07  0.1122E-02  0.1523E-03  0.1718E+01
   -1.600010   24.90983  0.1287E-19  0.7311E-05  0.1668E-07  0.1023E-02  0.1390E-03  0.2372E+01
   -1.650009   24.91005  0.1287E-19  0.7101E-05  0.1795E-07  0.9389E-03  0.1259E-03  0.3843E+01
   -1.700008   24.91028  0.1287E-19  0.6846E-05  0.2008E-07  0.8053E-03  0.1130E-03 -0.2302E+01
   -1.750007   24.91058  0.1287E-19  0.6515E-05  0.2382E-07  0.7207E-03  0.9906E-04  0.4809E+03
   -1.800006   24.91094  0.1287E-19  0.6027E-05  0.3164E-07  0.5328E-03  0.8544E-04  0.5664E+05
   -1.850004   24.91168  0.1287E-19  0.5316E-05  0.4645E-07  0.4425E-03  0.6653E-04  0.2261E+05
   -1.900002   24.91221  0.1287E-19  0.4271E-05  0.8936E-07  0.2266E-03  0.5178E-04  0.4434E+04
   -1.949999   24.91541  0.1286E-19  0.2695E-05  0.2537E-06  0.9201E-04  0.2962E-04 -0.8998E+05
   -1.999996   24.92051  0.1286E-19  0.0000E+00  0.0000E+00  0.0000E+00  0.4570E-04  0.0000E+00
