 1 - depth, m
 2 - temperature, C
 3 - salinity, kg/kg
 4 - turbulent kinetic energy, m**2/s**2
 5 - dissipation rate, m**2/s**3
 6 - kinematic heat conductance, m**2/s
 7 - modulus of horizontal velocity, m/s
 8 - Richardson number, n/d
   -0.000000   29.63419  0.3818E-22  0.5902E-05  0.2573E-06  0.3389E-04  0.4390E-02 -0.1337E+01
   -0.049997   29.68194  0.3818E-22  0.9018E-05  0.1124E-06  0.2578E-03  0.2107E-02  0.1382E+02
   -0.099994   29.68770  0.3818E-22  0.1005E-04  0.8790E-07  0.3541E-03  0.1832E-02  0.3453E+01
   -0.149992   29.69164  0.3818E-22  0.1081E-04  0.7512E-07  0.4694E-03  0.1640E-02  0.2028E+01
   -0.199990   29.69446  0.3818E-22  0.1138E-04  0.6710E-07  0.5690E-03  0.1497E-02  0.1503E+01
   -0.249988   29.69665  0.3818E-22  0.1185E-04  0.6124E-07  0.6654E-03  0.1377E-02  0.1432E+01
   -0.299987   29.69844  0.3818E-22  0.1226E-04  0.5645E-07  0.7726E-03  0.1264E-02  0.1507E+01
   -0.349986   29.69990  0.3818E-22  0.1262E-04  0.5231E-07  0.8904E-03  0.1153E-02  0.1596E+01
   -0.399986   29.70110  0.3818E-22  0.1291E-04  0.4872E-07  0.1011E-02  0.1045E-02  0.1600E+01
   -0.449985   29.70211  0.3818E-22  0.1314E-04  0.4558E-07  0.1126E-02  0.9443E-03  0.1579E+01
   -0.499986   29.70296  0.3818E-22  0.1331E-04  0.4284E-07  0.1233E-02  0.8546E-03  0.1554E+01
   -0.549986   29.70371  0.3818E-22  0.1342E-04  0.4045E-07  0.1330E-02  0.7749E-03  0.1521E+01
   -0.599986   29.70436  0.3818E-22  0.1348E-04  0.3836E-07  0.1418E-02  0.7039E-03  0.1486E+01
   -0.649987   29.70495  0.3818E-22  0.1349E-04  0.3651E-07  0.1495E-02  0.6406E-03  0.1448E+01
   -0.699988   29.70547  0.3818E-22  0.1346E-04  0.3488E-07  0.1561E-02  0.5841E-03  0.1408E+01
   -0.749989   29.70595  0.3818E-22  0.1340E-04  0.3344E-07  0.1616E-02  0.5336E-03  0.1365E+01
   -0.799990   29.70639  0.3818E-22  0.1331E-04  0.3217E-07  0.1658E-02  0.4884E-03  0.1320E+01
   -0.849992   29.70680  0.3818E-22  0.1319E-04  0.3106E-07  0.1689E-02  0.4480E-03  0.1273E+01
   -0.899993   29.70718  0.3818E-22  0.1306E-04  0.3008E-07  0.1708E-02  0.4118E-03  0.1223E+01
   -0.949995   29.70754  0.3818E-22  0.1290E-04  0.2924E-07  0.1717E-02  0.3793E-03  0.1171E+01
   -0.999996   29.70788  0.3818E-22  0.1274E-04  0.2853E-07  0.1716E-02  0.3503E-03  0.1115E+01
   -1.049997   29.70821  0.3818E-22  0.1256E-04  0.2793E-07  0.1705E-02  0.3243E-03  0.1057E+01
   -1.099999   29.70852  0.3818E-22  0.1238E-04  0.2744E-07  0.1686E-02  0.3011E-03  0.9980E+00
   -1.150000   29.70881  0.3818E-22  0.1220E-04  0.2706E-07  0.1660E-02  0.2804E-03  0.9490E+00
   -1.200002   29.70910  0.3818E-22  0.1201E-04  0.2678E-07  0.1630E-02  0.2619E-03  0.9263E+00
   -1.250003   29.70938  0.3818E-22  0.1182E-04  0.2660E-07  0.1595E-02  0.2451E-03  0.9523E+00
   -1.300004   29.70965  0.3818E-22  0.1162E-04  0.2653E-07  0.1552E-02  0.2295E-03  0.1032E+01
   -1.350005   29.70992  0.3818E-22  0.1140E-04  0.2659E-07  0.1500E-02  0.2147E-03  0.1167E+01
   -1.400006   29.71018  0.3818E-22  0.1116E-04  0.2680E-07  0.1434E-02  0.2005E-03  0.1365E+01
   -1.450006   29.71044  0.3818E-22  0.1091E-04  0.2723E-07  0.1362E-02  0.1867E-03  0.1643E+01
   -1.500007   29.71070  0.3818E-22  0.1062E-04  0.2795E-07  0.1268E-02  0.1731E-03  0.2069E+01
   -1.550007   29.71097  0.3818E-22  0.1031E-04  0.2909E-07  0.1186E-02  0.1597E-03  0.2719E+01
   -1.600006   29.71124  0.3818E-22  0.9952E-05  0.3101E-07  0.1063E-02  0.1467E-03  0.4312E+01
   -1.650006   29.71155  0.3818E-22  0.9530E-05  0.3422E-07  0.9852E-03  0.1331E-03  0.2115E+04
   -1.700005   29.71188  0.3817E-22  0.8989E-05  0.4029E-07  0.8238E-03  0.1197E-03 -0.6824E+03
   -1.750004   29.71239  0.3817E-22  0.8255E-05  0.5095E-07  0.7265E-03  0.1028E-03  0.2022E+04
   -1.800002   29.71291  0.3817E-22  0.7233E-05  0.7424E-07  0.5344E-03  0.8752E-04  0.5141E+04
   -1.850000   29.71423  0.3817E-22  0.6041E-05  0.1144E-06  0.4423E-03  0.6439E-04  0.2428E+08
   -1.899998   29.71439  0.3817E-22  0.4578E-05  0.2377E-06  0.2216E-03  0.5051E-04  0.4878E+04
   -1.949995   29.71895  0.3817E-22  0.3034E-05  0.6142E-06  0.1515E-03  0.2681E-04 -0.1112E+06
   -1.999992   29.72223  0.3817E-22  0.0000E+00  0.0000E+00  0.0000E+00  0.5234E-04  0.0000E+00
