 1 - depth, m
 2 - temperature, C
 3 - salinity, kg/kg
 4 - turbulent kinetic energy, m**2/s**2
 5 - dissipation rate, m**2/s**3
 6 - kinematic heat conductance, m**2/s
 7 - modulus of horizontal velocity, m/s
 8 - Richardson number, n/d
   -0.000000   27.53253  0.1811E-19  0.1265E-04  0.6486E-06  0.2870E-04  0.1857E-01 -0.9593E-01
   -0.049997   27.56956  0.1811E-19  0.1266E-04  0.2372E-06  0.1000E-03  0.1119E-01 -0.2636E+00
   -0.099994   27.57954  0.1811E-19  0.1278E-04  0.1493E-06  0.2824E-03  0.8930E-02  0.9234E+02
   -0.149992   27.58309  0.1811E-19  0.1305E-04  0.1164E-06  0.4728E-03  0.7870E-02  0.6475E+01
   -0.199990   27.58498  0.1811E-19  0.1346E-04  0.9765E-07  0.5622E-03  0.7132E-02  0.7726E+01
   -0.249988   27.58647  0.1811E-19  0.1386E-04  0.8401E-07  0.6203E-03  0.6399E-02  0.9642E+01
   -0.299987   27.58776  0.1811E-19  0.1421E-04  0.7386E-07  0.6652E-03  0.5728E-02  0.1149E+02
   -0.349987   27.58891  0.1811E-19  0.1447E-04  0.6570E-07  0.7103E-03  0.5091E-02  0.1499E+02
   -0.399986   27.58993  0.1811E-19  0.1460E-04  0.5874E-07  0.7705E-03  0.4475E-02  0.1073E+02
   -0.449986   27.59082  0.1811E-19  0.1462E-04  0.5270E-07  0.8329E-03  0.3922E-02  0.7206E+01
   -0.499986   27.59161  0.1811E-19  0.1455E-04  0.4748E-07  0.8946E-03  0.3437E-02  0.5420E+01
   -0.549987   27.59230  0.1811E-19  0.1443E-04  0.4297E-07  0.9549E-03  0.3009E-02  0.4342E+01
   -0.599987   27.59291  0.1811E-19  0.1425E-04  0.3905E-07  0.1013E-02  0.2632E-02  0.3627E+01
   -0.649988   27.59346  0.1811E-19  0.1403E-04  0.3565E-07  0.1069E-02  0.2299E-02  0.3116E+01
   -0.699989   27.59395  0.1811E-19  0.1378E-04  0.3270E-07  0.1121E-02  0.2006E-02  0.2733E+01
   -0.749990   27.59440  0.1811E-19  0.1350E-04  0.3015E-07  0.1170E-02  0.1748E-02  0.2434E+01
   -0.799992   27.59481  0.1811E-19  0.1320E-04  0.2795E-07  0.1215E-02  0.1522E-02  0.2194E+01
   -0.849993   27.59519  0.1811E-19  0.1288E-04  0.2606E-07  0.1256E-02  0.1325E-02  0.1996E+01
   -0.899994   27.59553  0.1811E-19  0.1255E-04  0.2446E-07  0.1296E-02  0.1152E-02  0.1828E+01
   -0.949996   27.59585  0.1811E-19  0.1221E-04  0.2311E-07  0.1336E-02  0.1003E-02  0.1682E+01
   -0.999997   27.59615  0.1811E-19  0.1186E-04  0.2199E-07  0.1379E-02  0.8738E-03  0.1553E+01
   -1.049999   27.59642  0.1811E-19  0.1152E-04  0.2108E-07  0.1427E-02  0.7624E-03  0.1437E+01
   -1.100000   27.59668  0.1811E-19  0.1118E-04  0.2036E-07  0.1482E-02  0.6667E-03  0.1333E+01
   -1.150002   27.59691  0.1811E-19  0.1086E-04  0.1983E-07  0.1547E-02  0.5847E-03  0.1237E+01
   -1.200003   27.59712  0.1811E-19  0.1054E-04  0.1946E-07  0.1616E-02  0.5146E-03  0.1148E+01
   -1.250005   27.59732  0.1811E-19  0.1023E-04  0.1924E-07  0.1626E-02  0.4548E-03  0.1057E+01
   -1.300006   27.59751  0.1811E-19  0.9947E-05  0.1918E-07  0.1552E-02  0.4041E-03  0.9605E+00
   -1.350007   27.59770  0.1811E-19  0.9677E-05  0.1925E-07  0.1461E-02  0.3611E-03  0.8647E+00
   -1.400008   27.59789  0.1811E-19  0.9426E-05  0.1946E-07  0.1371E-02  0.3248E-03  0.7740E+00
   -1.450008   27.59809  0.1811E-19  0.9189E-05  0.1981E-07  0.1289E-02  0.2942E-03  0.7062E+00
   -1.500009   27.59830  0.1811E-19  0.8961E-05  0.2033E-07  0.1212E-02  0.2682E-03  0.6997E+00
   -1.550009   27.59851  0.1811E-19  0.8725E-05  0.2110E-07  0.1142E-02  0.2454E-03  0.8164E+00
   -1.600009   27.59873  0.1811E-19  0.8467E-05  0.2229E-07  0.1041E-02  0.2243E-03  0.1157E+01
   -1.650008   27.59896  0.1811E-19  0.8169E-05  0.2419E-07  0.9596E-03  0.2034E-03  0.4528E+03
   -1.700008   27.59923  0.1811E-19  0.7801E-05  0.2766E-07  0.8164E-03  0.1828E-03  0.7128E+01
   -1.750006   27.59959  0.1811E-19  0.7306E-05  0.3392E-07  0.7223E-03  0.1590E-03  0.5236E+03
   -1.800005   27.60002  0.1811E-19  0.6589E-05  0.4672E-07  0.5321E-03  0.1359E-03  0.5835E+03
   -1.850003   27.60098  0.1811E-19  0.5632E-05  0.7029E-07  0.4313E-03  0.1032E-03  0.1268E+06
   -1.900001   27.60140  0.1811E-19  0.4357E-05  0.1439E-06  0.2179E-03  0.7955E-04  0.1352E+04
   -1.949998   27.60543  0.1810E-19  0.2823E-05  0.3808E-06  0.1189E-03  0.4407E-04 -0.1250E+06
   -1.999995   27.60953  0.1810E-19  0.0000E+00  0.0000E+00  0.0000E+00  0.7612E-04  0.0000E+00
