 1 - depth, m
 2 - temperature, C
 3 - salinity, kg/kg
 4 - turbulent kinetic energy, m**2/s**2
 5 - dissipation rate, m**2/s**3
 6 - kinematic heat conductance, m**2/s
 7 - modulus of horizontal velocity, m/s
 8 - Richardson number, n/d
   -0.000000   23.39246  0.6696E-22  0.2067E-04  0.1614E-05  0.2943E-04  0.2879E-01 -0.4290E-01
   -0.049997   23.44058  0.6695E-22  0.1843E-04  0.5270E-06  0.8236E-04  0.1685E-01 -0.1313E+00
   -0.099994   23.45496  0.6695E-22  0.1777E-04  0.2930E-06  0.1511E-03  0.1323E-01 -0.2021E+00
   -0.149992   23.46255  0.6695E-22  0.1752E-04  0.2043E-06  0.3407E-03  0.1119E-01  0.1128E+03
   -0.199990   23.46605  0.6695E-22  0.1754E-04  0.1627E-06  0.6152E-03  0.9946E-02  0.2526E+02
   -0.249988   23.46775  0.6695E-22  0.1771E-04  0.1376E-06  0.6347E-03  0.9030E-02  0.1095E+03
   -0.299987   23.46931  0.6695E-22  0.1789E-04  0.1187E-06  0.6952E-03  0.8102E-02  0.4191E+02
   -0.349986   23.47068  0.6695E-22  0.1800E-04  0.1042E-06  0.7304E-03  0.7250E-02  0.5506E+02
   -0.399986   23.47192  0.6695E-22  0.1796E-04  0.9200E-07  0.7847E-03  0.6425E-02  0.2494E+02
   -0.449986   23.47302  0.6695E-22  0.1781E-04  0.8157E-07  0.8356E-03  0.5684E-02  0.1274E+02
   -0.499986   23.47401  0.6695E-22  0.1759E-04  0.7262E-07  0.8858E-03  0.5028E-02  0.8494E+01
   -0.549986   23.47490  0.6695E-22  0.1731E-04  0.6493E-07  0.9345E-03  0.4443E-02  0.6339E+01
   -0.599987   23.47571  0.6695E-22  0.1699E-04  0.5828E-07  0.9827E-03  0.3920E-02  0.5052E+01
   -0.649987   23.47644  0.6695E-22  0.1665E-04  0.5252E-07  0.1030E-02  0.3451E-02  0.4188E+01
   -0.699988   23.47711  0.6695E-22  0.1627E-04  0.4753E-07  0.1076E-02  0.3030E-02  0.3567E+01
   -0.749989   23.47772  0.6695E-22  0.1588E-04  0.4320E-07  0.1119E-02  0.2654E-02  0.3099E+01
   -0.799991   23.47828  0.6695E-22  0.1546E-04  0.3944E-07  0.1160E-02  0.2319E-02  0.2735E+01
   -0.849992   23.47880  0.6695E-22  0.1504E-04  0.3620E-07  0.1195E-02  0.2020E-02  0.2444E+01
   -0.899993   23.47929  0.6695E-22  0.1460E-04  0.3341E-07  0.1227E-02  0.1756E-02  0.2204E+01
   -0.949995   23.47974  0.6695E-22  0.1415E-04  0.3104E-07  0.1254E-02  0.1524E-02  0.2002E+01
   -0.999996   23.48017  0.6695E-22  0.1370E-04  0.2904E-07  0.1280E-02  0.1320E-02  0.1828E+01
   -1.049998   23.48057  0.6695E-22  0.1324E-04  0.2739E-07  0.1305E-02  0.1142E-02  0.1675E+01
   -1.099999   23.48095  0.6695E-22  0.1279E-04  0.2605E-07  0.1333E-02  0.9887E-03  0.1538E+01
   -1.150001   23.48131  0.6695E-22  0.1235E-04  0.2501E-07  0.1368E-02  0.8564E-03  0.1415E+01
   -1.200002   23.48165  0.6695E-22  0.1192E-04  0.2424E-07  0.1413E-02  0.7432E-03  0.1302E+01
   -1.250003   23.48197  0.6695E-22  0.1150E-04  0.2373E-07  0.1471E-02  0.6467E-03  0.1199E+01
   -1.300004   23.48226  0.6695E-22  0.1111E-04  0.2346E-07  0.1514E-02  0.5651E-03  0.1100E+01
   -1.350005   23.48253  0.6695E-22  0.1074E-04  0.2341E-07  0.1471E-02  0.4964E-03  0.9965E+00
   -1.400006   23.48281  0.6695E-22  0.1039E-04  0.2359E-07  0.1367E-02  0.4388E-03  0.8898E+00
   -1.450007   23.48309  0.6695E-22  0.1007E-04  0.2396E-07  0.1264E-02  0.3909E-03  0.7908E+00
   -1.500007   23.48339  0.6695E-22  0.9772E-05  0.2457E-07  0.1172E-02  0.3511E-03  0.7233E+00
   -1.550007   23.48371  0.6694E-22  0.9479E-05  0.2547E-07  0.1095E-02  0.3178E-03  0.7580E+00
   -1.600007   23.48404  0.6694E-22  0.9171E-05  0.2688E-07  0.9963E-03  0.2885E-03  0.9772E+00
   -1.650006   23.48439  0.6694E-22  0.8823E-05  0.2911E-07  0.9277E-03  0.2608E-03  0.1703E+01
   -1.700006   23.48478  0.6694E-22  0.8392E-05  0.3333E-07  0.7846E-03  0.2342E-03  0.3613E+01
   -1.750004   23.48533  0.6694E-22  0.7806E-05  0.4115E-07  0.6946E-03  0.2027E-03  0.2106E+03
   -1.800003   23.48600  0.6694E-22  0.6948E-05  0.5723E-07  0.5020E-03  0.1721E-03  0.4994E+04
   -1.850001   23.48755  0.6694E-22  0.5823E-05  0.8693E-07  0.4146E-03  0.1280E-03  0.8867E+05
   -1.899999   23.48803  0.6694E-22  0.4415E-05  0.1817E-06  0.2021E-03  0.9835E-04 -0.1137E+05
   -1.949996   23.49410  0.6693E-22  0.2889E-05  0.4769E-06  0.1324E-03  0.5242E-04 -0.4164E+05
   -1.999993   23.49785  0.6693E-22  0.0000E+00  0.0000E+00  0.0000E+00  0.9627E-04  0.0000E+00
