 1 - depth, m
 2 - temperature, C
 3 - salinity, kg/kg
 4 - turbulent kinetic energy, m**2/s**2
 5 - dissipation rate, m**2/s**3
 6 - kinematic heat conductance, m**2/s
 7 - modulus of horizontal velocity, m/s
 8 - Richardson number, n/d
   -0.000000   29.93266  0.6044E-29  0.5341E-05  0.2233E-06  0.3608E-04  0.5038E-02 -0.2234E+00
   -0.049997   29.96929  0.6043E-29  0.7721E-05  0.9789E-07  0.2158E-03  0.2574E-02  0.7747E+02
   -0.099994   29.97539  0.6043E-29  0.8663E-05  0.7379E-07  0.3274E-03  0.2192E-02  0.4241E+01
   -0.149992   29.97866  0.6043E-29  0.9345E-05  0.6273E-07  0.4195E-03  0.1970E-02  0.2341E+01
   -0.199990   29.98107  0.6043E-29  0.9910E-05  0.5566E-07  0.5211E-03  0.1793E-02  0.1930E+01
   -0.249988   29.98293  0.6043E-29  0.1041E-04  0.5040E-07  0.6303E-03  0.1633E-02  0.1867E+01
   -0.299987   29.98439  0.6043E-29  0.1085E-04  0.4616E-07  0.7488E-03  0.1481E-02  0.1884E+01
   -0.349987   29.98556  0.6043E-29  0.1124E-04  0.4260E-07  0.8627E-03  0.1333E-02  0.1951E+01
   -0.399986   29.98653  0.6043E-29  0.1156E-04  0.3955E-07  0.9658E-03  0.1189E-02  0.1901E+01
   -0.449986   29.98736  0.6043E-29  0.1182E-04  0.3690E-07  0.1066E-02  0.1057E-02  0.1837E+01
   -0.499986   29.98808  0.6043E-29  0.1201E-04  0.3461E-07  0.1160E-02  0.9403E-03  0.1780E+01
   -0.549987   29.98871  0.6043E-29  0.1214E-04  0.3260E-07  0.1247E-02  0.8373E-03  0.1731E+01
   -0.599987   29.98927  0.6043E-29  0.1222E-04  0.3082E-07  0.1334E-02  0.7458E-03  0.1688E+01
   -0.649988   29.98977  0.6043E-29  0.1225E-04  0.2918E-07  0.1386E-02  0.6648E-03  0.1688E+01
   -0.699989   29.99023  0.6043E-29  0.1223E-04  0.2828E-07  0.1569E-02  0.5880E-03  0.2297E+01
   -0.749990   29.99062  0.6043E-29  0.1221E-04  0.2767E-07  0.1733E-02  0.5590E-03  0.2634E+01
   -0.799992   29.99096  0.6043E-29  0.1216E-04  0.2700E-07  0.1573E-02  0.5352E-03  0.1366E+01
   -0.849993   29.99132  0.6043E-29  0.1205E-04  0.2607E-07  0.1649E-02  0.4850E-03  0.1384E+01
   -0.899995   29.99164  0.6043E-29  0.1192E-04  0.2526E-07  0.1687E-02  0.4407E-03  0.1347E+01
   -0.949996   29.99195  0.6043E-29  0.1178E-04  0.2457E-07  0.1706E-02  0.4016E-03  0.1300E+01
   -0.999998   29.99223  0.6043E-29  0.1163E-04  0.2399E-07  0.1703E-02  0.3670E-03  0.1263E+01
   -1.049999   29.99251  0.6043E-29  0.1146E-04  0.2351E-07  0.1689E-02  0.3363E-03  0.1218E+01
   -1.100001   29.99277  0.6043E-29  0.1129E-04  0.2313E-07  0.1665E-02  0.3090E-03  0.1186E+01
   -1.150002   29.99303  0.6043E-29  0.1112E-04  0.2284E-07  0.1633E-02  0.2849E-03  0.1149E+01
   -1.200004   29.99328  0.6043E-29  0.1094E-04  0.2264E-07  0.1595E-02  0.2634E-03  0.1130E+01
   -1.250005   29.99352  0.6043E-29  0.1076E-04  0.2253E-07  0.1553E-02  0.2444E-03  0.1116E+01
   -1.300006   29.99376  0.6043E-29  0.1058E-04  0.2251E-07  0.1510E-02  0.2273E-03  0.1155E+01
   -1.350007   29.99400  0.6043E-29  0.1039E-04  0.2259E-07  0.1461E-02  0.2120E-03  0.1251E+01
   -1.400008   29.99423  0.6043E-29  0.1019E-04  0.2280E-07  0.1402E-02  0.1975E-03  0.1442E+01
   -1.450009   29.99446  0.6043E-29  0.9968E-05  0.2318E-07  0.1334E-02  0.1837E-03  0.1708E+01
   -1.500009   29.99469  0.6043E-29  0.9726E-05  0.2380E-07  0.1245E-02  0.1702E-03  0.2128E+01
   -1.550009   29.99493  0.6043E-29  0.9456E-05  0.2476E-07  0.1162E-02  0.1569E-03  0.2739E+01
   -1.600009   29.99517  0.6043E-29  0.9150E-05  0.2628E-07  0.1045E-02  0.1439E-03  0.3935E+01
   -1.650009   29.99543  0.6043E-29  0.8792E-05  0.2875E-07  0.9689E-03  0.1306E-03  0.1631E+02
   -1.700008   29.99572  0.6043E-29  0.8338E-05  0.3347E-07  0.8164E-03  0.1176E-03  0.1035E+04
   -1.750007   29.99614  0.6043E-29  0.7719E-05  0.4192E-07  0.7224E-03  0.1014E-03  0.5819E+03
   -1.800005   29.99662  0.6043E-29  0.6820E-05  0.5929E-07  0.5262E-03  0.8617E-04  0.7338E+04
   -1.850004   29.99768  0.6043E-29  0.5721E-05  0.8999E-07  0.4365E-03  0.6366E-04  0.5994E+05
   -1.900001   29.99794  0.6043E-29  0.4346E-05  0.1846E-06  0.2142E-03  0.4959E-04 -0.4712E+03
   -1.949999   30.00176  0.6042E-29  0.2844E-05  0.4863E-06  0.1383E-03  0.2638E-04 -0.1775E+06
   -1.999995   30.00457  0.6042E-29  0.0000E+00  0.0000E+00  0.0000E+00  0.5024E-04  0.0000E+00
