 1 - depth, m
 2 - temperature, C
 3 - salinity, kg/kg
 4 - turbulent kinetic energy, m**2/s**2
 5 - dissipation rate, m**2/s**3
 6 - kinematic heat conductance, m**2/s
 7 - modulus of horizontal velocity, m/s
 8 - Richardson number, n/d
   -0.000000   30.62454  0.4964E-19  0.3798E-05  0.1822E-06  0.3947E-04  0.2452E-02  0.1638E+01
   -0.049997   30.65415  0.4964E-19  0.6079E-05  0.8248E-07  0.1491E-03  0.1368E-02  0.4397E+02
   -0.099994   30.66252  0.4963E-19  0.7078E-05  0.5772E-07  0.2982E-03  0.1038E-02  0.1551E+02
   -0.149992   30.66566  0.4963E-19  0.7679E-05  0.4822E-07  0.3723E-03  0.9078E-03  0.6853E+01
   -0.199991   30.66801  0.4963E-19  0.8107E-05  0.4231E-07  0.4739E-03  0.8064E-03  0.4409E+01
   -0.249989   30.66974  0.4963E-19  0.8415E-05  0.3818E-07  0.5607E-03  0.7270E-03  0.3201E+01
   -0.299988   30.67111  0.4963E-19  0.8636E-05  0.3505E-07  0.6405E-03  0.6605E-03  0.2541E+01
   -0.349988   30.67225  0.4963E-19  0.8793E-05  0.3253E-07  0.7141E-03  0.6021E-03  0.2213E+01
   -0.399987   30.67321  0.4963E-19  0.8898E-05  0.3040E-07  0.7835E-03  0.5483E-03  0.1995E+01
   -0.449987   30.67404  0.4963E-19  0.8963E-05  0.2854E-07  0.8484E-03  0.5000E-03  0.1867E+01
   -0.499988   30.67475  0.4963E-19  0.8993E-05  0.2690E-07  0.9081E-03  0.4573E-03  0.1788E+01
   -0.549988   30.67536  0.4963E-19  0.8997E-05  0.2544E-07  0.9624E-03  0.4193E-03  0.1724E+01
   -0.599989   30.67591  0.4963E-19  0.8977E-05  0.2414E-07  0.1012E-02  0.3853E-03  0.1674E+01
   -0.649990   30.67639  0.4963E-19  0.8940E-05  0.2296E-07  0.1057E-02  0.3548E-03  0.1636E+01
   -0.699991   30.67683  0.4963E-19  0.8887E-05  0.2190E-07  0.1096E-02  0.3274E-03  0.1607E+01
   -0.749993   30.67722  0.4963E-19  0.8822E-05  0.2093E-07  0.1132E-02  0.3025E-03  0.1588E+01
   -0.799994   30.67757  0.4963E-19  0.8746E-05  0.2005E-07  0.1163E-02  0.2800E-03  0.1577E+01
   -0.849996   30.67790  0.4963E-19  0.8663E-05  0.1926E-07  0.1190E-02  0.2594E-03  0.1577E+01
   -0.899997   30.67819  0.4963E-19  0.8572E-05  0.1853E-07  0.1212E-02  0.2407E-03  0.1586E+01
   -0.949999   30.67846  0.4963E-19  0.8477E-05  0.1786E-07  0.1231E-02  0.2234E-03  0.1610E+01
   -1.000001   30.67871  0.4963E-19  0.8376E-05  0.1726E-07  0.1245E-02  0.2076E-03  0.1647E+01
   -1.050002   30.67894  0.4963E-19  0.8271E-05  0.1671E-07  0.1256E-02  0.1928E-03  0.1706E+01
   -1.100004   30.67916  0.4963E-19  0.8163E-05  0.1620E-07  0.1263E-02  0.1791E-03  0.1780E+01
   -1.150005   30.67936  0.4963E-19  0.8051E-05  0.1575E-07  0.1265E-02  0.1661E-03  0.1873E+01
   -1.200007   30.67955  0.4963E-19  0.7936E-05  0.1535E-07  0.1264E-02  0.1540E-03  0.1982E+01
   -1.250008   30.67972  0.4963E-19  0.7818E-05  0.1499E-07  0.1257E-02  0.1426E-03  0.2119E+01
   -1.300010   30.67989  0.4963E-19  0.7697E-05  0.1469E-07  0.1246E-02  0.1317E-03  0.2283E+01
   -1.350011   30.68005  0.4963E-19  0.7575E-05  0.1445E-07  0.1229E-02  0.1215E-03  0.2492E+01
   -1.400012   30.68020  0.4963E-19  0.7449E-05  0.1426E-07  0.1207E-02  0.1118E-03  0.2751E+01
   -1.450013   30.68034  0.4963E-19  0.7321E-05  0.1415E-07  0.1178E-02  0.1027E-03  0.3091E+01
   -1.500013   30.68048  0.4963E-19  0.7189E-05  0.1412E-07  0.1142E-02  0.9392E-04  0.3532E+01
   -1.550014   30.68062  0.4963E-19  0.7053E-05  0.1419E-07  0.1098E-02  0.8558E-04  0.4145E+01
   -1.600014   30.68076  0.4963E-19  0.6911E-05  0.1439E-07  0.1045E-02  0.7762E-04  0.5012E+01
   -1.650013   30.68090  0.4963E-19  0.6762E-05  0.1477E-07  0.9818E-03  0.6997E-04  0.6332E+01
   -1.700013   30.68105  0.4963E-19  0.6601E-05  0.1542E-07  0.9042E-03  0.6262E-04  0.8482E+01
   -1.750012   30.68121  0.4963E-19  0.6424E-05  0.1649E-07  0.8231E-03  0.5548E-04  0.1277E+02
   -1.800011   30.68139  0.4963E-19  0.6217E-05  0.1839E-07  0.6895E-03  0.4861E-04  0.2866E+02
   -1.850009   30.68163  0.4963E-19  0.5951E-05  0.2203E-07  0.6490E-03  0.4141E-04  0.1173E+03
   -1.900007   30.68194  0.4963E-19  0.5465E-05  0.3306E-07  0.3828E-03  0.3519E-04 -0.2703E+02
   -1.950004   30.68300  0.4963E-19  0.3390E-05  0.1145E-06  0.4593E-04  0.2447E-04 -0.5379E+06
   -2.000001   30.68803  0.4962E-19  0.0000E+00  0.0000E+00  0.0000E+00  0.2652E-04  0.0000E+00
