 1 - depth, m
 2 - temperature, C
 3 - salinity, kg/kg
 4 - turbulent kinetic energy, m**2/s**2
 5 - dissipation rate, m**2/s**3
 6 - kinematic heat conductance, m**2/s
 7 - modulus of horizontal velocity, m/s
 8 - Richardson number, n/d
   -0.000000   28.19839  0.3008E-16  0.4129E-05  0.1300E-06  0.2270E-04  0.4966E-02 -0.9136E+00
   -0.049997   28.23394  0.3008E-16  0.5521E-05  0.5658E-07  0.1946E-03  0.2367E-02  0.8827E+02
   -0.099995   28.23780  0.3008E-16  0.6007E-05  0.4360E-07  0.2639E-03  0.2027E-02  0.4601E+01
   -0.149993   28.24044  0.3008E-16  0.6358E-05  0.3679E-07  0.3422E-03  0.1802E-02  0.2713E+01
   -0.199991   28.24233  0.3008E-16  0.6627E-05  0.3232E-07  0.4153E-03  0.1624E-02  0.2159E+01
   -0.249990   28.24379  0.3008E-16  0.6839E-05  0.2899E-07  0.4884E-03  0.1468E-02  0.2032E+01
   -0.299989   28.24495  0.3008E-16  0.7002E-05  0.2631E-07  0.5612E-03  0.1323E-02  0.2066E+01
   -0.349988   28.24589  0.3008E-16  0.7120E-05  0.2402E-07  0.6330E-03  0.1183E-02  0.2199E+01
   -0.399988   28.24668  0.3008E-16  0.7190E-05  0.2202E-07  0.7012E-03  0.1047E-02  0.2115E+01
   -0.449988   28.24734  0.3008E-16  0.7216E-05  0.2025E-07  0.7666E-03  0.9240E-03  0.1968E+01
   -0.499989   28.24790  0.3008E-16  0.7206E-05  0.1871E-07  0.8273E-03  0.8175E-03  0.1838E+01
   -0.549990   28.24838  0.3008E-16  0.7167E-05  0.1735E-07  0.8833E-03  0.7253E-03  0.1722E+01
   -0.599990   28.24879  0.3008E-16  0.7104E-05  0.1616E-07  0.9351E-03  0.6452E-03  0.1618E+01
   -0.649992   28.24915  0.3008E-16  0.7024E-05  0.1511E-07  0.9827E-03  0.5753E-03  0.1524E+01
   -0.699993   28.24947  0.3008E-16  0.6931E-05  0.1417E-07  0.1026E-02  0.5144E-03  0.1433E+01
   -0.749994   28.24975  0.3008E-16  0.6828E-05  0.1334E-07  0.1064E-02  0.4610E-03  0.1350E+01
   -0.799996   28.25000  0.3008E-16  0.6719E-05  0.1261E-07  0.1096E-02  0.4143E-03  0.1268E+01
   -0.849997   28.25022  0.3008E-16  0.6606E-05  0.1196E-07  0.1123E-02  0.3732E-03  0.1195E+01
   -0.899999   28.25042  0.3008E-16  0.6491E-05  0.1138E-07  0.1141E-02  0.3371E-03  0.1126E+01
   -0.950001   28.25060  0.3008E-16  0.6376E-05  0.1087E-07  0.1155E-02  0.3052E-03  0.1066E+01
   -1.000003   28.25077  0.3008E-16  0.6262E-05  0.1042E-07  0.1163E-02  0.2771E-03  0.1010E+01
   -1.050005   28.25092  0.3008E-16  0.6150E-05  0.1002E-07  0.1168E-02  0.2521E-03  0.9661E+00
   -1.100006   28.25105  0.3008E-16  0.6041E-05  0.9671E-08  0.1169E-02  0.2300E-03  0.9375E+00
   -1.150008   28.25118  0.3008E-16  0.5934E-05  0.9364E-08  0.1167E-02  0.2101E-03  0.9274E+00
   -1.200010   28.25130  0.3008E-16  0.5830E-05  0.9097E-08  0.1161E-02  0.1922E-03  0.9237E+00
   -1.250011   28.25140  0.3008E-16  0.5728E-05  0.8868E-08  0.1152E-02  0.1760E-03  0.9348E+00
   -1.300013   28.25150  0.3008E-16  0.5630E-05  0.8677E-08  0.1139E-02  0.1614E-03  0.9607E+00
   -1.350014   28.25160  0.3008E-16  0.5533E-05  0.8521E-08  0.1124E-02  0.1479E-03  0.1018E+01
   -1.400015   28.25169  0.3008E-16  0.5438E-05  0.8403E-08  0.1105E-02  0.1355E-03  0.1106E+01
   -1.450016   28.25177  0.3008E-16  0.5343E-05  0.8326E-08  0.1081E-02  0.1239E-03  0.1233E+01
   -1.500017   28.25185  0.3008E-16  0.5248E-05  0.8297E-08  0.1050E-02  0.1128E-03  0.1392E+01
   -1.550017   28.25193  0.3008E-16  0.5152E-05  0.8326E-08  0.1013E-02  0.1023E-03  0.1614E+01
   -1.600017   28.25201  0.3008E-16  0.5056E-05  0.8428E-08  0.9693E-03  0.9240E-04  0.1916E+01
   -1.650017   28.25208  0.3008E-16  0.4958E-05  0.8627E-08  0.9166E-03  0.8292E-04  0.2363E+01
   -1.700017   28.25217  0.3008E-16  0.4857E-05  0.8962E-08  0.8533E-03  0.7386E-04  0.3042E+01
   -1.750016   28.25226  0.3008E-16  0.4749E-05  0.9507E-08  0.7776E-03  0.6516E-04  0.4203E+01
   -1.800015   28.25237  0.3008E-16  0.4631E-05  0.1040E-07  0.6796E-03  0.5679E-04  0.6465E+01
   -1.850013   28.25251  0.3008E-16  0.4491E-05  0.1199E-07  0.5901E-03  0.4864E-04  0.1211E+02
   -1.900011   28.25273  0.3008E-16  0.4261E-05  0.1594E-07  0.4563E-03  0.4103E-04  0.7397E+02
   -1.950008   28.25314  0.3008E-16  0.2786E-05  0.5910E-07  0.2195E-04  0.3164E-04 -0.2042E+05
   -2.000005   28.26095  0.3008E-16  0.0000E+00  0.0000E+00  0.0000E+00  0.3173E-04  0.0000E+00
