 1 - depth, m
 2 - temperature, C
 3 - salinity, kg/kg
 4 - turbulent kinetic energy, m**2/s**2
 5 - dissipation rate, m**2/s**3
 6 - kinematic heat conductance, m**2/s
 7 - modulus of horizontal velocity, m/s
 8 - Richardson number, n/d
   -0.000000    0.00000  0.0000E+00  0.2274E-07  0.7781E-10  0.2185E-08  0.0000E+00  0.9833E+17
   -0.037500    1.99817  0.0000E+00  0.1593E-06  0.4363E-10  0.3914E-08  0.0000E+00  0.3161E+17
   -0.075000    4.02763  0.0000E+00  0.1630E-06  0.4332E-10  0.1971E-03  0.0000E+00 -0.9173E+12
   -0.112500    4.02947  0.0000E+00  0.1647E-06  0.4322E-10  0.2042E-03  0.0000E+00 -0.8563E+12
   -0.150001    4.03100  0.0000E+00  0.1663E-06  0.4318E-10  0.2076E-03  0.0000E+00 -0.8564E+12
   -0.187502    4.03248  0.0000E+00  0.1678E-06  0.4319E-10  0.2110E-03  0.0000E+00 -0.8581E+12
   -0.225003    4.03390  0.0000E+00  0.1692E-06  0.4324E-10  0.2141E-03  0.0000E+00 -0.8634E+12
   -0.262505    4.03527  0.0000E+00  0.1706E-06  0.4333E-10  0.2168E-03  0.0000E+00 -0.8657E+12
   -0.300007    4.03660  0.0000E+00  0.1719E-06  0.4346E-10  0.2192E-03  0.0000E+00 -0.8719E+12
   -0.337509    4.03788  0.0000E+00  0.1731E-06  0.4363E-10  0.2212E-03  0.0000E+00 -0.8754E+12
   -0.375011    4.03913  0.0000E+00  0.1742E-06  0.4384E-10  0.2227E-03  0.0000E+00 -0.8825E+12
   -0.412513    4.04036  0.0000E+00  0.1752E-06  0.4408E-10  0.2240E-03  0.0000E+00 -0.8869E+12
   -0.450016    4.04155  0.0000E+00  0.1761E-06  0.4437E-10  0.2248E-03  0.0000E+00 -0.8960E+12
   -0.487519    4.04272  0.0000E+00  0.1769E-06  0.4469E-10  0.2252E-03  0.0000E+00 -0.9033E+12
   -0.525022    4.04387  0.0000E+00  0.1777E-06  0.4506E-10  0.2251E-03  0.0000E+00 -0.9160E+12
   -0.562525    4.04501  0.0000E+00  0.1783E-06  0.4547E-10  0.2247E-03  0.0000E+00 -0.9274E+12
   -0.600028    4.04613  0.0000E+00  0.1789E-06  0.4594E-10  0.2238E-03  0.0000E+00 -0.9440E+12
   -0.637531    4.04725  0.0000E+00  0.1793E-06  0.4645E-10  0.2225E-03  0.0000E+00 -0.9598E+12
   -0.675034    4.04836  0.0000E+00  0.1797E-06  0.4702E-10  0.2207E-03  0.0000E+00 -0.9813E+12
   -0.712537    4.04947  0.0000E+00  0.1799E-06  0.4765E-10  0.2185E-03  0.0000E+00 -0.1003E+13
   -0.750041    4.05058  0.0000E+00  0.1801E-06  0.4836E-10  0.2158E-03  0.0000E+00 -0.1028E+13
   -0.787544    4.05169  0.0000E+00  0.1801E-06  0.4913E-10  0.2126E-03  0.0000E+00 -0.1053E+13
   -0.825047    4.05282  0.0000E+00  0.1800E-06  0.5000E-10  0.2089E-03  0.0000E+00 -0.1085E+13
   -0.862551    4.05395  0.0000E+00  0.1798E-06  0.5096E-10  0.2047E-03  0.0000E+00 -0.1118E+13
   -0.900054    4.05509  0.0000E+00  0.1794E-06  0.5203E-10  0.2000E-03  0.0000E+00 -0.1159E+13
   -0.937557    4.05625  0.0000E+00  0.1790E-06  0.5324E-10  0.1948E-03  0.0000E+00 -0.1204E+13
   -0.975060    4.05743  0.0000E+00  0.1783E-06  0.5459E-10  0.1890E-03  0.0000E+00 -0.1258E+13
   -1.012563    4.05864  0.0000E+00  0.1775E-06  0.5613E-10  0.1827E-03  0.0000E+00 -0.1320E+13
   -1.050065    4.05989  0.0000E+00  0.1765E-06  0.5790E-10  0.1756E-03  0.0000E+00 -0.1396E+13
   -1.087568    4.06118  0.0000E+00  0.1753E-06  0.5996E-10  0.1681E-03  0.0000E+00 -0.1478E+13
   -1.125070    4.06253  0.0000E+00  0.1739E-06  0.6233E-10  0.1720E-03  0.0000E+00 -0.1423E+13
   -1.162573    4.06384  0.0000E+00  0.1723E-06  0.6508E-10  0.1556E-03  0.0000E+00 -0.1683E+13
   -1.200075    4.06526  0.0000E+00  0.1704E-06  0.6843E-10  0.1413E-03  0.0000E+00 -0.1845E+13
   -1.237577    4.06683  0.0000E+00  0.1680E-06  0.7265E-10  0.1306E-03  0.0000E+00 -0.2025E+13
   -1.275078    4.06852  0.0000E+00  0.1652E-06  0.7806E-10  0.1188E-03  0.0000E+00 -0.2271E+13
   -1.312580    4.07037  0.0000E+00  0.1617E-06  0.8533E-10  0.1055E-03  0.0000E+00 -0.2616E+13
   -1.350081    4.07244  0.0000E+00  0.1573E-06  0.9559E-10  0.9196E-04  0.0000E+00 -0.3084E+13
   -1.387581    4.07482  0.0000E+00  0.1504E-06  0.1142E-09  0.6490E-04  0.0000E+00 -0.4478E+13
   -1.425082    4.07818  0.0000E+00  0.1362E-06  0.1629E-09  0.2368E-04  0.0000E+00 -0.1302E+14
   -1.462582    4.08712  0.0000E+00  0.8495E-07  0.4460E-09  0.2667E-05  0.0000E+00 -0.1584E+15
   -1.500081    4.16117  0.0000E+00  0.0000E+00  0.0000E+00  0.0000E+00  0.0000E+00  0.0000E+00
