 1 - depth, m
 2 - temperature, C
 3 - salinity, kg/kg
 4 - turbulent kinetic energy, m**2/s**2
 5 - dissipation rate, m**2/s**3
 6 - kinematic heat conductance, m**2/s
 7 - modulus of horizontal velocity, m/s
 8 - Richardson number, n/d
   -0.000000    0.00000  0.0000E+00  0.2480E-09  0.2653E-12  0.1000E-09  0.0000E+00  0.3083E+17
   -0.037499    0.49518  0.0000E+00  0.7476E-09  0.2155E-12  0.1000E-09  0.0000E+00  0.2589E+17
   -0.074999    0.97753  0.0000E+00  0.1660E-08  0.2741E-12  0.1000E-09  0.0000E+00  0.2137E+17
   -0.112499    1.44771  0.0000E+00  0.3102E-08  0.4131E-12  0.1000E-09  0.0000E+00  0.1722E+17
   -0.150000    1.90636  0.0000E+00  0.5342E-08  0.6506E-12  0.1347E-09  0.0000E+00  0.1341E+17
   -0.187501    2.35399  0.0000E+00  0.8837E-08  0.1030E-11  0.2891E-09  0.0000E+00  0.9897E+16
   -0.225002    2.79081  0.0000E+00  0.1432E-07  0.1626E-11  0.6781E-09  0.0000E+00  0.6660E+16
   -0.262503    3.21669  0.0000E+00  0.2293E-07  0.2554E-11  0.1928E-08  0.0000E+00  0.3678E+16
   -0.300005    3.62981  0.0000E+00  0.3633E-07  0.3980E-11  0.1112E-07  0.0000E+00  0.9947E+15
   -0.337506    4.01004  0.0000E+00  0.3691E-07  0.4047E-11  0.1148E-03  0.0000E+00 -0.1878E+12
   -0.375008    4.01054  0.0000E+00  0.3718E-07  0.4085E-11  0.1126E-03  0.0000E+00 -0.1910E+12
   -0.412511    4.01104  0.0000E+00  0.3744E-07  0.4125E-11  0.1129E-03  0.0000E+00 -0.1921E+12
   -0.450013    4.01153  0.0000E+00  0.3768E-07  0.4169E-11  0.1132E-03  0.0000E+00 -0.1935E+12
   -0.487515    4.01201  0.0000E+00  0.3789E-07  0.4216E-11  0.1132E-03  0.0000E+00 -0.1953E+12
   -0.525018    4.01249  0.0000E+00  0.3809E-07  0.4266E-11  0.1130E-03  0.0000E+00 -0.1975E+12
   -0.562521    4.01297  0.0000E+00  0.3826E-07  0.4321E-11  0.1127E-03  0.0000E+00 -0.2002E+12
   -0.600024    4.01345  0.0000E+00  0.3842E-07  0.4379E-11  0.1121E-03  0.0000E+00 -0.2033E+12
   -0.637527    4.01392  0.0000E+00  0.3855E-07  0.4443E-11  0.1114E-03  0.0000E+00 -0.2069E+12
   -0.675030    4.01439  0.0000E+00  0.3866E-07  0.4512E-11  0.1104E-03  0.0000E+00 -0.2111E+12
   -0.712533    4.01487  0.0000E+00  0.3875E-07  0.4586E-11  0.1093E-03  0.0000E+00 -0.2158E+12
   -0.750036    4.01535  0.0000E+00  0.3881E-07  0.4667E-11  0.1079E-03  0.0000E+00 -0.2209E+12
   -0.787539    4.01583  0.0000E+00  0.3885E-07  0.4755E-11  0.1063E-03  0.0000E+00 -0.2266E+12
   -0.825042    4.01632  0.0000E+00  0.3887E-07  0.4851E-11  0.1045E-03  0.0000E+00 -0.2332E+12
   -0.862545    4.01681  0.0000E+00  0.3885E-07  0.4956E-11  0.1025E-03  0.0000E+00 -0.2405E+12
   -0.900048    4.01731  0.0000E+00  0.3881E-07  0.5072E-11  0.1002E-03  0.0000E+00 -0.2489E+12
   -0.937550    4.01782  0.0000E+00  0.3874E-07  0.5199E-11  0.9769E-04  0.0000E+00 -0.2584E+12
   -0.975053    4.01834  0.0000E+00  0.3864E-07  0.5341E-11  0.9494E-04  0.0000E+00 -0.2694E+12
   -1.012556    4.01887  0.0000E+00  0.3850E-07  0.5500E-11  0.9192E-04  0.0000E+00 -0.2821E+12
   -1.050058    4.01942  0.0000E+00  0.3832E-07  0.5682E-11  0.8859E-04  0.0000E+00 -0.2971E+12
   -1.087561    4.01999  0.0000E+00  0.3810E-07  0.5890E-11  0.8494E-04  0.0000E+00 -0.3146E+12
   -1.125063    4.02058  0.0000E+00  0.3783E-07  0.6131E-11  0.8095E-04  0.0000E+00 -0.3352E+12
   -1.162565    4.02120  0.0000E+00  0.3750E-07  0.6415E-11  0.7659E-04  0.0000E+00 -0.3599E+12
   -1.200067    4.02185  0.0000E+00  0.3711E-07  0.6753E-11  0.7183E-04  0.0000E+00 -0.3903E+12
   -1.237568    4.02255  0.0000E+00  0.3664E-07  0.7163E-11  0.6661E-04  0.0000E+00 -0.4286E+12
   -1.275070    4.02329  0.0000E+00  0.3606E-07  0.7683E-11  0.6089E-04  0.0000E+00 -0.4787E+12
   -1.312571    4.02411  0.0000E+00  0.3530E-07  0.8421E-11  0.5439E-04  0.0000E+00 -0.5481E+12
   -1.350071    4.02503  0.0000E+00  0.3408E-07  0.9699E-11  0.3409E-04  0.0000E+00 -0.9020E+12
   -1.387572    4.02649  0.0000E+00  0.3200E-07  0.1223E-10  0.1980E-04  0.0000E+00 -0.1634E+13
   -1.425072    4.02901  0.0000E+00  0.2821E-07  0.1812E-10  0.8989E-05  0.0000E+00 -0.3939E+13
   -1.462572    4.03454  0.0000E+00  0.1787E-07  0.4566E-10  0.1157E-05  0.0000E+00 -0.4180E+14
   -1.500071    4.07387  0.0000E+00  0.0000E+00  0.0000E+00  0.0000E+00  0.0000E+00  0.0000E+00
