 1 - depth, m
 2 - temperature, C
 3 - salinity, kg/kg
 4 - turbulent kinetic energy, m**2/s**2
 5 - dissipation rate, m**2/s**3
 6 - kinematic heat conductance, m**2/s
 7 - modulus of horizontal velocity, m/s
 8 - Richardson number, n/d
   -0.000000   16.21696  0.0000E+00  0.1173E-03  0.6447E-04  0.4882E-04  0.9213E-01 -0.2553E-01
   -0.037493   16.28154  0.0000E+00  0.6730E-04  0.1805E-04  0.8278E-04  0.3468E-01 -0.3145E-01
   -0.074987   16.29515  0.0000E+00  0.4996E-04  0.6789E-05  0.1064E-03  0.2552E-01 -0.5807E-01
   -0.112480   16.30316  0.0000E+00  0.4094E-04  0.3572E-05  0.1399E-03  0.2134E-01  0.4086E+03
   -0.149974   16.30849  0.0000E+00  0.3486E-04  0.2052E-05  0.1657E-03  0.1838E-01  0.2771E+01
   -0.187469   16.31264  0.0000E+00  0.3046E-04  0.1256E-05  0.1946E-03  0.1604E-01  0.1893E+01
   -0.224964   16.31604  0.0000E+00  0.2715E-04  0.8177E-06  0.2230E-03  0.1413E-01  0.7340E+01
   -0.262458   16.31895  0.0000E+00  0.2456E-04  0.5637E-06  0.2485E-03  0.1250E-01  0.2696E+01
   -0.299954   16.32149  0.0000E+00  0.2253E-04  0.4091E-06  0.2780E-03  0.1115E-01  0.2941E+02
   -0.337449   16.32371  0.0000E+00  0.2091E-04  0.3099E-06  0.3163E-03  0.9999E-02  0.4655E+02
   -0.374945   16.32565  0.0000E+00  0.1959E-04  0.2432E-06  0.3731E-03  0.9014E-02  0.1587E+03
   -0.412441   16.32729  0.0000E+00  0.1851E-04  0.1966E-06  0.4413E-03  0.8164E-02  0.7115E+03
   -0.449936   16.32866  0.0000E+00  0.1761E-04  0.1627E-06  0.5096E-03  0.7416E-02  0.1910E+03
   -0.487433   16.32980  0.0000E+00  0.1685E-04  0.1372E-06  0.5698E-03  0.6743E-02  0.1029E+03
   -0.524929   16.33078  0.0000E+00  0.1618E-04  0.1175E-06  0.6107E-03  0.6128E-02  0.8561E+02
   -0.562425   16.33164  0.0000E+00  0.1558E-04  0.1018E-06  0.6413E-03  0.5564E-02  0.2820E+02
   -0.599922   16.33244  0.0000E+00  0.1503E-04  0.8899E-07  0.6642E-03  0.5046E-02  0.2920E+02
   -0.637418   16.33320  0.0000E+00  0.1453E-04  0.7843E-07  0.6837E-03  0.4567E-02  0.3478E+02
   -0.674915   16.33393  0.0000E+00  0.1406E-04  0.6961E-07  0.7003E-03  0.4124E-02  0.7301E+01
   -0.712412   16.33464  0.0000E+00  0.1361E-04  0.6215E-07  0.7155E-03  0.3713E-02  0.6066E+01
   -0.749908   16.33535  0.0000E+00  0.1317E-04  0.5581E-07  0.7305E-03  0.3331E-02  0.4676E+01
   -0.787405   16.33604  0.0000E+00  0.1275E-04  0.5042E-07  0.7455E-03  0.2977E-02  0.4200E+01
   -0.824901   16.33673  0.0000E+00  0.1233E-04  0.4582E-07  0.7600E-03  0.2649E-02  0.3176E+01
   -0.862398   16.33742  0.0000E+00  0.1191E-04  0.4191E-07  0.7742E-03  0.2344E-02  0.2893E+01
   -0.899895   16.33810  0.0000E+00  0.1149E-04  0.3860E-07  0.7824E-03  0.2062E-02  0.2655E+01
   -0.937391   16.33879  0.0000E+00  0.1107E-04  0.3584E-07  0.7790E-03  0.1801E-02  0.2490E+01
   -0.974887   16.33949  0.0000E+00  0.1063E-04  0.3358E-07  0.7660E-03  0.1559E-02  0.2360E+01
   -1.012384   16.34020  0.0000E+00  0.1018E-04  0.3177E-07  0.7492E-03  0.1335E-02  0.2089E+01
   -1.049880   16.34094  0.0000E+00  0.9722E-05  0.3043E-07  0.7272E-03  0.1137E-02  0.1837E+01
   -1.087376   16.34170  0.0000E+00  0.9262E-05  0.2955E-07  0.7034E-03  0.9646E-03  0.1625E+01
   -1.124872   16.34250  0.0000E+00  0.8808E-05  0.2914E-07  0.6805E-03  0.8162E-03  0.1451E+01
   -1.162367   16.34333  0.0000E+00  0.8369E-05  0.2924E-07  0.6565E-03  0.6902E-03  0.1344E+01
   -1.199863   16.34419  0.0000E+00  0.7953E-05  0.2984E-07  0.6136E-03  0.5844E-03  0.1297E+01
   -1.237358   16.34513  0.0000E+00  0.7565E-05  0.3101E-07  0.5468E-03  0.4967E-03  0.1370E+01
   -1.274853   16.34621  0.0000E+00  0.7196E-05  0.3293E-07  0.4740E-03  0.4253E-03  0.5328E+01
   -1.312347   16.34748  0.0000E+00  0.6807E-05  0.3615E-07  0.4225E-03  0.3694E-03  0.3658E+01
   -1.349842   16.34896  0.0000E+00  0.6322E-05  0.4256E-07  0.3218E-03  0.3228E-03  0.2889E+03
   -1.387336   16.35131  0.0000E+00  0.5699E-05  0.5435E-07  0.2897E-03  0.2718E-03  0.9178E+03
   -1.424830   16.35345  0.0000E+00  0.4723E-05  0.9086E-07  0.1276E-03  0.2342E-03  0.3232E+05
   -1.462323   16.36491  0.0000E+00  0.2873E-05  0.2168E-06  0.4705E-04  0.1750E-03 -0.5493E+04
   -1.499816   16.38017  0.0000E+00  0.0000E+00  0.0000E+00  0.0000E+00  0.2012E-03  0.0000E+00
