 1 - depth, m
 2 - temperature, C
 3 - salinity, kg/kg
 4 - turbulent kinetic energy, m**2/s**2
 5 - dissipation rate, m**2/s**3
 6 - kinematic heat conductance, m**2/s
 7 - modulus of horizontal velocity, m/s
 8 - Richardson number, n/d
   -0.000000   15.88075  0.0000E+00  0.1850E-04  0.1516E-05  0.2232E-04  0.2646E-01 -0.1823E-01
   -0.037493   15.90852  0.0000E+00  0.1539E-04  0.5503E-06  0.4639E-04  0.1612E-01 -0.4921E-01
   -0.074987   15.91992  0.0000E+00  0.1368E-04  0.3011E-06  0.7021E-04  0.1229E-01 -0.8416E-01
   -0.112481   15.92725  0.0000E+00  0.1249E-04  0.1941E-06  0.9677E-04  0.9937E-02 -0.1209E+00
   -0.149976   15.93246  0.0000E+00  0.1164E-04  0.1377E-06  0.1451E-03  0.8328E-02  0.6419E+02
   -0.187470   15.93605  0.0000E+00  0.1104E-04  0.1051E-06  0.2451E-03  0.7182E-02  0.1727E+03
   -0.224965   15.93828  0.0000E+00  0.1064E-04  0.8515E-07  0.3706E-03  0.6346E-02  0.1474E+04
   -0.262461   15.93961  0.0000E+00  0.1038E-04  0.7152E-07  0.4231E-03  0.5690E-02  0.7259E+01
   -0.299956   15.94071  0.0000E+00  0.1019E-04  0.6112E-07  0.4410E-03  0.5101E-02  0.6491E+01
   -0.337452   15.94175  0.0000E+00  0.1005E-04  0.5298E-07  0.4646E-03  0.4570E-02  0.5810E+01
   -0.374948   15.94273  0.0000E+00  0.9936E-05  0.4653E-07  0.4875E-03  0.4092E-02  0.5273E+01
   -0.412444   15.94365  0.0000E+00  0.9850E-05  0.4130E-07  0.5119E-03  0.3658E-02  0.4880E+01
   -0.449940   15.94453  0.0000E+00  0.9777E-05  0.3698E-07  0.5377E-03  0.3260E-02  0.4572E+01
   -0.487437   15.94535  0.0000E+00  0.9709E-05  0.3338E-07  0.5657E-03  0.2894E-02  0.4281E+01
   -0.524933   15.94614  0.0000E+00  0.9639E-05  0.3032E-07  0.5971E-03  0.2555E-02  0.3837E+01
   -0.562430   15.94688  0.0000E+00  0.9563E-05  0.2772E-07  0.6302E-03  0.2245E-02  0.3492E+01
   -0.599927   15.94759  0.0000E+00  0.9476E-05  0.2548E-07  0.6626E-03  0.1963E-02  0.3213E+01
   -0.637424   15.94826  0.0000E+00  0.9374E-05  0.2358E-07  0.6967E-03  0.1704E-02  0.3047E+01
   -0.674921   15.94890  0.0000E+00  0.9247E-05  0.2188E-07  0.7325E-03  0.1473E-02  0.2795E+01
   -0.712418   15.94952  0.0000E+00  0.9164E-05  0.2110E-07  0.1224E-02  0.1238E-02  0.1736E+01
   -0.749914   15.94989  0.0000E+00  0.9112E-05  0.2072E-07  0.1245E-02  0.1167E-02  0.1782E+01
   -0.787411   15.95025  0.0000E+00  0.9037E-05  0.2032E-07  0.7479E-03  0.1111E-02  0.1818E+01
   -0.824908   15.95087  0.0000E+00  0.8873E-05  0.1976E-07  0.7826E-03  0.9502E-03  0.1890E+01
   -0.862405   15.95147  0.0000E+00  0.8703E-05  0.1943E-07  0.7909E-03  0.8239E-03  0.1735E+01
   -0.899902   15.95207  0.0000E+00  0.8524E-05  0.1929E-07  0.8086E-03  0.7128E-03  0.1626E+01
   -0.937399   15.95266  0.0000E+00  0.8337E-05  0.1932E-07  0.8304E-03  0.6172E-03  0.1526E+01
   -0.974896   15.95325  0.0000E+00  0.8147E-05  0.1951E-07  0.8607E-03  0.5349E-03  0.1445E+01
   -1.012392   15.95383  0.0000E+00  0.7957E-05  0.1984E-07  0.9010E-03  0.4642E-03  0.1345E+01
   -1.049889   15.95439  0.0000E+00  0.7770E-05  0.2030E-07  0.8714E-03  0.4053E-03  0.1243E+01
   -1.087385   15.95497  0.0000E+00  0.7589E-05  0.2087E-07  0.8037E-03  0.3571E-03  0.1141E+01
   -1.124881   15.95561  0.0000E+00  0.7416E-05  0.2155E-07  0.7391E-03  0.3175E-03  0.1043E+01
   -1.162377   15.95632  0.0000E+00  0.7250E-05  0.2232E-07  0.6846E-03  0.2851E-03  0.9567E+00
   -1.199873   15.95710  0.0000E+00  0.7085E-05  0.2325E-07  0.6426E-03  0.2585E-03  0.1025E+01
   -1.237368   15.95794  0.0000E+00  0.6902E-05  0.2446E-07  0.5927E-03  0.2351E-03  0.1411E+01
   -1.274864   15.95887  0.0000E+00  0.6682E-05  0.2621E-07  0.5194E-03  0.2123E-03  0.2198E+01
   -1.312359   15.95995  0.0000E+00  0.6408E-05  0.2885E-07  0.4508E-03  0.1900E-03  0.4037E+01
   -1.349853   15.96121  0.0000E+00  0.6053E-05  0.3318E-07  0.3341E-03  0.1686E-03  0.9770E+01
   -1.387348   15.96296  0.0000E+00  0.5577E-05  0.4093E-07  0.3092E-03  0.1461E-03  0.2491E+02
   -1.424842   15.96489  0.0000E+00  0.4730E-05  0.6415E-07  0.1291E-03  0.1285E-03  0.1422E+05
   -1.462336   15.97425  0.0000E+00  0.2848E-05  0.1586E-06  0.4215E-04  0.9836E-04 -0.8374E+04
   -1.499829   15.99012  0.0000E+00  0.0000E+00  0.0000E+00  0.0000E+00  0.1057E-03  0.0000E+00
