 1 - depth, m
 2 - temperature, C
 3 - salinity, kg/kg
 4 - turbulent kinetic energy, m**2/s**2
 5 - dissipation rate, m**2/s**3
 6 - kinematic heat conductance, m**2/s
 7 - modulus of horizontal velocity, m/s
 8 - Richardson number, n/d
   -0.000000   15.77958  0.0000E+00  0.4047E-02  0.1159E+01  0.2088E-03  0.8844E+00 -0.5823E-03
   -0.034998   15.99487  0.0000E+00  0.2921E-02  0.5760E+00  0.3802E-03  0.2624E+00 -0.2087E+00
   -0.069996   16.05372  0.0000E+00  0.1984E-02  0.2859E+00  0.4652E-03  0.1416E+00 -0.1091E+00
   -0.104994   16.08093  0.0000E+00  0.1629E-02  0.1391E+00  0.5625E-03  0.1036E+00  0.1380E+00
   -0.139993   16.09236  0.0000E+00  0.1361E-02  0.6747E-01  0.5761E-03  0.8353E-01 -0.8015E-01
   -0.174992   16.10021  0.0000E+00  0.1136E-02  0.3267E-01  0.5962E-03  0.6978E-01 -0.3776E+01
   -0.209991   16.10531  0.0000E+00  0.9477E-03  0.1595E-01  0.5910E-03  0.6119E-01 -0.2014E+00
   -0.244991   16.10920  0.0000E+00  0.7895E-03  0.7983E-02  0.6014E-03  0.5366E-01 -0.1700E+00
   -0.279991   16.11209  0.0000E+00  0.6597E-03  0.4190E-02  0.5870E-03  0.4816E-01 -0.5477E-01
   -0.314990   16.11586  0.0000E+00  0.5501E-03  0.2353E-02  0.6063E-03  0.4076E-01  0.2849E+00
   -0.349991   16.11818  0.0000E+00  0.4629E-03  0.1413E-02  0.6036E-03  0.3683E-01  0.6972E+01
   -0.384991   16.12195  0.0000E+00  0.3919E-03  0.9024E-03  0.6196E-03  0.3267E-01  0.1499E+02
   -0.419991   16.12341  0.0000E+00  0.3367E-03  0.6048E-03  0.6185E-03  0.3007E-01  0.1460E+01
   -0.454992   16.12540  0.0000E+00  0.2939E-03  0.4203E-03  0.6125E-03  0.2731E-01  0.8168E+01
   -0.489993   16.12799  0.0000E+00  0.2607E-03  0.2913E-03  0.6125E-03  0.2421E-01  0.6778E+01
   -0.524994   16.13423  0.0000E+00  0.2337E-03  0.2157E-03  0.6424E-03  0.2125E-01 -0.2331E+03
   -0.559994   16.13778  0.0000E+00  0.2105E-03  0.1630E-03  0.6558E-03  0.1933E-01  0.8690E+03
   -0.594995   16.13898  0.0000E+00  0.1875E-03  0.1174E-03  0.6552E-03  0.1809E-01  0.5297E+03
   -0.629996   16.13448  0.0000E+00  0.1676E-03  0.8356E-04  0.6513E-03  0.1770E-01  0.6470E+03
   -0.664998   16.13582  0.0000E+00  0.1514E-03  0.5996E-04  0.6488E-03  0.1679E-01  0.3045E+04
   -0.699999   16.13754  0.0000E+00  0.1380E-03  0.4341E-04  0.6506E-03  0.1580E-01  0.1863E+02
   -0.735000   16.13870  0.0000E+00  0.1268E-03  0.3181E-04  0.6588E-03  0.1479E-01  0.1529E+03
   -0.770001   16.14038  0.0000E+00  0.1172E-03  0.2356E-04  0.6647E-03  0.1384E-01  0.1545E+03
   -0.805002   16.14130  0.0000E+00  0.1088E-03  0.1751E-04  0.6717E-03  0.1297E-01  0.3434E+02
   -0.840003   16.14279  0.0000E+00  0.1014E-03  0.1310E-04  0.6881E-03  0.1214E-01  0.7375E+03
   -0.875004   16.14408  0.0000E+00  0.9472E-04  0.9945E-05  0.7066E-03  0.1135E-01  0.1139E+04
   -0.910005   16.14498  0.0000E+00  0.8862E-04  0.7535E-05  0.7202E-03  0.1062E-01  0.1043E+04
   -0.945005   16.14644  0.0000E+00  0.8310E-04  0.5990E-05  0.7373E-03  0.9894E-02  0.2191E+03
   -0.980006   16.14757  0.0000E+00  0.7806E-04  0.4910E-05  0.7347E-03  0.9176E-02  0.2737E+04
   -1.015006   16.14892  0.0000E+00  0.7337E-04  0.4015E-05  0.7134E-03  0.8455E-02  0.6327E+03
   -1.050007   16.14985  0.0000E+00  0.6892E-04  0.3348E-05  0.6963E-03  0.7787E-02  0.5062E+04
   -1.085007   16.15158  0.0000E+00  0.6455E-04  0.2823E-05  0.6503E-03  0.7153E-02  0.1102E+07
   -1.120007   16.15251  0.0000E+00  0.6031E-04  0.2509E-05  0.6025E-03  0.6560E-02  0.9282E+04
   -1.155007   16.15407  0.0000E+00  0.5621E-04  0.2380E-05  0.5478E-03  0.5944E-02  0.5296E+05
   -1.190006   16.15581  0.0000E+00  0.5209E-04  0.2457E-05  0.4899E-03  0.5276E-02 -0.2360E+05
   -1.225005   16.15802  0.0000E+00  0.4775E-04  0.2882E-05  0.4417E-03  0.4485E-02 -0.1685E+07
   -1.260004   16.16078  0.0000E+00  0.4303E-04  0.3984E-05  0.4027E-03  0.3713E-02 -0.4950E+08
   -1.295003   16.16394  0.0000E+00  0.3683E-04  0.6996E-05  0.3358E-03  0.3052E-02  0.3082E+06
   -1.330001   16.16510  0.0000E+00  0.2967E-04  0.1363E-04  0.2079E-03  0.2796E-02  0.4939E+09
   -1.365000   16.17237  0.0000E+00  0.2137E-04  0.2715E-04  0.1951E-03  0.2193E-02 -0.9654E+10
   -1.399997   16.18785  0.0000E+00  0.0000E+00  0.0000E+00  0.0000E+00  0.3551E-02  0.0000E+00
