 1 - depth, m
 2 - temperature, C
 3 - salinity, kg/kg
 4 - turbulent kinetic energy, m**2/s**2
 5 - dissipation rate, m**2/s**3
 6 - kinematic heat conductance, m**2/s
 7 - modulus of horizontal velocity, m/s
 8 - Richardson number, n/d
   -0.000000   12.21721  0.0000E+00  0.7636E-03  0.2505E-02  0.8951E-04  0.3582E+00 -0.6759E-02
   -0.034998   12.31556  0.0000E+00  0.3972E-03  0.1027E-02  0.1833E-03  0.1044E+00 -0.3919E-01
   -0.069996   12.33544  0.0000E+00  0.2657E-03  0.3401E-03  0.2717E-03  0.6009E-01 -0.1524E+00
   -0.104994   12.34687  0.0000E+00  0.2132E-03  0.2130E-03  0.2816E-03  0.4629E-01 -0.3890E-01
   -0.139993   12.35241  0.0000E+00  0.1791E-03  0.1350E-03  0.2872E-03  0.3849E-01 -0.1182E-01
   -0.174992   12.35604  0.0000E+00  0.1538E-03  0.9034E-04  0.2956E-03  0.3306E-01 -0.3783E-01
   -0.209991   12.35890  0.0000E+00  0.1339E-03  0.5612E-04  0.3044E-03  0.2884E-01 -0.1436E-01
   -0.244991   12.36123  0.0000E+00  0.1189E-03  0.3745E-04  0.3094E-03  0.2540E-01 -0.1327E-01
   -0.279991   12.36330  0.0000E+00  0.1066E-03  0.2476E-04  0.3107E-03  0.2226E-01 -0.2332E-01
   -0.314991   12.36552  0.0000E+00  0.9557E-04  0.1620E-04  0.3235E-03  0.1894E-01 -0.2345E-01
   -0.349991   12.36735  0.0000E+00  0.8648E-04  0.1059E-04  0.3317E-03  0.1653E-01  0.5589E+00
   -0.384991   12.36904  0.0000E+00  0.7882E-04  0.6978E-05  0.3389E-03  0.1453E-01  0.1077E+02
   -0.419992   12.37055  0.0000E+00  0.7237E-04  0.4708E-05  0.3417E-03  0.1284E-01  0.2425E+01
   -0.454992   12.37215  0.0000E+00  0.6682E-04  0.3302E-05  0.3420E-03  0.1121E-01  0.2255E+02
   -0.489993   12.37397  0.0000E+00  0.6193E-04  0.2447E-05  0.3458E-03  0.9603E-02  0.2331E+03
   -0.524994   12.37628  0.0000E+00  0.5731E-04  0.1893E-05  0.3643E-03  0.8158E-02 -0.6107E+03
   -0.559995   12.37804  0.0000E+00  0.5279E-04  0.1497E-05  0.3871E-03  0.7111E-02 -0.2002E+04
   -0.594996   12.37917  0.0000E+00  0.4787E-04  0.1160E-05  0.4053E-03  0.6379E-02  0.1280E+04
   -0.629997   12.37873  0.0000E+00  0.4343E-04  0.9090E-06  0.4120E-03  0.5977E-02  0.1586E+04
   -0.664998   12.37969  0.0000E+00  0.3959E-04  0.7265E-06  0.4229E-03  0.5507E-02  0.9939E+03
   -0.699999   12.38070  0.0000E+00  0.3624E-04  0.5912E-06  0.4385E-03  0.5038E-02  0.3480E+03
   -0.735001   12.38169  0.0000E+00  0.3327E-04  0.4881E-06  0.4470E-03  0.4591E-02  0.3577E+03
   -0.770002   12.38265  0.0000E+00  0.3062E-04  0.4081E-06  0.4655E-03  0.4173E-02  0.1252E+03
   -0.805003   12.38356  0.0000E+00  0.2825E-04  0.3445E-06  0.4804E-03  0.3786E-02  0.5965E+03
   -0.840004   12.38444  0.0000E+00  0.2611E-04  0.2937E-06  0.4915E-03  0.3424E-02  0.2000E+03
   -0.875005   12.38528  0.0000E+00  0.2417E-04  0.2524E-06  0.5017E-03  0.3088E-02  0.7802E+04
   -0.910006   12.38608  0.0000E+00  0.2242E-04  0.2189E-06  0.5197E-03  0.2778E-02  0.4403E+03
   -0.945006   12.38686  0.0000E+00  0.2085E-04  0.1919E-06  0.5294E-03  0.2490E-02  0.2870E+03
   -0.980007   12.38762  0.0000E+00  0.1941E-04  0.1699E-06  0.5312E-03  0.2217E-02  0.4212E+03
   -1.015008   12.38837  0.0000E+00  0.1809E-04  0.1526E-06  0.5366E-03  0.1954E-02  0.1987E+03
   -1.050008   12.38910  0.0000E+00  0.1686E-04  0.1392E-06  0.5240E-03  0.1716E-02  0.3554E+03
   -1.085008   12.38985  0.0000E+00  0.1569E-04  0.1297E-06  0.5076E-03  0.1500E-02  0.8473E+03
   -1.120008   12.39061  0.0000E+00  0.1456E-04  0.1251E-06  0.4737E-03  0.1306E-02  0.3518E+03
   -1.155008   12.39145  0.0000E+00  0.1348E-04  0.1278E-06  0.4358E-03  0.1122E-02  0.9543E+03
   -1.190007   12.39241  0.0000E+00  0.1240E-04  0.1420E-06  0.3812E-03  0.9447E-03  0.1324E+04
   -1.225007   12.39367  0.0000E+00  0.1124E-04  0.1764E-06  0.3471E-03  0.7614E-03  0.7280E+04
   -1.260006   12.39505  0.0000E+00  0.9901E-05  0.2636E-06  0.2814E-03  0.5925E-03  0.1874E+05
   -1.295004   12.39788  0.0000E+00  0.8238E-05  0.4787E-06  0.2508E-03  0.4409E-03  0.1545E+06
   -1.330003   12.39761  0.0000E+00  0.6370E-05  0.1038E-05  0.1488E-03  0.3876E-03  0.8064E+04
   -1.365001   12.40698  0.0000E+00  0.4397E-05  0.2068E-05  0.1093E-03  0.2721E-03 -0.5012E+09
   -1.399999   12.41486  0.0000E+00  0.0000E+00  0.0000E+00  0.0000E+00  0.4654E-03  0.0000E+00
