 1 - depth, m
 2 - temperature, C
 3 - salinity, kg/kg
 4 - turbulent kinetic energy, m**2/s**2
 5 - dissipation rate, m**2/s**3
 6 - kinematic heat conductance, m**2/s
 7 - modulus of horizontal velocity, m/s
 8 - Richardson number, n/d
   -0.000000   19.04650  0.0000E+00  0.3910E-03  0.1186E-02  0.5952E-04  0.2128E+00  0.2839E-01
   -0.034998   19.20657  0.0000E+00  0.2046E-03  0.4491E-03  0.1252E-03  0.6726E-01  0.1358E+01
   -0.069996   19.27280  0.0000E+00  0.1339E-03  0.1447E-03  0.1760E-03  0.3906E-01  0.1110E+03
   -0.104995   19.29860  0.0000E+00  0.1032E-03  0.8260E-04  0.1983E-03  0.2988E-01  0.3143E+03
   -0.139994   19.31081  0.0000E+00  0.8466E-04  0.4908E-04  0.2239E-03  0.2434E-01  0.3707E+03
   -0.174993   19.31878  0.0000E+00  0.7171E-04  0.3010E-04  0.2496E-03  0.2034E-01  0.6351E+01
   -0.209992   19.32504  0.0000E+00  0.6254E-04  0.1900E-04  0.2745E-03  0.1721E-01  0.7930E+01
   -0.244992   19.33022  0.0000E+00  0.5566E-04  0.1203E-04  0.3049E-03  0.1467E-01  0.4740E+02
   -0.279992   19.33455  0.0000E+00  0.5022E-04  0.7771E-05  0.3352E-03  0.1253E-01  0.2782E+03
   -0.314992   19.33971  0.0000E+00  0.4538E-04  0.5113E-05  0.3793E-03  0.1039E-01  0.8438E+02
   -0.349992   19.34286  0.0000E+00  0.4151E-04  0.3363E-05  0.4215E-03  0.8929E-02  0.1476E+03
   -0.384993   19.34578  0.0000E+00  0.3831E-04  0.2231E-05  0.4666E-03  0.7741E-02  0.1528E+03
   -0.419993   19.34814  0.0000E+00  0.3566E-04  0.1532E-05  0.5242E-03  0.6740E-02  0.2127E+03
   -0.454994   19.35048  0.0000E+00  0.3341E-04  0.1084E-05  0.5702E-03  0.5787E-02  0.2343E+03
   -0.489995   19.35273  0.0000E+00  0.3142E-04  0.8029E-06  0.5980E-03  0.4865E-02  0.1914E+03
   -0.524996   19.35514  0.0000E+00  0.2940E-04  0.6142E-06  0.6339E-03  0.4011E-02  0.1284E+03
   -0.559997   19.35701  0.0000E+00  0.2726E-04  0.4757E-06  0.6554E-03  0.3356E-02  0.3407E+02
   -0.594998   19.35848  0.0000E+00  0.2509E-04  0.3639E-06  0.7718E-03  0.2878E-02  0.9096E+03
   -0.629999   19.35866  0.0000E+00  0.2342E-04  0.2947E-06  0.7989E-03  0.2660E-02  0.3628E+03
   -0.665001   19.35965  0.0000E+00  0.2196E-04  0.2446E-06  0.7586E-03  0.2448E-02  0.6959E+03
   -0.700002   19.36076  0.0000E+00  0.2047E-04  0.2029E-06  0.7498E-03  0.2190E-02  0.4747E+02
   -0.735003   19.36186  0.0000E+00  0.1913E-04  0.1695E-06  0.7667E-03  0.1932E-02  0.1689E+02
   -0.770004   19.36295  0.0000E+00  0.1800E-04  0.1448E-06  0.7812E-03  0.1704E-02  0.8269E+02
   -0.805006   19.36399  0.0000E+00  0.1705E-04  0.1263E-06  0.7890E-03  0.1506E-02  0.5616E+02
   -0.840007   19.36501  0.0000E+00  0.1622E-04  0.1119E-06  0.7804E-03  0.1338E-02  0.7596E+01
   -0.875008   19.36601  0.0000E+00  0.1541E-04  0.9978E-07  0.7503E-03  0.1179E-02  0.2043E+02
   -0.910009   19.36702  0.0000E+00  0.1464E-04  0.8983E-07  0.7478E-03  0.1021E-02  0.5534E+03
   -0.945010   19.36803  0.0000E+00  0.1395E-04  0.8248E-07  0.7255E-03  0.8876E-03  0.1445E+02
   -0.980011   19.36908  0.0000E+00  0.1328E-04  0.7699E-07  0.6905E-03  0.7633E-03  0.4720E+02
   -1.015011   19.37019  0.0000E+00  0.1264E-04  0.7346E-07  0.6748E-03  0.6427E-03  0.2184E+02
   -1.050012   19.37134  0.0000E+00  0.1205E-04  0.7210E-07  0.6395E-03  0.5445E-03  0.3424E+02
   -1.085012   19.37256  0.0000E+00  0.1147E-04  0.7331E-07  0.6080E-03  0.4631E-03  0.2248E+02
   -1.120012   19.37391  0.0000E+00  0.1088E-04  0.7852E-07  0.5704E-03  0.3936E-03 -0.2134E+04
   -1.155012   19.37556  0.0000E+00  0.1024E-04  0.9050E-07  0.5367E-03  0.3319E-03  0.1761E+03
   -1.190012   19.37757  0.0000E+00  0.9504E-05  0.1162E-06  0.4684E-03  0.2730E-03  0.2211E+05
   -1.225011   19.38066  0.0000E+00  0.8726E-05  0.1632E-06  0.4300E-03  0.2100E-03  0.2788E+04
   -1.260010   19.38371  0.0000E+00  0.7706E-05  0.3011E-06  0.3283E-03  0.1564E-03 -0.4015E+05
   -1.295009   19.39486  0.0000E+00  0.6597E-05  0.5715E-06  0.3193E-03  0.1042E-03  0.1182E+07
   -1.330008   19.38721  0.0000E+00  0.5303E-05  0.1411E-05  0.1590E-03  0.9321E-04  0.2601E+06
   -1.365006   19.42004  0.0000E+00  0.3855E-05  0.2638E-05  0.1516E-03  0.5526E-04 -0.9586E+07
   -1.400004   19.42399  0.0000E+00  0.0000E+00  0.0000E+00  0.0000E+00  0.1125E-03  0.0000E+00
