 1 - depth, m
 2 - temperature, C
 3 - salinity, kg/kg
 4 - turbulent kinetic energy, m**2/s**2
 5 - dissipation rate, m**2/s**3
 6 - kinematic heat conductance, m**2/s
 7 - modulus of horizontal velocity, m/s
 8 - Richardson number, n/d
   -0.000000    0.00000  0.0000E+00  0.4702E-13  0.1132E-15  0.1000E-09  0.0000E+00  0.9886E+16
   -0.034998    0.15137  0.0000E+00  0.4702E-13  0.1132E-15  0.1000E-09  0.0000E+00  0.9628E+16
   -0.069996    0.30518  0.0000E+00  0.4702E-13  0.1132E-15  0.1000E-09  0.0000E+00  0.9357E+16
   -0.104994    0.46150  0.0000E+00  0.4702E-13  0.1132E-15  0.1000E-09  0.0000E+00  0.8920E+16
   -0.139993    0.61769  0.0000E+00  0.4702E-13  0.1132E-15  0.1000E-09  0.0000E+00  0.8402E+16
   -0.174992    0.77216  0.0000E+00  0.4702E-13  0.1132E-15  0.1000E-09  0.0000E+00  0.7896E+16
   -0.209991    0.92482  0.0000E+00  0.4702E-13  0.1132E-15  0.1000E-09  0.0000E+00  0.7403E+16
   -0.244990    1.07560  0.0000E+00  0.4702E-13  0.1132E-15  0.1000E-09  0.0000E+00  0.6922E+16
   -0.279990    1.22440  0.0000E+00  0.4702E-13  0.1132E-15  0.1000E-09  0.0000E+00  0.6455E+16
   -0.314990    1.37116  0.0000E+00  0.4702E-13  0.1132E-15  0.1000E-09  0.0000E+00  0.5944E+16
   -0.349990    1.51435  0.0000E+00  0.4702E-13  0.1132E-15  0.1000E-09  0.0000E+00  0.5443E+16
   -0.384990    1.65349  0.0000E+00  0.4702E-13  0.1132E-15  0.1000E-09  0.0000E+00  0.4957E+16
   -0.419991    1.78817  0.0000E+00  0.4702E-13  0.1132E-15  0.1000E-09  0.0000E+00  0.4555E+16
   -0.454991    1.91993  0.0000E+00  0.4702E-13  0.1132E-15  0.1000E-09  0.0000E+00  0.4206E+16
   -0.489992    2.04985  0.0000E+00  0.4702E-13  0.1132E-15  0.1000E-09  0.0000E+00  0.3850E+16
   -0.524993    2.17719  0.0000E+00  0.4702E-13  0.1132E-15  0.1000E-09  0.0000E+00  0.3413E+16
   -0.559993    2.29836  0.0000E+00  0.4702E-13  0.1132E-15  0.1000E-09  0.0000E+00  0.2910E+16
   -0.594994    2.40920  0.0000E+00  0.4702E-13  0.1132E-15  0.1000E-09  0.0000E+00  0.2406E+16
   -0.629995    2.50730  0.0000E+00  0.4702E-13  0.1132E-15  0.1000E-09  0.0000E+00  0.2179E+16
   -0.664996    2.60226  0.0000E+00  0.4702E-13  0.1132E-15  0.1000E-09  0.0000E+00  0.1962E+16
   -0.699997    2.69385  0.0000E+00  0.4702E-13  0.1132E-15  0.1000E-09  0.0000E+00  0.1750E+16
   -0.734998    2.78156  0.0000E+00  0.4702E-13  0.1132E-15  0.1000E-09  0.0000E+00  0.1564E+16
   -0.769999    2.86588  0.0000E+00  0.4702E-13  0.1132E-15  0.1000E-09  0.0000E+00  0.1430E+16
   -0.805000    2.94908  0.0000E+00  0.4702E-13  0.1132E-15  0.1000E-09  0.0000E+00  0.1301E+16
   -0.840001    3.03116  0.0000E+00  0.4702E-13  0.1132E-15  0.1000E-09  0.0000E+00  0.1176E+16
   -0.875002    3.11204  0.0000E+00  0.4702E-13  0.1132E-15  0.1000E-09  0.0000E+00  0.1054E+16
   -0.910003    3.19162  0.0000E+00  0.4702E-13  0.1132E-15  0.1000E-09  0.0000E+00  0.9389E+15
   -0.945004    3.27001  0.0000E+00  0.4702E-13  0.1132E-15  0.1000E-09  0.0000E+00  0.8280E+15
   -0.980004    3.34716  0.0000E+00  0.4702E-13  0.1132E-15  0.1000E-09  0.0000E+00  0.7205E+15
   -1.015005    3.42294  0.0000E+00  0.1014E-12  0.1147E-15  0.1000E-09  0.0000E+00  0.6126E+15
   -1.050005    3.49659  0.0000E+00  0.3599E-12  0.3011E-15  0.1000E-09  0.0000E+00  0.5123E+15
   -1.085005    3.56811  0.0000E+00  0.1180E-11  0.9316E-15  0.1000E-09  0.0000E+00  0.4352E+15
   -1.120005    3.64038  0.0000E+00  0.3713E-11  0.2851E-14  0.1000E-09  0.0000E+00  0.3560E+15
   -1.155004    3.71349  0.0000E+00  0.1151E-10  0.8641E-14  0.1000E-09  0.0000E+00  0.2750E+15
   -1.190004    3.78767  0.0000E+00  0.3557E-10  0.2617E-13  0.3333E-09  0.0000E+00  0.1910E+15
   -1.225003    3.86328  0.0000E+00  0.1149E-09  0.8318E-13  0.1880E-08  0.0000E+00  0.1027E+15
   -1.260002    3.94114  0.0000E+00  0.3887E-09  0.2807E-12  0.3231E-07  0.0000E+00  0.1130E+14
   -1.295001    4.01086  0.0000E+00  0.1320E-08  0.1062E-11  0.6320E-06  0.0000E+00 -0.9525E+13
   -1.329999    4.02897  0.0000E+00  0.1943E-08  0.2102E-11  0.6289E-06  0.0000E+00 -0.1646E+14
   -1.364997    4.04894  0.0000E+00  0.2081E-08  0.4324E-11  0.2923E-06  0.0000E+00 -0.5443E+14
   -1.399995    4.09062  0.0000E+00  0.0000E+00  0.0000E+00  0.0000E+00  0.0000E+00  0.0000E+00
