 1 - depth, m
 2 - temperature, C
 3 - salinity, kg/kg
 4 - turbulent kinetic energy, m**2/s**2
 5 - dissipation rate, m**2/s**3
 6 - kinematic heat conductance, m**2/s
 7 - modulus of horizontal velocity, m/s
 8 - Richardson number, n/d
   -0.000000   17.29497  0.0000E+00  0.2418E-03  0.2483E-03  0.6646E-04  0.1569E+00  0.1384E-01
   -0.034998   17.43442  0.0000E+00  0.1288E-03  0.6886E-04  0.1024E-03  0.4965E-01 -0.2460E+00
   -0.069996   17.46588  0.0000E+00  0.9017E-04  0.2981E-04  0.1298E-03  0.3195E-01 -0.1242E-01
   -0.104994   17.48528  0.0000E+00  0.7150E-04  0.1487E-04  0.1395E-03  0.2545E-01  0.1719E+00
   -0.139993   17.49689  0.0000E+00  0.5921E-04  0.7999E-05  0.1515E-03  0.2118E-01  0.1633E-01
   -0.174991   17.50560  0.0000E+00  0.5025E-04  0.4473E-05  0.1678E-03  0.1786E-01  0.4112E+00
   -0.209991   17.51261  0.0000E+00  0.4365E-04  0.2657E-05  0.1865E-03  0.1518E-01  0.1493E+03
   -0.244990   17.51857  0.0000E+00  0.3868E-04  0.1677E-05  0.2120E-03  0.1288E-01  0.1199E+02
   -0.279989   17.52380  0.0000E+00  0.3481E-04  0.1130E-05  0.2474E-03  0.1088E-01  0.3245E+03
   -0.314989   17.52858  0.0000E+00  0.3150E-04  0.7972E-06  0.3043E-03  0.9047E-02  0.7544E+03
   -0.349989   17.53242  0.0000E+00  0.2877E-04  0.5875E-06  0.3718E-03  0.7651E-02  0.2480E+03
   -0.384989   17.53553  0.0000E+00  0.2653E-04  0.4517E-06  0.4292E-03  0.6501E-02  0.4035E+03
   -0.419990   17.53812  0.0000E+00  0.2469E-04  0.3597E-06  0.4624E-03  0.5512E-02  0.3041E+03
   -0.454990   17.54037  0.0000E+00  0.2312E-04  0.2958E-06  0.4860E-03  0.4598E-02  0.3660E+03
   -0.489991   17.54238  0.0000E+00  0.2170E-04  0.2495E-06  0.4936E-03  0.3747E-02  0.1744E+03
   -0.524992   17.54427  0.0000E+00  0.2025E-04  0.2112E-06  0.5136E-03  0.2959E-02  0.1832E+03
   -0.559992   17.54594  0.0000E+00  0.1867E-04  0.1760E-06  0.5110E-03  0.2348E-02  0.1323E+02
   -0.594993   17.54746  0.0000E+00  0.1727E-04  0.1471E-06  0.6432E-03  0.1896E-02  0.3302E+04
   -0.629994   17.54847  0.0000E+00  0.1636E-04  0.1289E-06  0.6890E-03  0.1715E-02  0.1856E+03
   -0.664995   17.54947  0.0000E+00  0.1557E-04  0.1143E-06  0.6239E-03  0.1585E-02  0.1674E+03
   -0.699996   17.55057  0.0000E+00  0.1466E-04  0.9889E-07  0.6261E-03  0.1392E-02  0.3502E+03
   -0.734997   17.55168  0.0000E+00  0.1384E-04  0.8611E-07  0.6314E-03  0.1212E-02  0.1710E+02
   -0.769998   17.55277  0.0000E+00  0.1314E-04  0.7595E-07  0.6508E-03  0.1045E-02  0.5346E+02
   -0.804999   17.55383  0.0000E+00  0.1253E-04  0.6805E-07  0.6631E-03  0.9052E-03  0.4774E+02
   -0.840000   17.55488  0.0000E+00  0.1199E-04  0.6181E-07  0.6604E-03  0.7840E-03  0.4452E+01
   -0.875001   17.55592  0.0000E+00  0.1148E-04  0.5675E-07  0.6695E-03  0.6714E-03  0.3662E+01
   -0.910001   17.55694  0.0000E+00  0.1102E-04  0.5303E-07  0.6703E-03  0.5765E-03  0.4441E+01
   -0.945002   17.55797  0.0000E+00  0.1062E-04  0.5049E-07  0.6615E-03  0.4948E-03  0.5253E+01
   -0.980002   17.55901  0.0000E+00  0.1025E-04  0.4900E-07  0.6445E-03  0.4239E-03  0.6799E+01
   -1.015003   17.56009  0.0000E+00  0.9918E-05  0.4850E-07  0.6221E-03  0.3629E-03  0.8126E+01
   -1.050003   17.56122  0.0000E+00  0.9605E-05  0.4907E-07  0.5948E-03  0.3124E-03  0.8418E+01
   -1.085003   17.56241  0.0000E+00  0.9291E-05  0.5118E-07  0.5676E-03  0.2710E-03  0.2343E+02
   -1.120003   17.56374  0.0000E+00  0.8950E-05  0.5578E-07  0.5317E-03  0.2360E-03  0.4323E+02
   -1.155002   17.56529  0.0000E+00  0.8553E-05  0.6429E-07  0.4999E-03  0.2027E-03  0.6839E+02
   -1.190002   17.56726  0.0000E+00  0.8062E-05  0.8033E-07  0.4386E-03  0.1691E-03  0.2375E+03
   -1.225001   17.57004  0.0000E+00  0.7536E-05  0.1053E-06  0.4058E-03  0.1327E-03  0.9399E+04
   -1.260000   17.57265  0.0000E+00  0.6793E-05  0.1717E-06  0.3144E-03  0.1021E-03 -0.6809E+05
   -1.294998   17.58233  0.0000E+00  0.5873E-05  0.3189E-06  0.3003E-03  0.6873E-04  0.1697E+06
   -1.329997   17.57657  0.0000E+00  0.4714E-05  0.7456E-06  0.1464E-03  0.6158E-04  0.6222E+06
   -1.364995   17.60578  0.0000E+00  0.3355E-05  0.1547E-05  0.1256E-03  0.3654E-04 -0.7107E+07
   -1.399992   17.61126  0.0000E+00  0.0000E+00  0.0000E+00  0.0000E+00  0.6832E-04  0.0000E+00
