 1 - depth, m
 2 - temperature, C
 3 - salinity, kg/kg
 4 - turbulent kinetic energy, m**2/s**2
 5 - dissipation rate, m**2/s**3
 6 - kinematic heat conductance, m**2/s
 7 - modulus of horizontal velocity, m/s
 8 - Richardson number, n/d
   -0.000000    0.00000  0.0000E+00  0.4702E-13  0.1132E-15  0.1000E-09  0.0000E+00  0.9498E+16
   -0.034998    0.14531  0.0000E+00  0.4702E-13  0.1132E-15  0.1000E-09  0.0000E+00  0.9254E+16
   -0.069996    0.29276  0.0000E+00  0.4702E-13  0.1132E-15  0.1000E-09  0.0000E+00  0.9004E+16
   -0.104994    0.44249  0.0000E+00  0.4702E-13  0.1132E-15  0.1000E-09  0.0000E+00  0.8608E+16
   -0.139993    0.59219  0.0000E+00  0.4702E-13  0.1132E-15  0.1000E-09  0.0000E+00  0.8141E+16
   -0.174992    0.74050  0.0000E+00  0.4702E-13  0.1132E-15  0.1000E-09  0.0000E+00  0.7685E+16
   -0.209991    0.88738  0.0000E+00  0.4702E-13  0.1132E-15  0.1000E-09  0.0000E+00  0.7239E+16
   -0.244990    1.03278  0.0000E+00  0.4702E-13  0.1132E-15  0.1000E-09  0.0000E+00  0.6803E+16
   -0.279990    1.17662  0.0000E+00  0.4702E-13  0.1132E-15  0.1000E-09  0.0000E+00  0.6377E+16
   -0.314990    1.31883  0.0000E+00  0.4702E-13  0.1132E-15  0.1000E-09  0.0000E+00  0.5921E+16
   -0.349990    1.45836  0.0000E+00  0.4702E-13  0.1132E-15  0.1000E-09  0.0000E+00  0.5471E+16
   -0.384990    1.59484  0.0000E+00  0.4702E-13  0.1132E-15  0.1000E-09  0.0000E+00  0.5032E+16
   -0.419990    1.72792  0.0000E+00  0.4702E-13  0.1132E-15  0.1000E-09  0.0000E+00  0.4651E+16
   -0.454991    1.85863  0.0000E+00  0.4702E-13  0.1132E-15  0.1000E-09  0.0000E+00  0.4310E+16
   -0.489991    1.98764  0.0000E+00  0.4702E-13  0.1132E-15  0.1000E-09  0.0000E+00  0.3964E+16
   -0.524992    2.11440  0.0000E+00  0.4702E-13  0.1132E-15  0.1000E-09  0.0000E+00  0.3565E+16
   -0.559993    2.23647  0.0000E+00  0.4702E-13  0.1132E-15  0.1000E-09  0.0000E+00  0.3115E+16
   -0.594994    2.35082  0.0000E+00  0.4702E-13  0.1132E-15  0.1000E-09  0.0000E+00  0.2665E+16
   -0.629995    2.45561  0.0000E+00  0.4702E-13  0.1132E-15  0.1000E-09  0.0000E+00  0.2418E+16
   -0.664996    2.55748  0.0000E+00  0.4702E-13  0.1132E-15  0.1000E-09  0.0000E+00  0.2181E+16
   -0.699997    2.65621  0.0000E+00  0.4702E-13  0.1132E-15  0.1000E-09  0.0000E+00  0.1952E+16
   -0.734998    2.75138  0.0000E+00  0.4702E-13  0.1132E-15  0.1000E-09  0.0000E+00  0.1747E+16
   -0.769999    2.84343  0.0000E+00  0.4702E-13  0.1132E-15  0.1000E-09  0.0000E+00  0.1589E+16
   -0.805000    2.93423  0.0000E+00  0.4702E-13  0.1132E-15  0.1000E-09  0.0000E+00  0.1435E+16
   -0.840001    3.02376  0.0000E+00  0.4702E-13  0.1132E-15  0.1000E-09  0.0000E+00  0.1287E+16
   -0.875002    3.11191  0.0000E+00  0.4702E-13  0.1132E-15  0.1000E-09  0.0000E+00  0.1143E+16
   -0.910002    3.19858  0.0000E+00  0.4702E-13  0.1132E-15  0.1000E-09  0.0000E+00  0.1006E+16
   -0.945003    3.28375  0.0000E+00  0.4702E-13  0.1132E-15  0.1000E-09  0.0000E+00  0.8744E+15
   -0.980004    3.36735  0.0000E+00  0.1791E-12  0.1455E-15  0.1000E-09  0.0000E+00  0.7479E+15
   -1.015004    3.44919  0.0000E+00  0.5735E-12  0.3760E-15  0.1000E-09  0.0000E+00  0.6240E+15
   -1.050004    3.52864  0.0000E+00  0.1668E-11  0.1037E-14  0.1000E-09  0.0000E+00  0.5092E+15
   -1.085004    3.60569  0.0000E+00  0.4732E-11  0.2857E-14  0.1000E-09  0.0000E+00  0.4163E+15
   -1.120004    3.68298  0.0000E+00  0.1314E-10  0.7735E-14  0.1000E-09  0.0000E+00  0.3224E+15
   -1.155004    3.76042  0.0000E+00  0.3609E-10  0.2075E-13  0.2278E-09  0.0000E+00  0.2282E+15
   -1.190003    3.83807  0.0000E+00  0.9884E-10  0.5562E-13  0.1023E-08  0.0000E+00  0.1335E+15
   -1.225002    3.91590  0.0000E+00  0.2815E-09  0.1558E-12  0.8849E-08  0.0000E+00  0.3864E+14
   -1.260001    3.99146  0.0000E+00  0.7974E-09  0.4465E-12  0.4901E-06  0.0000E+00 -0.4366E+13
   -1.295000    4.01047  0.0000E+00  0.1458E-08  0.1019E-11  0.7927E-06  0.0000E+00 -0.7146E+13
   -1.329998    4.02499  0.0000E+00  0.1897E-08  0.1879E-11  0.6616E-06  0.0000E+00 -0.1368E+14
   -1.364996    4.04326  0.0000E+00  0.1920E-08  0.3806E-11  0.2758E-06  0.0000E+00 -0.4874E+14
   -1.399994    4.08364  0.0000E+00  0.0000E+00  0.0000E+00  0.0000E+00  0.0000E+00  0.0000E+00
