 1 - depth, m
 2 - temperature, C
 3 - salinity, kg/kg
 4 - turbulent kinetic energy, m**2/s**2
 5 - dissipation rate, m**2/s**3
 6 - kinematic heat conductance, m**2/s
 7 - modulus of horizontal velocity, m/s
 8 - Richardson number, n/d
   -0.000000    0.00000  0.0000E+00  0.4702E-13  0.1132E-15  0.1000E-09  0.0000E+00  0.8977E+16
   -0.034998    0.13719  0.0000E+00  0.4702E-13  0.1132E-15  0.1000E-09  0.0000E+00  0.8799E+16
   -0.069996    0.27691  0.0000E+00  0.4702E-13  0.1132E-15  0.1000E-09  0.0000E+00  0.8608E+16
   -0.104994    0.41924  0.0000E+00  0.4702E-13  0.1132E-15  0.1000E-09  0.0000E+00  0.8273E+16
   -0.139993    0.56195  0.0000E+00  0.4702E-13  0.1132E-15  0.1000E-09  0.0000E+00  0.7865E+16
   -0.174992    0.70371  0.0000E+00  0.4702E-13  0.1132E-15  0.1000E-09  0.0000E+00  0.7461E+16
   -0.209991    0.84443  0.0000E+00  0.4702E-13  0.1132E-15  0.1000E-09  0.0000E+00  0.7062E+16
   -0.244991    0.98405  0.0000E+00  0.4702E-13  0.1132E-15  0.1000E-09  0.0000E+00  0.6669E+16
   -0.279991    1.12246  0.0000E+00  0.4702E-13  0.1132E-15  0.1000E-09  0.0000E+00  0.6282E+16
   -0.314991    1.25958  0.0000E+00  0.4702E-13  0.1132E-15  0.1000E-09  0.0000E+00  0.5869E+16
   -0.349991    1.39454  0.0000E+00  0.4702E-13  0.1132E-15  0.1000E-09  0.0000E+00  0.5459E+16
   -0.384991    1.52703  0.0000E+00  0.4702E-13  0.1132E-15  0.1000E-09  0.0000E+00  0.5057E+16
   -0.419992    1.65674  0.0000E+00  0.4702E-13  0.1132E-15  0.1000E-09  0.0000E+00  0.4702E+16
   -0.454992    1.78447  0.0000E+00  0.4702E-13  0.1132E-15  0.1000E-09  0.0000E+00  0.4380E+16
   -0.489993    1.91079  0.0000E+00  0.4702E-13  0.1132E-15  0.1000E-09  0.0000E+00  0.4053E+16
   -0.524994    2.03522  0.0000E+00  0.4702E-13  0.1132E-15  0.1000E-09  0.0000E+00  0.3680E+16
   -0.559995    2.15574  0.0000E+00  0.4702E-13  0.1132E-15  0.1000E-09  0.0000E+00  0.3261E+16
   -0.594996    2.26982  0.0000E+00  0.4702E-13  0.1132E-15  0.1000E-09  0.0000E+00  0.2839E+16
   -0.629997    2.37590  0.0000E+00  0.4702E-13  0.1132E-15  0.1000E-09  0.0000E+00  0.2592E+16
   -0.664998    2.47943  0.0000E+00  0.4702E-13  0.1132E-15  0.1000E-09  0.0000E+00  0.2354E+16
   -0.699999    2.58022  0.0000E+00  0.4702E-13  0.1132E-15  0.1000E-09  0.0000E+00  0.2121E+16
   -0.735000    2.67785  0.0000E+00  0.4702E-13  0.1132E-15  0.1000E-09  0.0000E+00  0.1911E+16
   -0.770001    2.77268  0.0000E+00  0.4702E-13  0.1132E-15  0.1000E-09  0.0000E+00  0.1743E+16
   -0.805002    2.86627  0.0000E+00  0.4702E-13  0.1132E-15  0.1000E-09  0.0000E+00  0.1579E+16
   -0.840003    2.95855  0.0000E+00  0.4702E-13  0.1132E-15  0.1000E-09  0.0000E+00  0.1420E+16
   -0.875004    3.04942  0.0000E+00  0.4702E-13  0.1132E-15  0.1000E-09  0.0000E+00  0.1266E+16
   -0.910005    3.13873  0.0000E+00  0.4702E-13  0.1132E-15  0.1000E-09  0.0000E+00  0.1119E+16
   -0.945006    3.22646  0.0000E+00  0.4702E-13  0.1132E-15  0.1000E-09  0.0000E+00  0.9770E+15
   -0.980007    3.31249  0.0000E+00  0.4702E-13  0.1132E-15  0.1000E-09  0.0000E+00  0.8409E+15
   -1.015007    3.39661  0.0000E+00  0.1521E-12  0.1394E-15  0.1000E-09  0.0000E+00  0.7075E+15
   -1.050008    3.47818  0.0000E+00  0.5109E-12  0.3818E-15  0.1000E-09  0.0000E+00  0.5840E+15
   -1.085008    3.55713  0.0000E+00  0.1586E-11  0.1129E-14  0.1000E-09  0.0000E+00  0.4851E+15
   -1.120008    3.63610  0.0000E+00  0.4750E-11  0.3287E-14  0.1000E-09  0.0000E+00  0.3858E+15
   -1.155007    3.71497  0.0000E+00  0.1402E-10  0.9474E-14  0.1000E-09  0.0000E+00  0.2875E+15
   -1.190007    3.79382  0.0000E+00  0.4127E-10  0.2728E-13  0.3537E-09  0.0000E+00  0.1897E+15
   -1.225006    3.87276  0.0000E+00  0.1268E-09  0.8234E-13  0.2102E-08  0.0000E+00  0.9185E+14
   -1.260005    3.95197  0.0000E+00  0.4072E-09  0.2631E-12  0.5314E-07  0.0000E+00  0.3762E+13
   -1.295004    4.01278  0.0000E+00  0.1261E-08  0.9480E-12  0.6791E-06  0.0000E+00 -0.8492E+13
   -1.330002    4.02856  0.0000E+00  0.1767E-08  0.1785E-11  0.6231E-06  0.0000E+00 -0.1447E+14
   -1.365001    4.04659  0.0000E+00  0.1793E-08  0.3514E-11  0.2609E-06  0.0000E+00 -0.4767E+14
   -1.399998    4.08493  0.0000E+00  0.0000E+00  0.0000E+00  0.0000E+00  0.0000E+00  0.0000E+00
