 1 - depth, m
 2 - temperature, C
 3 - salinity, kg/kg
 4 - turbulent kinetic energy, m**2/s**2
 5 - dissipation rate, m**2/s**3
 6 - kinematic heat conductance, m**2/s
 7 - modulus of horizontal velocity, m/s
 8 - Richardson number, n/d
   -0.000000   18.83141  0.0000E+00  0.6538E-03  0.2539E-02  0.9314E-04  0.3370E+00  0.3124E-02
   -0.034998   18.93917  0.0000E+00  0.3459E-03  0.1219E-02  0.1331E-03  0.1048E+00  0.1272E-01
   -0.069996   18.98029  0.0000E+00  0.2208E-03  0.4532E-03  0.2065E-03  0.5852E-01 -0.4555E-01
   -0.104994   18.99522  0.0000E+00  0.1713E-03  0.2765E-03  0.2222E-03  0.4428E-01 -0.1285E+00
   -0.139992   19.00241  0.0000E+00  0.1431E-03  0.1865E-03  0.2311E-03  0.3643E-01 -0.5995E-01
   -0.174991   19.00765  0.0000E+00  0.1222E-03  0.1257E-03  0.2415E-03  0.3072E-01 -0.3024E-01
   -0.209990   19.01170  0.0000E+00  0.1066E-03  0.8497E-04  0.2522E-03  0.2642E-01 -0.3068E-01
   -0.244990   19.01525  0.0000E+00  0.9460E-04  0.5750E-04  0.2650E-03  0.2293E-01 -0.5349E-01
   -0.279989   19.01842  0.0000E+00  0.8486E-04  0.3525E-04  0.2695E-03  0.1987E-01  0.2038E+01
   -0.314989   19.02299  0.0000E+00  0.7590E-04  0.2065E-04  0.2960E-03  0.1650E-01  0.1240E+03
   -0.349989   19.02580  0.0000E+00  0.6871E-04  0.1290E-04  0.3171E-03  0.1427E-01  0.6794E+02
   -0.384989   19.02835  0.0000E+00  0.6270E-04  0.8005E-05  0.3421E-03  0.1248E-01  0.1761E+03
   -0.419990   19.03043  0.0000E+00  0.5771E-04  0.4978E-05  0.3654E-03  0.1098E-01  0.3750E+03
   -0.454990   19.03274  0.0000E+00  0.5343E-04  0.3179E-05  0.3870E-03  0.9532E-02  0.8474E+02
   -0.489991   19.03547  0.0000E+00  0.4971E-04  0.2160E-05  0.4109E-03  0.8129E-02  0.1737E+04
   -0.524991   19.03898  0.0000E+00  0.4613E-04  0.1541E-05  0.4389E-03  0.6870E-02  0.5042E+03
   -0.559992   19.04150  0.0000E+00  0.4257E-04  0.1145E-05  0.4644E-03  0.5938E-02  0.1696E+04
   -0.594993   19.04262  0.0000E+00  0.3868E-04  0.8451E-06  0.4734E-03  0.5294E-02  0.2746E+04
   -0.629994   19.04028  0.0000E+00  0.3526E-04  0.6414E-06  0.4962E-03  0.4925E-02  0.1967E+04
   -0.664995   19.04101  0.0000E+00  0.3235E-04  0.5076E-06  0.5326E-03  0.4516E-02  0.2125E+04
   -0.699996   19.04195  0.0000E+00  0.2981E-04  0.4105E-06  0.5759E-03  0.4109E-02 -0.8183E+04
   -0.734997   19.04289  0.0000E+00  0.2756E-04  0.3395E-06  0.6133E-03  0.3716E-02  0.1333E+03
   -0.769998   19.04374  0.0000E+00  0.2553E-04  0.2852E-06  0.6374E-03  0.3347E-02  0.8798E+02
   -0.804999   19.04460  0.0000E+00  0.2371E-04  0.2427E-06  0.6653E-03  0.2999E-02  0.1462E+04
   -0.839999   19.04539  0.0000E+00  0.2210E-04  0.2092E-06  0.6774E-03  0.2682E-02  0.1353E+03
   -0.875000   19.04620  0.0000E+00  0.2062E-04  0.1820E-06  0.6713E-03  0.2390E-02  0.7297E+03
   -0.910001   19.04699  0.0000E+00  0.1924E-04  0.1594E-06  0.6628E-03  0.2113E-02  0.1282E+03
   -0.945002   19.04782  0.0000E+00  0.1798E-04  0.1413E-06  0.6592E-03  0.1852E-02  0.8207E+04
   -0.980002   19.04867  0.0000E+00  0.1683E-04  0.1270E-06  0.6422E-03  0.1612E-02  0.1055E+03
   -1.015002   19.04957  0.0000E+00  0.1574E-04  0.1159E-06  0.6156E-03  0.1388E-02  0.1768E+03
   -1.050002   19.05051  0.0000E+00  0.1470E-04  0.1078E-06  0.5959E-03  0.1181E-02  0.1647E+03
   -1.085002   19.05151  0.0000E+00  0.1372E-04  0.1030E-06  0.5655E-03  0.1004E-02  0.3802E+03
   -1.120002   19.05259  0.0000E+00  0.1279E-04  0.1028E-06  0.5293E-03  0.8546E-03  0.3073E+03
   -1.155002   19.05383  0.0000E+00  0.1186E-04  0.1112E-06  0.5012E-03  0.7177E-03  0.5260E+03
   -1.190001   19.05540  0.0000E+00  0.1087E-04  0.1367E-06  0.4493E-03  0.5885E-03  0.7906E+03
   -1.225000   19.05774  0.0000E+00  0.9803E-05  0.1902E-06  0.4096E-03  0.4562E-03  0.1898E+04
   -1.259999   19.06032  0.0000E+00  0.8485E-05  0.3283E-06  0.3112E-03  0.3392E-03  0.1293E+05
   -1.294998   19.06858  0.0000E+00  0.7094E-05  0.6451E-06  0.2972E-03  0.2267E-03  0.2648E+05
   -1.329996   19.06345  0.0000E+00  0.5647E-05  0.1625E-05  0.1575E-03  0.2044E-03  0.5683E+06
   -1.364994   19.08918  0.0000E+00  0.4054E-05  0.3067E-05  0.1431E-03  0.1248E-03 -0.1716E+09
   -1.399992   19.09389  0.0000E+00  0.0000E+00  0.0000E+00  0.0000E+00  0.2472E-03  0.0000E+00
