 1 - depth, m
 2 - temperature, C
 3 - salinity, kg/kg
 4 - turbulent kinetic energy, m**2/s**2
 5 - dissipation rate, m**2/s**3
 6 - kinematic heat conductance, m**2/s
 7 - modulus of horizontal velocity, m/s
 8 - Richardson number, n/d
   -0.000000    9.11252  0.0000E+00  0.7008E-03  0.2398E-01  0.8177E-04  0.3111E+00  0.1480E-01
   -0.034998    9.23412  0.0000E+00  0.3916E-03  0.1592E-01  0.1629E-03  0.9450E-01 -0.1363E+00
   -0.069996    9.27225  0.0000E+00  0.2574E-03  0.1095E-01  0.2355E-03  0.5437E-01  0.1259E-01
   -0.104994    9.29131  0.0000E+00  0.1936E-03  0.4880E-02  0.2300E-03  0.4117E-01 -0.1597E-01
   -0.139993    9.30123  0.0000E+00  0.1460E-03  0.9571E-03  0.2387E-03  0.3369E-01 -0.3433E-01
   -0.174992    9.30804  0.0000E+00  0.1165E-03  0.5062E-04  0.2448E-03  0.2837E-01 -0.6313E-01
   -0.209991    9.31419  0.0000E+00  0.1013E-03  0.2561E-04  0.2517E-03  0.2428E-01 -0.5021E-01
   -0.244991    9.31838  0.0000E+00  0.8980E-04  0.1650E-04  0.2579E-03  0.2113E-01 -0.4897E-01
   -0.279991    9.32211  0.0000E+00  0.8041E-04  0.1069E-04  0.2592E-03  0.1833E-01  0.6488E-02
   -0.314990    9.32683  0.0000E+00  0.7181E-04  0.7007E-05  0.2739E-03  0.1533E-01  0.3155E+01
   -0.349991    9.33023  0.0000E+00  0.6475E-04  0.4695E-05  0.2827E-03  0.1323E-01  0.1330E+01
   -0.384991    9.33330  0.0000E+00  0.5886E-04  0.3234E-05  0.2905E-03  0.1153E-01  0.5953E+02
   -0.419991    9.33610  0.0000E+00  0.5390E-04  0.2303E-05  0.2954E-03  0.1012E-01  0.4245E+04
   -0.454992    9.33909  0.0000E+00  0.4963E-04  0.1710E-05  0.2979E-03  0.8750E-02  0.2232E+03
   -0.489993    9.34269  0.0000E+00  0.4590E-04  0.1333E-05  0.3033E-03  0.7406E-02  0.2445E+02
   -0.524994    9.34684  0.0000E+00  0.4236E-04  0.1070E-05  0.3189E-03  0.6195E-02  0.6790E+02
   -0.559994    9.35011  0.0000E+00  0.3892E-04  0.8714E-06  0.3377E-03  0.5332E-02 -0.6386E+03
   -0.594995    9.35197  0.0000E+00  0.3518E-04  0.6927E-06  0.3523E-03  0.4747E-02  0.1630E+04
   -0.629996    9.35039  0.0000E+00  0.3180E-04  0.5544E-06  0.3718E-03  0.4432E-02 -0.1282E+04
   -0.664998    9.35179  0.0000E+00  0.2892E-04  0.4509E-06  0.3944E-03  0.4053E-02  0.5729E+04
   -0.699999    9.35340  0.0000E+00  0.2643E-04  0.3715E-06  0.4224E-03  0.3673E-02  0.1110E+04
   -0.735000    9.35494  0.0000E+00  0.2425E-04  0.3094E-06  0.4510E-03  0.3318E-02  0.5490E+03
   -0.770001    9.35643  0.0000E+00  0.2232E-04  0.2602E-06  0.4871E-03  0.2987E-02  0.1742E+03
   -0.805002    9.35781  0.0000E+00  0.2059E-04  0.2209E-06  0.5076E-03  0.2686E-02  0.1390E+03
   -0.840003    9.35913  0.0000E+00  0.1905E-04  0.1894E-06  0.5256E-03  0.2407E-02  0.2824E+03
   -0.875004    9.36040  0.0000E+00  0.1766E-04  0.1635E-06  0.5409E-03  0.2150E-02  0.1538E+03
   -0.910005    9.36162  0.0000E+00  0.1640E-04  0.1424E-06  0.5524E-03  0.1915E-02  0.5247E+03
   -0.945005    9.36282  0.0000E+00  0.1526E-04  0.1252E-06  0.5551E-03  0.1695E-02  0.1232E+03
   -0.980006    9.36401  0.0000E+00  0.1424E-04  0.1115E-06  0.5516E-03  0.1489E-02  0.1967E+03
   -1.015006    9.36522  0.0000E+00  0.1329E-04  0.1006E-06  0.5447E-03  0.1294E-02  0.1271E+03
   -1.050007    9.36643  0.0000E+00  0.1241E-04  0.9236E-07  0.5284E-03  0.1119E-02  0.1777E+03
   -1.085007    9.36768  0.0000E+00  0.1159E-04  0.8680E-07  0.5094E-03  0.9639E-03  0.1930E+04
   -1.120007    9.36899  0.0000E+00  0.1083E-04  0.8473E-07  0.4778E-03  0.8301E-03  0.5763E+03
   -1.155007    9.37045  0.0000E+00  0.1009E-04  0.8785E-07  0.4477E-03  0.7069E-03  0.4674E+03
   -1.190006    9.37215  0.0000E+00  0.9335E-05  0.9996E-07  0.3966E-03  0.5903E-03  0.6519E+03
   -1.225005    9.37450  0.0000E+00  0.8515E-05  0.1272E-06  0.3613E-03  0.4687E-03  0.1897E+04
   -1.260004    9.37720  0.0000E+00  0.7537E-05  0.1957E-06  0.2923E-03  0.3593E-03  0.8169E+04
   -1.295003    9.38300  0.0000E+00  0.6337E-05  0.3643E-06  0.2523E-03  0.2604E-03  0.4382E+04
   -1.330001    9.38202  0.0000E+00  0.4970E-05  0.8466E-06  0.1437E-03  0.2298E-03  0.2220E+06
   -1.365000    9.40157  0.0000E+00  0.3430E-05  0.1720E-05  0.9920E-04  0.1582E-03 -0.3319E+09
   -1.399997    9.41401  0.0000E+00  0.0000E+00  0.0000E+00  0.0000E+00  0.2744E-03  0.0000E+00
