 1 - depth, m
 2 - temperature, C
 3 - salinity, kg/kg
 4 - turbulent kinetic energy, m**2/s**2
 5 - dissipation rate, m**2/s**3
 6 - kinematic heat conductance, m**2/s
 7 - modulus of horizontal velocity, m/s
 8 - Richardson number, n/d
   -0.000000   12.80031  0.0000E+00  0.3957E-03  0.8263E-03  0.7452E-04  0.2195E+00  0.6044E-01
   -0.034998   12.85135  0.0000E+00  0.2022E-03  0.2802E-03  0.1200E-03  0.6856E-01 -0.2696E-01
   -0.069996   12.86447  0.0000E+00  0.1357E-03  0.9437E-04  0.1682E-03  0.4144E-01 -0.4298E-01
   -0.104995   12.87155  0.0000E+00  0.1067E-03  0.5192E-04  0.1709E-03  0.3189E-01 -0.1443E-01
   -0.139994   12.87580  0.0000E+00  0.8781E-04  0.3063E-04  0.1725E-03  0.2603E-01 -0.1554E-01
   -0.174993   12.87883  0.0000E+00  0.7441E-04  0.1854E-04  0.1780E-03  0.2187E-01 -0.5464E-01
   -0.209992   12.88122  0.0000E+00  0.6434E-04  0.1133E-04  0.1851E-03  0.1865E-01 -0.3597E-01
   -0.244992   12.88327  0.0000E+00  0.5651E-04  0.6982E-05  0.1903E-03  0.1601E-01  0.9016E-01
   -0.279992   12.88516  0.0000E+00  0.5011E-04  0.4374E-05  0.1922E-03  0.1363E-01  0.3779E+02
   -0.314992   12.88722  0.0000E+00  0.4446E-04  0.2808E-05  0.2021E-03  0.1123E-01 -0.2392E+00
   -0.349992   12.88895  0.0000E+00  0.3978E-04  0.1865E-05  0.2095E-03  0.9498E-02  0.4188E-01
   -0.384993   12.89056  0.0000E+00  0.3588E-04  0.1292E-05  0.2171E-03  0.8096E-02  0.1169E+01
   -0.419993   12.89203  0.0000E+00  0.3262E-04  0.9362E-06  0.2220E-03  0.6931E-02  0.4962E+04
   -0.454994   12.89354  0.0000E+00  0.2982E-04  0.7095E-06  0.2254E-03  0.5844E-02  0.5152E+02
   -0.489995   12.89511  0.0000E+00  0.2739E-04  0.5623E-06  0.2310E-03  0.4817E-02  0.1485E+02
   -0.524996   12.89676  0.0000E+00  0.2510E-04  0.4574E-06  0.2441E-03  0.3911E-02 -0.1858E+02
   -0.559997   12.89813  0.0000E+00  0.2290E-04  0.3759E-06  0.2645E-03  0.3256E-02  0.2378E+04
   -0.594998   12.89917  0.0000E+00  0.2055E-04  0.3015E-06  0.2854E-03  0.2822E-02  0.2136E+04
   -0.629999   12.89967  0.0000E+00  0.1847E-04  0.2426E-06  0.3121E-03  0.2567E-02  0.1413E+04
   -0.665000   12.90052  0.0000E+00  0.1670E-04  0.1980E-06  0.3441E-03  0.2308E-02  0.1271E+06
   -0.700002   12.90135  0.0000E+00  0.1520E-04  0.1636E-06  0.3734E-03  0.2061E-02  0.1009E+05
   -0.735003   12.90212  0.0000E+00  0.1390E-04  0.1367E-06  0.3997E-03  0.1834E-02  0.9472E+03
   -0.770004   12.90285  0.0000E+00  0.1277E-04  0.1152E-06  0.4254E-03  0.1628E-02  0.2752E+03
   -0.805005   12.90352  0.0000E+00  0.1178E-04  0.9788E-07  0.4455E-03  0.1441E-02  0.1113E+03
   -0.840006   12.90416  0.0000E+00  0.1091E-04  0.8387E-07  0.4611E-03  0.1274E-02  0.1020E+03
   -0.875008   12.90476  0.0000E+00  0.1014E-04  0.7240E-07  0.4749E-03  0.1123E-02  0.1002E+03
   -0.910009   12.90533  0.0000E+00  0.9458E-05  0.6298E-07  0.4834E-03  0.9880E-03  0.8703E+02
   -0.945009   12.90589  0.0000E+00  0.8855E-05  0.5537E-07  0.4863E-03  0.8641E-03  0.1132E+03
   -0.980010   12.90643  0.0000E+00  0.8322E-05  0.4930E-07  0.4871E-03  0.7500E-03  0.4713E+03
   -1.015011   12.90697  0.0000E+00  0.7843E-05  0.4449E-07  0.4818E-03  0.6451E-03  0.8504E+03
   -1.050011   12.90751  0.0000E+00  0.7407E-05  0.4076E-07  0.4715E-03  0.5517E-03  0.3152E+03
   -1.085012   12.90806  0.0000E+00  0.7008E-05  0.3812E-07  0.4583E-03  0.4706E-03  0.7728E+03
   -1.120012   12.90862  0.0000E+00  0.6641E-05  0.3672E-07  0.4363E-03  0.4016E-03  0.2885E+03
   -1.155011   12.90923  0.0000E+00  0.6295E-05  0.3700E-07  0.4138E-03  0.3388E-03  0.3814E+03
   -1.190011   12.90990  0.0000E+00  0.5953E-05  0.3987E-07  0.3785E-03  0.2808E-03  0.1648E+04
   -1.225011   12.91071  0.0000E+00  0.5579E-05  0.4702E-07  0.3465E-03  0.2239E-03  0.3457E+04
   -1.260010   12.91163  0.0000E+00  0.5115E-05  0.6552E-07  0.2913E-03  0.1724E-03  0.1797E+04
   -1.295009   12.91314  0.0000E+00  0.4461E-05  0.1069E-06  0.2450E-03  0.1253E-03  0.1955E+05
   -1.330007   12.91381  0.0000E+00  0.3629E-05  0.2254E-06  0.1463E-03  0.1070E-03  0.5273E+05
   -1.365005   12.91940  0.0000E+00  0.2421E-05  0.4908E-06  0.5564E-04  0.7341E-04 -0.6126E+08
   -1.400003   12.92817  0.0000E+00  0.0000E+00  0.0000E+00  0.0000E+00  0.1163E-03  0.0000E+00
