 1 - depth, m
 2 - temperature, C
 3 - salinity, kg/kg
 4 - turbulent kinetic energy, m**2/s**2
 5 - dissipation rate, m**2/s**3
 6 - kinematic heat conductance, m**2/s
 7 - modulus of horizontal velocity, m/s
 8 - Richardson number, n/d
   -0.000000    7.59338  0.0000E+00  0.1238E-03  0.6536E-04  0.4012E-04  0.8784E-01 -0.5672E-01
   -0.034998    7.64969  0.0000E+00  0.7113E-04  0.1772E-04  0.8330E-04  0.2862E-01 -0.2553E+00
   -0.069996    7.66249  0.0000E+00  0.5261E-04  0.7594E-05  0.1033E-03  0.1984E-01  0.3564E+02
   -0.104995    7.67083  0.0000E+00  0.4257E-04  0.4241E-05  0.1130E-03  0.1610E-01  0.2520E+02
   -0.139994    7.67659  0.0000E+00  0.3565E-04  0.2579E-05  0.1264E-03  0.1349E-01  0.4227E+01
   -0.174993    7.68108  0.0000E+00  0.3053E-04  0.1648E-05  0.1415E-03  0.1144E-01  0.1241E+02
   -0.209993    7.68482  0.0000E+00  0.2659E-04  0.1094E-05  0.1573E-03  0.9734E-02  0.3159E+01
   -0.244993    7.68800  0.0000E+00  0.2349E-04  0.7549E-06  0.1729E-03  0.8268E-02  0.1275E+02
   -0.279993    7.69083  0.0000E+00  0.2092E-04  0.5405E-06  0.1866E-03  0.6957E-02  0.1459E+02
   -0.314993    7.69343  0.0000E+00  0.1859E-04  0.3972E-06  0.2048E-03  0.5734E-02  0.3436E+01
   -0.349993    7.69576  0.0000E+00  0.1661E-04  0.2995E-06  0.2219E-03  0.4755E-02  0.2006E+03
   -0.384994    7.69788  0.0000E+00  0.1492E-04  0.2310E-06  0.2383E-03  0.3952E-02  0.1404E+02
   -0.419995    7.69983  0.0000E+00  0.1351E-04  0.1822E-06  0.2524E-03  0.3280E-02  0.3542E+01
   -0.454996    7.70164  0.0000E+00  0.1232E-04  0.1467E-06  0.2650E-03  0.2679E-02  0.8060E+01
   -0.489997    7.70335  0.0000E+00  0.1128E-04  0.1207E-06  0.2760E-03  0.2132E-02  0.4879E+02
   -0.524998    7.70497  0.0000E+00  0.1032E-04  0.1001E-06  0.2933E-03  0.1650E-02  0.2718E+02
   -0.559999    7.70648  0.0000E+00  0.9401E-05  0.8289E-07  0.3113E-03  0.1297E-02  0.2076E+02
   -0.595000    7.70791  0.0000E+00  0.8429E-05  0.6649E-07  0.3301E-03  0.1066E-02  0.3144E+02
   -0.630002    7.70928  0.0000E+00  0.7597E-05  0.5351E-07  0.3478E-03  0.9304E-03  0.6846E+02
   -0.665003    7.71056  0.0000E+00  0.6910E-05  0.4362E-07  0.3656E-03  0.8091E-03  0.3431E+03
   -0.700004    7.71175  0.0000E+00  0.6338E-05  0.3602E-07  0.3826E-03  0.6995E-03  0.7697E+02
   -0.735006    7.71285  0.0000E+00  0.5857E-05  0.3011E-07  0.3982E-03  0.6022E-03  0.2347E+03
   -0.770007    7.71388  0.0000E+00  0.5452E-05  0.2549E-07  0.4151E-03  0.5169E-03  0.8345E+02
   -0.805008    7.71484  0.0000E+00  0.5109E-05  0.2187E-07  0.4308E-03  0.4434E-03  0.1848E+03
   -0.840010    7.71573  0.0000E+00  0.4819E-05  0.1902E-07  0.4416E-03  0.3801E-03  0.2020E+02
   -0.875011    7.71658  0.0000E+00  0.4571E-05  0.1678E-07  0.4491E-03  0.3257E-03  0.1611E+02
   -0.910012    7.71739  0.0000E+00  0.4359E-05  0.1499E-07  0.4525E-03  0.2792E-03  0.1440E+02
   -0.945013    7.71818  0.0000E+00  0.4179E-05  0.1360E-07  0.4548E-03  0.2384E-03  0.1322E+02
   -0.980014    7.71893  0.0000E+00  0.4025E-05  0.1253E-07  0.4536E-03  0.2028E-03  0.2760E+02
   -1.015015    7.71967  0.0000E+00  0.3892E-05  0.1170E-07  0.4500E-03  0.1714E-03  0.1235E+02
   -1.050015    7.72040  0.0000E+00  0.3776E-05  0.1109E-07  0.4433E-03  0.1448E-03  0.1692E+02
   -1.085016    7.72112  0.0000E+00  0.3672E-05  0.1066E-07  0.4334E-03  0.1225E-03  0.2257E+02
   -1.120016    7.72185  0.0000E+00  0.3578E-05  0.1040E-07  0.4199E-03  0.1041E-03  0.3253E+02
   -1.155016    7.72258  0.0000E+00  0.3491E-05  0.1031E-07  0.4036E-03  0.8785E-04  0.4537E+02
   -1.190016    7.72333  0.0000E+00  0.3408E-05  0.1044E-07  0.3792E-03  0.7325E-04  0.6339E+02
   -1.225015    7.72413  0.0000E+00  0.3319E-05  0.1094E-07  0.3534E-03  0.5948E-04  0.8631E+02
   -1.260015    7.72499  0.0000E+00  0.3199E-05  0.1227E-07  0.2941E-03  0.4733E-04  0.7819E+02
   -1.295014    7.72613  0.0000E+00  0.2968E-05  0.1618E-07  0.2628E-03  0.3590E-04  0.3178E+03
   -1.330012    7.72730  0.0000E+00  0.2554E-05  0.2766E-07  0.1283E-03  0.2936E-04  0.4540E+05
   -1.365011    7.73239  0.0000E+00  0.1606E-05  0.7351E-07  0.3120E-04  0.2007E-04 -0.1307E+08
   -1.400009    7.74357  0.0000E+00  0.0000E+00  0.0000E+00  0.0000E+00  0.2437E-04  0.0000E+00
