 1 - depth, m
 2 - temperature, C
 3 - salinity, kg/kg
 4 - turbulent kinetic energy, m**2/s**2
 5 - dissipation rate, m**2/s**3
 6 - kinematic heat conductance, m**2/s
 7 - modulus of horizontal velocity, m/s
 8 - Richardson number, n/d
   -0.000000   30.69920  0.4383E-15  0.6144E-05  0.1951E-06  0.5183E-04  0.3935E-02 -0.6164E+01
   -0.112493   30.76554  0.4383E-15  0.1159E-04  0.8169E-07  0.5923E-03  0.1227E-02  0.2049E+03
   -0.224987   30.77090  0.4383E-15  0.1291E-04  0.6310E-07  0.8853E-03  0.1010E-02  0.4027E+03
   -0.337482   30.77395  0.4383E-15  0.1367E-04  0.5331E-07  0.1133E-02  0.8793E-03  0.1096E+03
   -0.449978   30.77608  0.4383E-15  0.1415E-04  0.4670E-07  0.1365E-02  0.7830E-03  0.6752E+02
   -0.562474   30.77767  0.4383E-15  0.1443E-04  0.4176E-07  0.1575E-02  0.7071E-03  0.4970E+02
   -0.674972   30.77891  0.4383E-15  0.1458E-04  0.3784E-07  0.1766E-02  0.6444E-03  0.4034E+02
   -0.787470   30.77992  0.4383E-15  0.1463E-04  0.3460E-07  0.1939E-02  0.5913E-03  0.3437E+02
   -0.899970   30.78075  0.4383E-15  0.1461E-04  0.3185E-07  0.2096E-02  0.5450E-03  0.3058E+02
   -1.012469   30.78145  0.4383E-15  0.1452E-04  0.2948E-07  0.2237E-02  0.5043E-03  0.2770E+02
   -1.124970   30.78204  0.4383E-15  0.1440E-04  0.2739E-07  0.2365E-02  0.4679E-03  0.2581E+02
   -1.237471   30.78256  0.4382E-15  0.1423E-04  0.2553E-07  0.2480E-02  0.4351E-03  0.2420E+02
   -1.349972   30.78300  0.4382E-15  0.1404E-04  0.2386E-07  0.2583E-02  0.4053E-03  0.2320E+02
   -1.462474   30.78339  0.4382E-15  0.1383E-04  0.2236E-07  0.2675E-02  0.3780E-03  0.2223E+02
   -1.574977   30.78374  0.4382E-15  0.1359E-04  0.2099E-07  0.2758E-02  0.3530E-03  0.2171E+02
   -1.687479   30.78404  0.4382E-15  0.1335E-04  0.1973E-07  0.2831E-02  0.3299E-03  0.2112E+02
   -1.799982   30.78431  0.4382E-15  0.1309E-04  0.1858E-07  0.2895E-02  0.3085E-03  0.2090E+02
   -1.912486   30.78455  0.4382E-15  0.1282E-04  0.1753E-07  0.2952E-02  0.2887E-03  0.2055E+02
   -2.024989   30.78476  0.4382E-15  0.1255E-04  0.1655E-07  0.3001E-02  0.2703E-03  0.2052E+02
   -2.137492   30.78494  0.4382E-15  0.1228E-04  0.1565E-07  0.3043E-02  0.2532E-03  0.2032E+02
   -2.249996   30.78511  0.4382E-15  0.1200E-04  0.1482E-07  0.3080E-02  0.2372E-03  0.2042E+02
   -2.362499   30.78526  0.4382E-15  0.1173E-04  0.1405E-07  0.3112E-02  0.2225E-03  0.2029E+02
   -2.475003   30.78538  0.4382E-15  0.1145E-04  0.1334E-07  0.3139E-02  0.2087E-03  0.2081E+02
   -2.587506   30.78549  0.4382E-15  0.1118E-04  0.1268E-07  0.3143E-02  0.1960E-03  0.2975E+02
   -2.700009   30.78559  0.4382E-15  0.1089E-04  0.1204E-07  0.2980E-02  0.1835E-03  0.2401E+04
   -2.812512   30.78568  0.4382E-15  0.1059E-04  0.1141E-07  0.2886E-02  0.1705E-03  0.1756E+04
   -2.925015   30.78575  0.4382E-15  0.1029E-04  0.1083E-07  0.2818E-02  0.1578E-03  0.4677E+03
   -3.037518   30.78581  0.4382E-15  0.9980E-05  0.1028E-07  0.2748E-02  0.1456E-03  0.4807E+03
   -3.150019   30.78586  0.4382E-15  0.9677E-05  0.9780E-08  0.2678E-02  0.1339E-03  0.5935E+03
   -3.262521   30.78589  0.4382E-15  0.9377E-05  0.9317E-08  0.2612E-02  0.1229E-03  0.2198E+03
   -3.375022   30.78590  0.4382E-15  0.9082E-05  0.8894E-08  0.2558E-02  0.1123E-03  0.1839E+04
   -3.487522   30.78588  0.4382E-15  0.8778E-05  0.8487E-08  0.2102E-02  0.1025E-03  0.6461E+03
   -3.600022   30.78583  0.4382E-15  0.8428E-05  0.8040E-08  0.1113E-02  0.9283E-04  0.1516E+05
   -3.712521   30.78574  0.4382E-15  0.8029E-05  0.7565E-08  0.8036E-03  0.8167E-04  0.7129E+03
   -3.825020   30.78555  0.4382E-15  0.7616E-05  0.7122E-08  0.5866E-03  0.7091E-04  0.1998E+04
   -3.937517   30.78511  0.4382E-15  0.7156E-05  0.6681E-08  0.3497E-03  0.6089E-04  0.7407E+04
   -4.050014   30.78329  0.4381E-15  0.6447E-05  0.6055E-08  0.1270E-03  0.5082E-04  0.3884E+06
   -4.162510   30.72599  0.4356E-15  0.3860E-05  0.3683E-08  0.1730E-04  0.3183E-04  0.2356E+10
   -4.275005   30.52110  0.4251E-15  0.1070E-05  0.1500E-08  0.1778E-06  0.1056E-04  0.1322E+14
   -4.387499   30.30666  0.4128E-15  0.2608E-06  0.2554E-08  0.3572E-05  0.3719E-06 -0.1642E+15
   -4.499992   30.30108  0.4125E-15  0.0000E+00  0.0000E+00  0.0000E+00  0.3504E-06  0.0000E+00
