 1 - depth, m
 2 - temperature, C
 3 - salinity, kg/kg
 4 - turbulent kinetic energy, m**2/s**2
 5 - dissipation rate, m**2/s**3
 6 - kinematic heat conductance, m**2/s
 7 - modulus of horizontal velocity, m/s
 8 - Richardson number, n/d
   -0.000000   29.34392  0.2581E-14  0.2594E-05  0.5626E-07  0.2877E-04  0.1498E-02 -0.2590E+02
   -0.112493   29.39843  0.2581E-14  0.4724E-05  0.2460E-07  0.3494E-03  0.4377E-03 -0.3389E+03
   -0.224987   29.40201  0.2581E-14  0.4934E-05  0.1889E-07  0.4639E-03  0.3548E-03 -0.2150E+03
   -0.337482   29.40415  0.2581E-14  0.4883E-05  0.1526E-07  0.5491E-03  0.3041E-03  0.7098E+06
   -0.449978   29.40556  0.2581E-14  0.4697E-05  0.1257E-07  0.6096E-03  0.2668E-03  0.3928E+07
   -0.562475   29.40656  0.2581E-14  0.4430E-05  0.1044E-07  0.6413E-03  0.2368E-03  0.1544E+07
   -0.674973   29.40727  0.2581E-14  0.4118E-05  0.8690E-08  0.6525E-03  0.2114E-03  0.1358E+06
   -0.787471   29.40780  0.2581E-14  0.3785E-05  0.7252E-08  0.6515E-03  0.1894E-03  0.9326E+05
   -0.899970   29.40818  0.2581E-14  0.3447E-05  0.6068E-08  0.6364E-03  0.1703E-03  0.5523E+06
   -1.012470   29.40843  0.2581E-14  0.3100E-05  0.5055E-08  0.5776E-03  0.1532E-03  0.1439E+06
   -1.124971   29.40855  0.2581E-14  0.2719E-05  0.4117E-08  0.4505E-03  0.1362E-03  0.1621E+05
   -1.237472   29.40808  0.2581E-14  0.2311E-05  0.3243E-08  0.3127E-03  0.1149E-03  0.9314E+02
   -1.349973   29.40622  0.2581E-14  0.1910E-05  0.2482E-08  0.2133E-03  0.9353E-04  0.1161E+05
   -1.462476   29.40340  0.2581E-14  0.1525E-05  0.1847E-08  0.1402E-03  0.7572E-04  0.1079E+07
   -1.574978   29.39920  0.2581E-14  0.1155E-05  0.1317E-08  0.7848E-04  0.5897E-04  0.1136E+09
   -1.687481   29.39285  0.2581E-14  0.7927E-06  0.8580E-09  0.3350E-04  0.4221E-04  0.1380E+11
   -1.799984   29.38270  0.2581E-14  0.4425E-06  0.4485E-09  0.1149E-04  0.2421E-04  0.2238E+13
   -1.912487   29.36638  0.2581E-14  0.1972E-06  0.1862E-09  0.2857E-05  0.9201E-05  0.3652E+15
   -2.024991   29.34556  0.2581E-14  0.6706E-07  0.6190E-10  0.1770E-06  0.3492E-05  0.1168E+16
   -2.137494   29.31605  0.2581E-14  0.7549E-08  0.7662E-11  0.5900E-08  0.6916E-06  0.2066E+16
   -2.249998   29.27876  0.2581E-14  0.4421E-09  0.1270E-11  0.5961E-09  0.5833E-07  0.3115E+16
   -2.362501   29.24437  0.2581E-14  0.4419E-11  0.1000E-11  0.1000E-09  0.4359E-08  0.4434E+16
   -2.475005   29.21293  0.2581E-14  0.4419E-11  0.1000E-11  0.1000E-09  0.3124E-09  0.5955E+16
   -2.587508   29.18592  0.2581E-14  0.4419E-11  0.1000E-11  0.1000E-09  0.2130E-10  0.6370E+16
   -2.700012   29.16221  0.2581E-14  0.4419E-11  0.1000E-11  0.1000E-09  0.1375E-11  0.6107E+16
   -2.812515   29.14108  0.2580E-14  0.4419E-11  0.1000E-11  0.1000E-09  0.8384E-13  0.5377E+16
   -2.925018   29.12247  0.2580E-14  0.4380E-09  0.1080E-11  0.9775E-09  0.4799E-14  0.4581E+16
   -3.037520   29.10661  0.2579E-14  0.6990E-08  0.4185E-11  0.1659E-07  0.2583E-15  0.3538E+16
   -3.150022   29.09435  0.2578E-14  0.4773E-07  0.2602E-10  0.3436E-06  0.1347E-16  0.1996E+16
   -3.262524   29.08744  0.2577E-14  0.1217E-06  0.6772E-10  0.7256E-05  0.1553E-17  0.5003E+15
   -3.375025   29.08570  0.2577E-14  0.2034E-06  0.1181E-09  0.3023E-04  0.6346E-18  0.1400E+15
   -3.487525   29.08522  0.2576E-14  0.2899E-06  0.1819E-09  0.6437E-04  0.3223E-18  0.6124E+13
   -3.600025   29.08520  0.2576E-14  0.3763E-06  0.2616E-09  0.1101E-03  0.1786E-18 -0.1220E+14
   -3.712524   29.08524  0.2576E-14  0.4652E-06  0.3641E-09  0.1577E-03  0.1036E-18 -0.2179E+14
   -3.825023   29.08532  0.2576E-14  0.5559E-06  0.4943E-09  0.2023E-03  0.6128E-19 -0.3061E+14
   -3.937521   29.08542  0.2576E-14  0.6449E-06  0.6595E-09  0.2352E-03  0.3627E-19 -0.4176E+14
   -4.050018   29.08557  0.2576E-14  0.7245E-06  0.8668E-09  0.2382E-03  0.2198E-19 -0.6120E+14
   -4.162514   29.08578  0.2576E-14  0.7884E-06  0.1151E-08  0.2194E-03  0.1367E-19 -0.9685E+14
   -4.275009   29.08612  0.2576E-14  0.8168E-06  0.1668E-08  0.1640E-03  0.8182E-20 -0.1926E+15
   -4.387503   29.08678  0.2576E-14  0.4803E-06  0.5273E-08  0.1118E-04  0.3979E-20 -0.4383E+16
   -4.499995   29.10199  0.2576E-14  0.0000E+00  0.0000E+00  0.0000E+00  0.4381E-20  0.0000E+00
