 1 - depth, m
 2 - temperature, C
 3 - salinity, kg/kg
 4 - turbulent kinetic energy, m**2/s**2
 5 - dissipation rate, m**2/s**3
 6 - kinematic heat conductance, m**2/s
 7 - modulus of horizontal velocity, m/s
 8 - Richardson number, n/d
   -0.000000   29.21655  0.1603E-13  0.4621E-05  0.1138E-06  0.3961E-04  0.3901E-02 -0.2437E+01
   -0.112493   29.27400  0.1603E-13  0.8387E-05  0.4847E-07  0.5331E-03  0.1129E-02 -0.2365E+00
   -0.224988   29.27779  0.1603E-13  0.9143E-05  0.3835E-07  0.7371E-03  0.9351E-03  0.8345E+05
   -0.337483   29.28019  0.1603E-13  0.9561E-05  0.3242E-07  0.9306E-03  0.8085E-03  0.2255E+03
   -0.449979   29.28188  0.1603E-13  0.9777E-05  0.2828E-07  0.1098E-02  0.7156E-03  0.8934E+02
   -0.562476   29.28316  0.1603E-13  0.9860E-05  0.2513E-07  0.1246E-02  0.6422E-03  0.6000E+02
   -0.674975   29.28415  0.1603E-13  0.9849E-05  0.2259E-07  0.1375E-02  0.5816E-03  0.4737E+02
   -0.787473   29.28496  0.1603E-13  0.9768E-05  0.2046E-07  0.1489E-02  0.5303E-03  0.4051E+02
   -0.899973   29.28562  0.1603E-13  0.9636E-05  0.1864E-07  0.1588E-02  0.4858E-03  0.3641E+02
   -1.012473   29.28617  0.1603E-13  0.9464E-05  0.1706E-07  0.1673E-02  0.4467E-03  0.3378E+02
   -1.124974   29.28664  0.1603E-13  0.9262E-05  0.1566E-07  0.1746E-02  0.4120E-03  0.3213E+02
   -1.237476   29.28704  0.1603E-13  0.9037E-05  0.1441E-07  0.1808E-02  0.3809E-03  0.3113E+02
   -1.349977   29.28738  0.1603E-13  0.8795E-05  0.1329E-07  0.1860E-02  0.3528E-03  0.3062E+02
   -1.462480   29.28767  0.1603E-13  0.8541E-05  0.1228E-07  0.1903E-02  0.3274E-03  0.3048E+02
   -1.574983   29.28792  0.1603E-13  0.8278E-05  0.1136E-07  0.1938E-02  0.3043E-03  0.3066E+02
   -1.687486   29.28813  0.1603E-13  0.8011E-05  0.1053E-07  0.1965E-02  0.2833E-03  0.3103E+02
   -1.799989   29.28831  0.1603E-13  0.7743E-05  0.9777E-08  0.1987E-02  0.2642E-03  0.3546E+02
   -1.912493   29.28847  0.1603E-13  0.7468E-05  0.9079E-08  0.1945E-02  0.2470E-03  0.6923E+04
   -2.024997   29.28860  0.1603E-13  0.7174E-05  0.8407E-08  0.1847E-02  0.2298E-03  0.3204E+04
   -2.137500   29.28872  0.1603E-13  0.6867E-05  0.7769E-08  0.1764E-02  0.2128E-03  0.1546E+04
   -2.250004   29.28881  0.1603E-13  0.6554E-05  0.7176E-08  0.1690E-02  0.1963E-03  0.1582E+04
   -2.362508   29.28888  0.1603E-13  0.6241E-05  0.6632E-08  0.1616E-02  0.1807E-03  0.1454E+04
   -2.475012   29.28893  0.1603E-13  0.5931E-05  0.6138E-08  0.1539E-02  0.1660E-03  0.1813E+04
   -2.587516   29.28895  0.1603E-13  0.5626E-05  0.5694E-08  0.1466E-02  0.1522E-03  0.1318E+04
   -2.700020   29.28894  0.1603E-13  0.5315E-05  0.5277E-08  0.1208E-02  0.1393E-03  0.2072E+04
   -2.812523   29.28887  0.1603E-13  0.4965E-05  0.4839E-08  0.6123E-03  0.1263E-03  0.1492E+04
   -2.925026   29.28870  0.1603E-13  0.4568E-05  0.4381E-08  0.4116E-03  0.1122E-03  0.5563E+03
   -3.037529   29.28817  0.1603E-13  0.4127E-05  0.3930E-08  0.2491E-03  0.9808E-04  0.2177E+04
   -3.150031   29.28505  0.1603E-13  0.3583E-05  0.3421E-08  0.9535E-04  0.8180E-04  0.1950E+06
   -3.262533   29.26533  0.1604E-13  0.2707E-05  0.2589E-08  0.1889E-05  0.6264E-04  0.3847E+09
   -3.375035   29.11907  0.1606E-13  0.5514E-06  0.5253E-09  0.1976E-07  0.1694E-04  0.7806E+12
   -3.487536   28.42422  0.1640E-13  0.3308E-07  0.3363E-10  0.1127E-08  0.7305E-06  0.7324E+15
   -3.600036   27.53646  0.1677E-13  0.1686E-08  0.2366E-11  0.1239E-09  0.2574E-07  0.6035E+17
   -3.712535   26.61097  0.1693E-13  0.4440E-11  0.1000E-11  0.1000E-09  0.8239E-09  0.1027E+18
   -3.825034   25.69256  0.1692E-13  0.4419E-11  0.1000E-11  0.1000E-09  0.2352E-10  0.1786E+18
   -3.937532   24.81647  0.1678E-13  0.4419E-11  0.1000E-11  0.1000E-09  0.5903E-12  0.1947E+18
   -4.050030   24.02515  0.1655E-13  0.4419E-11  0.1000E-11  0.1000E-09  0.1273E-13  0.1545E+18
   -4.162526   23.37946  0.1627E-13  0.1588E-09  0.1361E-11  0.1282E-09  0.2291E-15  0.9373E+17
   -4.275021   22.97929  0.1600E-13  0.1669E-07  0.8620E-10  0.5478E-06  0.3293E-17  0.1213E+16
   -4.387516   22.97406  0.1598E-13  0.3206E-06  0.3342E-08  0.8924E-05  0.3854E-19 -0.4381E+16
   -4.500009   22.99291  0.1597E-13  0.0000E+00  0.0000E+00  0.0000E+00  0.3864E-19  0.0000E+00
