 1 - depth, m
 2 - temperature, C
 3 - salinity, kg/kg
 4 - turbulent kinetic energy, m**2/s**2
 5 - dissipation rate, m**2/s**3
 6 - kinematic heat conductance, m**2/s
 7 - modulus of horizontal velocity, m/s
 8 - Richardson number, n/d
   -0.000000   31.10978  0.2211E-14  0.5400E-05  0.1584E-06  0.4560E-04  0.3072E-02 -0.4752E+01
   -0.112493   31.17591  0.2211E-14  0.1074E-04  0.6741E-07  0.6195E-03  0.8732E-03  0.5491E+03
   -0.224988   31.18020  0.2211E-14  0.1185E-04  0.5361E-07  0.8695E-03  0.7284E-03  0.2617E+06
   -0.337483   31.18290  0.2211E-14  0.1251E-04  0.4561E-07  0.1111E-02  0.6342E-03  0.1652E+03
   -0.449979   31.18478  0.2211E-14  0.1290E-04  0.4008E-07  0.1327E-02  0.5650E-03  0.9015E+02
   -0.562476   31.18619  0.2211E-14  0.1313E-04  0.3589E-07  0.1522E-02  0.5101E-03  0.6503E+02
   -0.674975   31.18729  0.2211E-14  0.1324E-04  0.3254E-07  0.1699E-02  0.4648E-03  0.5237E+02
   -0.787473   31.18818  0.2211E-14  0.1326E-04  0.2976E-07  0.1859E-02  0.4262E-03  0.4483E+02
   -0.899973   31.18892  0.2211E-14  0.1322E-04  0.2740E-07  0.2004E-02  0.3927E-03  0.3994E+02
   -1.012473   31.18953  0.2211E-14  0.1313E-04  0.2535E-07  0.2134E-02  0.3631E-03  0.3658E+02
   -1.124974   31.19006  0.2211E-14  0.1300E-04  0.2355E-07  0.2251E-02  0.3368E-03  0.3421E+02
   -1.237475   31.19051  0.2211E-14  0.1284E-04  0.2196E-07  0.2357E-02  0.3130E-03  0.3254E+02
   -1.349977   31.19090  0.2211E-14  0.1266E-04  0.2054E-07  0.2451E-02  0.2914E-03  0.3135E+02
   -1.462480   31.19124  0.2211E-14  0.1246E-04  0.1926E-07  0.2535E-02  0.2717E-03  0.3056E+02
   -1.574983   31.19153  0.2211E-14  0.1225E-04  0.1810E-07  0.2610E-02  0.2537E-03  0.3002E+02
   -1.687486   31.19179  0.2211E-14  0.1203E-04  0.1705E-07  0.2676E-02  0.2372E-03  0.3050E+02
   -1.799989   31.19202  0.2211E-14  0.1181E-04  0.1610E-07  0.2730E-02  0.2219E-03  0.1509E+03
   -1.912493   31.19223  0.2211E-14  0.1157E-04  0.1521E-07  0.2734E-02  0.2076E-03  0.2734E+04
   -2.024996   31.19241  0.2211E-14  0.1131E-04  0.1438E-07  0.2733E-02  0.1937E-03  0.8408E+03
   -2.137500   31.19258  0.2211E-14  0.1105E-04  0.1361E-07  0.2731E-02  0.1803E-03  0.1103E+04
   -2.250004   31.19272  0.2211E-14  0.1079E-04  0.1289E-07  0.2725E-02  0.1675E-03  0.1043E+04
   -2.362508   31.19285  0.2211E-14  0.1052E-04  0.1224E-07  0.2713E-02  0.1553E-03  0.3833E+03
   -2.475012   31.19296  0.2211E-14  0.1024E-04  0.1163E-07  0.2697E-02  0.1438E-03  0.1307E+04
   -2.587516   31.19305  0.2211E-14  0.9971E-05  0.1107E-07  0.2674E-02  0.1328E-03  0.3081E+03
   -2.700020   31.19312  0.2211E-14  0.9697E-05  0.1056E-07  0.2647E-02  0.1224E-03  0.3770E+03
   -2.812523   31.19316  0.2211E-14  0.9423E-05  0.1010E-07  0.2612E-02  0.1124E-03  0.2037E+04
   -2.925026   31.19316  0.2211E-14  0.9146E-05  0.9666E-08  0.2575E-02  0.1028E-03  0.8701E+03
   -3.037529   31.19306  0.2211E-14  0.8862E-05  0.9269E-08  0.2528E-02  0.9359E-04  0.1271E+04
   -3.150031   31.19276  0.2211E-14  0.8572E-05  0.8905E-08  0.2451E-02  0.8464E-04  0.4460E+04
   -3.262533   31.19217  0.2211E-14  0.8286E-05  0.8580E-08  0.2381E-02  0.7638E-04  0.1920E+06
   -3.375035   31.19147  0.2211E-14  0.8011E-05  0.8301E-08  0.2307E-02  0.6913E-04  0.5802E+08
   -3.487535   31.19070  0.2211E-14  0.7744E-05  0.8069E-08  0.2223E-02  0.6266E-04  0.3674E+11
   -3.600036   31.18985  0.2211E-14  0.7490E-05  0.7894E-08  0.2141E-02  0.5680E-04  0.1305E+14
   -3.712535   31.18926  0.2211E-14  0.7253E-05  0.7793E-08  0.2061E-02  0.5146E-04  0.2286E+13
   -3.825034   31.18903  0.2211E-14  0.7027E-05  0.7783E-08  0.1970E-02  0.4665E-04 -0.1432E+13
   -3.937532   31.18889  0.2211E-14  0.6806E-05  0.7890E-08  0.1891E-02  0.4230E-04 -0.4103E+13
   -4.050029   31.18879  0.2211E-14  0.6558E-05  0.8221E-08  0.1648E-02  0.3837E-04 -0.7946E+13
   -4.162526   31.18876  0.2211E-14  0.6228E-05  0.9168E-08  0.7461E-03  0.3392E-04 -0.1536E+14
   -4.275021   31.18888  0.2211E-14  0.5687E-05  0.1182E-07  0.4155E-03  0.2867E-04 -0.3670E+14
   -4.387515   31.18916  0.2211E-14  0.2183E-05  0.4161E-07  0.1660E-04  0.2344E-04 -0.6229E+15
   -4.500009   31.19674  0.2211E-14  0.0000E+00  0.0000E+00  0.0000E+00  0.2340E-04  0.0000E+00
