 1 - depth, m
 2 - temperature, C
 3 - salinity, kg/kg
 4 - turbulent kinetic energy, m**2/s**2
 5 - dissipation rate, m**2/s**3
 6 - kinematic heat conductance, m**2/s
 7 - modulus of horizontal velocity, m/s
 8 - Richardson number, n/d
   -0.000000   30.52486  0.5371E-15  0.7170E-05  0.2202E-06  0.4953E-04  0.4055E-02 -0.2725E+01
   -0.112494   30.59177  0.5372E-15  0.1458E-04  0.9240E-07  0.8241E-03  0.1126E-02  0.4851E+04
   -0.224989   30.59552  0.5372E-15  0.1629E-04  0.7470E-07  0.1155E-02  0.9574E-03  0.5486E+02
   -0.337485   30.59803  0.5373E-15  0.1751E-04  0.6476E-07  0.1509E-02  0.8453E-03  0.3010E+02
   -0.449982   30.59983  0.5373E-15  0.1843E-04  0.5814E-07  0.1835E-02  0.7632E-03  0.2084E+02
   -0.562480   30.60123  0.5373E-15  0.1913E-04  0.5329E-07  0.2141E-02  0.6982E-03  0.1621E+02
   -0.674979   30.60237  0.5373E-15  0.1969E-04  0.4951E-07  0.2427E-02  0.6446E-03  0.1349E+02
   -0.787478   30.60332  0.5373E-15  0.2012E-04  0.4643E-07  0.2695E-02  0.5990E-03  0.1171E+02
   -0.899979   30.60413  0.5373E-15  0.2046E-04  0.4384E-07  0.2944E-02  0.5594E-03  0.1050E+02
   -1.012480   30.60484  0.5373E-15  0.2072E-04  0.4163E-07  0.3175E-02  0.5243E-03  0.9623E+01
   -1.124981   30.60546  0.5373E-15  0.2091E-04  0.3969E-07  0.3389E-02  0.4929E-03  0.8990E+01
   -1.237483   30.60602  0.5373E-15  0.2105E-04  0.3797E-07  0.3587E-02  0.4645E-03  0.8505E+01
   -1.349986   30.60653  0.5373E-15  0.2114E-04  0.3644E-07  0.3768E-02  0.4385E-03  0.8157E+01
   -1.462489   30.60698  0.5373E-15  0.2118E-04  0.3505E-07  0.3935E-02  0.4147E-03  0.7887E+01
   -1.574993   30.60740  0.5373E-15  0.2119E-04  0.3378E-07  0.4086E-02  0.3926E-03  0.7707E+01
   -1.687496   30.60779  0.5373E-15  0.2117E-04  0.3262E-07  0.4222E-02  0.3720E-03  0.7572E+01
   -1.800000   30.60814  0.5373E-15  0.2112E-04  0.3156E-07  0.4344E-02  0.3529E-03  0.7506E+01
   -1.912505   30.60847  0.5373E-15  0.2104E-04  0.3058E-07  0.4451E-02  0.3349E-03  0.7470E+01
   -2.025009   30.60878  0.5373E-15  0.2093E-04  0.2967E-07  0.4545E-02  0.3179E-03  0.7495E+01
   -2.137514   30.60907  0.5373E-15  0.2081E-04  0.2884E-07  0.4623E-02  0.3019E-03  0.7545E+01
   -2.250019   30.60934  0.5373E-15  0.2066E-04  0.2806E-07  0.4688E-02  0.2868E-03  0.7654E+01
   -2.362523   30.60959  0.5373E-15  0.2050E-04  0.2735E-07  0.4737E-02  0.2724E-03  0.7785E+01
   -2.475028   30.60983  0.5373E-15  0.2032E-04  0.2670E-07  0.4772E-02  0.2587E-03  0.7978E+01
   -2.587532   30.61005  0.5373E-15  0.2012E-04  0.2610E-07  0.4792E-02  0.2456E-03  0.8196E+01
   -2.700037   30.61027  0.5373E-15  0.1991E-04  0.2557E-07  0.4795E-02  0.2331E-03  0.8488E+01
   -2.812541   30.61047  0.5373E-15  0.1968E-04  0.2509E-07  0.4782E-02  0.2211E-03  0.8830E+01
   -2.925045   30.61066  0.5373E-15  0.1944E-04  0.2468E-07  0.4751E-02  0.2096E-03  0.9273E+01
   -3.037548   30.61084  0.5373E-15  0.1918E-04  0.2434E-07  0.4701E-02  0.1985E-03  0.9801E+01
   -3.150051   30.61101  0.5373E-15  0.1891E-04  0.2407E-07  0.4632E-02  0.1879E-03  0.1049E+02
   -3.262554   30.61117  0.5373E-15  0.1863E-04  0.2389E-07  0.4540E-02  0.1775E-03  0.1134E+02
   -3.375056   30.61133  0.5373E-15  0.1833E-04  0.2382E-07  0.4424E-02  0.1676E-03  0.1246E+02
   -3.487558   30.61148  0.5373E-15  0.1802E-04  0.2387E-07  0.4281E-02  0.1579E-03  0.1392E+02
   -3.600058   30.61163  0.5373E-15  0.1768E-04  0.2409E-07  0.4108E-02  0.1485E-03  0.1596E+02
   -3.712559   30.61177  0.5373E-15  0.1733E-04  0.2452E-07  0.3902E-02  0.1393E-03  0.1886E+02
   -3.825058   30.61190  0.5373E-15  0.1694E-04  0.2525E-07  0.3655E-02  0.1304E-03  0.2324E+02
   -3.937557   30.61204  0.5373E-15  0.1653E-04  0.2643E-07  0.3365E-02  0.1217E-03  0.3061E+02
   -4.050055   30.61217  0.5373E-15  0.1605E-04  0.2832E-07  0.2989E-02  0.1132E-03  0.4449E+02
   -4.162552   30.61231  0.5373E-15  0.1550E-04  0.3148E-07  0.2720E-02  0.1049E-03  0.8145E+02
   -4.275048   30.61244  0.5373E-15  0.1456E-04  0.3920E-07  0.1473E-02  0.9754E-04  0.8896E+03
   -4.387543   30.61267  0.5373E-15  0.5737E-05  0.1541E-06  0.2771E-04  0.8724E-04 -0.1445E+06
   -4.500037   30.62344  0.5373E-15  0.0000E+00  0.0000E+00  0.0000E+00  0.8710E-04  0.0000E+00
