 1 - depth, m
 2 - temperature, C
 3 - salinity, kg/kg
 4 - turbulent kinetic energy, m**2/s**2
 5 - dissipation rate, m**2/s**3
 6 - kinematic heat conductance, m**2/s
 7 - modulus of horizontal velocity, m/s
 8 - Richardson number, n/d
   -0.000000   25.72131  0.1511E-13  0.1456E-04  0.4135E-06  0.6214E-04  0.1768E-01 -0.1466E+00
   -0.112493   25.76159  0.1511E-13  0.1358E-04  0.1393E-06  0.2185E-03  0.8730E-02 -0.4567E+00
   -0.224987   25.77161  0.1511E-13  0.1294E-04  0.8130E-07  0.5188E-03  0.6158E-02 -0.2187E+00
   -0.337482   25.77566  0.1511E-13  0.1238E-04  0.5834E-07  0.7990E-03  0.4889E-02  0.5883E+02
   -0.449978   25.77787  0.1511E-13  0.1194E-04  0.4662E-07  0.1033E-02  0.4177E-02  0.1961E+03
   -0.562475   25.77928  0.1511E-13  0.1162E-04  0.3924E-07  0.1148E-02  0.3710E-02  0.4884E+01
   -0.674972   25.78040  0.1511E-13  0.1133E-04  0.3382E-07  0.1255E-02  0.3352E-02  0.3075E+01
   -0.787471   25.78131  0.1511E-13  0.1104E-04  0.2952E-07  0.1356E-02  0.3041E-02  0.2733E+01
   -0.899970   25.78205  0.1511E-13  0.1075E-04  0.2603E-07  0.1451E-02  0.2767E-02  0.2525E+01
   -1.012470   25.78266  0.1511E-13  0.1045E-04  0.2315E-07  0.1539E-02  0.2525E-02  0.2401E+01
   -1.124970   25.78317  0.1511E-13  0.1016E-04  0.2075E-07  0.1620E-02  0.2310E-02  0.2683E+01
   -1.237471   25.78360  0.1511E-13  0.9864E-05  0.1868E-07  0.1686E-02  0.2117E-02  0.3874E+03
   -1.349973   25.78397  0.1511E-13  0.9550E-05  0.1685E-07  0.1715E-02  0.1935E-02  0.1736E+03
   -1.462475   25.78428  0.1511E-13  0.9224E-05  0.1523E-07  0.1721E-02  0.1764E-02  0.3387E+02
   -1.574977   25.78456  0.1511E-13  0.8890E-05  0.1379E-07  0.1724E-02  0.1603E-02  0.6363E+02
   -1.687480   25.78480  0.1511E-13  0.8551E-05  0.1251E-07  0.1724E-02  0.1453E-02  0.7139E+02
   -1.799983   25.78502  0.1511E-13  0.8212E-05  0.1138E-07  0.1722E-02  0.1313E-02  0.3192E+02
   -1.912486   25.78520  0.1511E-13  0.7876E-05  0.1039E-07  0.1716E-02  0.1184E-02  0.5923E+02
   -2.024989   25.78535  0.1511E-13  0.7546E-05  0.9504E-08  0.1704E-02  0.1066E-02  0.7095E+02
   -2.137493   25.78548  0.1511E-13  0.7222E-05  0.8727E-08  0.1684E-02  0.9577E-03  0.3049E+02
   -2.249997   25.78557  0.1511E-13  0.6904E-05  0.8043E-08  0.1659E-02  0.8584E-03  0.2964E+02
   -2.362500   25.78564  0.1511E-13  0.6595E-05  0.7441E-08  0.1630E-02  0.7673E-03  0.2935E+02
   -2.475004   25.78566  0.1511E-13  0.6289E-05  0.6905E-08  0.1570E-02  0.6836E-03  0.5618E+02
   -2.587507   25.78563  0.1511E-13  0.5979E-05  0.6412E-08  0.1480E-02  0.6050E-03  0.9813E+02
   -2.700010   25.78546  0.1511E-13  0.5652E-05  0.5944E-08  0.1331E-02  0.5283E-03  0.2570E+02
   -2.812513   25.78487  0.1511E-13  0.5318E-05  0.5510E-08  0.1260E-02  0.4514E-03  0.1209E+03
   -2.925016   25.78330  0.1511E-13  0.5004E-05  0.5131E-08  0.1203E-02  0.3822E-03  0.9811E+04
   -3.037518   25.78108  0.1511E-13  0.4716E-05  0.4805E-08  0.1148E-02  0.3262E-03  0.2995E+07
   -3.150020   25.77847  0.1510E-13  0.4442E-05  0.4520E-08  0.1101E-02  0.2793E-03  0.1300E+10
   -3.262522   25.77526  0.1510E-13  0.4170E-05  0.4263E-08  0.1052E-02  0.2382E-03  0.7305E+12
   -3.375023   25.77083  0.1510E-13  0.3894E-05  0.4028E-08  0.1011E-02  0.2002E-03  0.2014E+15
   -3.487523   25.76555  0.1510E-13  0.3638E-05  0.3837E-08  0.9771E-03  0.1658E-03  0.2050E+15
   -3.600023   25.76089  0.1509E-13  0.3477E-05  0.3760E-08  0.9500E-03  0.1405E-03  0.3590E+14
   -3.712522   25.75883  0.1509E-13  0.3416E-05  0.3811E-08  0.9262E-03  0.1266E-03  0.4996E+13
   -3.825021   25.75812  0.1509E-13  0.3391E-05  0.3953E-08  0.8982E-03  0.1155E-03 -0.5842E+13
   -3.937519   25.75812  0.1509E-13  0.3372E-05  0.4196E-08  0.8598E-03  0.1052E-03 -0.1497E+14
   -4.050015   25.75824  0.1509E-13  0.3351E-05  0.4590E-08  0.8057E-03  0.9563E-04 -0.2784E+14
   -4.162511   25.75844  0.1509E-13  0.3310E-05  0.5276E-08  0.7325E-03  0.8665E-04 -0.5368E+14
   -4.275006   25.75878  0.1509E-13  0.3172E-05  0.6888E-08  0.3293E-03  0.7782E-04 -0.1283E+15
   -4.387500   25.75955  0.1509E-13  0.1378E-05  0.2599E-07  0.1445E-04  0.6589E-04 -0.2642E+16
   -4.499993   25.77678  0.1509E-13  0.0000E+00  0.0000E+00  0.0000E+00  0.6645E-04  0.0000E+00
