 1 - depth, m
 2 - temperature, C
 3 - salinity, kg/kg
 4 - turbulent kinetic energy, m**2/s**2
 5 - dissipation rate, m**2/s**3
 6 - kinematic heat conductance, m**2/s
 7 - modulus of horizontal velocity, m/s
 8 - Richardson number, n/d
   -0.000000   30.64676  0.3371E-14  0.6329E-05  0.1781E-06  0.4588E-04  0.4524E-02 -0.2231E+01
   -0.112494   30.71070  0.3373E-14  0.1203E-04  0.7475E-07  0.6990E-03  0.1289E-02  0.5570E+04
   -0.224988   30.71453  0.3373E-14  0.1331E-04  0.5979E-07  0.9746E-03  0.1083E-02  0.8679E+02
   -0.337484   30.71704  0.3373E-14  0.1416E-04  0.5124E-07  0.1260E-02  0.9470E-03  0.3846E+02
   -0.449981   30.71881  0.3373E-14  0.1475E-04  0.4547E-07  0.1518E-02  0.8473E-03  0.2517E+02
   -0.562479   30.72017  0.3373E-14  0.1517E-04  0.4117E-07  0.1758E-02  0.7685E-03  0.1914E+02
   -0.674977   30.72126  0.3373E-14  0.1546E-04  0.3778E-07  0.1980E-02  0.7036E-03  0.1574E+02
   -0.787476   30.72215  0.3373E-14  0.1565E-04  0.3499E-07  0.2184E-02  0.6484E-03  0.1358E+02
   -0.899976   30.72290  0.3373E-14  0.1577E-04  0.3262E-07  0.2372E-02  0.6005E-03  0.1212E+02
   -1.012477   30.72355  0.3373E-14  0.1583E-04  0.3058E-07  0.2546E-02  0.5582E-03  0.1108E+02
   -1.124978   30.72411  0.3373E-14  0.1583E-04  0.2879E-07  0.2704E-02  0.5205E-03  0.1032E+02
   -1.237480   30.72460  0.3373E-14  0.1580E-04  0.2719E-07  0.2850E-02  0.4864E-03  0.9749E+01
   -1.349983   30.72503  0.3373E-14  0.1573E-04  0.2576E-07  0.2982E-02  0.4554E-03  0.9330E+01
   -1.462485   30.72542  0.3374E-14  0.1563E-04  0.2445E-07  0.3102E-02  0.4271E-03  0.9013E+01
   -1.574989   30.72577  0.3374E-14  0.1551E-04  0.2327E-07  0.3211E-02  0.4009E-03  0.8786E+01
   -1.687492   30.72609  0.3374E-14  0.1536E-04  0.2218E-07  0.3308E-02  0.3767E-03  0.8622E+01
   -1.799996   30.72637  0.3374E-14  0.1520E-04  0.2117E-07  0.3395E-02  0.3542E-03  0.8521E+01
   -1.912500   30.72663  0.3374E-14  0.1502E-04  0.2024E-07  0.3472E-02  0.3333E-03  0.8463E+01
   -2.025004   30.72687  0.3374E-14  0.1483E-04  0.1938E-07  0.3538E-02  0.3137E-03  0.8454E+01
   -2.137509   30.72708  0.3374E-14  0.1463E-04  0.1858E-07  0.3595E-02  0.2953E-03  0.8479E+01
   -2.250013   30.72728  0.3374E-14  0.1441E-04  0.1783E-07  0.3642E-02  0.2780E-03  0.8547E+01
   -2.362517   30.72746  0.3374E-14  0.1419E-04  0.1714E-07  0.3680E-02  0.2617E-03  0.8638E+01
   -2.475022   30.72762  0.3374E-14  0.1396E-04  0.1650E-07  0.3709E-02  0.2464E-03  0.8766E+01
   -2.587526   30.72777  0.3374E-14  0.1373E-04  0.1591E-07  0.3729E-02  0.2319E-03  0.8904E+01
   -2.700030   30.72791  0.3374E-14  0.1349E-04  0.1536E-07  0.3740E-02  0.2182E-03  0.9063E+01
   -2.812534   30.72804  0.3374E-14  0.1325E-04  0.1486E-07  0.3744E-02  0.2052E-03  0.9277E+01
   -2.925037   30.72815  0.3374E-14  0.1301E-04  0.1441E-07  0.3731E-02  0.1930E-03  0.1132E+02
   -3.037541   30.72825  0.3374E-14  0.1276E-04  0.1400E-07  0.3666E-02  0.1814E-03  0.2002E+03
   -3.150043   30.72834  0.3374E-14  0.1251E-04  0.1363E-07  0.3571E-02  0.1702E-03  0.1235E+03
   -3.262546   30.72842  0.3374E-14  0.1225E-04  0.1330E-07  0.3454E-02  0.1595E-03  0.8529E+02
   -3.375048   30.72849  0.3374E-14  0.1198E-04  0.1302E-07  0.3311E-02  0.1492E-03  0.1617E+03
   -3.487549   30.72851  0.3374E-14  0.1168E-04  0.1278E-07  0.3150E-02  0.1390E-03  0.2651E+03
   -3.600050   30.72790  0.3374E-14  0.1127E-04  0.1250E-07  0.2937E-02  0.1278E-03  0.8214E+03
   -3.712550   30.72654  0.3374E-14  0.1081E-04  0.1227E-07  0.2784E-02  0.1163E-03  0.1456E+05
   -3.825049   30.72475  0.3375E-14  0.1034E-04  0.1215E-07  0.2639E-02  0.1054E-03  0.5805E+07
   -3.937547   30.72263  0.3375E-14  0.9850E-05  0.1218E-07  0.2329E-02  0.9526E-04  0.1129E+11
   -4.050045   30.72027  0.3375E-14  0.9296E-05  0.1251E-07  0.1818E-02  0.8501E-04  0.6070E+13
   -4.162542   30.71812  0.3376E-14  0.8636E-05  0.1366E-07  0.1204E-02  0.7385E-04 -0.2351E+13
   -4.275037   30.71728  0.3376E-14  0.7861E-05  0.1738E-07  0.5131E-03  0.6251E-04 -0.1186E+14
   -4.387532   30.71743  0.3376E-14  0.2966E-05  0.6315E-07  0.1875E-04  0.5192E-04 -0.2146E+15
   -4.500026   30.72296  0.3376E-14  0.0000E+00  0.0000E+00  0.0000E+00  0.5165E-04  0.0000E+00
