 1 - depth, m
 2 - temperature, C
 3 - salinity, kg/kg
 4 - turbulent kinetic energy, m**2/s**2
 5 - dissipation rate, m**2/s**3
 6 - kinematic heat conductance, m**2/s
 7 - modulus of horizontal velocity, m/s
 8 - Richardson number, n/d
   -0.000000   31.94177  0.4381E-15  0.5024E-05  0.1398E-06  0.4397E-04  0.3141E-02 -0.5644E+01
   -0.112493   32.00450  0.4381E-15  0.9591E-05  0.5995E-07  0.5582E-03  0.9421E-03  0.1822E+03
   -0.224987   32.00882  0.4381E-15  0.1048E-04  0.4733E-07  0.7789E-03  0.7809E-03  0.8123E+05
   -0.337482   32.01150  0.4381E-15  0.1095E-04  0.3991E-07  0.9826E-03  0.6763E-03  0.4383E+03
   -0.449978   32.01336  0.4381E-15  0.1118E-04  0.3472E-07  0.1160E-02  0.5992E-03  0.1454E+03
   -0.562475   32.01473  0.4381E-15  0.1125E-04  0.3075E-07  0.1317E-02  0.5380E-03  0.9820E+02
   -0.674973   32.01580  0.4381E-15  0.1122E-04  0.2755E-07  0.1455E-02  0.4875E-03  0.7781E+02
   -0.787471   32.01665  0.4380E-15  0.1111E-04  0.2488E-07  0.1576E-02  0.4446E-03  0.6647E+02
   -0.899970   32.01734  0.4380E-15  0.1094E-04  0.2262E-07  0.1682E-02  0.4073E-03  0.5957E+02
   -1.012470   32.01791  0.4380E-15  0.1074E-04  0.2066E-07  0.1775E-02  0.3747E-03  0.5505E+02
   -1.124971   32.01839  0.4380E-15  0.1052E-04  0.1894E-07  0.1856E-02  0.3456E-03  0.5216E+02
   -1.237472   32.01879  0.4380E-15  0.1027E-04  0.1743E-07  0.1925E-02  0.3197E-03  0.5031E+02
   -1.349973   32.01912  0.4380E-15  0.1001E-04  0.1609E-07  0.1986E-02  0.2965E-03  0.5253E+02
   -1.462476   32.01941  0.4380E-15  0.9738E-05  0.1489E-07  0.2017E-02  0.2757E-03  0.3667E+04
   -1.574978   32.01965  0.4380E-15  0.9444E-05  0.1377E-07  0.1993E-02  0.2554E-03  0.2716E+04
   -1.687481   32.01986  0.4380E-15  0.9131E-05  0.1272E-07  0.1971E-02  0.2350E-03  0.1602E+04
   -1.799984   32.02005  0.4380E-15  0.8808E-05  0.1176E-07  0.1951E-02  0.2152E-03  0.1150E+04
   -1.912487   32.02020  0.4380E-15  0.8481E-05  0.1089E-07  0.1929E-02  0.1963E-03  0.1823E+04
   -2.024991   32.02033  0.4380E-15  0.8153E-05  0.1010E-07  0.1900E-02  0.1785E-03  0.1016E+04
   -2.137494   32.02042  0.4380E-15  0.7825E-05  0.9375E-08  0.1871E-02  0.1615E-03  0.1917E+03
   -2.249998   32.02048  0.4380E-15  0.7498E-05  0.8717E-08  0.1838E-02  0.1453E-03  0.1653E+04
   -2.362501   32.02047  0.4380E-15  0.7167E-05  0.8110E-08  0.1803E-02  0.1297E-03  0.4709E+03
   -2.475005   32.02029  0.4380E-15  0.6821E-05  0.7533E-08  0.1752E-02  0.1139E-03  0.8474E+04
   -2.587508   32.01948  0.4380E-15  0.6456E-05  0.6978E-08  0.1692E-02  0.9578E-04  0.3304E+04
   -2.700012   32.01718  0.4380E-15  0.6107E-05  0.6466E-08  0.1626E-02  0.7930E-04  0.6520E+05
   -2.812515   32.01426  0.4380E-15  0.5783E-05  0.5999E-08  0.1559E-02  0.6761E-04  0.1352E+08
   -2.925018   32.01144  0.4380E-15  0.5479E-05  0.5570E-08  0.1486E-02  0.5896E-04  0.4125E+10
   -3.037520   32.00872  0.4380E-15  0.5182E-05  0.5169E-08  0.1404E-02  0.5182E-04  0.1465E+13
   -3.150022   32.00594  0.4380E-15  0.4886E-05  0.4791E-08  0.1306E-02  0.4547E-04  0.1979E+15
   -3.262524   32.00309  0.4379E-15  0.4593E-05  0.4437E-08  0.1191E-02  0.3972E-04  0.2994E+15
   -3.375025   32.00043  0.4379E-15  0.4303E-05  0.4106E-08  0.1090E-02  0.3460E-04  0.4025E+15
   -3.487525   31.99740  0.4379E-15  0.4008E-05  0.3788E-08  0.8653E-03  0.2996E-04  0.5082E+15
   -3.600025   31.99380  0.4378E-15  0.3703E-05  0.3480E-08  0.7623E-03  0.2556E-04  0.5166E+15
   -3.712524   31.99006  0.4378E-15  0.3410E-05  0.3205E-08  0.6963E-03  0.2157E-04  0.2425E+15
   -3.825023   31.98737  0.4377E-15  0.3130E-05  0.2971E-08  0.6214E-03  0.1806E-04  0.8524E+14
   -3.937521   31.98528  0.4376E-15  0.2840E-05  0.2789E-08  0.3548E-03  0.1492E-04  0.6615E+14
   -4.050018   31.98321  0.4376E-15  0.2523E-05  0.2695E-08  0.2464E-03  0.1187E-04  0.7137E+14
   -4.162514   31.98064  0.4375E-15  0.2102E-05  0.2745E-08  0.1882E-03  0.8922E-05 -0.2089E+14
   -4.275009   31.97768  0.4372E-15  0.1850E-05  0.3464E-08  0.1413E-03  0.6018E-05 -0.9312E+14
   -4.387503   31.97794  0.4372E-15  0.7533E-06  0.1095E-07  0.9964E-05  0.4659E-05 -0.1399E+16
   -4.499996   31.98421  0.4372E-15  0.0000E+00  0.0000E+00  0.0000E+00  0.4670E-05  0.0000E+00
