 1 - depth, m
 2 - temperature, C
 3 - salinity, kg/kg
 4 - turbulent kinetic energy, m**2/s**2
 5 - dissipation rate, m**2/s**3
 6 - kinematic heat conductance, m**2/s
 7 - modulus of horizontal velocity, m/s
 8 - Richardson number, n/d
   -0.000000   25.49783  0.8346E-14  0.1468E-04  0.4319E-06  0.6351E-04  0.1614E-01 -0.1879E+00
   -0.112493   25.54893  0.8346E-14  0.1485E-04  0.1411E-06  0.3036E-03  0.7256E-02 -0.6872E+00
   -0.224987   25.55872  0.8345E-14  0.1478E-04  0.8835E-07  0.8006E-03  0.5201E-02  0.5192E+03
   -0.337482   25.56202  0.8345E-14  0.1474E-04  0.6895E-07  0.1069E-02  0.4365E-02  0.6488E+01
   -0.449978   25.56420  0.8345E-14  0.1475E-04  0.5810E-07  0.1231E-02  0.3904E-02  0.2546E+01
   -0.562475   25.56590  0.8345E-14  0.1473E-04  0.5036E-07  0.1399E-02  0.3529E-02  0.2126E+01
   -0.674972   25.56726  0.8345E-14  0.1470E-04  0.4440E-07  0.1564E-02  0.3209E-02  0.2054E+01
   -0.787471   25.56837  0.8345E-14  0.1464E-04  0.3958E-07  0.1729E-02  0.2925E-02  0.2031E+01
   -0.899970   25.56928  0.8345E-14  0.1454E-04  0.3560E-07  0.1889E-02  0.2671E-02  0.1996E+01
   -1.012470   25.57005  0.8345E-14  0.1442E-04  0.3225E-07  0.2044E-02  0.2442E-02  0.1947E+01
   -1.124970   25.57070  0.8345E-14  0.1427E-04  0.2940E-07  0.2191E-02  0.2235E-02  0.1889E+01
   -1.237471   25.57125  0.8345E-14  0.1410E-04  0.2694E-07  0.2330E-02  0.2047E-02  0.1825E+01
   -1.349973   25.57173  0.8345E-14  0.1391E-04  0.2480E-07  0.2460E-02  0.1876E-02  0.1758E+01
   -1.462475   25.57215  0.8345E-14  0.1371E-04  0.2292E-07  0.2580E-02  0.1721E-02  0.1688E+01
   -1.574977   25.57252  0.8345E-14  0.1349E-04  0.2128E-07  0.2691E-02  0.1580E-02  0.1615E+01
   -1.687480   25.57285  0.8345E-14  0.1326E-04  0.1982E-07  0.2790E-02  0.1451E-02  0.1542E+01
   -1.799983   25.57314  0.8345E-14  0.1302E-04  0.1853E-07  0.2879E-02  0.1334E-02  0.1468E+01
   -1.912486   25.57340  0.8345E-14  0.1278E-04  0.1738E-07  0.2957E-02  0.1227E-02  0.1392E+01
   -2.024990   25.57363  0.8345E-14  0.1254E-04  0.1636E-07  0.3024E-02  0.1130E-02  0.1316E+01
   -2.137493   25.57385  0.8345E-14  0.1229E-04  0.1545E-07  0.3080E-02  0.1041E-02  0.1239E+01
   -2.249997   25.57404  0.8345E-14  0.1205E-04  0.1465E-07  0.3125E-02  0.9603E-03  0.1162E+01
   -2.362500   25.57421  0.8345E-14  0.1181E-04  0.1394E-07  0.3160E-02  0.8870E-03  0.1084E+01
   -2.475004   25.57437  0.8345E-14  0.1158E-04  0.1331E-07  0.3183E-02  0.8206E-03  0.1012E+01
   -2.587507   25.57451  0.8345E-14  0.1135E-04  0.1276E-07  0.3196E-02  0.7603E-03  0.9605E+00
   -2.700010   25.57465  0.8345E-14  0.1113E-04  0.1228E-07  0.3200E-02  0.7052E-03  0.9325E+00
   -2.812513   25.57477  0.8345E-14  0.1091E-04  0.1186E-07  0.3193E-02  0.6545E-03  0.9216E+00
   -2.925016   25.57488  0.8345E-14  0.1070E-04  0.1150E-07  0.3176E-02  0.6076E-03  0.9290E+00
   -3.037518   25.57499  0.8345E-14  0.1049E-04  0.1119E-07  0.3149E-02  0.5640E-03  0.9629E+00
   -3.150020   25.57509  0.8345E-14  0.1028E-04  0.1093E-07  0.3111E-02  0.5233E-03  0.1018E+01
   -3.262522   25.57518  0.8345E-14  0.1008E-04  0.1073E-07  0.3061E-02  0.4850E-03  0.1113E+01
   -3.375023   25.57526  0.8345E-14  0.9874E-05  0.1058E-07  0.2995E-02  0.4489E-03  0.1249E+01
   -3.487524   25.57535  0.8345E-14  0.9669E-05  0.1050E-07  0.2910E-02  0.4145E-03  0.1441E+01
   -3.600023   25.57542  0.8345E-14  0.9461E-05  0.1049E-07  0.2805E-02  0.3817E-03  0.1724E+01
   -3.712523   25.57550  0.8345E-14  0.9248E-05  0.1059E-07  0.2676E-02  0.3505E-03  0.2162E+01
   -3.825021   25.57557  0.8345E-14  0.9028E-05  0.1081E-07  0.2518E-02  0.3206E-03  0.2887E+01
   -3.937519   25.57565  0.8345E-14  0.8795E-05  0.1123E-07  0.2325E-02  0.2920E-03  0.4258E+01
   -4.050016   25.57573  0.8345E-14  0.8541E-05  0.1194E-07  0.2078E-02  0.2646E-03  0.7314E+01
   -4.162511   25.57582  0.8345E-14  0.8245E-05  0.1317E-07  0.1874E-02  0.2386E-03  0.1915E+02
   -4.275006   25.57592  0.8345E-14  0.7738E-05  0.1634E-07  0.8618E-03  0.2153E-03  0.2511E+05
   -4.387500   25.57618  0.8345E-14  0.3059E-05  0.6287E-07  0.2091E-04  0.1817E-03 -0.5683E+05
   -4.499993   25.58922  0.8345E-14  0.0000E+00  0.0000E+00  0.0000E+00  0.1813E-03  0.0000E+00
