 1 - depth, m
 2 - temperature, C
 3 - salinity, kg/kg
 4 - turbulent kinetic energy, m**2/s**2
 5 - dissipation rate, m**2/s**3
 6 - kinematic heat conductance, m**2/s
 7 - modulus of horizontal velocity, m/s
 8 - Richardson number, n/d
   -0.000000   30.16073  0.2645E-14  0.1209E-04  0.3508E-06  0.6068E-04  0.1251E-01 -0.3297E+00
   -0.112493   30.21767  0.2645E-14  0.1438E-04  0.1187E-06  0.4919E-03  0.4910E-02 -0.1242E+01
   -0.224987   30.22400  0.2645E-14  0.1499E-04  0.8385E-07  0.9331E-03  0.3748E-02  0.1828E+04
   -0.337482   30.22694  0.2645E-14  0.1534E-04  0.6872E-07  0.1122E-02  0.3289E-02  0.5767E+01
   -0.449978   30.22913  0.2645E-14  0.1555E-04  0.5869E-07  0.1333E-02  0.2934E-02  0.3586E+01
   -0.562474   30.23080  0.2645E-14  0.1567E-04  0.5145E-07  0.1526E-02  0.2651E-02  0.2620E+01
   -0.674972   30.23211  0.2645E-14  0.1571E-04  0.4591E-07  0.1707E-02  0.2418E-02  0.2100E+01
   -0.787470   30.23318  0.2645E-14  0.1568E-04  0.4150E-07  0.1871E-02  0.2219E-02  0.1795E+01
   -0.899970   30.23406  0.2645E-14  0.1561E-04  0.3783E-07  0.2025E-02  0.2047E-02  0.1683E+01
   -1.012469   30.23481  0.2645E-14  0.1550E-04  0.3469E-07  0.2174E-02  0.1892E-02  0.1621E+01
   -1.124970   30.23544  0.2645E-14  0.1536E-04  0.3195E-07  0.2314E-02  0.1751E-02  0.1569E+01
   -1.237471   30.23599  0.2645E-14  0.1518E-04  0.2954E-07  0.2445E-02  0.1621E-02  0.1521E+01
   -1.349972   30.23647  0.2645E-14  0.1499E-04  0.2741E-07  0.2566E-02  0.1503E-02  0.1476E+01
   -1.462474   30.23688  0.2645E-14  0.1477E-04  0.2552E-07  0.2678E-02  0.1395E-02  0.1432E+01
   -1.574977   30.23725  0.2645E-14  0.1454E-04  0.2383E-07  0.2780E-02  0.1295E-02  0.1388E+01
   -1.687479   30.23757  0.2645E-14  0.1430E-04  0.2231E-07  0.2873E-02  0.1203E-02  0.1344E+01
   -1.799982   30.23786  0.2645E-14  0.1405E-04  0.2094E-07  0.2955E-02  0.1118E-02  0.1300E+01
   -1.912486   30.23812  0.2645E-14  0.1380E-04  0.1972E-07  0.3028E-02  0.1040E-02  0.1255E+01
   -2.024989   30.23835  0.2645E-14  0.1354E-04  0.1861E-07  0.3091E-02  0.9676E-03  0.1210E+01
   -2.137493   30.23856  0.2645E-14  0.1328E-04  0.1762E-07  0.3145E-02  0.9012E-03  0.1165E+01
   -2.249996   30.23875  0.2645E-14  0.1302E-04  0.1673E-07  0.3189E-02  0.8400E-03  0.1120E+01
   -2.362500   30.23891  0.2645E-14  0.1276E-04  0.1593E-07  0.3224E-02  0.7837E-03  0.1074E+01
   -2.475003   30.23907  0.2645E-14  0.1251E-04  0.1521E-07  0.3251E-02  0.7319E-03  0.1029E+01
   -2.587507   30.23921  0.2645E-14  0.1227E-04  0.1458E-07  0.3269E-02  0.6844E-03  0.1030E+01
   -2.700010   30.23934  0.2645E-14  0.1203E-04  0.1400E-07  0.3273E-02  0.6403E-03  0.1418E+01
   -2.812513   30.23945  0.2645E-14  0.1178E-04  0.1347E-07  0.3238E-02  0.5981E-03  0.4972E+03
   -2.925015   30.23956  0.2645E-14  0.1153E-04  0.1299E-07  0.3196E-02  0.5574E-03  0.1169E+03
   -3.037518   30.23966  0.2645E-14  0.1129E-04  0.1256E-07  0.3155E-02  0.5182E-03  0.9719E+01
   -3.150020   30.23975  0.2645E-14  0.1104E-04  0.1218E-07  0.3112E-02  0.4808E-03  0.4235E+02
   -3.262521   30.23983  0.2645E-14  0.1079E-04  0.1186E-07  0.3058E-02  0.4453E-03  0.4754E+01
   -3.375022   30.23990  0.2645E-14  0.1055E-04  0.1160E-07  0.2992E-02  0.4115E-03  0.1298E+02
   -3.487523   30.23998  0.2645E-14  0.1031E-04  0.1141E-07  0.2915E-02  0.3795E-03  0.1374E+02
   -3.600023   30.24004  0.2645E-14  0.1007E-04  0.1131E-07  0.2826E-02  0.3492E-03  0.2506E+03
   -3.712522   30.24010  0.2645E-14  0.9825E-05  0.1129E-07  0.2718E-02  0.3206E-03  0.2244E+01
   -3.825020   30.24016  0.2645E-14  0.9579E-05  0.1141E-07  0.2587E-02  0.2936E-03  0.2945E+01
   -3.937518   30.24022  0.2645E-14  0.9325E-05  0.1169E-07  0.2421E-02  0.2681E-03  0.8165E+01
   -4.050015   30.24028  0.2645E-14  0.9054E-05  0.1224E-07  0.2278E-02  0.2442E-03  0.7425E+01
   -4.162510   30.24034  0.2645E-14  0.8685E-05  0.1346E-07  0.1652E-02  0.2223E-03  0.6188E+04
   -4.275005   30.24043  0.2645E-14  0.7999E-05  0.1709E-07  0.6291E-03  0.1938E-03  0.6463E+02
   -4.387499   30.24066  0.2645E-14  0.3064E-05  0.6192E-07  0.2034E-04  0.1607E-03 -0.2175E+06
   -4.499992   30.24917  0.2645E-14  0.0000E+00  0.0000E+00  0.0000E+00  0.1602E-03  0.0000E+00
