 1 - depth, m
 2 - temperature, C
 3 - salinity, kg/kg
 4 - turbulent kinetic energy, m**2/s**2
 5 - dissipation rate, m**2/s**3
 6 - kinematic heat conductance, m**2/s
 7 - modulus of horizontal velocity, m/s
 8 - Richardson number, n/d
   -0.000000   29.63320  0.6812E-14  0.5353E-05  0.1253E-06  0.4351E-04  0.6423E-02 -0.1048E+01
   -0.112493   29.68491  0.6811E-14  0.7598E-05  0.4859E-07  0.4302E-03  0.2246E-02 -0.7296E+01
   -0.224987   29.68937  0.6811E-14  0.7959E-05  0.3609E-07  0.6132E-03  0.1777E-02  0.4975E+03
   -0.337482   29.69198  0.6811E-14  0.8028E-05  0.2942E-07  0.7421E-03  0.1534E-02  0.8630E+04
   -0.449978   29.69381  0.6811E-14  0.7940E-05  0.2475E-07  0.8516E-03  0.1351E-02  0.1547E+03
   -0.562475   29.69515  0.6811E-14  0.7750E-05  0.2118E-07  0.9409E-03  0.1207E-02  0.5951E+02
   -0.674973   29.69618  0.6811E-14  0.7493E-05  0.1832E-07  0.1013E-02  0.1088E-02  0.4262E+02
   -0.787472   29.69697  0.6811E-14  0.7191E-05  0.1596E-07  0.1070E-02  0.9868E-03  0.3569E+02
   -0.899971   29.69760  0.6811E-14  0.6863E-05  0.1397E-07  0.1115E-02  0.9001E-03  0.3254E+02
   -1.012471   29.69811  0.6811E-14  0.6519E-05  0.1228E-07  0.1147E-02  0.8246E-03  0.3841E+02
   -1.124972   29.69851  0.6811E-14  0.6164E-05  0.1081E-07  0.1156E-02  0.7586E-03  0.4390E+03
   -1.237473   29.69883  0.6811E-14  0.5798E-05  0.9520E-08  0.1145E-02  0.6974E-03  0.8306E+02
   -1.349975   29.69909  0.6811E-14  0.5432E-05  0.8387E-08  0.1128E-02  0.6412E-03  0.1489E+03
   -1.462477   29.69929  0.6811E-14  0.5075E-05  0.7407E-08  0.1109E-02  0.5899E-03  0.6250E+02
   -1.574979   29.69945  0.6811E-14  0.4724E-05  0.6551E-08  0.1052E-02  0.5438E-03  0.3066E+04
   -1.687482   29.69955  0.6811E-14  0.4355E-05  0.5751E-08  0.8628E-03  0.5008E-03  0.3584E+03
   -1.799985   29.69963  0.6811E-14  0.3941E-05  0.4943E-08  0.5576E-03  0.4565E-03  0.1185E+03
   -1.912489   29.69966  0.6811E-14  0.3493E-05  0.4165E-08  0.3750E-03  0.4090E-03  0.4424E+01
   -2.024992   29.69958  0.6811E-14  0.3043E-05  0.3489E-08  0.2459E-03  0.3629E-03  0.4623E+02
   -2.137496   29.69912  0.6811E-14  0.2568E-05  0.2877E-08  0.1206E-03  0.3161E-03  0.1718E+03
   -2.250000   29.69515  0.6811E-14  0.1872E-05  0.2076E-08  0.2790E-04  0.2570E-03  0.7575E+04
   -2.362504   29.64674  0.6807E-14  0.7837E-06  0.8658E-09  0.2479E-06  0.1327E-03  0.5674E+07
   -2.475007   29.49713  0.6794E-14  0.6378E-07  0.7188E-10  0.1020E-07  0.1907E-04  0.1038E+10
   -2.587511   29.34125  0.6786E-14  0.2895E-08  0.4046E-11  0.7359E-09  0.1243E-05  0.1946E+12
   -2.700014   29.21654  0.6782E-14  0.1420E-10  0.1000E-11  0.1059E-09  0.7249E-07  0.4365E+14
   -2.812517   29.10722  0.6779E-14  0.4419E-11  0.1000E-11  0.1000E-09  0.3999E-08  0.3368E+16
   -2.925020   29.00740  0.6776E-14  0.4419E-11  0.1000E-11  0.1000E-09  0.2088E-09  0.1333E+17
   -3.037523   28.91526  0.6772E-14  0.4419E-11  0.1000E-11  0.1000E-09  0.1028E-10  0.2320E+17
   -3.150025   28.83122  0.6766E-14  0.4419E-11  0.1000E-11  0.1000E-09  0.4758E-12  0.2094E+17
   -3.262527   28.75796  0.6759E-14  0.4419E-11  0.1000E-11  0.1000E-09  0.2054E-13  0.1621E+17
   -3.375028   28.70112  0.6749E-14  0.4419E-11  0.1000E-11  0.1000E-09  0.8224E-15  0.1685E+17
   -3.487528   28.64195  0.6736E-14  0.4419E-11  0.1000E-11  0.1000E-09  0.3033E-16  0.1771E+17
   -3.600029   28.57962  0.6720E-14  0.4419E-11  0.1000E-11  0.1000E-09  0.1035E-17  0.1660E+17
   -3.712528   28.52108  0.6700E-14  0.1725E-09  0.1072E-11  0.2129E-09  0.3243E-19  0.1337E+17
   -3.825026   28.47386  0.6679E-14  0.8108E-08  0.8806E-11  0.9094E-08  0.9080E-21  0.8199E+16
   -3.937524   28.44487  0.6661E-14  0.8063E-07  0.8857E-10  0.2391E-05  0.2220E-22  0.7845E+15
   -4.050021   28.44210  0.6658E-14  0.2194E-06  0.2650E-09  0.4057E-04  0.6949E-24 -0.4546E+14
   -4.162517   28.44226  0.6658E-14  0.3272E-06  0.5154E-09  0.6711E-04  0.1643E-24 -0.1065E+15
   -4.275012   28.44263  0.6658E-14  0.4227E-06  0.9870E-09  0.6749E-04  0.4580E-25 -0.2532E+15
   -4.387507   28.44353  0.6657E-14  0.3446E-06  0.3491E-08  0.9486E-05  0.1191E-25 -0.4013E+16
   -4.500000   28.45772  0.6657E-14  0.0000E+00  0.0000E+00  0.0000E+00  0.1163E-25  0.0000E+00
