 1 - depth, m
 2 - temperature, C
 3 - salinity, kg/kg
 4 - turbulent kinetic energy, m**2/s**2
 5 - dissipation rate, m**2/s**3
 6 - kinematic heat conductance, m**2/s
 7 - modulus of horizontal velocity, m/s
 8 - Richardson number, n/d
   -0.000000   30.42757  0.9994E-15  0.5117E-05  0.1938E-06  0.5432E-04  0.1212E-02 -0.3220E+02
   -0.112494   30.48488  0.9997E-15  0.1142E-04  0.8183E-07  0.5617E-03  0.4034E-03  0.5917E+04
   -0.224988   30.49027  0.9997E-15  0.1323E-04  0.6221E-07  0.9605E-03  0.3151E-03  0.1602E+04
   -0.337484   30.49293  0.9997E-15  0.1432E-04  0.5302E-07  0.1245E-02  0.2745E-03  0.4984E+03
   -0.449981   30.49481  0.9997E-15  0.1509E-04  0.4704E-07  0.1536E-02  0.2450E-03  0.3146E+03
   -0.562478   30.49622  0.9997E-15  0.1566E-04  0.4269E-07  0.1804E-02  0.2222E-03  0.2333E+03
   -0.674977   30.49733  0.9998E-15  0.1607E-04  0.3931E-07  0.2053E-02  0.2036E-03  0.1888E+03
   -0.787476   30.49824  0.9998E-15  0.1638E-04  0.3656E-07  0.2284E-02  0.1880E-03  0.1610E+03
   -0.899976   30.49900  0.9998E-15  0.1660E-04  0.3426E-07  0.2498E-02  0.1745E-03  0.1423E+03
   -1.012476   30.49966  0.9998E-15  0.1675E-04  0.3228E-07  0.2696E-02  0.1626E-03  0.1291E+03
   -1.124977   30.50022  0.9998E-15  0.1685E-04  0.3056E-07  0.2879E-02  0.1520E-03  0.1195E+03
   -1.237479   30.50072  0.9998E-15  0.1691E-04  0.2904E-07  0.3047E-02  0.1425E-03  0.1125E+03
   -1.349981   30.50117  0.9998E-15  0.1692E-04  0.2768E-07  0.3202E-02  0.1338E-03  0.1072E+03
   -1.462484   30.50157  0.9998E-15  0.1691E-04  0.2645E-07  0.3343E-02  0.1259E-03  0.1033E+03
   -1.574987   30.50193  0.9998E-15  0.1686E-04  0.2534E-07  0.3472E-02  0.1185E-03  0.1005E+03
   -1.687491   30.50226  0.9998E-15  0.1679E-04  0.2433E-07  0.3588E-02  0.1118E-03  0.9869E+02
   -1.799994   30.50256  0.9998E-15  0.1671E-04  0.2341E-07  0.3692E-02  0.1055E-03  0.9760E+02
   -1.912498   30.50284  0.9998E-15  0.1660E-04  0.2256E-07  0.3784E-02  0.9959E-04  0.9721E+02
   -2.025002   30.50309  0.9998E-15  0.1648E-04  0.2178E-07  0.3864E-02  0.9407E-04  0.9746E+02
   -2.137507   30.50333  0.9998E-15  0.1634E-04  0.2107E-07  0.3932E-02  0.8888E-04  0.9836E+02
   -2.250011   30.50355  0.9998E-15  0.1619E-04  0.2041E-07  0.3988E-02  0.8399E-04  0.9988E+02
   -2.362515   30.50375  0.9998E-15  0.1603E-04  0.1980E-07  0.4032E-02  0.7936E-04  0.1020E+03
   -2.475020   30.50394  0.9998E-15  0.1586E-04  0.1925E-07  0.4064E-02  0.7498E-04  0.1049E+03
   -2.587524   30.50412  0.9998E-15  0.1568E-04  0.1875E-07  0.4082E-02  0.7082E-04  0.1085E+03
   -2.700028   30.50429  0.9998E-15  0.1549E-04  0.1830E-07  0.4088E-02  0.6685E-04  0.1129E+03
   -2.812531   30.50445  0.9998E-15  0.1529E-04  0.1789E-07  0.4080E-02  0.6307E-04  0.1184E+03
   -2.925035   30.50460  0.9998E-15  0.1508E-04  0.1754E-07  0.4056E-02  0.5945E-04  0.1252E+03
   -3.037538   30.50474  0.9998E-15  0.1487E-04  0.1725E-07  0.4018E-02  0.5598E-04  0.1338E+03
   -3.150041   30.50488  0.9998E-15  0.1464E-04  0.1701E-07  0.3962E-02  0.5266E-04  0.1444E+03
   -3.262543   30.50501  0.9998E-15  0.1441E-04  0.1685E-07  0.3888E-02  0.4947E-04  0.1583E+03
   -3.375045   30.50513  0.9998E-15  0.1417E-04  0.1676E-07  0.3792E-02  0.4639E-04  0.1765E+03
   -3.487546   30.50525  0.9998E-15  0.1392E-04  0.1676E-07  0.3674E-02  0.4343E-04  0.2013E+03
   -3.600046   30.50536  0.9998E-15  0.1366E-04  0.1688E-07  0.3529E-02  0.4056E-04  0.2361E+03
   -3.712546   30.50547  0.9998E-15  0.1338E-04  0.1716E-07  0.3354E-02  0.3779E-04  0.2871E+03
   -3.825046   30.50558  0.9998E-15  0.1308E-04  0.1765E-07  0.3144E-02  0.3510E-04  0.3656E+03
   -3.937544   30.50569  0.9998E-15  0.1276E-04  0.1845E-07  0.2893E-02  0.3249E-04  0.5022E+03
   -4.050041   30.50581  0.9998E-15  0.1239E-04  0.1975E-07  0.2573E-02  0.2995E-04  0.7700E+03
   -4.162538   30.50593  0.9998E-15  0.1196E-04  0.2194E-07  0.2317E-02  0.2749E-04  0.1551E+04
   -4.275034   30.50605  0.9998E-15  0.1123E-04  0.2730E-07  0.1280E-02  0.2529E-04  0.2558E+05
   -4.387528   30.50628  0.9998E-15  0.4446E-05  0.1061E-06  0.2469E-04  0.2226E-04 -0.2790E+07
   -4.500022   30.51733  0.9998E-15  0.0000E+00  0.0000E+00  0.0000E+00  0.2226E-04  0.0000E+00
