 1 - depth, m
 2 - temperature, C
 3 - salinity, kg/kg
 4 - turbulent kinetic energy, m**2/s**2
 5 - dissipation rate, m**2/s**3
 6 - kinematic heat conductance, m**2/s
 7 - modulus of horizontal velocity, m/s
 8 - Richardson number, n/d
   -0.000000   30.07907  0.9671E-15  0.6729E-05  0.1836E-06  0.4931E-04  0.5721E-02 -0.1850E+01
   -0.112493   30.13734  0.9673E-15  0.1138E-04  0.7374E-07  0.6335E-03  0.1816E-02  0.1753E+04
   -0.224987   30.14147  0.9673E-15  0.1247E-04  0.5731E-07  0.9070E-03  0.1480E-02  0.1048E+03
   -0.337482   30.14403  0.9673E-15  0.1316E-04  0.4850E-07  0.1161E-02  0.1287E-02  0.3272E+02
   -0.449978   30.14584  0.9673E-15  0.1363E-04  0.4257E-07  0.1396E-02  0.1145E-02  0.2080E+02
   -0.562475   30.14721  0.9673E-15  0.1394E-04  0.3818E-07  0.1614E-02  0.1032E-02  0.1554E+02
   -0.674973   30.14829  0.9673E-15  0.1415E-04  0.3474E-07  0.1815E-02  0.9394E-03  0.1266E+02
   -0.787471   30.14917  0.9673E-15  0.1427E-04  0.3194E-07  0.2000E-02  0.8608E-03  0.1083E+02
   -0.899970   30.14991  0.9673E-15  0.1432E-04  0.2958E-07  0.2171E-02  0.7927E-03  0.9619E+01
   -1.012470   30.15053  0.9673E-15  0.1433E-04  0.2756E-07  0.2329E-02  0.7329E-03  0.8732E+01
   -1.124971   30.15107  0.9673E-15  0.1429E-04  0.2580E-07  0.2473E-02  0.6796E-03  0.8114E+01
   -1.237472   30.15154  0.9673E-15  0.1423E-04  0.2425E-07  0.2606E-02  0.6316E-03  0.7626E+01
   -1.349974   30.15195  0.9673E-15  0.1414E-04  0.2286E-07  0.2727E-02  0.5881E-03  0.7291E+01
   -1.462476   30.15231  0.9673E-15  0.1402E-04  0.2162E-07  0.2837E-02  0.5484E-03  0.7013E+01
   -1.574978   30.15264  0.9673E-15  0.1389E-04  0.2050E-07  0.2937E-02  0.5119E-03  0.6841E+01
   -1.687481   30.15293  0.9673E-15  0.1374E-04  0.1948E-07  0.3027E-02  0.4783E-03  0.6690E+01
   -1.799984   30.15319  0.9673E-15  0.1358E-04  0.1855E-07  0.3107E-02  0.4472E-03  0.6626E+01
   -1.912487   30.15343  0.9673E-15  0.1341E-04  0.1770E-07  0.3178E-02  0.4183E-03  0.6568E+01
   -2.024991   30.15365  0.9673E-15  0.1323E-04  0.1693E-07  0.3240E-02  0.3914E-03  0.6588E+01
   -2.137495   30.15384  0.9673E-15  0.1305E-04  0.1621E-07  0.3293E-02  0.3663E-03  0.6606E+01
   -2.249998   30.15402  0.9673E-15  0.1286E-04  0.1556E-07  0.3337E-02  0.3427E-03  0.6703E+01
   -2.362502   30.15419  0.9673E-15  0.1266E-04  0.1495E-07  0.3372E-02  0.3206E-03  0.6792E+01
   -2.475005   30.15434  0.9673E-15  0.1246E-04  0.1440E-07  0.3398E-02  0.2998E-03  0.6965E+01
   -2.587509   30.15448  0.9673E-15  0.1226E-04  0.1390E-07  0.3415E-02  0.2803E-03  0.7129E+01
   -2.700012   30.15461  0.9673E-15  0.1206E-04  0.1344E-07  0.3422E-02  0.2618E-03  0.7389E+01
   -2.812515   30.15473  0.9673E-15  0.1185E-04  0.1303E-07  0.3419E-02  0.2444E-03  0.7657E+01
   -2.925018   30.15484  0.9673E-15  0.1164E-04  0.1266E-07  0.3405E-02  0.2279E-03  0.8046E+01
   -3.037521   30.15494  0.9673E-15  0.1143E-04  0.1234E-07  0.3380E-02  0.2123E-03  0.8470E+01
   -3.150023   30.15504  0.9673E-15  0.1122E-04  0.1207E-07  0.3343E-02  0.1975E-03  0.9064E+01
   -3.262524   30.15513  0.9673E-15  0.1101E-04  0.1185E-07  0.3292E-02  0.1834E-03  0.9757E+01
   -3.375025   30.15521  0.9673E-15  0.1079E-04  0.1168E-07  0.3225E-02  0.1700E-03  0.1072E+02
   -3.487526   30.15529  0.9673E-15  0.1058E-04  0.1158E-07  0.3141E-02  0.1573E-03  0.1193E+02
   -3.600026   30.15536  0.9673E-15  0.1035E-04  0.1156E-07  0.3036E-02  0.1452E-03  0.1369E+02
   -3.712525   30.15543  0.9673E-15  0.1013E-04  0.1164E-07  0.2908E-02  0.1337E-03  0.1614E+02
   -3.825024   30.15550  0.9673E-15  0.9892E-05  0.1185E-07  0.2751E-02  0.1227E-03  0.1997E+02
   -3.937521   30.15556  0.9673E-15  0.9645E-05  0.1225E-07  0.2557E-02  0.1122E-03  0.2637E+02
   -4.050018   30.15563  0.9673E-15  0.9375E-05  0.1294E-07  0.2337E-02  0.1022E-03  0.4070E+02
   -4.162514   30.15570  0.9673E-15  0.9041E-05  0.1423E-07  0.2105E-02  0.9288E-04  0.1834E+03
   -4.275009   30.15577  0.9673E-15  0.8439E-05  0.1775E-07  0.7566E-03  0.8272E-04  0.1591E+05
   -4.387503   30.15598  0.9673E-15  0.3255E-05  0.6764E-07  0.2084E-04  0.6907E-04 -0.4047E+06
   -4.499996   30.16408  0.9673E-15  0.0000E+00  0.0000E+00  0.0000E+00  0.6894E-04  0.0000E+00
