 1 - depth, m
 2 - temperature, C
 3 - salinity, kg/kg
 4 - turbulent kinetic energy, m**2/s**2
 5 - dissipation rate, m**2/s**3
 6 - kinematic heat conductance, m**2/s
 7 - modulus of horizontal velocity, m/s
 8 - Richardson number, n/d
   -0.000000   27.89328  0.5497E-15  0.1525E-04  0.4834E-06  0.6282E-04  0.1595E-01 -0.2110E+00
   -0.112493   27.95134  0.5496E-15  0.1649E-04  0.1519E-06  0.3955E-03  0.6661E-02 -0.8335E+00
   -0.224987   27.95989  0.5496E-15  0.1684E-04  0.1024E-06  0.9837E-03  0.4925E-02  0.7692E+02
   -0.337482   27.96292  0.5496E-15  0.1715E-04  0.8315E-07  0.1166E-02  0.4353E-02  0.3249E+01
   -0.449978   27.96525  0.5496E-15  0.1742E-04  0.7082E-07  0.1389E-02  0.3906E-02  0.2161E+01
   -0.562474   27.96704  0.5496E-15  0.1765E-04  0.6211E-07  0.1599E-02  0.3552E-02  0.1879E+01
   -0.674972   27.96846  0.5496E-15  0.1783E-04  0.5537E-07  0.1814E-02  0.3248E-02  0.1896E+01
   -0.787471   27.96962  0.5496E-15  0.1797E-04  0.4990E-07  0.2034E-02  0.2975E-02  0.1901E+01
   -0.899970   27.97057  0.5496E-15  0.1806E-04  0.4537E-07  0.2252E-02  0.2730E-02  0.1888E+01
   -1.012470   27.97138  0.5496E-15  0.1811E-04  0.4155E-07  0.2465E-02  0.2508E-02  0.1862E+01
   -1.124970   27.97206  0.5496E-15  0.1812E-04  0.3828E-07  0.2673E-02  0.2307E-02  0.1826E+01
   -1.237471   27.97264  0.5496E-15  0.1809E-04  0.3546E-07  0.2871E-02  0.2123E-02  0.1784E+01
   -1.349973   27.97315  0.5496E-15  0.1802E-04  0.3300E-07  0.3059E-02  0.1956E-02  0.1738E+01
   -1.462475   27.97360  0.5496E-15  0.1793E-04  0.3085E-07  0.3235E-02  0.1803E-02  0.1688E+01
   -1.574977   27.97399  0.5496E-15  0.1780E-04  0.2894E-07  0.3398E-02  0.1664E-02  0.1635E+01
   -1.687480   27.97435  0.5496E-15  0.1765E-04  0.2726E-07  0.3547E-02  0.1536E-02  0.1581E+01
   -1.799983   27.97467  0.5496E-15  0.1748E-04  0.2577E-07  0.3681E-02  0.1419E-02  0.1525E+01
   -1.912486   27.97496  0.5496E-15  0.1729E-04  0.2444E-07  0.3798E-02  0.1312E-02  0.1468E+01
   -2.024989   27.97522  0.5496E-15  0.1709E-04  0.2325E-07  0.3899E-02  0.1214E-02  0.1409E+01
   -2.137493   27.97546  0.5496E-15  0.1687E-04  0.2220E-07  0.3982E-02  0.1124E-02  0.1349E+01
   -2.249996   27.97568  0.5496E-15  0.1665E-04  0.2127E-07  0.4049E-02  0.1042E-02  0.1288E+01
   -2.362500   27.97589  0.5496E-15  0.1642E-04  0.2046E-07  0.4098E-02  0.9666E-03  0.1226E+01
   -2.475003   27.97608  0.5496E-15  0.1618E-04  0.1974E-07  0.4129E-02  0.8981E-03  0.1164E+01
   -2.587507   27.97626  0.5496E-15  0.1595E-04  0.1912E-07  0.4143E-02  0.8355E-03  0.1100E+01
   -2.700010   27.97644  0.5496E-15  0.1571E-04  0.1859E-07  0.4140E-02  0.7783E-03  0.1035E+01
   -2.812513   27.97660  0.5496E-15  0.1547E-04  0.1814E-07  0.4120E-02  0.7263E-03  0.9690E+00
   -2.925016   27.97675  0.5496E-15  0.1524E-04  0.1778E-07  0.4085E-02  0.6791E-03  0.9023E+00
   -3.037518   27.97689  0.5496E-15  0.1502E-04  0.1750E-07  0.4038E-02  0.6364E-03  0.8836E+00
   -3.150020   27.97703  0.5496E-15  0.1479E-04  0.1729E-07  0.3976E-02  0.5970E-03  0.9153E+00
   -3.262522   27.97717  0.5496E-15  0.1456E-04  0.1715E-07  0.3897E-02  0.5600E-03  0.9902E+00
   -3.375023   27.97730  0.5496E-15  0.1432E-04  0.1710E-07  0.3798E-02  0.5248E-03  0.1115E+01
   -3.487523   27.97742  0.5496E-15  0.1408E-04  0.1715E-07  0.3673E-02  0.4909E-03  0.1289E+01
   -3.600023   27.97755  0.5496E-15  0.1381E-04  0.1732E-07  0.3521E-02  0.4581E-03  0.1535E+01
   -3.712522   27.97767  0.5496E-15  0.1354E-04  0.1765E-07  0.3338E-02  0.4264E-03  0.1902E+01
   -3.825021   27.97779  0.5496E-15  0.1324E-04  0.1822E-07  0.3119E-02  0.3955E-03  0.2478E+01
   -3.937518   27.97792  0.5496E-15  0.1291E-04  0.1912E-07  0.2858E-02  0.3655E-03  0.3498E+01
   -4.050015   27.97805  0.5496E-15  0.1254E-04  0.2056E-07  0.2529E-02  0.3363E-03  0.5562E+01
   -4.162511   27.97819  0.5496E-15  0.1209E-04  0.2299E-07  0.2242E-02  0.3080E-03  0.1170E+02
   -4.275006   27.97835  0.5496E-15  0.1136E-04  0.2876E-07  0.1438E-02  0.2822E-03  0.1490E+03
   -4.387500   27.97859  0.5496E-15  0.4564E-05  0.1117E-06  0.2538E-04  0.2497E-03 -0.1845E+05
   -4.499993   27.99231  0.5496E-15  0.0000E+00  0.0000E+00  0.0000E+00  0.2489E-03  0.0000E+00
