 1 - depth, m
 2 - temperature, C
 3 - salinity, kg/kg
 4 - turbulent kinetic energy, m**2/s**2
 5 - dissipation rate, m**2/s**3
 6 - kinematic heat conductance, m**2/s
 7 - modulus of horizontal velocity, m/s
 8 - Richardson number, n/d
   -0.000000   31.20863  0.5034E-15  0.4277E-05  0.1167E-06  0.3525E-04  0.1708E-02 -0.1881E+02
   -0.112493   31.28102  0.5034E-15  0.8854E-05  0.5125E-07  0.5602E-03  0.4522E-03 -0.1620E+02
   -0.224987   31.28498  0.5034E-15  0.9657E-05  0.4106E-07  0.7612E-03  0.3780E-03  0.2830E+06
   -0.337483   31.28750  0.5034E-15  0.1006E-04  0.3482E-07  0.9529E-03  0.3286E-03  0.3672E+04
   -0.449979   31.28926  0.5034E-15  0.1024E-04  0.3036E-07  0.1117E-02  0.2920E-03  0.8034E+03
   -0.562476   31.29057  0.5034E-15  0.1027E-04  0.2689E-07  0.1260E-02  0.2628E-03  0.5194E+03
   -0.674974   31.29158  0.5034E-15  0.1021E-04  0.2406E-07  0.1385E-02  0.2386E-03  0.4076E+03
   -0.787473   31.29239  0.5034E-15  0.1007E-04  0.2169E-07  0.1493E-02  0.2180E-03  0.3493E+03
   -0.899972   31.29305  0.5034E-15  0.9889E-05  0.1966E-07  0.1587E-02  0.2000E-03  0.3155E+03
   -1.012472   31.29359  0.5034E-15  0.9668E-05  0.1789E-07  0.1667E-02  0.1842E-03  0.2954E+03
   -1.124973   31.29404  0.5034E-15  0.9422E-05  0.1634E-07  0.1735E-02  0.1702E-03  0.2837E+03
   -1.237474   31.29442  0.5034E-15  0.9160E-05  0.1496E-07  0.1794E-02  0.1575E-03  0.3130E+03
   -1.349976   31.29474  0.5034E-15  0.8882E-05  0.1373E-07  0.1829E-02  0.1461E-03  0.1976E+05
   -1.462478   31.29501  0.5034E-15  0.8587E-05  0.1260E-07  0.1834E-02  0.1355E-03  0.6801E+04
   -1.574981   31.29524  0.5034E-15  0.8280E-05  0.1157E-07  0.1837E-02  0.1254E-03  0.2197E+04
   -1.687484   31.29544  0.5034E-15  0.7966E-05  0.1063E-07  0.1835E-02  0.1159E-03  0.1482E+04
   -1.799987   31.29561  0.5034E-15  0.7649E-05  0.9776E-08  0.1828E-02  0.1070E-03  0.4843E+04
   -1.912491   31.29575  0.5034E-15  0.7333E-05  0.9002E-08  0.1817E-02  0.9874E-04  0.2779E+04
   -2.024995   31.29585  0.5034E-15  0.7020E-05  0.8301E-08  0.1801E-02  0.9098E-04  0.1476E+04
   -2.137498   31.29592  0.5034E-15  0.6709E-05  0.7661E-08  0.1781E-02  0.8366E-04  0.1060E+04
   -2.250002   31.29593  0.5034E-15  0.6397E-05  0.7073E-08  0.1737E-02  0.7672E-04  0.2158E+05
   -2.362506   31.29581  0.5034E-15  0.6078E-05  0.6522E-08  0.1692E-02  0.6987E-04  0.1268E+05
   -2.475010   31.29531  0.5034E-15  0.5758E-05  0.6009E-08  0.1634E-02  0.6300E-04  0.1154E+05
   -2.587514   31.29442  0.5034E-15  0.5452E-05  0.5541E-08  0.1566E-02  0.5691E-04  0.6071E+06
   -2.700017   31.29340  0.5034E-15  0.5159E-05  0.5113E-08  0.1494E-02  0.5179E-04  0.1153E+09
   -2.812520   31.29232  0.5034E-15  0.4866E-05  0.4709E-08  0.1362E-02  0.4729E-04  0.2825E+11
   -2.925023   31.29112  0.5033E-15  0.4546E-05  0.4287E-08  0.7810E-03  0.4302E-04  0.8014E+13
   -3.037526   31.28973  0.5033E-15  0.4185E-05  0.3835E-08  0.5442E-03  0.3798E-04  0.9458E+14
   -3.150028   31.28814  0.5033E-15  0.3821E-05  0.3413E-08  0.4258E-03  0.3311E-04  0.1350E+15
   -3.262530   31.28629  0.5033E-15  0.3463E-05  0.3029E-08  0.3117E-03  0.2863E-04  0.1521E+15
   -3.375031   31.28426  0.5033E-15  0.3108E-05  0.2676E-08  0.2024E-03  0.2459E-04  0.2140E+15
   -3.487532   31.28148  0.5033E-15  0.2736E-05  0.2330E-08  0.9791E-04  0.2090E-04  0.4307E+15
   -3.600032   31.27625  0.5032E-15  0.2255E-05  0.1905E-08  0.1239E-04  0.1732E-04  0.1501E+16
   -3.712532   31.25223  0.5027E-15  0.9999E-06  0.8241E-09  0.1811E-06  0.7422E-05  0.6782E+16
   -3.825031   31.14454  0.4995E-15  0.1044E-06  0.8793E-10  0.2010E-07  0.4317E-06  0.1309E+17
   -3.937528   31.02809  0.4956E-15  0.8309E-08  0.8113E-11  0.4574E-08  0.1218E-07  0.9019E+16
   -4.050026   30.96757  0.4938E-15  0.2394E-07  0.3273E-10  0.1012E-06  0.2676E-09  0.2827E+16
   -4.162522   30.95250  0.4930E-15  0.1283E-06  0.1819E-09  0.2166E-04  0.5180E-11 -0.4005E+14
   -4.275017   30.95263  0.4930E-15  0.2250E-06  0.4805E-09  0.3803E-04  0.7894E-12 -0.2063E+15
   -4.387511   30.95331  0.4930E-15  0.2257E-06  0.1903E-08  0.7654E-05  0.1380E-12 -0.2801E+16
   -4.500004   30.96251  0.4930E-15  0.0000E+00  0.0000E+00  0.0000E+00  0.1376E-12  0.0000E+00
