 1 - depth, m
 2 - temperature, C
 3 - salinity, kg/kg
 4 - turbulent kinetic energy, m**2/s**2
 5 - dissipation rate, m**2/s**3
 6 - kinematic heat conductance, m**2/s
 7 - modulus of horizontal velocity, m/s
 8 - Richardson number, n/d
   -0.000000   25.07152  0.8310E-14  0.1146E-04  0.3146E-06  0.5584E-04  0.1335E-01 -0.2371E+00
   -0.112493   25.12248  0.8310E-14  0.1237E-04  0.1020E-06  0.3362E-03  0.5465E-02 -0.9515E+00
   -0.224987   25.13040  0.8310E-14  0.1257E-04  0.6702E-07  0.8311E-03  0.3922E-02  0.1302E+04
   -0.337482   25.13313  0.8310E-14  0.1268E-04  0.5340E-07  0.1014E-02  0.3329E-02  0.8329E+01
   -0.449978   25.13513  0.8310E-14  0.1276E-04  0.4517E-07  0.1188E-02  0.2951E-02  0.3837E+01
   -0.562475   25.13668  0.8310E-14  0.1279E-04  0.3929E-07  0.1355E-02  0.2648E-02  0.2751E+01
   -0.674972   25.13791  0.8310E-14  0.1278E-04  0.3484E-07  0.1511E-02  0.2397E-02  0.2188E+01
   -0.787471   25.13891  0.8309E-14  0.1273E-04  0.3131E-07  0.1657E-02  0.2185E-02  0.1896E+01
   -0.899970   25.13974  0.8309E-14  0.1265E-04  0.2841E-07  0.1795E-02  0.2001E-02  0.1759E+01
   -1.012470   25.14045  0.8309E-14  0.1255E-04  0.2596E-07  0.1927E-02  0.1836E-02  0.1667E+01
   -1.124970   25.14105  0.8309E-14  0.1242E-04  0.2385E-07  0.2050E-02  0.1688E-02  0.1600E+01
   -1.237471   25.14157  0.8309E-14  0.1228E-04  0.2202E-07  0.2166E-02  0.1554E-02  0.1543E+01
   -1.349973   25.14202  0.8309E-14  0.1212E-04  0.2042E-07  0.2274E-02  0.1433E-02  0.1488E+01
   -1.462475   25.14241  0.8309E-14  0.1195E-04  0.1901E-07  0.2374E-02  0.1322E-02  0.1433E+01
   -1.574977   25.14277  0.8309E-14  0.1178E-04  0.1776E-07  0.2466E-02  0.1221E-02  0.1379E+01
   -1.687480   25.14308  0.8309E-14  0.1159E-04  0.1665E-07  0.2548E-02  0.1129E-02  0.1325E+01
   -1.799983   25.14335  0.8309E-14  0.1140E-04  0.1566E-07  0.2622E-02  0.1045E-02  0.1274E+01
   -1.912486   25.14360  0.8309E-14  0.1121E-04  0.1478E-07  0.2688E-02  0.9678E-03  0.1226E+01
   -2.024990   25.14383  0.8309E-14  0.1102E-04  0.1399E-07  0.2745E-02  0.8975E-03  0.1184E+01
   -2.137493   25.14403  0.8309E-14  0.1083E-04  0.1328E-07  0.2793E-02  0.8331E-03  0.1152E+01
   -2.249997   25.14422  0.8309E-14  0.1064E-04  0.1265E-07  0.2834E-02  0.7740E-03  0.1145E+01
   -2.362501   25.14439  0.8309E-14  0.1045E-04  0.1208E-07  0.2866E-02  0.7194E-03  0.1154E+01
   -2.475004   25.14454  0.8309E-14  0.1026E-04  0.1157E-07  0.2891E-02  0.6686E-03  0.1174E+01
   -2.587508   25.14469  0.8309E-14  0.1007E-04  0.1111E-07  0.2908E-02  0.6213E-03  0.1204E+01
   -2.700011   25.14482  0.8309E-14  0.9885E-05  0.1069E-07  0.2916E-02  0.5771E-03  0.1248E+01
   -2.812514   25.14494  0.8309E-14  0.9700E-05  0.1033E-07  0.2915E-02  0.5358E-03  0.1314E+01
   -2.925017   25.14505  0.8309E-14  0.9517E-05  0.1000E-07  0.2905E-02  0.4969E-03  0.1402E+01
   -3.037519   25.14516  0.8309E-14  0.9334E-05  0.9721E-08  0.2885E-02  0.4602E-03  0.1512E+01
   -3.150021   25.14525  0.8309E-14  0.9152E-05  0.9484E-08  0.2853E-02  0.4255E-03  0.1655E+01
   -3.262523   25.14534  0.8309E-14  0.8971E-05  0.9294E-08  0.2808E-02  0.3928E-03  0.1844E+01
   -3.375024   25.14543  0.8309E-14  0.8790E-05  0.9155E-08  0.2748E-02  0.3618E-03  0.2102E+01
   -3.487524   25.14551  0.8309E-14  0.8607E-05  0.9074E-08  0.2671E-02  0.3325E-03  0.2462E+01
   -3.600024   25.14559  0.8309E-14  0.8422E-05  0.9062E-08  0.2575E-02  0.3046E-03  0.2993E+01
   -3.712523   25.14567  0.8309E-14  0.8232E-05  0.9137E-08  0.2456E-02  0.2781E-03  0.3814E+01
   -3.825022   25.14575  0.8309E-14  0.8036E-05  0.9328E-08  0.2309E-02  0.2529E-03  0.5182E+01
   -3.937519   25.14583  0.8309E-14  0.7827E-05  0.9686E-08  0.2128E-02  0.2288E-03  0.7774E+01
   -4.050016   25.14592  0.8309E-14  0.7597E-05  0.1031E-07  0.1897E-02  0.2058E-03  0.1356E+02
   -4.162512   25.14602  0.8309E-14  0.7329E-05  0.1139E-07  0.1692E-02  0.1839E-03  0.3452E+02
   -4.275007   25.14614  0.8309E-14  0.6875E-05  0.1412E-07  0.8697E-03  0.1645E-03  0.6939E+05
   -4.387501   25.14640  0.8309E-14  0.2746E-05  0.5344E-07  0.2018E-04  0.1378E-03 -0.8261E+05
   -4.499994   25.16049  0.8309E-14  0.0000E+00  0.0000E+00  0.0000E+00  0.1374E-03  0.0000E+00
