 1 - depth, m
 2 - temperature, C
 3 - salinity, kg/kg
 4 - turbulent kinetic energy, m**2/s**2
 5 - dissipation rate, m**2/s**3
 6 - kinematic heat conductance, m**2/s
 7 - modulus of horizontal velocity, m/s
 8 - Richardson number, n/d
   -0.000000   31.16059  0.6380E-14  0.3978E-05  0.1072E-06  0.3373E-04  0.1429E-02 -0.3777E+02
   -0.112493   31.23306  0.6379E-14  0.8214E-05  0.4717E-07  0.5268E-03  0.3844E-03  0.2178E+03
   -0.224987   31.23706  0.6379E-14  0.8911E-05  0.3765E-07  0.7119E-03  0.3195E-03  0.1654E+06
   -0.337482   31.23959  0.6379E-14  0.9223E-05  0.3175E-07  0.8841E-03  0.2765E-03  0.1762E+06
   -0.449978   31.24133  0.6379E-14  0.9318E-05  0.2749E-07  0.1029E-02  0.2446E-03  0.3474E+04
   -0.562475   31.24263  0.6379E-14  0.9276E-05  0.2416E-07  0.1152E-02  0.2193E-03  0.1157E+04
   -0.674973   31.24362  0.6379E-14  0.9144E-05  0.2144E-07  0.1257E-02  0.1983E-03  0.8545E+03
   -0.787471   31.24440  0.6379E-14  0.8949E-05  0.1916E-07  0.1345E-02  0.1805E-03  0.7247E+03
   -0.899970   31.24502  0.6379E-14  0.8713E-05  0.1722E-07  0.1420E-02  0.1651E-03  0.7058E+03
   -1.012470   31.24553  0.6379E-14  0.8448E-05  0.1553E-07  0.1482E-02  0.1517E-03  0.7703E+04
   -1.124971   31.24594  0.6379E-14  0.8157E-05  0.1403E-07  0.1507E-02  0.1396E-03  0.6295E+04
   -1.237472   31.24629  0.6379E-14  0.7844E-05  0.1268E-07  0.1519E-02  0.1281E-03  0.1134E+05
   -1.349974   31.24658  0.6379E-14  0.7517E-05  0.1148E-07  0.1525E-02  0.1173E-03  0.3544E+04
   -1.462476   31.24682  0.6379E-14  0.7185E-05  0.1040E-07  0.1525E-02  0.1071E-03  0.7283E+03
   -1.574978   31.24701  0.6379E-14  0.6851E-05  0.9446E-08  0.1519E-02  0.9769E-04  0.8076E+04
   -1.687481   31.24715  0.6379E-14  0.6519E-05  0.8592E-08  0.1506E-02  0.8881E-04  0.1947E+04
   -1.799984   31.24723  0.6379E-14  0.6185E-05  0.7821E-08  0.1473E-02  0.8033E-04  0.5310E+04
   -1.912487   31.24718  0.6379E-14  0.5842E-05  0.7108E-08  0.1428E-02  0.7164E-04  0.7414E+04
   -2.024991   31.24668  0.6379E-14  0.5493E-05  0.6446E-08  0.1364E-02  0.6164E-04  0.4861E+04
   -2.137494   31.24546  0.6379E-14  0.5152E-05  0.5837E-08  0.1275E-02  0.5242E-04  0.8162E+05
   -2.249998   31.24404  0.6379E-14  0.4816E-05  0.5268E-08  0.1149E-02  0.4533E-04  0.6117E+07
   -2.362501   31.24242  0.6379E-14  0.4474E-05  0.4729E-08  0.1051E-02  0.3913E-04  0.1215E+10
   -2.475005   31.24029  0.6379E-14  0.4133E-05  0.4232E-08  0.9962E-03  0.3336E-04  0.2205E+12
   -2.587509   31.23772  0.6378E-14  0.3795E-05  0.3772E-08  0.9162E-03  0.2802E-04  0.4457E+14
   -2.700012   31.23457  0.6378E-14  0.3454E-05  0.3338E-08  0.8278E-03  0.2303E-04  0.1720E+15
   -2.812515   31.23066  0.6378E-14  0.3107E-05  0.2922E-08  0.7392E-03  0.1838E-04  0.2288E+15
   -2.925018   31.22572  0.6378E-14  0.2753E-05  0.2519E-08  0.6573E-03  0.1405E-04  0.2851E+15
   -3.037520   31.21938  0.6377E-14  0.2408E-05  0.2140E-08  0.5781E-03  0.1008E-04  0.3572E+15
   -3.150022   31.21282  0.6377E-14  0.2211E-05  0.1916E-08  0.4900E-03  0.7819E-05  0.4474E+15
   -3.262524   31.20801  0.6377E-14  0.2076E-05  0.1758E-08  0.3869E-03  0.6665E-05  0.5086E+15
   -3.375025   31.20437  0.6376E-14  0.1943E-05  0.1612E-08  0.2767E-03  0.5675E-05  0.7716E+15
   -3.487525   31.20024  0.6376E-14  0.1805E-05  0.1474E-08  0.2182E-03  0.4738E-05  0.1206E+16
   -3.600025   31.19543  0.6376E-14  0.1666E-05  0.1346E-08  0.1803E-03  0.3865E-05  0.1593E+16
   -3.712525   31.19007  0.6375E-14  0.1522E-05  0.1231E-08  0.1484E-03  0.3056E-05  0.1754E+16
   -3.825023   31.18412  0.6375E-14  0.1371E-05  0.1127E-08  0.1214E-03  0.2316E-05  0.2040E+16
   -3.937521   31.17711  0.6373E-14  0.1213E-05  0.1043E-08  0.1003E-03  0.1661E-05  0.2082E+16
   -4.050018   31.16973  0.6371E-14  0.1066E-05  0.1015E-08  0.8724E-04  0.1130E-05  0.8955E+15
   -4.162514   31.16593  0.6369E-14  0.1000E-05  0.1159E-08  0.9112E-04  0.7549E-06 -0.3966E+14
   -4.275009   31.16596  0.6368E-14  0.9527E-06  0.1614E-08  0.9062E-04  0.5181E-06 -0.1462E+15
   -4.387503   31.16650  0.6368E-14  0.4768E-06  0.5332E-08  0.9346E-05  0.3508E-06 -0.2073E+16
   -4.499996   31.17566  0.6368E-14  0.0000E+00  0.0000E+00  0.0000E+00  0.3602E-06  0.0000E+00
