 1 - depth, m
 2 - temperature, C
 3 - salinity, kg/kg
 4 - turbulent kinetic energy, m**2/s**2
 5 - dissipation rate, m**2/s**3
 6 - kinematic heat conductance, m**2/s
 7 - modulus of horizontal velocity, m/s
 8 - Richardson number, n/d
   -0.000000   31.09108  0.4586E-14  0.7105E-05  0.2058E-06  0.5090E-04  0.5496E-02 -0.1784E+01
   -0.112493   31.15943  0.4586E-14  0.1246E-04  0.8519E-07  0.6563E-03  0.1719E-02  0.7974E+05
   -0.224987   31.16418  0.4586E-14  0.1364E-04  0.6700E-07  0.9159E-03  0.1438E-02  0.2924E+03
   -0.337482   31.16720  0.4586E-14  0.1437E-04  0.5661E-07  0.1177E-02  0.1253E-02  0.3555E+02
   -0.449978   31.16931  0.4586E-14  0.1482E-04  0.4956E-07  0.1411E-02  0.1117E-02  0.2124E+02
   -0.562475   31.17090  0.4586E-14  0.1510E-04  0.4429E-07  0.1626E-02  0.1009E-02  0.1562E+02
   -0.674973   31.17214  0.4585E-14  0.1525E-04  0.4013E-07  0.1822E-02  0.9207E-03  0.1262E+02
   -0.787472   31.17314  0.4585E-14  0.1531E-04  0.3670E-07  0.2000E-02  0.8453E-03  0.1076E+02
   -0.899971   31.17396  0.4585E-14  0.1530E-04  0.3382E-07  0.2163E-02  0.7798E-03  0.9524E+01
   -1.012471   31.17466  0.4585E-14  0.1523E-04  0.3133E-07  0.2311E-02  0.7220E-03  0.8636E+01
   -1.124972   31.17525  0.4585E-14  0.1511E-04  0.2916E-07  0.2446E-02  0.6703E-03  0.8005E+01
   -1.237473   31.17577  0.4585E-14  0.1497E-04  0.2725E-07  0.2568E-02  0.6238E-03  0.7521E+01
   -1.349975   31.17621  0.4585E-14  0.1480E-04  0.2554E-07  0.2678E-02  0.5815E-03  0.7173E+01
   -1.462477   31.17660  0.4585E-14  0.1460E-04  0.2400E-07  0.2777E-02  0.5428E-03  0.6897E+01
   -1.574979   31.17695  0.4585E-14  0.1439E-04  0.2262E-07  0.2865E-02  0.5073E-03  0.6708E+01
   -1.687482   31.17725  0.4585E-14  0.1417E-04  0.2136E-07  0.2944E-02  0.4745E-03  0.6555E+01
   -1.799985   31.17752  0.4585E-14  0.1394E-04  0.2022E-07  0.3014E-02  0.4442E-03  0.6466E+01
   -1.912489   31.17776  0.4585E-14  0.1370E-04  0.1918E-07  0.3075E-02  0.4160E-03  0.6395E+01
   -2.024992   31.17798  0.4585E-14  0.1346E-04  0.1823E-07  0.3127E-02  0.3899E-03  0.6388E+01
   -2.137496   31.17818  0.4585E-14  0.1322E-04  0.1736E-07  0.3172E-02  0.3656E-03  0.6903E+01
   -2.250000   31.17835  0.4585E-14  0.1296E-04  0.1656E-07  0.3162E-02  0.3429E-03  0.8797E+03
   -2.362503   31.17851  0.4585E-14  0.1270E-04  0.1580E-07  0.3138E-02  0.3205E-03  0.3140E+03
   -2.475007   31.17865  0.4585E-14  0.1242E-04  0.1510E-07  0.3118E-02  0.2986E-03  0.3839E+03
   -2.587511   31.17878  0.4585E-14  0.1215E-04  0.1445E-07  0.3096E-02  0.2775E-03  0.2983E+03
   -2.700014   31.17890  0.4585E-14  0.1187E-04  0.1386E-07  0.3069E-02  0.2573E-03  0.9546E+02
   -2.812517   31.17901  0.4585E-14  0.1159E-04  0.1332E-07  0.3034E-02  0.2380E-03  0.4292E+02
   -2.925020   31.17910  0.4585E-14  0.1131E-04  0.1283E-07  0.2993E-02  0.2197E-03  0.6831E+02
   -3.037523   31.17918  0.4585E-14  0.1103E-04  0.1240E-07  0.2945E-02  0.2022E-03  0.2328E+03
   -3.150025   31.17924  0.4585E-14  0.1076E-04  0.1203E-07  0.2888E-02  0.1856E-03  0.3965E+02
   -3.262526   31.17929  0.4585E-14  0.1048E-04  0.1171E-07  0.2827E-02  0.1699E-03  0.3549E+02
   -3.375028   31.17932  0.4585E-14  0.1020E-04  0.1145E-07  0.2760E-02  0.1550E-03  0.7285E+02
   -3.487528   31.17933  0.4585E-14  0.9926E-05  0.1125E-07  0.2684E-02  0.1410E-03  0.8915E+02
   -3.600028   31.17928  0.4585E-14  0.9650E-05  0.1114E-07  0.2597E-02  0.1278E-03  0.1810E+03
   -3.712528   31.17922  0.4585E-14  0.9390E-05  0.1114E-07  0.2499E-02  0.1158E-03  0.2797E+03
   -3.825026   31.17922  0.4585E-14  0.9147E-05  0.1129E-07  0.2385E-02  0.1054E-03 -0.3287E+03
   -3.937524   31.17926  0.4585E-14  0.8909E-05  0.1163E-07  0.2245E-02  0.9612E-04 -0.5345E+04
   -4.050021   31.17933  0.4585E-14  0.8661E-05  0.1226E-07  0.2107E-02  0.8772E-04 -0.3138E+05
   -4.162517   31.17940  0.4585E-14  0.8337E-05  0.1352E-07  0.1585E-02  0.8002E-04 -0.1434E+06
   -4.275012   31.17951  0.4585E-14  0.7737E-05  0.1709E-07  0.6318E-03  0.7067E-04 -0.1129E+07
   -4.387506   31.17979  0.4585E-14  0.2997E-05  0.6368E-07  0.1996E-04  0.5930E-04 -0.4262E+10
   -4.499999   31.18966  0.4585E-14  0.0000E+00  0.0000E+00  0.0000E+00  0.5923E-04  0.0000E+00
