 1 - depth, m
 2 - temperature, C
 3 - salinity, kg/kg
 4 - turbulent kinetic energy, m**2/s**2
 5 - dissipation rate, m**2/s**3
 6 - kinematic heat conductance, m**2/s
 7 - modulus of horizontal velocity, m/s
 8 - Richardson number, n/d
   -0.000000   29.54086  0.1857E-14  0.3814E-05  0.9927E-07  0.3349E-04  0.1539E-02 -0.2586E+02
   -0.112494   29.61069  0.1858E-14  0.7774E-05  0.4374E-07  0.5104E-03  0.4249E-03  0.3096E+03
   -0.224990   29.61466  0.1858E-14  0.8431E-05  0.3490E-07  0.6906E-03  0.3526E-03  0.1629E+06
   -0.337486   29.61717  0.1858E-14  0.8724E-05  0.2944E-07  0.8566E-03  0.3049E-03  0.4416E+06
   -0.449983   29.61891  0.1858E-14  0.8812E-05  0.2550E-07  0.9954E-03  0.2696E-03  0.6355E+06
   -0.562481   29.62019  0.1858E-14  0.8770E-05  0.2243E-07  0.1113E-02  0.2416E-03  0.2105E+04
   -0.674980   29.62118  0.1858E-14  0.8642E-05  0.1992E-07  0.1212E-02  0.2185E-03  0.1157E+04
   -0.787480   29.62195  0.1858E-14  0.8456E-05  0.1783E-07  0.1295E-02  0.1990E-03  0.9316E+03
   -0.899981   29.62257  0.1858E-14  0.8232E-05  0.1604E-07  0.1365E-02  0.1821E-03  0.1757E+04
   -1.012482   29.62307  0.1858E-14  0.7976E-05  0.1448E-07  0.1410E-02  0.1676E-03  0.7492E+04
   -1.124984   29.62348  0.1858E-14  0.7688E-05  0.1308E-07  0.1414E-02  0.1538E-03  0.7125E+04
   -1.237486   29.62383  0.1858E-14  0.7375E-05  0.1182E-07  0.1409E-02  0.1404E-03  0.3402E+04
   -1.349989   29.62411  0.1858E-14  0.7046E-05  0.1068E-07  0.1396E-02  0.1278E-03  0.4262E+04
   -1.462492   29.62435  0.1858E-14  0.6708E-05  0.9665E-08  0.1377E-02  0.1159E-03  0.2487E+04
   -1.574996   29.62453  0.1858E-14  0.6366E-05  0.8759E-08  0.1349E-02  0.1047E-03  0.6593E+04
   -1.687500   29.62464  0.1858E-14  0.6021E-05  0.7946E-08  0.1319E-02  0.9396E-04  0.4427E+04
   -1.800005   29.62464  0.1858E-14  0.5666E-05  0.7205E-08  0.1286E-02  0.8341E-04  0.2674E+04
   -1.912509   29.62422  0.1858E-14  0.5295E-05  0.6513E-08  0.1247E-02  0.7102E-04  0.6364E+04
   -2.025014   29.62213  0.1858E-14  0.4931E-05  0.5880E-08  0.1198E-02  0.5670E-04  0.3528E+05
   -2.137519   29.61851  0.1858E-14  0.4591E-05  0.5311E-08  0.1145E-02  0.4623E-04  0.1540E+07
   -2.250024   29.61472  0.1859E-14  0.4276E-05  0.4800E-08  0.1090E-02  0.3919E-04  0.2616E+09
   -2.362529   29.61094  0.1859E-14  0.3978E-05  0.4336E-08  0.1029E-02  0.3412E-04  0.5683E+11
   -2.475033   29.60677  0.1859E-14  0.3685E-05  0.3906E-08  0.9659E-03  0.2998E-04  0.1120E+14
   -2.587538   29.60254  0.1859E-14  0.3393E-05  0.3499E-08  0.8252E-03  0.2636E-04  0.3060E+15
   -2.700043   29.59818  0.1859E-14  0.3087E-05  0.3093E-08  0.5923E-03  0.2296E-04  0.4830E+15
   -2.812547   29.59368  0.1859E-14  0.2768E-05  0.2691E-08  0.3773E-03  0.1970E-04  0.5774E+15
   -2.925051   29.58905  0.1859E-14  0.2446E-05  0.2309E-08  0.2510E-03  0.1672E-04  0.6245E+15
   -3.037555   29.58423  0.1859E-14  0.2129E-05  0.1956E-08  0.1721E-03  0.1407E-04  0.6594E+15
   -3.150058   29.57925  0.1860E-14  0.1808E-05  0.1620E-08  0.1017E-03  0.1175E-04  0.6811E+15
   -3.262561   29.57338  0.1860E-14  0.1388E-05  0.1210E-08  0.4956E-04  0.8474E-05  0.6209E+15
   -3.375064   29.56629  0.1860E-14  0.9260E-06  0.7813E-09  0.1864E-04  0.5009E-05  0.9646E+15
   -3.487565   29.55646  0.1860E-14  0.5153E-06  0.4185E-09  0.2525E-05  0.2427E-05  0.1912E+16
   -3.600067   29.54210  0.1859E-14  0.1957E-06  0.1545E-09  0.1420E-06  0.7920E-06  0.4078E+16
   -3.712567   29.51856  0.1858E-14  0.3911E-07  0.3149E-10  0.4594E-07  0.8302E-07  0.4538E+16
   -3.825067   29.49710  0.1856E-14  0.5978E-07  0.5448E-10  0.5065E-06  0.4208E-08  0.1236E+16
   -3.937566   29.49148  0.1856E-14  0.1419E-06  0.1339E-09  0.2617E-04  0.1407E-09  0.3803E+15
   -4.050064   29.49018  0.1855E-14  0.2131E-06  0.2424E-09  0.5238E-04  0.2596E-10  0.7310E+14
   -4.162561   29.48995  0.1855E-14  0.2973E-06  0.4299E-09  0.7002E-04  0.7491E-11 -0.8046E+14
   -4.275058   29.49023  0.1855E-14  0.3692E-06  0.7821E-09  0.6594E-04  0.2270E-11 -0.2029E+15
   -4.387553   29.49093  0.1855E-14  0.2891E-06  0.2702E-08  0.8636E-05  0.6138E-12 -0.3283E+16
   -4.500047   29.50218  0.1855E-14  0.0000E+00  0.0000E+00  0.0000E+00  0.6047E-12  0.0000E+00
