 1 - depth, m
 2 - temperature, C
 3 - salinity, kg/kg
 4 - turbulent kinetic energy, m**2/s**2
 5 - dissipation rate, m**2/s**3
 6 - kinematic heat conductance, m**2/s
 7 - modulus of horizontal velocity, m/s
 8 - Richardson number, n/d
   -0.000000   23.65932  0.1471E-13  0.1426E-04  0.4179E-06  0.6124E-04  0.1610E-01 -0.1777E+00
   -0.112493   23.71217  0.1471E-13  0.1431E-04  0.1346E-06  0.2851E-03  0.7155E-02 -0.6523E+00
   -0.224987   23.72245  0.1471E-13  0.1423E-04  0.8369E-07  0.7829E-03  0.5086E-02  0.1193E+03
   -0.337482   23.72582  0.1471E-13  0.1419E-04  0.6516E-07  0.1053E-02  0.4252E-02  0.6935E+01
   -0.449978   23.72803  0.1471E-13  0.1420E-04  0.5488E-07  0.1212E-02  0.3798E-02  0.2613E+01
   -0.562475   23.72977  0.1471E-13  0.1419E-04  0.4757E-07  0.1377E-02  0.3429E-02  0.2110E+01
   -0.674972   23.73116  0.1471E-13  0.1416E-04  0.4197E-07  0.1539E-02  0.3118E-02  0.2025E+01
   -0.787471   23.73230  0.1471E-13  0.1411E-04  0.3745E-07  0.1701E-02  0.2841E-02  0.2005E+01
   -0.899970   23.73324  0.1471E-13  0.1403E-04  0.3372E-07  0.1860E-02  0.2594E-02  0.1972E+01
   -1.012470   23.73402  0.1471E-13  0.1393E-04  0.3057E-07  0.2013E-02  0.2371E-02  0.1926E+01
   -1.124970   23.73469  0.1471E-13  0.1379E-04  0.2789E-07  0.2159E-02  0.2170E-02  0.1871E+01
   -1.237471   23.73527  0.1471E-13  0.1364E-04  0.2559E-07  0.2297E-02  0.1987E-02  0.1810E+01
   -1.349973   23.73577  0.1471E-13  0.1347E-04  0.2358E-07  0.2427E-02  0.1822E-02  0.1746E+01
   -1.462475   23.73620  0.1471E-13  0.1328E-04  0.2183E-07  0.2547E-02  0.1671E-02  0.1678E+01
   -1.574977   23.73659  0.1471E-13  0.1308E-04  0.2028E-07  0.2657E-02  0.1534E-02  0.1608E+01
   -1.687480   23.73693  0.1471E-13  0.1287E-04  0.1892E-07  0.2756E-02  0.1409E-02  0.1537E+01
   -1.799983   23.73723  0.1471E-13  0.1265E-04  0.1770E-07  0.2845E-02  0.1296E-02  0.1465E+01
   -1.912487   23.73750  0.1471E-13  0.1243E-04  0.1663E-07  0.2923E-02  0.1192E-02  0.1392E+01
   -2.024990   23.73775  0.1471E-13  0.1220E-04  0.1567E-07  0.2990E-02  0.1098E-02  0.1317E+01
   -2.137493   23.73797  0.1471E-13  0.1198E-04  0.1483E-07  0.3046E-02  0.1012E-02  0.1242E+01
   -2.249997   23.73817  0.1471E-13  0.1175E-04  0.1408E-07  0.3091E-02  0.9345E-03  0.1166E+01
   -2.362501   23.73836  0.1471E-13  0.1152E-04  0.1341E-07  0.3125E-02  0.8638E-03  0.1089E+01
   -2.475004   23.73852  0.1471E-13  0.1130E-04  0.1283E-07  0.3148E-02  0.7997E-03  0.1028E+01
   -2.587508   23.73868  0.1471E-13  0.1109E-04  0.1231E-07  0.3161E-02  0.7414E-03  0.9924E+00
   -2.700011   23.73882  0.1471E-13  0.1088E-04  0.1186E-07  0.3164E-02  0.6878E-03  0.9752E+00
   -2.812514   23.73895  0.1471E-13  0.1067E-04  0.1147E-07  0.3156E-02  0.6383E-03  0.9732E+00
   -2.925017   23.73907  0.1471E-13  0.1046E-04  0.1113E-07  0.3138E-02  0.5926E-03  0.9883E+00
   -3.037519   23.73919  0.1471E-13  0.1026E-04  0.1084E-07  0.3110E-02  0.5501E-03  0.1031E+01
   -3.150021   23.73929  0.1471E-13  0.1007E-04  0.1061E-07  0.3071E-02  0.5103E-03  0.1097E+01
   -3.262523   23.73939  0.1471E-13  0.9869E-05  0.1042E-07  0.3020E-02  0.4729E-03  0.1206E+01
   -3.375024   23.73948  0.1471E-13  0.9672E-05  0.1029E-07  0.2951E-02  0.4375E-03  0.1364E+01
   -3.487524   23.73957  0.1471E-13  0.9474E-05  0.1023E-07  0.2863E-02  0.4038E-03  0.1595E+01
   -3.600024   23.73965  0.1471E-13  0.9272E-05  0.1025E-07  0.2754E-02  0.3717E-03  0.1941E+01
   -3.712523   23.73974  0.1471E-13  0.9066E-05  0.1037E-07  0.2620E-02  0.3410E-03  0.2483E+01
   -3.825022   23.73982  0.1471E-13  0.8852E-05  0.1062E-07  0.2456E-02  0.3116E-03  0.3398E+01
   -3.937519   23.73991  0.1471E-13  0.8624E-05  0.1107E-07  0.2257E-02  0.2833E-03  0.5164E+01
   -4.050016   23.74000  0.1471E-13  0.8372E-05  0.1183E-07  0.2003E-02  0.2562E-03  0.9202E+01
   -4.162512   23.74011  0.1471E-13  0.8077E-05  0.1315E-07  0.1775E-02  0.2303E-03  0.2399E+02
   -4.275007   23.74025  0.1471E-13  0.7583E-05  0.1640E-07  0.9807E-03  0.2070E-03  0.2358E+06
   -4.387501   23.74053  0.1471E-13  0.3053E-05  0.6302E-07  0.2140E-04  0.1760E-03 -0.5530E+05
   -4.499994   23.75760  0.1471E-13  0.0000E+00  0.0000E+00  0.0000E+00  0.1755E-03  0.0000E+00
