 1 - depth, m
 2 - temperature, C
 3 - salinity, kg/kg
 4 - turbulent kinetic energy, m**2/s**2
 5 - dissipation rate, m**2/s**3
 6 - kinematic heat conductance, m**2/s
 7 - modulus of horizontal velocity, m/s
 8 - Richardson number, n/d
   -0.000000   27.63407  0.5531E-15  0.7104E-05  0.1636E-06  0.4830E-04  0.8971E-02 -0.4471E+00
   -0.112493   27.67708  0.5531E-15  0.8632E-05  0.5753E-07  0.3726E-03  0.3423E-02 -0.1725E+01
   -0.224987   27.68222  0.5531E-15  0.8916E-05  0.4059E-07  0.6940E-03  0.2535E-02  0.9963E+04
   -0.337482   27.68448  0.5531E-15  0.9023E-05  0.3299E-07  0.8338E-03  0.2178E-02  0.2457E+04
   -0.449978   27.68613  0.5531E-15  0.9034E-05  0.2792E-07  0.9728E-03  0.1913E-02  0.2839E+02
   -0.562475   27.68736  0.5531E-15  0.8974E-05  0.2418E-07  0.1097E-02  0.1702E-02  0.1512E+02
   -0.674973   27.68832  0.5531E-15  0.8864E-05  0.2127E-07  0.1207E-02  0.1528E-02  0.1089E+02
   -0.787471   27.68909  0.5531E-15  0.8717E-05  0.1893E-07  0.1306E-02  0.1381E-02  0.8886E+01
   -0.899970   27.68971  0.5531E-15  0.8543E-05  0.1699E-07  0.1394E-02  0.1254E-02  0.7768E+01
   -1.012470   27.69023  0.5531E-15  0.8352E-05  0.1535E-07  0.1472E-02  0.1143E-02  0.7091E+01
   -1.124971   27.69065  0.5531E-15  0.8148E-05  0.1395E-07  0.1540E-02  0.1045E-02  0.6679E+01
   -1.237472   27.69101  0.5531E-15  0.7937E-05  0.1273E-07  0.1601E-02  0.9580E-03  0.6448E+01
   -1.349973   27.69132  0.5531E-15  0.7723E-05  0.1168E-07  0.1654E-02  0.8799E-03  0.6348E+01
   -1.462475   27.69157  0.5531E-15  0.7509E-05  0.1076E-07  0.1700E-02  0.8097E-03  0.6357E+01
   -1.574978   27.69179  0.5531E-15  0.7298E-05  0.9948E-08  0.1740E-02  0.7467E-03  0.7357E+01
   -1.687481   27.69198  0.5531E-15  0.7082E-05  0.9217E-08  0.1741E-02  0.6899E-03  0.1224E+04
   -1.799984   27.69214  0.5531E-15  0.6851E-05  0.8528E-08  0.1684E-02  0.6336E-03  0.6910E+03
   -1.912487   27.69229  0.5531E-15  0.6608E-05  0.7885E-08  0.1632E-02  0.5778E-03  0.3665E+03
   -2.024990   27.69242  0.5531E-15  0.6360E-05  0.7294E-08  0.1588E-02  0.5240E-03  0.2386E+03
   -2.137494   27.69253  0.5531E-15  0.6113E-05  0.6757E-08  0.1546E-02  0.4731E-03  0.2976E+03
   -2.249998   27.69263  0.5531E-15  0.5867E-05  0.6272E-08  0.1503E-02  0.4254E-03  0.3151E+03
   -2.362501   27.69270  0.5531E-15  0.5624E-05  0.5837E-08  0.1456E-02  0.3809E-03  0.4157E+03
   -2.475005   27.69276  0.5531E-15  0.5385E-05  0.5447E-08  0.1406E-02  0.3394E-03  0.3602E+03
   -2.587508   27.69279  0.5531E-15  0.5150E-05  0.5097E-08  0.1359E-02  0.3007E-03  0.2041E+03
   -2.700012   27.69280  0.5531E-15  0.4920E-05  0.4784E-08  0.1311E-02  0.2647E-03  0.7044E+02
   -2.812515   27.69276  0.5531E-15  0.4691E-05  0.4501E-08  0.1268E-02  0.2312E-03  0.1184E+03
   -2.925017   27.69262  0.5531E-15  0.4458E-05  0.4241E-08  0.1225E-02  0.1999E-03  0.1176E+03
   -3.037520   27.69218  0.5530E-15  0.4212E-05  0.3994E-08  0.1185E-02  0.1696E-03  0.5474E+03
   -3.150022   27.69055  0.5530E-15  0.4004E-05  0.3792E-08  0.1150E-02  0.1411E-03  0.1204E+05
   -3.262523   27.68890  0.5529E-15  0.3859E-05  0.3652E-08  0.1127E-02  0.1202E-03  0.1199E+06
   -3.375025   27.68827  0.5529E-15  0.3744E-05  0.3559E-08  0.1119E-02  0.1047E-03 -0.7944E+05
   -3.487525   27.68802  0.5529E-15  0.3654E-05  0.3515E-08  0.1117E-02  0.9229E-04 -0.2214E+07
   -3.600025   27.68793  0.5528E-15  0.3586E-05  0.3522E-08  0.1119E-02  0.8205E-04 -0.1266E+08
   -3.712524   27.68792  0.5528E-15  0.3533E-05  0.3583E-08  0.1122E-02  0.7333E-04 -0.4993E+08
   -3.825023   27.68797  0.5528E-15  0.3488E-05  0.3704E-08  0.1099E-02  0.6583E-04 -0.1697E+09
   -3.937520   27.68804  0.5528E-15  0.3441E-05  0.3898E-08  0.1035E-02  0.5916E-04 -0.8788E+09
   -4.050017   27.68815  0.5528E-15  0.3385E-05  0.4204E-08  0.9476E-03  0.5305E-04 -0.2877E+10
   -4.162513   27.68830  0.5528E-15  0.3303E-05  0.4722E-08  0.8469E-03  0.4740E-04 -0.9579E+10
   -4.275008   27.68851  0.5528E-15  0.3123E-05  0.5974E-08  0.4210E-03  0.4209E-04 -0.2751E+11
   -4.387502   27.68891  0.5528E-15  0.1306E-05  0.2191E-07  0.1426E-04  0.3487E-04 -0.1490E+15
   -4.499995   27.70111  0.5528E-15  0.0000E+00  0.0000E+00  0.0000E+00  0.3494E-04  0.0000E+00
