 1 - depth, m
 2 - temperature, C
 3 - salinity, kg/kg
 4 - turbulent kinetic energy, m**2/s**2
 5 - dissipation rate, m**2/s**3
 6 - kinematic heat conductance, m**2/s
 7 - modulus of horizontal velocity, m/s
 8 - Richardson number, n/d
   -0.000000   30.15747  0.9256E-14  0.7991E-05  0.2179E-06  0.5244E-04  0.7575E-02 -0.7336E+00
   -0.112494   30.21351  0.9258E-14  0.1229E-04  0.8459E-07  0.6511E-03  0.2454E-02  0.4889E+02
   -0.224988   30.21762  0.9258E-14  0.1341E-04  0.6517E-07  0.9226E-03  0.2025E-02  0.3584E+02
   -0.337484   30.22026  0.9258E-14  0.1417E-04  0.5482E-07  0.1191E-02  0.1764E-02  0.1286E+02
   -0.449980   30.22213  0.9258E-14  0.1470E-04  0.4801E-07  0.1440E-02  0.1574E-02  0.8125E+01
   -0.562478   30.22356  0.9258E-14  0.1508E-04  0.4305E-07  0.1672E-02  0.1424E-02  0.6048E+01
   -0.674976   30.22470  0.9258E-14  0.1534E-04  0.3920E-07  0.1888E-02  0.1300E-02  0.4897E+01
   -0.787475   30.22563  0.9258E-14  0.1551E-04  0.3608E-07  0.2088E-02  0.1196E-02  0.4181E+01
   -0.899975   30.22641  0.9258E-14  0.1561E-04  0.3348E-07  0.2274E-02  0.1106E-02  0.3695E+01
   -1.012476   30.22708  0.9258E-14  0.1566E-04  0.3125E-07  0.2445E-02  0.1026E-02  0.3355E+01
   -1.124977   30.22766  0.9258E-14  0.1566E-04  0.2931E-07  0.2603E-02  0.9556E-03  0.3103E+01
   -1.237479   30.22817  0.9258E-14  0.1562E-04  0.2760E-07  0.2748E-02  0.8918E-03  0.2919E+01
   -1.349981   30.22862  0.9258E-14  0.1554E-04  0.2608E-07  0.2881E-02  0.8340E-03  0.2777E+01
   -1.462484   30.22902  0.9258E-14  0.1544E-04  0.2470E-07  0.3001E-02  0.7810E-03  0.2674E+01
   -1.574987   30.22938  0.9258E-14  0.1532E-04  0.2345E-07  0.3111E-02  0.7324E-03  0.2593E+01
   -1.687490   30.22970  0.9258E-14  0.1517E-04  0.2231E-07  0.3210E-02  0.6874E-03  0.2538E+01
   -1.799994   30.23000  0.9258E-14  0.1501E-04  0.2127E-07  0.3298E-02  0.6456E-03  0.2497E+01
   -1.912498   30.23026  0.9258E-14  0.1483E-04  0.2030E-07  0.3376E-02  0.6067E-03  0.2475E+01
   -2.025002   30.23051  0.9258E-14  0.1465E-04  0.1941E-07  0.3445E-02  0.5703E-03  0.2462E+01
   -2.137506   30.23073  0.9258E-14  0.1444E-04  0.1859E-07  0.3503E-02  0.5362E-03  0.2465E+01
   -2.250010   30.23093  0.9258E-14  0.1423E-04  0.1783E-07  0.3552E-02  0.5042E-03  0.2474E+01
   -2.362515   30.23111  0.9258E-14  0.1402E-04  0.1712E-07  0.3592E-02  0.4740E-03  0.2498E+01
   -2.475019   30.23128  0.9258E-14  0.1379E-04  0.1647E-07  0.3623E-02  0.4455E-03  0.2526E+01
   -2.587523   30.23144  0.9258E-14  0.1356E-04  0.1586E-07  0.3644E-02  0.4186E-03  0.2566E+01
   -2.700027   30.23158  0.9258E-14  0.1333E-04  0.1530E-07  0.3656E-02  0.3932E-03  0.2610E+01
   -2.812531   30.23171  0.9258E-14  0.1309E-04  0.1479E-07  0.3658E-02  0.3690E-03  0.2670E+01
   -2.925034   30.23183  0.9259E-14  0.1285E-04  0.1433E-07  0.3651E-02  0.3461E-03  0.2735E+01
   -3.037537   30.23194  0.9259E-14  0.1260E-04  0.1391E-07  0.3634E-02  0.3243E-03  0.2817E+01
   -3.150040   30.23203  0.9259E-14  0.1236E-04  0.1355E-07  0.3607E-02  0.3037E-03  0.2905E+01
   -3.262542   30.23212  0.9259E-14  0.1211E-04  0.1323E-07  0.3568E-02  0.2840E-03  0.3025E+01
   -3.375044   30.23220  0.9259E-14  0.1187E-04  0.1298E-07  0.3516E-02  0.2654E-03  0.3172E+01
   -3.487545   30.23227  0.9259E-14  0.1162E-04  0.1279E-07  0.3449E-02  0.2477E-03  0.3381E+01
   -3.600045   30.23233  0.9259E-14  0.1138E-04  0.1267E-07  0.3368E-02  0.2309E-03  0.3695E+01
   -3.712545   30.23239  0.9259E-14  0.1113E-04  0.1265E-07  0.3274E-02  0.2150E-03  0.4920E+01
   -3.825044   30.23244  0.9259E-14  0.1086E-04  0.1274E-07  0.2909E-02  0.1997E-03  0.3094E+02
   -3.937543   30.23249  0.9259E-14  0.1056E-04  0.1301E-07  0.2543E-02  0.1834E-03  0.2276E+04
   -4.050040   30.23253  0.9259E-14  0.1021E-04  0.1361E-07  0.2250E-02  0.1668E-03  0.2237E+04
   -4.162537   30.23258  0.9259E-14  0.9714E-05  0.1507E-07  0.1099E-02  0.1497E-03  0.1960E+04
   -4.275033   30.23267  0.9259E-14  0.8848E-05  0.1937E-07  0.5773E-03  0.1278E-03 -0.1254E+03
   -4.387527   30.23284  0.9259E-14  0.3327E-05  0.6910E-07  0.2068E-04  0.1055E-03 -0.2844E+06
   -4.500021   30.23903  0.9258E-14  0.0000E+00  0.0000E+00  0.0000E+00  0.1054E-03  0.0000E+00
