 1 - depth, m
 2 - temperature, C
 3 - salinity, kg/kg
 4 - turbulent kinetic energy, m**2/s**2
 5 - dissipation rate, m**2/s**3
 6 - kinematic heat conductance, m**2/s
 7 - modulus of horizontal velocity, m/s
 8 - Richardson number, n/d
   -0.000000   29.51221  0.8187E-14  0.8612E-05  0.2268E-06  0.5288E-04  0.9500E-02 -0.4863E+00
   -0.112493   29.56598  0.8186E-14  0.1124E-04  0.8161E-07  0.5114E-03  0.3468E-02  0.3908E+00
   -0.224987   29.57103  0.8186E-14  0.1187E-04  0.5963E-07  0.8144E-03  0.2695E-02  0.7945E+04
   -0.337482   29.57376  0.8186E-14  0.1220E-04  0.4915E-07  0.9994E-03  0.2344E-02  0.2016E+02
   -0.449978   29.57573  0.8186E-14  0.1237E-04  0.4211E-07  0.1182E-02  0.2078E-02  0.1022E+02
   -0.562475   29.57721  0.8186E-14  0.1243E-04  0.3694E-07  0.1347E-02  0.1866E-02  0.7064E+01
   -0.674972   29.57838  0.8186E-14  0.1241E-04  0.3291E-07  0.1497E-02  0.1691E-02  0.5569E+01
   -0.787471   29.57932  0.8186E-14  0.1233E-04  0.2965E-07  0.1632E-02  0.1542E-02  0.4709E+01
   -0.899970   29.58009  0.8186E-14  0.1220E-04  0.2693E-07  0.1755E-02  0.1413E-02  0.4168E+01
   -1.012470   29.58074  0.8186E-14  0.1203E-04  0.2462E-07  0.1865E-02  0.1300E-02  0.3803E+01
   -1.124970   29.58128  0.8186E-14  0.1184E-04  0.2262E-07  0.1964E-02  0.1199E-02  0.3554E+01
   -1.237471   29.58175  0.8186E-14  0.1162E-04  0.2087E-07  0.2052E-02  0.1108E-02  0.3380E+01
   -1.349973   29.58215  0.8186E-14  0.1140E-04  0.1933E-07  0.2131E-02  0.1027E-02  0.3263E+01
   -1.462475   29.58250  0.8186E-14  0.1116E-04  0.1796E-07  0.2200E-02  0.9522E-03  0.3187E+01
   -1.574977   29.58280  0.8186E-14  0.1091E-04  0.1673E-07  0.2262E-02  0.8843E-03  0.3146E+01
   -1.687480   29.58306  0.8186E-14  0.1066E-04  0.1563E-07  0.2315E-02  0.8222E-03  0.3130E+01
   -1.799983   29.58329  0.8186E-14  0.1041E-04  0.1464E-07  0.2361E-02  0.7652E-03  0.3137E+01
   -1.912486   29.58349  0.8186E-14  0.1015E-04  0.1375E-07  0.2401E-02  0.7128E-03  0.3230E+01
   -2.024990   29.58367  0.8186E-14  0.9903E-05  0.1294E-07  0.2435E-02  0.6648E-03  0.5755E+01
   -2.137493   29.58382  0.8186E-14  0.9642E-05  0.1219E-07  0.2376E-02  0.6200E-03  0.8222E+03
   -2.249997   29.58396  0.8186E-14  0.9364E-05  0.1147E-07  0.2296E-02  0.5750E-03  0.4882E+03
   -2.362501   29.58409  0.8186E-14  0.9074E-05  0.1078E-07  0.2227E-02  0.5306E-03  0.2985E+03
   -2.475004   29.58420  0.8186E-14  0.8778E-05  0.1015E-07  0.2167E-02  0.4875E-03  0.3772E+03
   -2.587508   29.58429  0.8186E-14  0.8480E-05  0.9561E-08  0.2106E-02  0.4462E-03  0.2099E+03
   -2.700011   29.58437  0.8186E-14  0.8183E-05  0.9025E-08  0.2041E-02  0.4069E-03  0.2173E+03
   -2.812514   29.58443  0.8186E-14  0.7886E-05  0.8537E-08  0.1975E-02  0.3696E-03  0.1748E+03
   -2.925017   29.58447  0.8186E-14  0.7590E-05  0.8093E-08  0.1900E-02  0.3343E-03  0.1118E+03
   -3.037519   29.58449  0.8186E-14  0.7295E-05  0.7690E-08  0.1821E-02  0.3008E-03  0.1032E+03
   -3.150021   29.58447  0.8186E-14  0.6998E-05  0.7325E-08  0.1743E-02  0.2692E-03  0.5647E+02
   -3.262523   29.58439  0.8186E-14  0.6695E-05  0.6993E-08  0.1656E-02  0.2392E-03  0.1021E+03
   -3.375024   29.58416  0.8186E-14  0.6376E-05  0.6686E-08  0.1569E-02  0.2106E-03  0.2300E+03
   -3.487524   29.58349  0.8186E-14  0.6026E-05  0.6395E-08  0.1459E-02  0.1830E-03  0.2393E+04
   -3.600024   29.58135  0.8185E-14  0.5668E-05  0.6137E-08  0.1369E-02  0.1571E-03  0.2807E+06
   -3.712523   29.57788  0.8184E-14  0.5357E-05  0.5962E-08  0.1294E-02  0.1350E-03  0.4010E+08
   -3.825022   29.57597  0.8183E-14  0.5105E-05  0.5895E-08  0.1229E-02  0.1171E-03 -0.2328E+09
   -3.937519   29.57523  0.8182E-14  0.4887E-05  0.5961E-08  0.1170E-02  0.1025E-03 -0.1435E+11
   -4.050016   29.57490  0.8182E-14  0.4689E-05  0.6237E-08  0.1035E-02  0.9011E-04 -0.2040E+12
   -4.162512   29.57482  0.8181E-14  0.4488E-05  0.6991E-08  0.7217E-03  0.7872E-04 -0.2328E+13
   -4.275007   29.57501  0.8181E-14  0.4160E-05  0.9057E-08  0.3379E-03  0.6745E-04 -0.2761E+14
   -4.387501   29.57553  0.8181E-14  0.1686E-05  0.3238E-07  0.1525E-04  0.5563E-04 -0.1041E+16
   -4.499994   29.58800  0.8181E-14  0.0000E+00  0.0000E+00  0.0000E+00  0.5554E-04  0.0000E+00
