 1 - depth, m
 2 - temperature, C
 3 - salinity, kg/kg
 4 - turbulent kinetic energy, m**2/s**2
 5 - dissipation rate, m**2/s**3
 6 - kinematic heat conductance, m**2/s
 7 - modulus of horizontal velocity, m/s
 8 - Richardson number, n/d
   -0.000000   30.17246  0.5686E-14  0.6034E-05  0.1660E-06  0.4714E-04  0.4020E-02 -0.2819E+01
   -0.112493   30.23519  0.5686E-14  0.1140E-04  0.7051E-07  0.6630E-03  0.1184E-02  0.3627E+04
   -0.224987   30.23922  0.5686E-14  0.1257E-04  0.5625E-07  0.9277E-03  0.9900E-03  0.1762E+03
   -0.337482   30.24181  0.5686E-14  0.1332E-04  0.4805E-07  0.1194E-02  0.8626E-03  0.5509E+02
   -0.449978   30.24363  0.5686E-14  0.1383E-04  0.4245E-07  0.1434E-02  0.7691E-03  0.3456E+02
   -0.562475   30.24501  0.5686E-14  0.1416E-04  0.3827E-07  0.1655E-02  0.6952E-03  0.2586E+02
   -0.674973   30.24610  0.5686E-14  0.1438E-04  0.3494E-07  0.1858E-02  0.6343E-03  0.2108E+02
   -0.787472   30.24699  0.5686E-14  0.1450E-04  0.3221E-07  0.2044E-02  0.5825E-03  0.1807E+02
   -0.899971   30.24773  0.5686E-14  0.1456E-04  0.2989E-07  0.2215E-02  0.5375E-03  0.1605E+02
   -1.012471   30.24836  0.5686E-14  0.1456E-04  0.2789E-07  0.2372E-02  0.4979E-03  0.1460E+02
   -1.124972   30.24890  0.5686E-14  0.1452E-04  0.2614E-07  0.2515E-02  0.4625E-03  0.1355E+02
   -1.237473   30.24938  0.5686E-14  0.1444E-04  0.2459E-07  0.2646E-02  0.4306E-03  0.1276E+02
   -1.349975   30.24979  0.5686E-14  0.1434E-04  0.2320E-07  0.2764E-02  0.4016E-03  0.1218E+02
   -1.462477   30.25016  0.5686E-14  0.1421E-04  0.2194E-07  0.2872E-02  0.3751E-03  0.1172E+02
   -1.574980   30.25049  0.5686E-14  0.1407E-04  0.2080E-07  0.2969E-02  0.3507E-03  0.1140E+02
   -1.687483   30.25078  0.5686E-14  0.1390E-04  0.1976E-07  0.3056E-02  0.3282E-03  0.1115E+02
   -1.799986   30.25105  0.5686E-14  0.1373E-04  0.1881E-07  0.3133E-02  0.3073E-03  0.1100E+02
   -1.912489   30.25129  0.5686E-14  0.1354E-04  0.1793E-07  0.3201E-02  0.2878E-03  0.1089E+02
   -2.024993   30.25150  0.5686E-14  0.1335E-04  0.1713E-07  0.3260E-02  0.2697E-03  0.1086E+02
   -2.137497   30.25170  0.5686E-14  0.1315E-04  0.1639E-07  0.3311E-02  0.2527E-03  0.1087E+02
   -2.250000   30.25188  0.5686E-14  0.1294E-04  0.1570E-07  0.3352E-02  0.2368E-03  0.1094E+02
   -2.362504   30.25204  0.5686E-14  0.1272E-04  0.1507E-07  0.3386E-02  0.2219E-03  0.1104E+02
   -2.475008   30.25219  0.5686E-14  0.1251E-04  0.1449E-07  0.3411E-02  0.2079E-03  0.1121E+02
   -2.587511   30.25232  0.5686E-14  0.1229E-04  0.1396E-07  0.3427E-02  0.1946E-03  0.1141E+02
   -2.700015   30.25245  0.5686E-14  0.1207E-04  0.1348E-07  0.3435E-02  0.1822E-03  0.1168E+02
   -2.812518   30.25256  0.5686E-14  0.1185E-04  0.1304E-07  0.3434E-02  0.1704E-03  0.1200E+02
   -2.925021   30.25267  0.5686E-14  0.1163E-04  0.1265E-07  0.3423E-02  0.1593E-03  0.1243E+02
   -3.037523   30.25276  0.5686E-14  0.1141E-04  0.1230E-07  0.3403E-02  0.1489E-03  0.1307E+02
   -3.150026   30.25285  0.5686E-14  0.1119E-04  0.1200E-07  0.3355E-02  0.1390E-03  0.1702E+02
   -3.262527   30.25293  0.5686E-14  0.1096E-04  0.1174E-07  0.3244E-02  0.1294E-03  0.3991E+04
   -3.375029   30.25300  0.5686E-14  0.1073E-04  0.1153E-07  0.3125E-02  0.1199E-03  0.6781E+03
   -3.487529   30.25307  0.5686E-14  0.1049E-04  0.1138E-07  0.3007E-02  0.1106E-03  0.5851E+03
   -3.600029   30.25313  0.5686E-14  0.1025E-04  0.1131E-07  0.2886E-02  0.1016E-03  0.5051E+04
   -3.712529   30.25319  0.5686E-14  0.1001E-04  0.1133E-07  0.2752E-02  0.9305E-04  0.9636E+04
   -3.825027   30.25325  0.5686E-14  0.9758E-05  0.1148E-07  0.2598E-02  0.8488E-04  0.5117E+04
   -3.937525   30.25331  0.5686E-14  0.9495E-05  0.1181E-07  0.2407E-02  0.7712E-04  0.3988E+03
   -4.050022   30.25337  0.5686E-14  0.9210E-05  0.1242E-07  0.2219E-02  0.6974E-04  0.4530E+04
   -4.162518   30.25343  0.5686E-14  0.8830E-05  0.1373E-07  0.1741E-02  0.6282E-04  0.1759E+05
   -4.275013   30.25351  0.5686E-14  0.8150E-05  0.1747E-07  0.6411E-03  0.5467E-04  0.2920E+04
   -4.387508   30.25374  0.5686E-14  0.3122E-05  0.6487E-07  0.2043E-04  0.4536E-04 -0.2116E+07
   -4.500001   30.26259  0.5686E-14  0.0000E+00  0.0000E+00  0.0000E+00  0.4528E-04  0.0000E+00
