 1 - depth, m
 2 - temperature, C
 3 - salinity, kg/kg
 4 - turbulent kinetic energy, m**2/s**2
 5 - dissipation rate, m**2/s**3
 6 - kinematic heat conductance, m**2/s
 7 - modulus of horizontal velocity, m/s
 8 - Richardson number, n/d
   -0.000000   29.72700  0.5672E-15  0.6331E-05  0.1761E-06  0.4617E-04  0.5857E-02 -0.8556E+01
   -0.112493   29.78808  0.5671E-15  0.1007E-04  0.6811E-07  0.5367E-03  0.1963E-02  0.4613E+03
   -0.224987   29.79272  0.5671E-15  0.1088E-04  0.5145E-07  0.7876E-03  0.1552E-02  0.3451E+05
   -0.337482   29.79546  0.5671E-15  0.1130E-04  0.4287E-07  0.9823E-03  0.1346E-02  0.2429E+03
   -0.449978   29.79739  0.5671E-15  0.1152E-04  0.3701E-07  0.1164E-02  0.1190E-02  0.1286E+03
   -0.562474   29.79883  0.5671E-15  0.1160E-04  0.3264E-07  0.1327E-02  0.1067E-02  0.9201E+02
   -0.674972   29.79995  0.5671E-15  0.1159E-04  0.2918E-07  0.1473E-02  0.9657E-03  0.7369E+02
   -0.787471   29.80085  0.5671E-15  0.1151E-04  0.2634E-07  0.1603E-02  0.8794E-03  0.6263E+02
   -0.899970   29.80158  0.5671E-15  0.1138E-04  0.2396E-07  0.1719E-02  0.8046E-03  0.5550E+02
   -1.012470   29.80219  0.5671E-15  0.1121E-04  0.2192E-07  0.1823E-02  0.7390E-03  0.5047E+02
   -1.124970   29.80270  0.5671E-15  0.1102E-04  0.2014E-07  0.1915E-02  0.6807E-03  0.4698E+02
   -1.237471   29.80313  0.5671E-15  0.1080E-04  0.1859E-07  0.1996E-02  0.6286E-03  0.4437E+02
   -1.349973   29.80349  0.5671E-15  0.1058E-04  0.1722E-07  0.2068E-02  0.5816E-03  0.4258E+02
   -1.462475   29.80381  0.5671E-15  0.1034E-04  0.1600E-07  0.2131E-02  0.5392E-03  0.4124E+02
   -1.574977   29.80408  0.5671E-15  0.1011E-04  0.1492E-07  0.2186E-02  0.5007E-03  0.4106E+02
   -1.687480   29.80431  0.5671E-15  0.9861E-05  0.1394E-07  0.2225E-02  0.4659E-03  0.2323E+04
   -1.799983   29.80451  0.5671E-15  0.9600E-05  0.1302E-07  0.2174E-02  0.4326E-03  0.1528E+04
   -1.912486   29.80470  0.5671E-15  0.9319E-05  0.1216E-07  0.2132E-02  0.3993E-03  0.9800E+03
   -2.024989   29.80486  0.5671E-15  0.9029E-05  0.1136E-07  0.2101E-02  0.3668E-03  0.1331E+04
   -2.137493   29.80500  0.5671E-15  0.8735E-05  0.1063E-07  0.2071E-02  0.3359E-03  0.3246E+03
   -2.249996   29.80512  0.5671E-15  0.8441E-05  0.9961E-08  0.2039E-02  0.3067E-03  0.1179E+04
   -2.362500   29.80521  0.5671E-15  0.8147E-05  0.9355E-08  0.2003E-02  0.2791E-03  0.1631E+03
   -2.475003   29.80528  0.5671E-15  0.7853E-05  0.8803E-08  0.1963E-02  0.2530E-03  0.2483E+03
   -2.587507   29.80531  0.5671E-15  0.7561E-05  0.8300E-08  0.1923E-02  0.2284E-03  0.2543E+03
   -2.700010   29.80529  0.5671E-15  0.7268E-05  0.7839E-08  0.1880E-02  0.2049E-03  0.3388E+03
   -2.812513   29.80517  0.5671E-15  0.6967E-05  0.7410E-08  0.1834E-02  0.1822E-03  0.3771E+03
   -2.925016   29.80474  0.5671E-15  0.6646E-05  0.6997E-08  0.1759E-02  0.1592E-03  0.3164E+04
   -3.037518   29.80322  0.5671E-15  0.6324E-05  0.6612E-08  0.1690E-02  0.1352E-03  0.1082E+05
   -3.150020   29.80059  0.5670E-15  0.6027E-05  0.6272E-08  0.1624E-02  0.1153E-03  0.2007E+07
   -3.262522   29.79791  0.5670E-15  0.5756E-05  0.5975E-08  0.1560E-02  0.9941E-04  0.8073E+09
   -3.375023   29.79554  0.5669E-15  0.5518E-05  0.5728E-08  0.1497E-02  0.8632E-04  0.2499E+12
   -3.487523   29.79390  0.5669E-15  0.5314E-05  0.5537E-08  0.1435E-02  0.7511E-04  0.1091E+14
   -3.600023   29.79319  0.5668E-15  0.5126E-05  0.5402E-08  0.1384E-02  0.6528E-04  0.8002E+12
   -3.712522   29.79282  0.5668E-15  0.4951E-05  0.5332E-08  0.1343E-02  0.5684E-04 -0.3252E+13
   -3.825021   29.79258  0.5668E-15  0.4789E-05  0.5340E-08  0.1292E-02  0.4962E-04 -0.6444E+13
   -3.937518   29.79241  0.5668E-15  0.4632E-05  0.5445E-08  0.1234E-02  0.4340E-04 -0.1030E+14
   -4.050015   29.79228  0.5668E-15  0.4475E-05  0.5708E-08  0.1148E-02  0.3795E-04 -0.1608E+14
   -4.162511   29.79228  0.5668E-15  0.4295E-05  0.6347E-08  0.8338E-03  0.3278E-04 -0.2775E+14
   -4.275006   29.79242  0.5668E-15  0.3979E-05  0.8127E-08  0.3513E-03  0.2765E-04 -0.6103E+14
   -4.387500   29.79279  0.5667E-15  0.1580E-05  0.2916E-07  0.1431E-04  0.2252E-04 -0.1239E+16
   -4.499993   29.80182  0.5667E-15  0.0000E+00  0.0000E+00  0.0000E+00  0.2217E-04  0.0000E+00
