 1 - depth, m
 2 - temperature, C
 3 - salinity, kg/kg
 4 - turbulent kinetic energy, m**2/s**2
 5 - dissipation rate, m**2/s**3
 6 - kinematic heat conductance, m**2/s
 7 - modulus of horizontal velocity, m/s
 8 - Richardson number, n/d
   -0.000000   30.47460  0.5467E-15  0.1070E-04  0.3024E-06  0.5693E-04  0.1135E-01 -0.3759E+00
   -0.112494   30.52959  0.5468E-15  0.1331E-04  0.1046E-06  0.5275E-03  0.4290E-02  0.5467E+00
   -0.224988   30.53524  0.5468E-15  0.1398E-04  0.7508E-07  0.8993E-03  0.3289E-02  0.3696E+04
   -0.337484   30.53802  0.5468E-15  0.1439E-04  0.6174E-07  0.1101E-02  0.2872E-02  0.8471E+01
   -0.449980   30.54006  0.5468E-15  0.1465E-04  0.5292E-07  0.1312E-02  0.2552E-02  0.4910E+01
   -0.562478   30.54161  0.5468E-15  0.1480E-04  0.4653E-07  0.1507E-02  0.2299E-02  0.3505E+01
   -0.674976   30.54283  0.5468E-15  0.1487E-04  0.4164E-07  0.1688E-02  0.2089E-02  0.2780E+01
   -0.787475   30.54382  0.5468E-15  0.1487E-04  0.3772E-07  0.1855E-02  0.1912E-02  0.2340E+01
   -0.899975   30.54464  0.5468E-15  0.1483E-04  0.3449E-07  0.2008E-02  0.1758E-02  0.2058E+01
   -1.012476   30.54533  0.5468E-15  0.1474E-04  0.3175E-07  0.2151E-02  0.1622E-02  0.1878E+01
   -1.124977   30.54592  0.5468E-15  0.1462E-04  0.2939E-07  0.2284E-02  0.1500E-02  0.1752E+01
   -1.237478   30.54643  0.5468E-15  0.1448E-04  0.2733E-07  0.2407E-02  0.1391E-02  0.1657E+01
   -1.349981   30.54688  0.5468E-15  0.1432E-04  0.2551E-07  0.2520E-02  0.1291E-02  0.1584E+01
   -1.462483   30.54727  0.5468E-15  0.1413E-04  0.2389E-07  0.2624E-02  0.1200E-02  0.1528E+01
   -1.574986   30.54762  0.5468E-15  0.1394E-04  0.2244E-07  0.2718E-02  0.1116E-02  0.1482E+01
   -1.687490   30.54792  0.5468E-15  0.1373E-04  0.2114E-07  0.2803E-02  0.1039E-02  0.1445E+01
   -1.799993   30.54820  0.5468E-15  0.1352E-04  0.1996E-07  0.2878E-02  0.9675E-03  0.1415E+01
   -1.912497   30.54844  0.5468E-15  0.1330E-04  0.1890E-07  0.2945E-02  0.9016E-03  0.1391E+01
   -2.025001   30.54866  0.5468E-15  0.1307E-04  0.1794E-07  0.3003E-02  0.8405E-03  0.1375E+01
   -2.137505   30.54886  0.5468E-15  0.1285E-04  0.1707E-07  0.3053E-02  0.7838E-03  0.1364E+01
   -2.250010   30.54904  0.5468E-15  0.1262E-04  0.1628E-07  0.3094E-02  0.7311E-03  0.1359E+01
   -2.362514   30.54921  0.5468E-15  0.1239E-04  0.1556E-07  0.3128E-02  0.6820E-03  0.1359E+01
   -2.475018   30.54936  0.5468E-15  0.1216E-04  0.1492E-07  0.3152E-02  0.6363E-03  0.1367E+01
   -2.587522   30.54949  0.5468E-15  0.1193E-04  0.1433E-07  0.3169E-02  0.5936E-03  0.1387E+01
   -2.700026   30.54962  0.5468E-15  0.1171E-04  0.1381E-07  0.3176E-02  0.5537E-03  0.1432E+01
   -2.812530   30.54974  0.5468E-15  0.1149E-04  0.1334E-07  0.3175E-02  0.5161E-03  0.1571E+01
   -2.925033   30.54984  0.5468E-15  0.1126E-04  0.1292E-07  0.3151E-02  0.4806E-03  0.1723E+03
   -3.037536   30.54994  0.5468E-15  0.1104E-04  0.1255E-07  0.3110E-02  0.4467E-03  0.6488E+03
   -3.150039   30.55003  0.5468E-15  0.1081E-04  0.1223E-07  0.3061E-02  0.4144E-03  0.2271E+03
   -3.262541   30.55012  0.5468E-15  0.1059E-04  0.1196E-07  0.3003E-02  0.3835E-03  0.4083E+02
   -3.375043   30.55020  0.5468E-15  0.1036E-04  0.1176E-07  0.2935E-02  0.3540E-03  0.1601E+03
   -3.487544   30.55027  0.5468E-15  0.1014E-04  0.1163E-07  0.2856E-02  0.3259E-03  0.1046E+02
   -3.600044   30.55034  0.5468E-15  0.9908E-05  0.1159E-07  0.2762E-02  0.2992E-03  0.8105E+03
   -3.712544   30.55041  0.5468E-15  0.9676E-05  0.1165E-07  0.2649E-02  0.2741E-03  0.1021E+04
   -3.825043   30.55048  0.5468E-15  0.9439E-05  0.1185E-07  0.2507E-02  0.2504E-03  0.3499E+03
   -3.937541   30.55055  0.5468E-15  0.9191E-05  0.1224E-07  0.2331E-02  0.2281E-03  0.1352E+05
   -4.050039   30.55062  0.5468E-15  0.8923E-05  0.1294E-07  0.2111E-02  0.2071E-03  0.1737E+03
   -4.162535   30.55070  0.5468E-15  0.8604E-05  0.1420E-07  0.1904E-02  0.1875E-03  0.7888E+04
   -4.275031   30.55079  0.5468E-15  0.8045E-05  0.1756E-07  0.7731E-03  0.1684E-03  0.1166E+05
   -4.387526   30.55100  0.5468E-15  0.3128E-05  0.6649E-07  0.2048E-04  0.1418E-03 -0.1217E+06
   -4.500019   30.55991  0.5468E-15  0.0000E+00  0.0000E+00  0.0000E+00  0.1414E-03  0.0000E+00
