 1 - depth, m
 2 - temperature, C
 3 - salinity, kg/kg
 4 - turbulent kinetic energy, m**2/s**2
 5 - dissipation rate, m**2/s**3
 6 - kinematic heat conductance, m**2/s
 7 - modulus of horizontal velocity, m/s
 8 - Richardson number, n/d
   -0.000000   26.18513  0.4250E-15  0.1376E-04  0.4042E-06  0.6111E-04  0.1542E-01 -0.2272E+00
   -0.112493   26.23459  0.4250E-15  0.1401E-04  0.1327E-06  0.3153E-03  0.6937E-02 -0.8541E+00
   -0.224987   26.24369  0.4250E-15  0.1389E-04  0.8272E-07  0.7419E-03  0.4978E-02  0.4586E+03
   -0.337482   26.24700  0.4250E-15  0.1382E-04  0.6432E-07  0.1020E-02  0.4160E-02  0.1348E+02
   -0.449978   26.24907  0.4250E-15  0.1379E-04  0.5401E-07  0.1174E-02  0.3718E-02  0.4197E+01
   -0.562475   26.25068  0.4250E-15  0.1375E-04  0.4656E-07  0.1335E-02  0.3353E-02  0.3279E+01
   -0.674972   26.25196  0.4250E-15  0.1368E-04  0.4081E-07  0.1493E-02  0.3037E-02  0.2842E+01
   -0.787471   26.25299  0.4250E-15  0.1358E-04  0.3622E-07  0.1646E-02  0.2760E-02  0.2577E+01
   -0.899970   26.25384  0.4250E-15  0.1346E-04  0.3246E-07  0.1793E-02  0.2515E-02  0.2392E+01
   -1.012470   26.25454  0.4250E-15  0.1331E-04  0.2931E-07  0.1933E-02  0.2296E-02  0.2249E+01
   -1.124970   26.25513  0.4250E-15  0.1314E-04  0.2665E-07  0.2066E-02  0.2099E-02  0.2129E+01
   -1.237471   26.25564  0.4250E-15  0.1295E-04  0.2436E-07  0.2190E-02  0.1921E-02  0.2028E+01
   -1.349973   26.25608  0.4250E-15  0.1275E-04  0.2238E-07  0.2307E-02  0.1760E-02  0.1938E+01
   -1.462475   26.25646  0.4250E-15  0.1254E-04  0.2065E-07  0.2414E-02  0.1614E-02  0.1859E+01
   -1.574977   26.25679  0.4250E-15  0.1232E-04  0.1914E-07  0.2512E-02  0.1481E-02  0.1787E+01
   -1.687480   26.25708  0.4250E-15  0.1209E-04  0.1780E-07  0.2600E-02  0.1360E-02  0.1724E+01
   -1.799983   26.25734  0.4250E-15  0.1186E-04  0.1661E-07  0.2680E-02  0.1250E-02  0.1665E+01
   -1.912486   26.25757  0.4250E-15  0.1162E-04  0.1556E-07  0.2749E-02  0.1149E-02  0.1614E+01
   -2.024990   26.25777  0.4250E-15  0.1139E-04  0.1462E-07  0.2810E-02  0.1057E-02  0.1568E+01
   -2.137493   26.25795  0.4250E-15  0.1115E-04  0.1379E-07  0.2861E-02  0.9735E-03  0.1557E+01
   -2.249997   26.25812  0.4250E-15  0.1092E-04  0.1305E-07  0.2896E-02  0.8972E-03  0.4099E+01
   -2.362501   26.25827  0.4250E-15  0.1069E-04  0.1239E-07  0.2902E-02  0.8267E-03  0.1684E+03
   -2.475004   26.25840  0.4250E-15  0.1046E-04  0.1179E-07  0.2898E-02  0.7612E-03  0.8472E+02
   -2.587507   26.25853  0.4250E-15  0.1023E-04  0.1127E-07  0.2886E-02  0.7003E-03  0.5367E+03
   -2.700011   26.25864  0.4250E-15  0.1001E-04  0.1080E-07  0.2873E-02  0.6442E-03  0.4797E+01
   -2.812514   26.25875  0.4250E-15  0.9788E-05  0.1040E-07  0.2855E-02  0.5926E-03  0.1837E+02
   -2.925017   26.25885  0.4250E-15  0.9578E-05  0.1005E-07  0.2831E-02  0.5451E-03  0.4495E+01
   -3.037519   26.25894  0.4250E-15  0.9374E-05  0.9752E-08  0.2799E-02  0.5013E-03  0.4235E+02
   -3.150021   26.25903  0.4250E-15  0.9177E-05  0.9510E-08  0.2759E-02  0.4608E-03  0.7922E+03
   -3.262522   26.25911  0.4250E-15  0.8986E-05  0.9321E-08  0.2713E-02  0.4235E-03  0.5387E+03
   -3.375024   26.25918  0.4250E-15  0.8799E-05  0.9185E-08  0.2660E-02  0.3891E-03  0.3590E+01
   -3.487524   26.25926  0.4250E-15  0.8613E-05  0.9110E-08  0.2591E-02  0.3568E-03  0.2316E+02
   -3.600024   26.25933  0.4250E-15  0.8427E-05  0.9105E-08  0.2510E-02  0.3266E-03  0.6523E+02
   -3.712523   26.25940  0.4250E-15  0.8238E-05  0.9186E-08  0.2419E-02  0.2982E-03  0.2291E+03
   -3.825022   26.25947  0.4250E-15  0.8046E-05  0.9382E-08  0.2308E-02  0.2716E-03  0.3280E+04
   -3.937519   26.25954  0.4250E-15  0.7844E-05  0.9736E-08  0.2140E-02  0.2467E-03  0.2469E+03
   -4.050016   26.25962  0.4250E-15  0.7623E-05  0.1034E-07  0.1930E-02  0.2233E-03  0.3481E+03
   -4.162512   26.25971  0.4250E-15  0.7357E-05  0.1140E-07  0.1734E-02  0.2013E-03  0.1991E+06
   -4.275007   26.25981  0.4249E-15  0.6889E-05  0.1417E-07  0.7648E-03  0.1808E-03  0.1283E+05
   -4.387501   26.26005  0.4249E-15  0.2708E-05  0.5399E-07  0.1930E-04  0.1520E-03 -0.4626E+06
   -4.499994   26.27031  0.4249E-15  0.0000E+00  0.0000E+00  0.0000E+00  0.1520E-03  0.0000E+00
