 1 - depth, m
 2 - temperature, C
 3 - salinity, kg/kg
 4 - turbulent kinetic energy, m**2/s**2
 5 - dissipation rate, m**2/s**3
 6 - kinematic heat conductance, m**2/s
 7 - modulus of horizontal velocity, m/s
 8 - Richardson number, n/d
   -0.000000   26.56058  0.2857E-14  0.1910E-04  0.6698E-06  0.6662E-04  0.2051E-01 -0.1412E+00
   -0.112493   26.61499  0.2856E-14  0.1850E-04  0.2104E-06  0.2813E-03  0.9620E-02 -0.5058E+00
   -0.224987   26.62678  0.2856E-14  0.1815E-04  0.1246E-06  0.7614E-03  0.6897E-02  0.4930E+02
   -0.337482   26.63087  0.2856E-14  0.1800E-04  0.9531E-07  0.1166E-02  0.5735E-02  0.5230E+01
   -0.449978   26.63314  0.2856E-14  0.1801E-04  0.7994E-07  0.1331E-02  0.5181E-02  0.2443E+01
   -0.562474   26.63496  0.2856E-14  0.1804E-04  0.6867E-07  0.1537E-02  0.4689E-02  0.2467E+01
   -0.674972   26.63640  0.2856E-14  0.1807E-04  0.6006E-07  0.1745E-02  0.4259E-02  0.2474E+01
   -0.787471   26.63756  0.2856E-14  0.1807E-04  0.5322E-07  0.1955E-02  0.3875E-02  0.2444E+01
   -0.899970   26.63852  0.2856E-14  0.1805E-04  0.4766E-07  0.2164E-02  0.3532E-02  0.2394E+01
   -1.012470   26.63932  0.2856E-14  0.1798E-04  0.4305E-07  0.2369E-02  0.3223E-02  0.2326E+01
   -1.124970   26.64000  0.2856E-14  0.1789E-04  0.3915E-07  0.2568E-02  0.2943E-02  0.2248E+01
   -1.237471   26.64057  0.2856E-14  0.1775E-04  0.3583E-07  0.2756E-02  0.2690E-02  0.2164E+01
   -1.349973   26.64107  0.2856E-14  0.1759E-04  0.3295E-07  0.2924E-02  0.2460E-02  0.2076E+01
   -1.462475   26.64151  0.2856E-14  0.1740E-04  0.3045E-07  0.3078E-02  0.2251E-02  0.1987E+01
   -1.574977   26.64190  0.2856E-14  0.1718E-04  0.2826E-07  0.3219E-02  0.2061E-02  0.1897E+01
   -1.687480   26.64224  0.2856E-14  0.1695E-04  0.2633E-07  0.3351E-02  0.1888E-02  0.1809E+01
   -1.799983   26.64255  0.2856E-14  0.1669E-04  0.2462E-07  0.3473E-02  0.1730E-02  0.1722E+01
   -1.912486   26.64282  0.2856E-14  0.1642E-04  0.2311E-07  0.3586E-02  0.1586E-02  0.1635E+01
   -2.024989   26.64307  0.2856E-14  0.1614E-04  0.2176E-07  0.3689E-02  0.1455E-02  0.1550E+01
   -2.137493   26.64330  0.2856E-14  0.1585E-04  0.2057E-07  0.3780E-02  0.1335E-02  0.1465E+01
   -2.249996   26.64350  0.2856E-14  0.1555E-04  0.1952E-07  0.3855E-02  0.1227E-02  0.1380E+01
   -2.362500   26.64369  0.2856E-14  0.1525E-04  0.1858E-07  0.3910E-02  0.1128E-02  0.1296E+01
   -2.475003   26.64386  0.2856E-14  0.1495E-04  0.1776E-07  0.3936E-02  0.1038E-02  0.1213E+01
   -2.587507   26.64402  0.2856E-14  0.1465E-04  0.1705E-07  0.3945E-02  0.9567E-03  0.1129E+01
   -2.700010   26.64417  0.2856E-14  0.1436E-04  0.1644E-07  0.3936E-02  0.8828E-03  0.1046E+01
   -2.812513   26.64431  0.2856E-14  0.1407E-04  0.1592E-07  0.3913E-02  0.8158E-03  0.9619E+00
   -2.925016   26.64444  0.2856E-14  0.1379E-04  0.1548E-07  0.3873E-02  0.7554E-03  0.8905E+00
   -3.037518   26.64456  0.2856E-14  0.1352E-04  0.1513E-07  0.3821E-02  0.7008E-03  0.8386E+00
   -3.150020   26.64467  0.2856E-14  0.1326E-04  0.1486E-07  0.3755E-02  0.6511E-03  0.8183E+00
   -3.262522   26.64478  0.2856E-14  0.1301E-04  0.1467E-07  0.3675E-02  0.6057E-03  0.8289E+00
   -3.375023   26.64488  0.2856E-14  0.1276E-04  0.1455E-07  0.3579E-02  0.5636E-03  0.8705E+00
   -3.487523   26.64497  0.2856E-14  0.1251E-04  0.1452E-07  0.3472E-02  0.5244E-03  0.9503E+00
   -3.600023   26.64507  0.2856E-14  0.1226E-04  0.1460E-07  0.3347E-02  0.4878E-03  0.1101E+01
   -3.712522   26.64515  0.2856E-14  0.1200E-04  0.1480E-07  0.3193E-02  0.4528E-03  0.1341E+01
   -3.825021   26.64524  0.2856E-14  0.1173E-04  0.1518E-07  0.3003E-02  0.4191E-03  0.1725E+01
   -3.937518   26.64533  0.2856E-14  0.1144E-04  0.1582E-07  0.2776E-02  0.3866E-03  0.2408E+01
   -4.050015   26.64542  0.2856E-14  0.1112E-04  0.1687E-07  0.2489E-02  0.3554E-03  0.3850E+01
   -4.162511   26.64551  0.2856E-14  0.1075E-04  0.1867E-07  0.2274E-02  0.3255E-03  0.1002E+02
   -4.275006   26.64561  0.2856E-14  0.1009E-04  0.2326E-07  0.9783E-03  0.2979E-03  0.5057E+05
   -4.387500   26.64585  0.2856E-14  0.3948E-05  0.9163E-07  0.2302E-04  0.2575E-03 -0.2800E+05
   -4.499993   26.65661  0.2856E-14  0.0000E+00  0.0000E+00  0.0000E+00  0.2569E-03  0.0000E+00
