 1 - depth, m
 2 - temperature, C
 3 - salinity, kg/kg
 4 - turbulent kinetic energy, m**2/s**2
 5 - dissipation rate, m**2/s**3
 6 - kinematic heat conductance, m**2/s
 7 - modulus of horizontal velocity, m/s
 8 - Richardson number, n/d
   -0.000000   25.17780  0.4617E-14  0.1104E-04  0.2926E-06  0.5594E-04  0.1332E-01 -0.2359E+00
   -0.112493   25.22613  0.4617E-14  0.1158E-04  0.9662E-07  0.3003E-03  0.5680E-02 -0.9017E+00
   -0.224987   25.23440  0.4617E-14  0.1160E-04  0.6204E-07  0.7163E-03  0.4051E-02  0.6197E+03
   -0.337482   25.23739  0.4617E-14  0.1155E-04  0.4861E-07  0.9328E-03  0.3366E-02  0.9998E+02
   -0.449978   25.23936  0.4617E-14  0.1150E-04  0.4076E-07  0.1077E-02  0.2976E-02  0.6176E+01
   -0.562475   25.24088  0.4617E-14  0.1140E-04  0.3509E-07  0.1217E-02  0.2660E-02  0.4141E+01
   -0.674972   25.24208  0.4616E-14  0.1128E-04  0.3078E-07  0.1345E-02  0.2397E-02  0.3188E+01
   -0.787471   25.24304  0.4616E-14  0.1112E-04  0.2737E-07  0.1462E-02  0.2174E-02  0.2666E+01
   -0.899970   25.24384  0.4616E-14  0.1095E-04  0.2457E-07  0.1570E-02  0.1981E-02  0.2372E+01
   -1.012470   25.24450  0.4616E-14  0.1075E-04  0.2222E-07  0.1672E-02  0.1811E-02  0.2185E+01
   -1.124970   25.24506  0.4616E-14  0.1055E-04  0.2022E-07  0.1766E-02  0.1658E-02  0.2055E+01
   -1.237471   25.24553  0.4616E-14  0.1034E-04  0.1849E-07  0.1853E-02  0.1521E-02  0.1961E+01
   -1.349973   25.24594  0.4616E-14  0.1012E-04  0.1698E-07  0.1932E-02  0.1397E-02  0.1891E+01
   -1.462475   25.24629  0.4616E-14  0.9900E-05  0.1566E-07  0.2005E-02  0.1284E-02  0.1837E+01
   -1.574977   25.24660  0.4616E-14  0.9678E-05  0.1449E-07  0.2070E-02  0.1182E-02  0.1797E+01
   -1.687480   25.24686  0.4616E-14  0.9457E-05  0.1347E-07  0.2129E-02  0.1089E-02  0.1768E+01
   -1.799983   25.24709  0.4616E-14  0.9238E-05  0.1256E-07  0.2181E-02  0.1004E-02  0.1750E+01
   -1.912486   25.24730  0.4616E-14  0.9024E-05  0.1175E-07  0.2227E-02  0.9260E-03  0.1807E+01
   -2.024990   25.24748  0.4616E-14  0.8812E-05  0.1104E-07  0.2263E-02  0.8553E-03  0.6022E+01
   -2.137493   25.24764  0.4616E-14  0.8597E-05  0.1038E-07  0.2242E-02  0.7887E-03  0.4078E+03
   -2.249997   25.24778  0.4616E-14  0.8378E-05  0.9772E-08  0.2210E-02  0.7243E-03  0.3409E+03
   -2.362500   25.24791  0.4616E-14  0.8158E-05  0.9220E-08  0.2180E-02  0.6626E-03  0.3351E+03
   -2.475004   25.24803  0.4616E-14  0.7943E-05  0.8723E-08  0.2155E-02  0.6043E-03  0.5977E+03
   -2.587507   25.24814  0.4616E-14  0.7733E-05  0.8279E-08  0.2134E-02  0.5496E-03  0.1211E+03
   -2.700010   25.24824  0.4616E-14  0.7532E-05  0.7887E-08  0.2115E-02  0.4989E-03  0.2428E+03
   -2.812513   25.24833  0.4616E-14  0.7338E-05  0.7544E-08  0.2098E-02  0.4518E-03  0.6426E+01
   -2.925016   25.24842  0.4616E-14  0.7155E-05  0.7248E-08  0.2080E-02  0.4085E-03  0.3603E+02
   -3.037519   25.24849  0.4616E-14  0.6980E-05  0.6999E-08  0.2062E-02  0.3687E-03  0.7431E+01
   -3.150021   25.24857  0.4616E-14  0.6815E-05  0.6797E-08  0.2042E-02  0.3324E-03  0.1487E+04
   -3.262522   25.24863  0.4616E-14  0.6659E-05  0.6643E-08  0.2020E-02  0.2993E-03  0.6268E+01
   -3.375023   25.24870  0.4616E-14  0.6512E-05  0.6540E-08  0.2001E-02  0.2692E-03  0.1250E+03
   -3.487524   25.24877  0.4616E-14  0.6372E-05  0.6492E-08  0.1992E-02  0.2421E-03  0.1389E+04
   -3.600024   25.24884  0.4616E-14  0.6238E-05  0.6504E-08  0.1985E-02  0.2177E-03  0.1372E+05
   -3.712523   25.24891  0.4616E-14  0.6107E-05  0.6585E-08  0.1911E-02  0.1960E-03  0.4977E+03
   -3.825021   25.24898  0.4616E-14  0.5974E-05  0.6756E-08  0.1790E-02  0.1763E-03  0.3455E+03
   -3.937519   25.24907  0.4616E-14  0.5832E-05  0.7059E-08  0.1642E-02  0.1579E-03  0.1608E+04
   -4.050016   25.24917  0.4616E-14  0.5673E-05  0.7571E-08  0.1456E-02  0.1404E-03  0.6920E+06
   -4.162512   25.24929  0.4616E-14  0.5482E-05  0.8454E-08  0.1278E-02  0.1240E-03  0.2013E+06
   -4.275007   25.24947  0.4616E-14  0.5153E-05  0.1056E-07  0.7307E-03  0.1095E-03  0.6010E+05
   -4.387501   25.24979  0.4616E-14  0.2122E-05  0.3949E-07  0.1826E-04  0.9129E-04 -0.2047E+07
   -4.499993   25.26516  0.4616E-14  0.0000E+00  0.0000E+00  0.0000E+00  0.9098E-04  0.0000E+00
