 1 - depth, m
 2 - temperature, C
 3 - salinity, kg/kg
 4 - turbulent kinetic energy, m**2/s**2
 5 - dissipation rate, m**2/s**3
 6 - kinematic heat conductance, m**2/s
 7 - modulus of horizontal velocity, m/s
 8 - Richardson number, n/d
   -0.000000   29.18048  0.1784E-14  0.4938E-05  0.1741E-06  0.4263E-04  0.5863E-03 -0.9744E+03
   -0.112495   29.25403  0.1785E-14  0.1166E-04  0.7393E-07  0.6649E-03  0.1771E-03  0.2772E+07
   -0.224990   29.25849  0.1785E-14  0.1328E-04  0.5824E-07  0.1017E-02  0.1392E-03  0.5121E+05
   -0.337487   29.26095  0.1785E-14  0.1433E-04  0.5027E-07  0.1315E-02  0.1217E-03  0.2399E+05
   -0.449985   29.26271  0.1785E-14  0.1508E-04  0.4497E-07  0.1604E-02  0.1090E-03  0.1585E+05
   -0.562483   29.26404  0.1786E-14  0.1564E-04  0.4106E-07  0.1871E-02  0.9909E-04  0.1208E+05
   -0.674983   29.26512  0.1786E-14  0.1605E-04  0.3799E-07  0.2118E-02  0.9102E-04  0.9938E+04
   -0.787483   29.26600  0.1786E-14  0.1636E-04  0.3548E-07  0.2348E-02  0.8419E-04  0.8566E+04
   -0.899984   29.26676  0.1786E-14  0.1658E-04  0.3335E-07  0.2560E-02  0.7831E-04  0.7630E+04
   -1.012486   29.26741  0.1786E-14  0.1674E-04  0.3152E-07  0.2756E-02  0.7311E-04  0.6958E+04
   -1.124988   29.26797  0.1786E-14  0.1684E-04  0.2991E-07  0.2937E-02  0.6849E-04  0.6465E+04
   -1.237491   29.26848  0.1786E-14  0.1689E-04  0.2848E-07  0.3103E-02  0.6431E-04  0.6097E+04
   -1.349994   29.26892  0.1786E-14  0.1691E-04  0.2719E-07  0.3256E-02  0.6052E-04  0.5822E+04
   -1.462498   29.26933  0.1786E-14  0.1689E-04  0.2603E-07  0.3394E-02  0.5703E-04  0.5617E+04
   -1.575002   29.26969  0.1786E-14  0.1684E-04  0.2497E-07  0.3520E-02  0.5382E-04  0.5469E+04
   -1.687507   29.27003  0.1786E-14  0.1677E-04  0.2399E-07  0.3633E-02  0.5084E-04  0.5368E+04
   -1.800011   29.27034  0.1786E-14  0.1668E-04  0.2309E-07  0.3734E-02  0.4807E-04  0.5306E+04
   -1.912516   29.27062  0.1786E-14  0.1657E-04  0.2227E-07  0.3823E-02  0.4546E-04  0.5280E+04
   -2.025022   29.27088  0.1786E-14  0.1644E-04  0.2150E-07  0.3901E-02  0.4303E-04  0.5286E+04
   -2.137527   29.27112  0.1786E-14  0.1629E-04  0.2079E-07  0.3966E-02  0.4073E-04  0.5326E+04
   -2.250032   29.27134  0.1786E-14  0.1613E-04  0.2013E-07  0.4020E-02  0.3857E-04  0.5397E+04
   -2.362538   29.27155  0.1786E-14  0.1596E-04  0.1952E-07  0.4061E-02  0.3651E-04  0.5499E+04
   -2.475043   29.27174  0.1786E-14  0.1577E-04  0.1896E-07  0.4091E-02  0.3457E-04  0.5635E+04
   -2.587548   29.27192  0.1786E-14  0.1558E-04  0.1845E-07  0.4108E-02  0.3271E-04  0.5806E+04
   -2.700053   29.27209  0.1786E-14  0.1538E-04  0.1798E-07  0.4113E-02  0.3094E-04  0.6018E+04
   -2.812558   29.27225  0.1786E-14  0.1516E-04  0.1756E-07  0.4104E-02  0.2925E-04  0.6283E+04
   -2.925062   29.27240  0.1786E-14  0.1494E-04  0.1719E-07  0.4081E-02  0.2764E-04  0.6611E+04
   -3.037566   29.27254  0.1786E-14  0.1472E-04  0.1687E-07  0.4044E-02  0.2608E-04  0.7019E+04
   -3.150070   29.27267  0.1786E-14  0.1448E-04  0.1660E-07  0.3990E-02  0.2460E-04  0.7529E+04
   -3.262574   29.27279  0.1786E-14  0.1424E-04  0.1640E-07  0.3919E-02  0.2316E-04  0.8184E+04
   -3.375076   29.27290  0.1786E-14  0.1399E-04  0.1627E-07  0.3829E-02  0.2179E-04  0.9033E+04
   -3.487579   29.27301  0.1786E-14  0.1373E-04  0.1622E-07  0.3717E-02  0.2045E-04  0.1017E+05
   -3.600080   29.27311  0.1786E-14  0.1346E-04  0.1629E-07  0.3581E-02  0.1917E-04  0.1174E+05
   -3.712581   29.27321  0.1786E-14  0.1317E-04  0.1649E-07  0.3417E-02  0.1793E-04  0.1401E+05
   -3.825081   29.27331  0.1786E-14  0.1288E-04  0.1688E-07  0.3220E-02  0.1672E-04  0.1749E+05
   -3.937581   29.27339  0.1786E-14  0.1256E-04  0.1756E-07  0.2985E-02  0.1555E-04  0.2352E+05
   -4.050079   29.27348  0.1786E-14  0.1221E-04  0.1867E-07  0.2675E-02  0.1443E-04  0.3525E+05
   -4.162577   29.27357  0.1786E-14  0.1180E-04  0.2055E-07  0.2485E-02  0.1334E-04  0.7103E+05
   -4.275074   29.27366  0.1786E-14  0.1110E-04  0.2539E-07  0.9762E-03  0.1240E-04  0.8196E+08
   -4.387570   29.27386  0.1786E-14  0.4287E-05  0.1004E-06  0.2366E-04  0.1086E-04 -0.4335E+09
   -4.500064   29.28205  0.1786E-14  0.0000E+00  0.0000E+00  0.0000E+00  0.1081E-04  0.0000E+00
