 1 - depth, m
 2 - temperature, C
 3 - salinity, kg/kg
 4 - turbulent kinetic energy, m**2/s**2
 5 - dissipation rate, m**2/s**3
 6 - kinematic heat conductance, m**2/s
 7 - modulus of horizontal velocity, m/s
 8 - Richardson number, n/d
   -0.000000   27.08467  0.2776E-14  0.1681E-04  0.5728E-06  0.6624E-04  0.1600E-01 -0.2421E+00
   -0.112493   27.15721  0.2776E-14  0.1984E-04  0.1845E-06  0.5790E-03  0.6424E-02 -0.5223E+00
   -0.224987   27.16509  0.2776E-14  0.2087E-04  0.1302E-06  0.1163E-02  0.5001E-02  0.6578E+01
   -0.337482   27.16860  0.2776E-14  0.2161E-04  0.1080E-06  0.1395E-02  0.4475E-02  0.2190E+01
   -0.449978   27.17130  0.2776E-14  0.2225E-04  0.9380E-07  0.1670E-02  0.4064E-02  0.1712E+01
   -0.562474   27.17341  0.2776E-14  0.2281E-04  0.8350E-07  0.1941E-02  0.3732E-02  0.1747E+01
   -0.674972   27.17511  0.2776E-14  0.2331E-04  0.7533E-07  0.2235E-02  0.3434E-02  0.1799E+01
   -0.787470   27.17649  0.2776E-14  0.2374E-04  0.6867E-07  0.2533E-02  0.3165E-02  0.1822E+01
   -0.899969   27.17763  0.2776E-14  0.2410E-04  0.6311E-07  0.2833E-02  0.2921E-02  0.1828E+01
   -1.012469   27.17860  0.2776E-14  0.2438E-04  0.5840E-07  0.3129E-02  0.2699E-02  0.1820E+01
   -1.124970   27.17942  0.2776E-14  0.2459E-04  0.5435E-07  0.3418E-02  0.2496E-02  0.1802E+01
   -1.237471   27.18014  0.2776E-14  0.2474E-04  0.5083E-07  0.3696E-02  0.2309E-02  0.1776E+01
   -1.349972   27.18077  0.2776E-14  0.2482E-04  0.4774E-07  0.3960E-02  0.2138E-02  0.1745E+01
   -1.462474   27.18132  0.2776E-14  0.2484E-04  0.4501E-07  0.4207E-02  0.1981E-02  0.1709E+01
   -1.574977   27.18182  0.2776E-14  0.2480E-04  0.4258E-07  0.4434E-02  0.1837E-02  0.1669E+01
   -1.687479   27.18226  0.2776E-14  0.2472E-04  0.4043E-07  0.4640E-02  0.1704E-02  0.1626E+01
   -1.799982   27.18267  0.2776E-14  0.2459E-04  0.3850E-07  0.4822E-02  0.1582E-02  0.1581E+01
   -1.912485   27.18304  0.2776E-14  0.2442E-04  0.3678E-07  0.4980E-02  0.1469E-02  0.1532E+01
   -2.024989   27.18338  0.2776E-14  0.2421E-04  0.3524E-07  0.5112E-02  0.1366E-02  0.1481E+01
   -2.137492   27.18370  0.2776E-14  0.2398E-04  0.3387E-07  0.5217E-02  0.1270E-02  0.1428E+01
   -2.249996   27.18399  0.2776E-14  0.2371E-04  0.3265E-07  0.5296E-02  0.1183E-02  0.1372E+01
   -2.362499   27.18427  0.2776E-14  0.2343E-04  0.3158E-07  0.5347E-02  0.1102E-02  0.1313E+01
   -2.475003   27.18453  0.2776E-14  0.2312E-04  0.3065E-07  0.5372E-02  0.1028E-02  0.1253E+01
   -2.587506   27.18477  0.2776E-14  0.2281E-04  0.2984E-07  0.5370E-02  0.9607E-03  0.1189E+01
   -2.700009   27.18501  0.2776E-14  0.2248E-04  0.2916E-07  0.5342E-02  0.8985E-03  0.1123E+01
   -2.812512   27.18523  0.2776E-14  0.2215E-04  0.2860E-07  0.5291E-02  0.8417E-03  0.1054E+01
   -2.925015   27.18544  0.2776E-14  0.2182E-04  0.2817E-07  0.5215E-02  0.7898E-03  0.9829E+00
   -3.037517   27.18564  0.2776E-14  0.2148E-04  0.2785E-07  0.5118E-02  0.7425E-03  0.9090E+00
   -3.150019   27.18584  0.2776E-14  0.2116E-04  0.2766E-07  0.5005E-02  0.6997E-03  0.8335E+00
   -3.262521   27.18603  0.2776E-14  0.2083E-04  0.2759E-07  0.4889E-02  0.6609E-03  0.7879E+00
   -3.375022   27.18621  0.2776E-14  0.2050E-04  0.2765E-07  0.4754E-02  0.6257E-03  0.8566E+00
   -3.487522   27.18639  0.2776E-14  0.2015E-04  0.2788E-07  0.4575E-02  0.5915E-03  0.9705E+00
   -3.600022   27.18656  0.2776E-14  0.1977E-04  0.2832E-07  0.4360E-02  0.5581E-03  0.1133E+01
   -3.712521   27.18673  0.2776E-14  0.1937E-04  0.2904E-07  0.4107E-02  0.5254E-03  0.1372E+01
   -3.825019   27.18690  0.2776E-14  0.1893E-04  0.3018E-07  0.3809E-02  0.4931E-03  0.1744E+01
   -3.937517   27.18707  0.2776E-14  0.1844E-04  0.3193E-07  0.3466E-02  0.4614E-03  0.2395E+01
   -4.050014   27.18725  0.2776E-14  0.1787E-04  0.3470E-07  0.3008E-02  0.4300E-03  0.3691E+01
   -4.162510   27.18744  0.2776E-14  0.1720E-04  0.3936E-07  0.2745E-02  0.3989E-03  0.7099E+01
   -4.275005   27.18763  0.2776E-14  0.1605E-04  0.5119E-07  0.1531E-02  0.3710E-03  0.5755E+04
   -4.387499   27.18805  0.2776E-14  0.6368E-05  0.2162E-06  0.3680E-04  0.3295E-03 -0.1939E+05
   -4.499991   27.20177  0.2776E-14  0.0000E+00  0.0000E+00  0.0000E+00  0.3310E-03  0.0000E+00
