 1 - depth, m
 2 - temperature, C
 3 - salinity, kg/kg
 4 - turbulent kinetic energy, m**2/s**2
 5 - dissipation rate, m**2/s**3
 6 - kinematic heat conductance, m**2/s
 7 - modulus of horizontal velocity, m/s
 8 - Richardson number, n/d
   -0.000000   24.04362  0.2837E-14  0.2618E-04  0.1006E-05  0.7829E-04  0.2603E-01 -0.9603E-01
   -0.112493   24.09931  0.2837E-14  0.2434E-04  0.3282E-06  0.2640E-03  0.1340E-01 -0.3065E+00
   -0.224987   24.11439  0.2837E-14  0.2348E-04  0.1858E-06  0.6327E-03  0.9690E-02 -0.2141E+00
   -0.337482   24.12045  0.2837E-14  0.2299E-04  0.1354E-06  0.1325E-02  0.7918E-02  0.3643E+03
   -0.449978   24.12297  0.2837E-14  0.2289E-04  0.1115E-06  0.1539E-02  0.7095E-02  0.3154E+01
   -0.562474   24.12498  0.2837E-14  0.2292E-04  0.9493E-07  0.1786E-02  0.6430E-02  0.3159E+01
   -0.674972   24.12658  0.2836E-14  0.2300E-04  0.8239E-07  0.2051E-02  0.5833E-02  0.3183E+01
   -0.787470   24.12788  0.2836E-14  0.2307E-04  0.7263E-07  0.2322E-02  0.5303E-02  0.3118E+01
   -0.899969   24.12895  0.2836E-14  0.2312E-04  0.6481E-07  0.2597E-02  0.4828E-02  0.3033E+01
   -1.012469   24.12985  0.2836E-14  0.2314E-04  0.5840E-07  0.2873E-02  0.4401E-02  0.2927E+01
   -1.124970   24.13062  0.2836E-14  0.2312E-04  0.5305E-07  0.3140E-02  0.4014E-02  0.2809E+01
   -1.237471   24.13127  0.2836E-14  0.2306E-04  0.4852E-07  0.3380E-02  0.3663E-02  0.2684E+01
   -1.349972   24.13185  0.2836E-14  0.2296E-04  0.4464E-07  0.3605E-02  0.3344E-02  0.2560E+01
   -1.462474   24.13236  0.2836E-14  0.2281E-04  0.4129E-07  0.3806E-02  0.3054E-02  0.2435E+01
   -1.574976   24.13281  0.2836E-14  0.2263E-04  0.3836E-07  0.3985E-02  0.2790E-02  0.2314E+01
   -1.687479   24.13322  0.2836E-14  0.2241E-04  0.3580E-07  0.4160E-02  0.2549E-02  0.2199E+01
   -1.799982   24.13360  0.2836E-14  0.2216E-04  0.3355E-07  0.4332E-02  0.2330E-02  0.2090E+01
   -1.912485   24.13394  0.2836E-14  0.2189E-04  0.3157E-07  0.4503E-02  0.2130E-02  0.1986E+01
   -2.024989   24.13425  0.2836E-14  0.2158E-04  0.2982E-07  0.4670E-02  0.1948E-02  0.1887E+01
   -2.137492   24.13453  0.2836E-14  0.2126E-04  0.2828E-07  0.4827E-02  0.1782E-02  0.1790E+01
   -2.249996   24.13479  0.2836E-14  0.2091E-04  0.2693E-07  0.4949E-02  0.1631E-02  0.1694E+01
   -2.362499   24.13503  0.2836E-14  0.2056E-04  0.2574E-07  0.5037E-02  0.1493E-02  0.1599E+01
   -2.475003   24.13525  0.2836E-14  0.2019E-04  0.2472E-07  0.5095E-02  0.1369E-02  0.1506E+01
   -2.587506   24.13546  0.2836E-14  0.1982E-04  0.2384E-07  0.5093E-02  0.1256E-02  0.1412E+01
   -2.700009   24.13566  0.2836E-14  0.1944E-04  0.2310E-07  0.5061E-02  0.1154E-02  0.1319E+01
   -2.812512   24.13584  0.2836E-14  0.1906E-04  0.2249E-07  0.5002E-02  0.1061E-02  0.1225E+01
   -2.925015   24.13602  0.2836E-14  0.1869E-04  0.2201E-07  0.4917E-02  0.9780E-03  0.1131E+01
   -3.037517   24.13620  0.2836E-14  0.1833E-04  0.2166E-07  0.4808E-02  0.9030E-03  0.1038E+01
   -3.150019   24.13637  0.2836E-14  0.1797E-04  0.2143E-07  0.4678E-02  0.8357E-03  0.9446E+00
   -3.262521   24.13653  0.2836E-14  0.1763E-04  0.2133E-07  0.4529E-02  0.7755E-03  0.8519E+00
   -3.375022   24.13669  0.2836E-14  0.1730E-04  0.2135E-07  0.4363E-02  0.7220E-03  0.7592E+00
   -3.487522   24.13685  0.2836E-14  0.1699E-04  0.2150E-07  0.4206E-02  0.6748E-03  0.6831E+00
   -3.600022   24.13700  0.2836E-14  0.1668E-04  0.2179E-07  0.4041E-02  0.6333E-03  0.7487E+00
   -3.712521   24.13715  0.2836E-14  0.1635E-04  0.2230E-07  0.3827E-02  0.5937E-03  0.9056E+00
   -3.825019   24.13730  0.2836E-14  0.1600E-04  0.2310E-07  0.3567E-02  0.5551E-03  0.1158E+01
   -3.937517   24.13745  0.2836E-14  0.1561E-04  0.2434E-07  0.3261E-02  0.5172E-03  0.1598E+01
   -4.050014   24.13761  0.2836E-14  0.1516E-04  0.2629E-07  0.2872E-02  0.4800E-03  0.2471E+01
   -4.162510   24.13778  0.2836E-14  0.1462E-04  0.2955E-07  0.2565E-02  0.4436E-03  0.4908E+01
   -4.275005   24.13796  0.2836E-14  0.1374E-04  0.3730E-07  0.1589E-02  0.4106E-03  0.5580E+02
   -4.387499   24.13825  0.2836E-14  0.5508E-05  0.1501E-06  0.2844E-04  0.3674E-03 -0.8924E+04
   -4.499991   24.15405  0.2836E-14  0.0000E+00  0.0000E+00  0.0000E+00  0.3662E-03  0.0000E+00
