 1 - depth, m
 2 - temperature, C
 3 - salinity, kg/kg
 4 - turbulent kinetic energy, m**2/s**2
 5 - dissipation rate, m**2/s**3
 6 - kinematic heat conductance, m**2/s
 7 - modulus of horizontal velocity, m/s
 8 - Richardson number, n/d
   -0.000000   26.66300  0.4104E-15  0.1244E-04  0.3540E-06  0.5894E-04  0.1345E-01 -0.2433E+00
   -0.112493   26.71544  0.4104E-15  0.1393E-04  0.1142E-06  0.3948E-03  0.5390E-02 -0.1000E+01
   -0.224987   26.72264  0.4104E-15  0.1436E-04  0.7846E-07  0.9338E-03  0.3975E-02  0.1531E+03
   -0.337482   26.72534  0.4104E-15  0.1467E-04  0.6403E-07  0.1113E-02  0.3490E-02  0.4542E+01
   -0.449978   26.72740  0.4104E-15  0.1493E-04  0.5467E-07  0.1328E-02  0.3113E-02  0.2839E+01
   -0.562475   26.72897  0.4104E-15  0.1512E-04  0.4806E-07  0.1529E-02  0.2815E-02  0.2111E+01
   -0.674972   26.73023  0.4104E-15  0.1526E-04  0.4306E-07  0.1720E-02  0.2568E-02  0.1792E+01
   -0.787471   26.73126  0.4104E-15  0.1536E-04  0.3907E-07  0.1907E-02  0.2356E-02  0.1687E+01
   -0.899970   26.73212  0.4104E-15  0.1542E-04  0.3574E-07  0.2091E-02  0.2168E-02  0.1671E+01
   -1.012470   26.73285  0.4104E-15  0.1544E-04  0.3292E-07  0.2273E-02  0.1998E-02  0.1651E+01
   -1.124970   26.73347  0.4104E-15  0.1544E-04  0.3048E-07  0.2448E-02  0.1843E-02  0.1623E+01
   -1.237471   26.73401  0.4104E-15  0.1540E-04  0.2837E-07  0.2615E-02  0.1701E-02  0.1590E+01
   -1.349973   26.73448  0.4104E-15  0.1535E-04  0.2652E-07  0.2774E-02  0.1572E-02  0.1553E+01
   -1.462475   26.73490  0.4104E-15  0.1527E-04  0.2489E-07  0.2922E-02  0.1454E-02  0.1512E+01
   -1.574977   26.73527  0.4104E-15  0.1517E-04  0.2344E-07  0.3060E-02  0.1346E-02  0.1468E+01
   -1.687480   26.73560  0.4104E-15  0.1505E-04  0.2217E-07  0.3186E-02  0.1247E-02  0.1423E+01
   -1.799983   26.73590  0.4104E-15  0.1492E-04  0.2103E-07  0.3299E-02  0.1156E-02  0.1376E+01
   -1.912486   26.73618  0.4104E-15  0.1477E-04  0.2002E-07  0.3400E-02  0.1073E-02  0.1327E+01
   -2.024990   26.73643  0.4104E-15  0.1462E-04  0.1912E-07  0.3487E-02  0.9972E-03  0.1276E+01
   -2.137493   26.73666  0.4104E-15  0.1446E-04  0.1832E-07  0.3560E-02  0.9274E-03  0.1224E+01
   -2.249997   26.73687  0.4104E-15  0.1429E-04  0.1762E-07  0.3620E-02  0.8636E-03  0.1170E+01
   -2.362500   26.73707  0.4104E-15  0.1412E-04  0.1699E-07  0.3666E-02  0.8053E-03  0.1116E+01
   -2.475004   26.73726  0.4104E-15  0.1395E-04  0.1645E-07  0.3697E-02  0.7521E-03  0.1070E+01
   -2.587507   26.73743  0.4104E-15  0.1378E-04  0.1598E-07  0.3715E-02  0.7034E-03  0.1046E+01
   -2.700011   26.73760  0.4104E-15  0.1360E-04  0.1557E-07  0.3720E-02  0.6585E-03  0.1045E+01
   -2.812514   26.73775  0.4104E-15  0.1342E-04  0.1522E-07  0.3712E-02  0.6169E-03  0.1071E+01
   -2.925016   26.73790  0.4104E-15  0.1324E-04  0.1492E-07  0.3691E-02  0.5779E-03  0.1123E+01
   -3.037519   26.73805  0.4104E-15  0.1306E-04  0.1468E-07  0.3655E-02  0.5412E-03  0.1201E+01
   -3.150021   26.73818  0.4104E-15  0.1287E-04  0.1450E-07  0.3605E-02  0.5065E-03  0.1317E+01
   -3.262522   26.73832  0.4104E-15  0.1268E-04  0.1438E-07  0.3536E-02  0.4733E-03  0.1476E+01
   -3.375023   26.73844  0.4104E-15  0.1247E-04  0.1433E-07  0.3447E-02  0.4416E-03  0.1688E+01
   -3.487524   26.73857  0.4104E-15  0.1226E-04  0.1436E-07  0.3336E-02  0.4111E-03  0.1978E+01
   -3.600024   26.73870  0.4104E-15  0.1204E-04  0.1450E-07  0.3199E-02  0.3818E-03  0.2391E+01
   -3.712523   26.73882  0.4104E-15  0.1180E-04  0.1478E-07  0.3033E-02  0.3535E-03  0.3010E+01
   -3.825021   26.73895  0.4104E-15  0.1154E-04  0.1525E-07  0.2834E-02  0.3261E-03  0.3992E+01
   -3.937519   26.73908  0.4104E-15  0.1126E-04  0.1601E-07  0.2595E-02  0.2996E-03  0.5749E+01
   -4.050016   26.73922  0.4104E-15  0.1093E-04  0.1723E-07  0.2296E-02  0.2738E-03  0.9371E+01
   -4.162512   26.73937  0.4104E-15  0.1053E-04  0.1928E-07  0.2014E-02  0.2489E-03  0.2047E+02
   -4.275007   26.73954  0.4104E-15  0.9883E-05  0.2411E-07  0.1381E-02  0.2261E-03  0.2851E+03
   -4.387501   26.73980  0.4104E-15  0.4002E-05  0.9213E-07  0.2402E-04  0.1985E-03 -0.2847E+05
   -4.499994   26.75430  0.4104E-15  0.0000E+00  0.0000E+00  0.0000E+00  0.1980E-03  0.0000E+00
