 1 - depth, m
 2 - temperature, C
 3 - salinity, kg/kg
 4 - turbulent kinetic energy, m**2/s**2
 5 - dissipation rate, m**2/s**3
 6 - kinematic heat conductance, m**2/s
 7 - modulus of horizontal velocity, m/s
 8 - Richardson number, n/d
   -0.000000   25.67295  0.2802E-14  0.1043E-04  0.2739E-06  0.5559E-04  0.1151E-01 -0.2830E+00
   -0.112493   25.72258  0.2802E-14  0.1232E-04  0.9106E-07  0.4191E-03  0.4388E-02 -0.1199E+01
   -0.224987   25.72863  0.2802E-14  0.1287E-04  0.6411E-07  0.9127E-03  0.3259E-02  0.1396E+03
   -0.337482   25.73111  0.2802E-14  0.1322E-04  0.5281E-07  0.1095E-02  0.2850E-02  0.5840E+01
   -0.449978   25.73299  0.2802E-14  0.1349E-04  0.4538E-07  0.1307E-02  0.2533E-02  0.3630E+01
   -0.562475   25.73444  0.2802E-14  0.1369E-04  0.4006E-07  0.1505E-02  0.2282E-02  0.2649E+01
   -0.674972   25.73560  0.2802E-14  0.1382E-04  0.3602E-07  0.1693E-02  0.2076E-02  0.2124E+01
   -0.787471   25.73655  0.2802E-14  0.1391E-04  0.3283E-07  0.1868E-02  0.1902E-02  0.1815E+01
   -0.899970   25.73735  0.2802E-14  0.1396E-04  0.3020E-07  0.2034E-02  0.1751E-02  0.1643E+01
   -1.012470   25.73804  0.2802E-14  0.1397E-04  0.2798E-07  0.2193E-02  0.1617E-02  0.1543E+01
   -1.124970   25.73863  0.2802E-14  0.1395E-04  0.2606E-07  0.2345E-02  0.1498E-02  0.1484E+01
   -1.237472   25.73915  0.2802E-14  0.1391E-04  0.2438E-07  0.2488E-02  0.1389E-02  0.1445E+01
   -1.349973   25.73960  0.2802E-14  0.1385E-04  0.2290E-07  0.2623E-02  0.1290E-02  0.1411E+01
   -1.462475   25.74001  0.2802E-14  0.1377E-04  0.2158E-07  0.2748E-02  0.1199E-02  0.1374E+01
   -1.574978   25.74037  0.2802E-14  0.1367E-04  0.2040E-07  0.2864E-02  0.1115E-02  0.1335E+01
   -1.687480   25.74070  0.2802E-14  0.1355E-04  0.1935E-07  0.2969E-02  0.1039E-02  0.1295E+01
   -1.799983   25.74099  0.2802E-14  0.1343E-04  0.1841E-07  0.3064E-02  0.9684E-03  0.1258E+01
   -1.912487   25.74126  0.2802E-14  0.1329E-04  0.1756E-07  0.3148E-02  0.9038E-03  0.1225E+01
   -2.024990   25.74151  0.2802E-14  0.1315E-04  0.1680E-07  0.3221E-02  0.8443E-03  0.1202E+01
   -2.137494   25.74174  0.2802E-14  0.1300E-04  0.1611E-07  0.3283E-02  0.7894E-03  0.1188E+01
   -2.249997   25.74195  0.2802E-14  0.1284E-04  0.1550E-07  0.3335E-02  0.7386E-03  0.1182E+01
   -2.362501   25.74214  0.2802E-14  0.1268E-04  0.1494E-07  0.3376E-02  0.6913E-03  0.1186E+01
   -2.475004   25.74232  0.2802E-14  0.1252E-04  0.1444E-07  0.3407E-02  0.6474E-03  0.1205E+01
   -2.587508   25.74249  0.2802E-14  0.1235E-04  0.1399E-07  0.3427E-02  0.6064E-03  0.1239E+01
   -2.700011   25.74265  0.2802E-14  0.1218E-04  0.1359E-07  0.3436E-02  0.5678E-03  0.1288E+01
   -2.812514   25.74280  0.2802E-14  0.1200E-04  0.1323E-07  0.3434E-02  0.5314E-03  0.1360E+01
   -2.925017   25.74294  0.2802E-14  0.1182E-04  0.1292E-07  0.3420E-02  0.4970E-03  0.1452E+01
   -3.037519   25.74307  0.2802E-14  0.1164E-04  0.1265E-07  0.3393E-02  0.4642E-03  0.1566E+01
   -3.150021   25.74320  0.2802E-14  0.1145E-04  0.1243E-07  0.3352E-02  0.4330E-03  0.1712E+01
   -3.262523   25.74332  0.2802E-14  0.1126E-04  0.1227E-07  0.3294E-02  0.4033E-03  0.1900E+01
   -3.375024   25.74343  0.2802E-14  0.1106E-04  0.1216E-07  0.3220E-02  0.3750E-03  0.2146E+01
   -3.487524   25.74354  0.2802E-14  0.1086E-04  0.1213E-07  0.3125E-02  0.3479E-03  0.2480E+01
   -3.600024   25.74365  0.2802E-14  0.1065E-04  0.1218E-07  0.3009E-02  0.3219E-03  0.2951E+01
   -3.712524   25.74375  0.2802E-14  0.1043E-04  0.1234E-07  0.2866E-02  0.2971E-03  0.3648E+01
   -3.825022   25.74386  0.2802E-14  0.1019E-04  0.1265E-07  0.2692E-02  0.2731E-03  0.4743E+01
   -3.937520   25.74396  0.2802E-14  0.9936E-05  0.1319E-07  0.2482E-02  0.2500E-03  0.6689E+01
   -4.050017   25.74407  0.2802E-14  0.9650E-05  0.1407E-07  0.2214E-02  0.2279E-03  0.1064E+02
   -4.162513   25.74419  0.2802E-14  0.9314E-05  0.1559E-07  0.1989E-02  0.2066E-03  0.2308E+02
   -4.275007   25.74432  0.2802E-14  0.8742E-05  0.1935E-07  0.1032E-02  0.1877E-03  0.1968E+04
   -4.387501   25.74457  0.2802E-14  0.3469E-05  0.7412E-07  0.2211E-04  0.1613E-03 -0.5041E+05
   -4.499994   25.75716  0.2802E-14  0.0000E+00  0.0000E+00  0.0000E+00  0.1609E-03  0.0000E+00
