 1 - depth, m
 2 - temperature, C
 3 - salinity, kg/kg
 4 - turbulent kinetic energy, m**2/s**2
 5 - dissipation rate, m**2/s**3
 6 - kinematic heat conductance, m**2/s
 7 - modulus of horizontal velocity, m/s
 8 - Richardson number, n/d
   -0.000000   29.84040  0.4654E-14  0.3987E-05  0.9293E-07  0.3832E-04  0.3145E-02 -0.3810E+01
   -0.112493   29.89420  0.4654E-14  0.7103E-05  0.4029E-07  0.4639E-03  0.9544E-03 -0.2666E+02
   -0.224987   29.89803  0.4654E-14  0.7650E-05  0.3160E-07  0.6362E-03  0.7845E-03  0.3881E+05
   -0.337482   29.90041  0.4654E-14  0.7877E-05  0.2637E-07  0.7888E-03  0.6748E-03  0.9659E+05
   -0.449978   29.90205  0.4654E-14  0.7923E-05  0.2265E-07  0.9154E-03  0.5941E-03  0.1491E+04
   -0.562475   29.90325  0.4654E-14  0.7853E-05  0.1977E-07  0.1022E-02  0.5303E-03  0.3276E+03
   -0.674973   29.90418  0.4654E-14  0.7707E-05  0.1744E-07  0.1111E-02  0.4777E-03  0.2070E+03
   -0.787472   29.90490  0.4654E-14  0.7509E-05  0.1550E-07  0.1185E-02  0.4333E-03  0.1660E+03
   -0.899971   29.90548  0.4654E-14  0.7277E-05  0.1385E-07  0.1246E-02  0.3951E-03  0.1493E+03
   -1.012471   29.90594  0.4654E-14  0.7024E-05  0.1243E-07  0.1295E-02  0.3618E-03  0.1483E+03
   -1.124971   29.90632  0.4654E-14  0.6759E-05  0.1121E-07  0.1334E-02  0.3326E-03  0.2643E+05
   -1.237473   29.90663  0.4654E-14  0.6473E-05  0.1010E-07  0.1310E-02  0.3067E-03  0.2673E+04
   -1.349974   29.90688  0.4654E-14  0.6159E-05  0.9071E-08  0.1263E-02  0.2805E-03  0.2137E+04
   -1.462476   29.90710  0.4654E-14  0.5830E-05  0.8132E-08  0.1219E-02  0.2551E-03  0.3283E+04
   -1.574979   29.90728  0.4654E-14  0.5497E-05  0.7290E-08  0.1177E-02  0.2310E-03  0.1311E+04
   -1.687482   29.90742  0.4654E-14  0.5163E-05  0.6541E-08  0.1131E-02  0.2085E-03  0.9947E+03
   -1.799985   29.90751  0.4654E-14  0.4831E-05  0.5876E-08  0.1079E-02  0.1873E-03  0.1326E+04
   -1.912488   29.90755  0.4654E-14  0.4503E-05  0.5285E-08  0.1032E-02  0.1673E-03  0.4069E+04
   -2.024992   29.90749  0.4654E-14  0.4171E-05  0.4749E-08  0.9733E-03  0.1480E-03  0.1147E+05
   -2.137495   29.90715  0.4654E-14  0.3814E-05  0.4234E-08  0.9007E-03  0.1277E-03  0.9109E+03
   -2.249999   29.90511  0.4654E-14  0.3451E-05  0.3747E-08  0.8167E-03  0.1024E-03  0.5304E+04
   -2.362503   29.90023  0.4654E-14  0.3121E-05  0.3314E-08  0.7216E-03  0.8236E-04  0.5410E+06
   -2.475006   29.89447  0.4654E-14  0.2814E-05  0.2915E-08  0.5902E-03  0.6892E-04  0.1013E+09
   -2.587510   29.88898  0.4654E-14  0.2508E-05  0.2528E-08  0.4303E-03  0.5852E-04  0.2296E+11
   -2.700013   29.88341  0.4654E-14  0.2195E-05  0.2151E-08  0.2515E-03  0.4911E-04  0.5942E+13
   -2.812516   29.87745  0.4654E-14  0.1879E-05  0.1792E-08  0.1619E-03  0.4027E-04  0.4580E+15
   -2.925019   29.87096  0.4654E-14  0.1561E-05  0.1454E-08  0.9950E-04  0.3225E-04  0.7595E+15
   -3.037522   29.86347  0.4654E-14  0.1202E-05  0.1092E-08  0.5304E-04  0.2430E-04  0.9839E+15
   -3.150024   29.85368  0.4654E-14  0.8452E-06  0.7504E-09  0.1952E-04  0.1628E-04  0.1408E+16
   -3.262525   29.84092  0.4653E-14  0.5106E-06  0.4446E-09  0.1371E-05  0.9593E-05  0.2659E+16
   -3.375027   29.82127  0.4652E-14  0.1682E-06  0.1429E-09  0.7415E-07  0.3307E-05  0.6899E+16
   -3.487527   29.78005  0.4647E-14  0.2112E-07  0.1879E-10  0.1272E-07  0.3032E-06  0.8699E+16
   -3.600027   29.73707  0.4641E-14  0.1611E-08  0.2266E-11  0.1774E-08  0.1385E-07  0.7540E+16
   -3.712527   29.70531  0.4635E-14  0.3946E-08  0.4156E-11  0.5467E-08  0.4623E-09  0.5147E+16
   -3.825025   29.68514  0.4630E-14  0.5256E-07  0.5014E-10  0.4223E-06  0.1322E-10  0.1485E+16
   -3.937523   29.67944  0.4627E-14  0.1515E-06  0.1493E-09  0.2395E-04  0.3238E-12  0.1557E+15
   -4.050020   29.67891  0.4626E-14  0.2505E-06  0.2964E-09  0.5588E-04  0.4397E-13 -0.4708E+14
   -4.162516   29.67907  0.4626E-14  0.3489E-06  0.5376E-09  0.7607E-04  0.1263E-13 -0.1019E+15
   -4.275011   29.67942  0.4626E-14  0.4351E-06  0.9918E-09  0.7179E-04  0.3899E-14 -0.2407E+15
   -4.387505   29.68024  0.4626E-14  0.3432E-06  0.3463E-08  0.9455E-05  0.1093E-14 -0.3930E+16
   -4.499998   29.69363  0.4626E-14  0.0000E+00  0.0000E+00  0.0000E+00  0.1085E-14  0.0000E+00
