 1 - depth, m
 2 - temperature, C
 3 - salinity, kg/kg
 4 - turbulent kinetic energy, m**2/s**2
 5 - dissipation rate, m**2/s**3
 6 - kinematic heat conductance, m**2/s
 7 - modulus of horizontal velocity, m/s
 8 - Richardson number, n/d
   -0.000000   31.12235  0.5243E-14  0.4181E-05  0.1213E-06  0.3601E-04  0.8534E-03 -0.7665E+02
   -0.112493   31.19648  0.5242E-14  0.9028E-05  0.5317E-07  0.5598E-03  0.2228E-03  0.1452E+04
   -0.224987   31.20060  0.5242E-14  0.9891E-05  0.4261E-07  0.7696E-03  0.1858E-03  0.2891E+07
   -0.337482   31.20320  0.5242E-14  0.1033E-04  0.3621E-07  0.9651E-03  0.1615E-03  0.4901E+04
   -0.449978   31.20501  0.5242E-14  0.1054E-04  0.3164E-07  0.1133E-02  0.1435E-03  0.2385E+04
   -0.562475   31.20636  0.5242E-14  0.1059E-04  0.2809E-07  0.1278E-02  0.1292E-03  0.1693E+04
   -0.674972   31.20741  0.5242E-14  0.1053E-04  0.2519E-07  0.1405E-02  0.1174E-03  0.1368E+04
   -0.787471   31.20826  0.5242E-14  0.1039E-04  0.2275E-07  0.1513E-02  0.1073E-03  0.1185E+04
   -0.899970   31.20894  0.5242E-14  0.1020E-04  0.2064E-07  0.1606E-02  0.9849E-04  0.1071E+04
   -1.012470   31.20951  0.5242E-14  0.9975E-05  0.1881E-07  0.1685E-02  0.9075E-04  0.9983E+03
   -1.124970   31.20999  0.5242E-14  0.9716E-05  0.1719E-07  0.1752E-02  0.8387E-04  0.9503E+03
   -1.237471   31.21038  0.5242E-14  0.9437E-05  0.1575E-07  0.1807E-02  0.7769E-04  0.9229E+03
   -1.349973   31.21072  0.5242E-14  0.9143E-05  0.1446E-07  0.1852E-02  0.7213E-04  0.9071E+03
   -1.462475   31.21101  0.5242E-14  0.8842E-05  0.1331E-07  0.1889E-02  0.6711E-04  0.9117E+03
   -1.574977   31.21125  0.5242E-14  0.8536E-05  0.1227E-07  0.1918E-02  0.6257E-04  0.1245E+04
   -1.687480   31.21145  0.5242E-14  0.8215E-05  0.1130E-07  0.1852E-02  0.5842E-04  0.7369E+05
   -1.799983   31.21163  0.5242E-14  0.7869E-05  0.1038E-07  0.1784E-02  0.5413E-04  0.5544E+05
   -1.912486   31.21178  0.5242E-14  0.7513E-05  0.9520E-08  0.1733E-02  0.4992E-04  0.2730E+05
   -2.024990   31.21190  0.5242E-14  0.7155E-05  0.8735E-08  0.1682E-02  0.4590E-04  0.4675E+05
   -2.137493   31.21200  0.5242E-14  0.6799E-05  0.8025E-08  0.1631E-02  0.4211E-04  0.1726E+05
   -2.249997   31.21206  0.5242E-14  0.6448E-05  0.7384E-08  0.1578E-02  0.3854E-04  0.7616E+05
   -2.362501   31.21209  0.5242E-14  0.6102E-05  0.6807E-08  0.1516E-02  0.3517E-04  0.2622E+05
   -2.475004   31.21207  0.5242E-14  0.5761E-05  0.6286E-08  0.1464E-02  0.3198E-04  0.8985E+04
   -2.587508   31.21195  0.5242E-14  0.5409E-05  0.5792E-08  0.1240E-02  0.2890E-04  0.5834E+05
   -2.700011   31.21158  0.5242E-14  0.4993E-05  0.5253E-08  0.6797E-03  0.2559E-04  0.1527E+07
   -2.812514   31.21004  0.5242E-14  0.4520E-05  0.4679E-08  0.4256E-03  0.2159E-04  0.1494E+06
   -2.925017   31.20660  0.5241E-14  0.4073E-05  0.4164E-08  0.2708E-03  0.1836E-04  0.2131E+08
   -3.037519   31.20238  0.5241E-14  0.3615E-05  0.3664E-08  0.1241E-03  0.1600E-04  0.1133E+11
   -3.150021   31.19097  0.5240E-14  0.2683E-05  0.2686E-08  0.2492E-04  0.1212E-04  0.1474E+14
   -3.262523   31.13197  0.5234E-14  0.1102E-05  0.1082E-08  0.2882E-06  0.4741E-05  0.6614E+16
   -3.375024   30.99474  0.5214E-14  0.1303E-06  0.1286E-09  0.2298E-07  0.5211E-06  0.1066E+17
   -3.487524   30.87599  0.5200E-14  0.7881E-08  0.8633E-11  0.2286E-08  0.2334E-07  0.9291E+16
   -3.600024   30.79369  0.5192E-14  0.3099E-09  0.1208E-11  0.2101E-09  0.8045E-09  0.9977E+16
   -3.712523   30.72738  0.5183E-14  0.4419E-11  0.1000E-11  0.1000E-09  0.2487E-10  0.1451E+17
   -3.825022   30.67034  0.5173E-14  0.4419E-11  0.1000E-11  0.1000E-09  0.6875E-12  0.1446E+17
   -3.937519   30.62242  0.5163E-14  0.1228E-08  0.2299E-11  0.1683E-08  0.1678E-13  0.1042E+17
   -4.050016   30.58783  0.5151E-14  0.3387E-07  0.5058E-10  0.3053E-06  0.3530E-15  0.2685E+16
   -4.162512   30.57891  0.5146E-14  0.1708E-06  0.2694E-09  0.2642E-04  0.6155E-17 -0.7942E+14
   -4.275007   30.57918  0.5146E-14  0.2853E-06  0.6862E-09  0.4216E-04  0.8013E-18 -0.2596E+15
   -4.387501   30.58004  0.5146E-14  0.2916E-06  0.2798E-08  0.8684E-05  0.1371E-18 -0.3633E+16
   -4.499994   30.59210  0.5146E-14  0.0000E+00  0.0000E+00  0.0000E+00  0.1292E-18  0.0000E+00
