 1 - depth, m
 2 - temperature, C
 3 - salinity, kg/kg
 4 - turbulent kinetic energy, m**2/s**2
 5 - dissipation rate, m**2/s**3
 6 - kinematic heat conductance, m**2/s
 7 - modulus of horizontal velocity, m/s
 8 - Richardson number, n/d
   -0.000000   30.02443  0.5392E-14  0.4406E-05  0.1075E-06  0.4022E-04  0.3422E-02 -0.3425E+01
   -0.112494   30.08233  0.5394E-14  0.7866E-05  0.4644E-07  0.4908E-03  0.1040E-02 -0.2240E+02
   -0.224989   30.08643  0.5394E-14  0.8492E-05  0.3647E-07  0.6739E-03  0.8601E-03  0.2079E+05
   -0.337485   30.08899  0.5394E-14  0.8770E-05  0.3049E-07  0.8394E-03  0.7424E-03  0.6889E+05
   -0.449982   30.09076  0.5395E-14  0.8849E-05  0.2625E-07  0.9782E-03  0.6558E-03  0.6322E+03
   -0.562480   30.09206  0.5395E-14  0.8801E-05  0.2298E-07  0.1096E-02  0.5873E-03  0.2079E+03
   -0.674978   30.09306  0.5395E-14  0.8667E-05  0.2034E-07  0.1197E-02  0.5307E-03  0.1405E+03
   -0.787478   30.09385  0.5395E-14  0.8476E-05  0.1813E-07  0.1281E-02  0.4828E-03  0.1152E+03
   -0.899978   30.09448  0.5395E-14  0.8245E-05  0.1626E-07  0.1352E-02  0.4414E-03  0.1043E+03
   -1.012479   30.09499  0.5395E-14  0.7988E-05  0.1465E-07  0.1410E-02  0.4053E-03  0.1056E+03
   -1.124980   30.09541  0.5395E-14  0.7713E-05  0.1324E-07  0.1458E-02  0.3735E-03  0.7838E+04
   -1.237482   30.09575  0.5395E-14  0.7417E-05  0.1198E-07  0.1449E-02  0.3449E-03  0.3091E+04
   -1.349985   30.09605  0.5395E-14  0.7094E-05  0.1082E-07  0.1424E-02  0.3169E-03  0.1111E+04
   -1.462488   30.09629  0.5395E-14  0.6758E-05  0.9761E-08  0.1402E-02  0.2901E-03  0.1456E+04
   -1.574991   30.09650  0.5395E-14  0.6416E-05  0.8815E-08  0.1376E-02  0.2650E-03  0.5274E+03
   -1.687495   30.09666  0.5395E-14  0.6074E-05  0.7971E-08  0.1347E-02  0.2415E-03  0.3794E+03
   -1.799999   30.09677  0.5395E-14  0.5734E-05  0.7219E-08  0.1313E-02  0.2195E-03  0.8907E+03
   -1.912503   30.09683  0.5395E-14  0.5396E-05  0.6545E-08  0.1277E-02  0.1987E-03  0.3552E+03
   -2.025007   30.09679  0.5395E-14  0.5053E-05  0.5930E-08  0.1229E-02  0.1786E-03  0.1429E+04
   -2.137512   30.09640  0.5395E-14  0.4692E-05  0.5346E-08  0.1169E-02  0.1571E-03  0.4005E+03
   -2.250017   30.09453  0.5396E-14  0.4337E-05  0.4808E-08  0.1093E-02  0.1326E-03  0.5175E+04
   -2.362521   30.09121  0.5397E-14  0.4011E-05  0.4328E-08  0.1014E-02  0.1137E-03  0.6491E+06
   -2.475026   30.08755  0.5397E-14  0.3698E-05  0.3882E-08  0.8904E-03  0.9979E-04  0.1214E+09
   -2.587530   30.08395  0.5398E-14  0.3378E-05  0.3446E-08  0.6839E-03  0.8782E-04  0.2699E+11
   -2.700034   30.08016  0.5398E-14  0.3042E-05  0.3012E-08  0.4625E-03  0.7619E-04  0.6802E+13
   -2.812538   30.07601  0.5399E-14  0.2696E-05  0.2593E-08  0.2890E-03  0.6485E-04  0.3122E+15
   -2.925042   30.07146  0.5399E-14  0.2348E-05  0.2201E-08  0.1967E-03  0.5416E-04  0.4706E+15
   -3.037545   30.06637  0.5400E-14  0.1991E-05  0.1825E-08  0.1197E-03  0.4429E-04  0.5480E+15
   -3.150048   30.05970  0.5401E-14  0.1518E-05  0.1359E-08  0.6308E-04  0.3250E-04  0.6075E+15
   -3.262551   30.05022  0.5402E-14  0.1006E-05  0.8765E-09  0.2751E-04  0.1970E-04  0.6720E+15
   -3.375053   30.03986  0.5403E-14  0.6173E-06  0.5258E-09  0.6047E-05  0.1090E-04  0.1449E+16
   -3.487554   30.02525  0.5403E-14  0.2864E-06  0.2390E-09  0.1941E-06  0.4717E-05  0.3685E+16
   -3.600055   29.99947  0.5405E-14  0.5534E-07  0.4647E-10  0.3915E-07  0.6879E-06  0.5997E+16
   -3.712555   29.96757  0.5405E-14  0.9884E-08  0.9098E-11  0.1361E-07  0.4195E-07  0.5039E+16
   -3.825055   29.94540  0.5401E-14  0.5128E-07  0.4957E-10  0.3425E-06  0.1502E-08  0.1552E+16
   -3.937554   29.93893  0.5398E-14  0.1504E-06  0.1495E-09  0.2281E-04  0.3932E-10  0.2094E+15
   -4.050051   29.93821  0.5398E-14  0.2526E-06  0.3021E-09  0.5503E-04  0.6826E-11 -0.4584E+14
   -4.162548   29.93837  0.5397E-14  0.3537E-06  0.5521E-09  0.7584E-04  0.1981E-11 -0.1043E+15
   -4.275044   29.93873  0.5397E-14  0.4429E-06  0.1024E-08  0.7202E-04  0.6130E-12 -0.2472E+15
   -4.387539   29.93956  0.5397E-14  0.3511E-06  0.3586E-08  0.9563E-05  0.1725E-12 -0.4030E+16
   -4.500033   29.95319  0.5397E-14  0.0000E+00  0.0000E+00  0.0000E+00  0.1708E-12  0.0000E+00
