 1 - depth, m
 2 - temperature, C
 3 - salinity, kg/kg
 4 - turbulent kinetic energy, m**2/s**2
 5 - dissipation rate, m**2/s**3
 6 - kinematic heat conductance, m**2/s
 7 - modulus of horizontal velocity, m/s
 8 - Richardson number, n/d
   -0.000000   29.46807  0.1441E-14  0.6776E-05  0.1772E-06  0.4644E-04  0.6850E-02 -0.8502E+00
   -0.112493   29.52398  0.1441E-14  0.1068E-04  0.6903E-07  0.6070E-03  0.2103E-02  0.6672E+01
   -0.224988   29.52783  0.1441E-14  0.1165E-04  0.5327E-07  0.8567E-03  0.1726E-02  0.6753E+02
   -0.337483   29.53029  0.1441E-14  0.1228E-04  0.4476E-07  0.1103E-02  0.1496E-02  0.1986E+02
   -0.449979   29.53202  0.1441E-14  0.1271E-04  0.3911E-07  0.1330E-02  0.1328E-02  0.1215E+02
   -0.562477   29.53333  0.1441E-14  0.1301E-04  0.3498E-07  0.1540E-02  0.1197E-02  0.8941E+01
   -0.674975   29.53436  0.1441E-14  0.1320E-04  0.3176E-07  0.1736E-02  0.1089E-02  0.7201E+01
   -0.787474   29.53520  0.1441E-14  0.1332E-04  0.2914E-07  0.1917E-02  0.9973E-03  0.6133E+01
   -0.899973   29.53590  0.1441E-14  0.1338E-04  0.2696E-07  0.2085E-02  0.9185E-03  0.5415E+01
   -1.012474   29.53650  0.1441E-14  0.1339E-04  0.2510E-07  0.2240E-02  0.8493E-03  0.4916E+01
   -1.124974   29.53702  0.1441E-14  0.1337E-04  0.2348E-07  0.2382E-02  0.7878E-03  0.4548E+01
   -1.237476   29.53746  0.1441E-14  0.1332E-04  0.2206E-07  0.2514E-02  0.7325E-03  0.4284E+01
   -1.349978   29.53786  0.1441E-14  0.1324E-04  0.2079E-07  0.2634E-02  0.6825E-03  0.4082E+01
   -1.462480   29.53821  0.1441E-14  0.1314E-04  0.1966E-07  0.2744E-02  0.6369E-03  0.3941E+01
   -1.574983   29.53852  0.1441E-14  0.1302E-04  0.1864E-07  0.2844E-02  0.5951E-03  0.3833E+01
   -1.687486   29.53880  0.1441E-14  0.1289E-04  0.1771E-07  0.2934E-02  0.5565E-03  0.3768E+01
   -1.799990   29.53906  0.1441E-14  0.1275E-04  0.1687E-07  0.3015E-02  0.5208E-03  0.3723E+01
   -1.912493   29.53929  0.1441E-14  0.1260E-04  0.1609E-07  0.3086E-02  0.4877E-03  0.3712E+01
   -2.024997   29.53950  0.1441E-14  0.1244E-04  0.1539E-07  0.3149E-02  0.4568E-03  0.3716E+01
   -2.137501   29.53969  0.1441E-14  0.1227E-04  0.1474E-07  0.3203E-02  0.4279E-03  0.3752E+01
   -2.250005   29.53987  0.1441E-14  0.1210E-04  0.1414E-07  0.3248E-02  0.4009E-03  0.3801E+01
   -2.362509   29.54003  0.1441E-14  0.1192E-04  0.1359E-07  0.3285E-02  0.3755E-03  0.3881E+01
   -2.475013   29.54018  0.1441E-14  0.1174E-04  0.1309E-07  0.3312E-02  0.3516E-03  0.3976E+01
   -2.587517   29.54031  0.1441E-14  0.1156E-04  0.1264E-07  0.3330E-02  0.3291E-03  0.4104E+01
   -2.700021   29.54044  0.1441E-14  0.1137E-04  0.1222E-07  0.3338E-02  0.3078E-03  0.4252E+01
   -2.812524   29.54056  0.1441E-14  0.1118E-04  0.1185E-07  0.3337E-02  0.2877E-03  0.4447E+01
   -2.925027   29.54067  0.1441E-14  0.1098E-04  0.1151E-07  0.3325E-02  0.2686E-03  0.4676E+01
   -3.037530   29.54077  0.1441E-14  0.1079E-04  0.1122E-07  0.3301E-02  0.2505E-03  0.4973E+01
   -3.150033   29.54086  0.1441E-14  0.1060E-04  0.1097E-07  0.3266E-02  0.2334E-03  0.5330E+01
   -3.262535   29.54095  0.1441E-14  0.1040E-04  0.1077E-07  0.3217E-02  0.2170E-03  0.5801E+01
   -3.375036   29.54103  0.1441E-14  0.1020E-04  0.1062E-07  0.3152E-02  0.2015E-03  0.6397E+01
   -3.487537   29.54111  0.1441E-14  0.9995E-05  0.1053E-07  0.3071E-02  0.1866E-03  0.7208E+01
   -3.600037   29.54118  0.1441E-14  0.9788E-05  0.1050E-07  0.2969E-02  0.1725E-03  0.8319E+01
   -3.712537   29.54125  0.1441E-14  0.9575E-05  0.1057E-07  0.2845E-02  0.1590E-03  0.9953E+01
   -3.825036   29.54132  0.1441E-14  0.9355E-05  0.1076E-07  0.2693E-02  0.1461E-03  0.1245E+02
   -3.937534   29.54138  0.1441E-14  0.9122E-05  0.1112E-07  0.2503E-02  0.1338E-03  0.1675E+02
   -4.050031   29.54145  0.1441E-14  0.8869E-05  0.1174E-07  0.2293E-02  0.1220E-03  0.2651E+02
   -4.162527   29.54152  0.1441E-14  0.8551E-05  0.1292E-07  0.2075E-02  0.1111E-03  0.1036E+03
   -4.275023   29.54159  0.1441E-14  0.7975E-05  0.1616E-07  0.7356E-03  0.9941E-04  0.1907E+03
   -4.387517   29.54180  0.1441E-14  0.3079E-05  0.6117E-07  0.2042E-04  0.8318E-04 -0.2633E+06
   -4.500010   29.54996  0.1441E-14  0.0000E+00  0.0000E+00  0.0000E+00  0.8294E-04  0.0000E+00
