 1 - depth, m
 2 - temperature, C
 3 - salinity, kg/kg
 4 - turbulent kinetic energy, m**2/s**2
 5 - dissipation rate, m**2/s**3
 6 - kinematic heat conductance, m**2/s
 7 - modulus of horizontal velocity, m/s
 8 - Richardson number, n/d
   -0.000000   29.37254  0.8953E-15  0.1176E-04  0.3477E-06  0.5803E-04  0.1144E-01 -0.3460E+00
   -0.112494   29.43037  0.8954E-15  0.1579E-04  0.1203E-06  0.7148E-03  0.4040E-02  0.1550E+00
   -0.224988   29.43474  0.8955E-15  0.1701E-04  0.8899E-07  0.1110E-02  0.3217E-02  0.9064E+01
   -0.337484   29.43735  0.8955E-15  0.1782E-04  0.7481E-07  0.1371E-02  0.2849E-02  0.3647E+01
   -0.449980   29.43932  0.8955E-15  0.1846E-04  0.6556E-07  0.1657E-02  0.2568E-02  0.2523E+01
   -0.562478   29.44085  0.8955E-15  0.1898E-04  0.5897E-07  0.1925E-02  0.2345E-02  0.1939E+01
   -0.674976   29.44209  0.8955E-15  0.1939E-04  0.5398E-07  0.2174E-02  0.2162E-02  0.1619E+01
   -0.787475   29.44313  0.8955E-15  0.1971E-04  0.4999E-07  0.2411E-02  0.2006E-02  0.1509E+01
   -0.899975   29.44402  0.8955E-15  0.1998E-04  0.4662E-07  0.2645E-02  0.1868E-02  0.1482E+01
   -1.012475   29.44478  0.8955E-15  0.2019E-04  0.4372E-07  0.2875E-02  0.1741E-02  0.1474E+01
   -1.124977   29.44545  0.8955E-15  0.2034E-04  0.4118E-07  0.3098E-02  0.1625E-02  0.1469E+01
   -1.237478   29.44604  0.8955E-15  0.2045E-04  0.3892E-07  0.3310E-02  0.1518E-02  0.1458E+01
   -1.349980   29.44657  0.8955E-15  0.2052E-04  0.3692E-07  0.3511E-02  0.1419E-02  0.1442E+01
   -1.462483   29.44704  0.8955E-15  0.2054E-04  0.3512E-07  0.3699E-02  0.1327E-02  0.1422E+01
   -1.574986   29.44747  0.8955E-15  0.2052E-04  0.3350E-07  0.3872E-02  0.1243E-02  0.1398E+01
   -1.687489   29.44786  0.8955E-15  0.2048E-04  0.3204E-07  0.4029E-02  0.1164E-02  0.1370E+01
   -1.799993   29.44821  0.8955E-15  0.2040E-04  0.3072E-07  0.4171E-02  0.1092E-02  0.1339E+01
   -1.912497   29.44854  0.8955E-15  0.2029E-04  0.2953E-07  0.4294E-02  0.1024E-02  0.1304E+01
   -2.025001   29.44884  0.8955E-15  0.2016E-04  0.2845E-07  0.4401E-02  0.9617E-03  0.1267E+01
   -2.137505   29.44912  0.8955E-15  0.2000E-04  0.2748E-07  0.4489E-02  0.9039E-03  0.1226E+01
   -2.250009   29.44939  0.8955E-15  0.1983E-04  0.2660E-07  0.4560E-02  0.8504E-03  0.1182E+01
   -2.362513   29.44963  0.8955E-15  0.1964E-04  0.2582E-07  0.4613E-02  0.8010E-03  0.1137E+01
   -2.475018   29.44987  0.8955E-15  0.1945E-04  0.2513E-07  0.4648E-02  0.7553E-03  0.1095E+01
   -2.587522   29.45008  0.8955E-15  0.1924E-04  0.2451E-07  0.4665E-02  0.7130E-03  0.1057E+01
   -2.700026   29.45029  0.8955E-15  0.1902E-04  0.2398E-07  0.4667E-02  0.6738E-03  0.1024E+01
   -2.812529   29.45049  0.8955E-15  0.1880E-04  0.2352E-07  0.4653E-02  0.6374E-03  0.1006E+01
   -2.925033   29.45067  0.8955E-15  0.1856E-04  0.2313E-07  0.4624E-02  0.6036E-03  0.1047E+01
   -3.037536   29.45085  0.8955E-15  0.1832E-04  0.2281E-07  0.4575E-02  0.5711E-03  0.1111E+01
   -3.150038   29.45102  0.8955E-15  0.1806E-04  0.2256E-07  0.4507E-02  0.5398E-03  0.1191E+01
   -3.262540   29.45118  0.8955E-15  0.1779E-04  0.2239E-07  0.4417E-02  0.5096E-03  0.1296E+01
   -3.375042   29.45133  0.8955E-15  0.1750E-04  0.2233E-07  0.4304E-02  0.4805E-03  0.1430E+01
   -3.487543   29.45148  0.8955E-15  0.1720E-04  0.2238E-07  0.4164E-02  0.4522E-03  0.1611E+01
   -3.600044   29.45162  0.8955E-15  0.1688E-04  0.2259E-07  0.3995E-02  0.4248E-03  0.1860E+01
   -3.712543   29.45176  0.8955E-15  0.1655E-04  0.2301E-07  0.3793E-02  0.3981E-03  0.2221E+01
   -3.825043   29.45189  0.8955E-15  0.1618E-04  0.2371E-07  0.3551E-02  0.3721E-03  0.2767E+01
   -3.937541   29.45203  0.8955E-15  0.1578E-04  0.2483E-07  0.3266E-02  0.3467E-03  0.3701E+01
   -4.050038   29.45216  0.8955E-15  0.1533E-04  0.2662E-07  0.2900E-02  0.3219E-03  0.5475E+01
   -4.162535   29.45230  0.8955E-15  0.1479E-04  0.2964E-07  0.2624E-02  0.2978E-03  0.1031E+02
   -4.275030   29.45245  0.8955E-15  0.1390E-04  0.3694E-07  0.1471E-02  0.2762E-03  0.1141E+03
   -4.387525   29.45269  0.8955E-15  0.5505E-05  0.1448E-06  0.2737E-04  0.2466E-03 -0.1807E+05
   -4.500019   29.46429  0.8955E-15  0.0000E+00  0.0000E+00  0.0000E+00  0.2459E-03  0.0000E+00
