 1 - depth, m
 2 - temperature, C
 3 - salinity, kg/kg
 4 - turbulent kinetic energy, m**2/s**2
 5 - dissipation rate, m**2/s**3
 6 - kinematic heat conductance, m**2/s
 7 - modulus of horizontal velocity, m/s
 8 - Richardson number, n/d
   -0.000000   30.74057  0.1006E-14  0.7876E-05  0.2495E-06  0.5368E-04  0.4552E-02 -0.2825E+01
   -0.112493   30.81662  0.1006E-14  0.1530E-04  0.1049E-06  0.7925E-03  0.1347E-02  0.1717E+05
   -0.224987   30.82130  0.1006E-14  0.1697E-04  0.8404E-07  0.1111E-02  0.1142E-02  0.5907E+02
   -0.337482   30.82435  0.1006E-14  0.1811E-04  0.7216E-07  0.1445E-02  0.1006E-02  0.3068E+02
   -0.449977   30.82650  0.1006E-14  0.1892E-04  0.6417E-07  0.1751E-02  0.9062E-03  0.2077E+02
   -0.562474   30.82814  0.1006E-14  0.1951E-04  0.5825E-07  0.2037E-02  0.8272E-03  0.1590E+02
   -0.674972   30.82945  0.1006E-14  0.1995E-04  0.5361E-07  0.2303E-02  0.7619E-03  0.1307E+02
   -0.787470   30.83052  0.1006E-14  0.2026E-04  0.4982E-07  0.2550E-02  0.7063E-03  0.1123E+02
   -0.899969   30.83142  0.1006E-14  0.2049E-04  0.4663E-07  0.2780E-02  0.6580E-03  0.9972E+01
   -1.012469   30.83219  0.1006E-14  0.2063E-04  0.4390E-07  0.2993E-02  0.6153E-03  0.9048E+01
   -1.124970   30.83287  0.1006E-14  0.2072E-04  0.4152E-07  0.3189E-02  0.5771E-03  0.8383E+01
   -1.237471   30.83346  0.1006E-14  0.2076E-04  0.3941E-07  0.3371E-02  0.5425E-03  0.7865E+01
   -1.349972   30.83399  0.1006E-14  0.2075E-04  0.3753E-07  0.3537E-02  0.5110E-03  0.7492E+01
   -1.462474   30.83447  0.1006E-14  0.2071E-04  0.3585E-07  0.3690E-02  0.4820E-03  0.7191E+01
   -1.574976   30.83490  0.1006E-14  0.2064E-04  0.3432E-07  0.3828E-02  0.4552E-03  0.6987E+01
   -1.687479   30.83529  0.1006E-14  0.2054E-04  0.3293E-07  0.3954E-02  0.4304E-03  0.6823E+01
   -1.799982   30.83564  0.1006E-14  0.2042E-04  0.3166E-07  0.4066E-02  0.4072E-03  0.6733E+01
   -1.912485   30.83597  0.1006E-14  0.2028E-04  0.3050E-07  0.4165E-02  0.3855E-03  0.6669E+01
   -2.024988   30.83628  0.1006E-14  0.2012E-04  0.2944E-07  0.4251E-02  0.3651E-03  0.6669E+01
   -2.137492   30.83656  0.1006E-14  0.1995E-04  0.2846E-07  0.4324E-02  0.3459E-03  0.6690E+01
   -2.249995   30.83682  0.1006E-14  0.1976E-04  0.2757E-07  0.4384E-02  0.3277E-03  0.6774E+01
   -2.362499   30.83706  0.1006E-14  0.1956E-04  0.2674E-07  0.4431E-02  0.3105E-03  0.6876E+01
   -2.475002   30.83729  0.1006E-14  0.1934E-04  0.2600E-07  0.4464E-02  0.2942E-03  0.7048E+01
   -2.587506   30.83751  0.1006E-14  0.1912E-04  0.2532E-07  0.4483E-02  0.2786E-03  0.7239E+01
   -2.700009   30.83771  0.1006E-14  0.1888E-04  0.2471E-07  0.4488E-02  0.2637E-03  0.7512E+01
   -2.812512   30.83790  0.1006E-14  0.1864E-04  0.2417E-07  0.4476E-02  0.2495E-03  0.7828E+01
   -2.925014   30.83808  0.1006E-14  0.1838E-04  0.2370E-07  0.4449E-02  0.2359E-03  0.8254E+01
   -3.037517   30.83825  0.1006E-14  0.1812E-04  0.2331E-07  0.4403E-02  0.2229E-03  0.8758E+01
   -3.150019   30.83841  0.1006E-14  0.1784E-04  0.2300E-07  0.4339E-02  0.2103E-03  0.9427E+01
   -3.262520   30.83857  0.1006E-14  0.1756E-04  0.2278E-07  0.4254E-02  0.1982E-03  0.1027E+02
   -3.375021   30.83872  0.1006E-14  0.1727E-04  0.2268E-07  0.4145E-02  0.1865E-03  0.1142E+02
   -3.487521   30.83886  0.1006E-14  0.1696E-04  0.2270E-07  0.4010E-02  0.1752E-03  0.1294E+02
   -3.600021   30.83900  0.1006E-14  0.1663E-04  0.2288E-07  0.3845E-02  0.1643E-03  0.1514E+02
   -3.712520   30.83914  0.1006E-14  0.1629E-04  0.2328E-07  0.3646E-02  0.1536E-03  0.1831E+02
   -3.825019   30.83928  0.1006E-14  0.1592E-04  0.2398E-07  0.3409E-02  0.1433E-03  0.2327E+02
   -3.937516   30.83942  0.1006E-14  0.1551E-04  0.2511E-07  0.3126E-02  0.1331E-03  0.3182E+02
   -4.050013   30.83956  0.1006E-14  0.1505E-04  0.2696E-07  0.2767E-02  0.1232E-03  0.4879E+02
   -4.162509   30.83971  0.1006E-14  0.1451E-04  0.3010E-07  0.2456E-02  0.1136E-03  0.9658E+02
   -4.275004   30.83988  0.1006E-14  0.1361E-04  0.3753E-07  0.1618E-02  0.1048E-03  0.9063E+03
   -4.387498   30.84012  0.1006E-14  0.5447E-05  0.1446E-06  0.2750E-04  0.9381E-04 -0.1393E+06
   -4.499991   30.85342  0.1006E-14  0.0000E+00  0.0000E+00  0.0000E+00  0.9358E-04  0.0000E+00
