 1 - depth, m
 2 - temperature, C
 3 - salinity, kg/kg
 4 - turbulent kinetic energy, m**2/s**2
 5 - dissipation rate, m**2/s**3
 6 - kinematic heat conductance, m**2/s
 7 - modulus of horizontal velocity, m/s
 8 - Richardson number, n/d
   -0.000000   27.98370  0.1458E-13  0.9662E-05  0.2815E-06  0.5372E-04  0.9733E-02 -0.5537E+00
   -0.112493   28.04989  0.1458E-13  0.1360E-04  0.1018E-06  0.6210E-03  0.3346E-02  0.3609E+03
   -0.224987   28.05516  0.1458E-13  0.1462E-04  0.7604E-07  0.9499E-03  0.2662E-02  0.2766E+02
   -0.337482   28.05823  0.1458E-13  0.1528E-04  0.6344E-07  0.1196E-02  0.2329E-02  0.8531E+01
   -0.449978   28.06045  0.1458E-13  0.1573E-04  0.5511E-07  0.1437E-02  0.2078E-02  0.5512E+01
   -0.562475   28.06214  0.1458E-13  0.1604E-04  0.4904E-07  0.1661E-02  0.1879E-02  0.4119E+01
   -0.674972   28.06348  0.1458E-13  0.1623E-04  0.4435E-07  0.1870E-02  0.1715E-02  0.3340E+01
   -0.787471   28.06458  0.1458E-13  0.1634E-04  0.4056E-07  0.2063E-02  0.1576E-02  0.2849E+01
   -0.899970   28.06550  0.1458E-13  0.1638E-04  0.3740E-07  0.2241E-02  0.1455E-02  0.2517E+01
   -1.012470   28.06629  0.1458E-13  0.1636E-04  0.3471E-07  0.2406E-02  0.1349E-02  0.2282E+01
   -1.124970   28.06696  0.1458E-13  0.1630E-04  0.3237E-07  0.2557E-02  0.1254E-02  0.2112E+01
   -1.237471   28.06756  0.1458E-13  0.1620E-04  0.3031E-07  0.2696E-02  0.1169E-02  0.1987E+01
   -1.349973   28.06808  0.1458E-13  0.1607E-04  0.2848E-07  0.2822E-02  0.1091E-02  0.1891E+01
   -1.462475   28.06854  0.1458E-13  0.1592E-04  0.2683E-07  0.2937E-02  0.1020E-02  0.1818E+01
   -1.574977   28.06895  0.1458E-13  0.1574E-04  0.2533E-07  0.3041E-02  0.9549E-03  0.1759E+01
   -1.687480   28.06932  0.1458E-13  0.1554E-04  0.2397E-07  0.3135E-02  0.8946E-03  0.1715E+01
   -1.799983   28.06965  0.1458E-13  0.1532E-04  0.2272E-07  0.3218E-02  0.8387E-03  0.1679E+01
   -1.912486   28.06995  0.1458E-13  0.1509E-04  0.2158E-07  0.3292E-02  0.7867E-03  0.1656E+01
   -2.024990   28.07022  0.1458E-13  0.1486E-04  0.2052E-07  0.3357E-02  0.7382E-03  0.1640E+01
   -2.137493   28.07047  0.1458E-13  0.1461E-04  0.1955E-07  0.3412E-02  0.6929E-03  0.1635E+01
   -2.249997   28.07069  0.1458E-13  0.1435E-04  0.1864E-07  0.3459E-02  0.6504E-03  0.1634E+01
   -2.362500   28.07089  0.1458E-13  0.1409E-04  0.1780E-07  0.3498E-02  0.6105E-03  0.1639E+01
   -2.475004   28.07108  0.1458E-13  0.1382E-04  0.1702E-07  0.3528E-02  0.5730E-03  0.1648E+01
   -2.587507   28.07124  0.1458E-13  0.1355E-04  0.1629E-07  0.3551E-02  0.5376E-03  0.1660E+01
   -2.700010   28.07139  0.1458E-13  0.1328E-04  0.1562E-07  0.3566E-02  0.5043E-03  0.1672E+01
   -2.812513   28.07152  0.1458E-13  0.1300E-04  0.1501E-07  0.3574E-02  0.4728E-03  0.1689E+01
   -2.925016   28.07164  0.1458E-13  0.1273E-04  0.1444E-07  0.3575E-02  0.4431E-03  0.1704E+01
   -3.037518   28.07175  0.1458E-13  0.1245E-04  0.1393E-07  0.3570E-02  0.4151E-03  0.1718E+01
   -3.150020   28.07184  0.1458E-13  0.1219E-04  0.1347E-07  0.3559E-02  0.3888E-03  0.1722E+01
   -3.262522   28.07192  0.1458E-13  0.1192E-04  0.1306E-07  0.3542E-02  0.3641E-03  0.1731E+01
   -3.375023   28.07199  0.1458E-13  0.1166E-04  0.1271E-07  0.3523E-02  0.3410E-03  0.1812E+01
   -3.487524   28.07204  0.1458E-13  0.1140E-04  0.1241E-07  0.3341E-02  0.3195E-03  0.3478E+01
   -3.600023   28.07209  0.1458E-13  0.1110E-04  0.1215E-07  0.2842E-02  0.2966E-03  0.1563E+04
   -3.712523   28.07214  0.1458E-13  0.1077E-04  0.1193E-07  0.2460E-02  0.2710E-03  0.9560E+03
   -3.825021   28.07218  0.1458E-13  0.1041E-04  0.1183E-07  0.2129E-02  0.2444E-03  0.1085E+04
   -3.937519   28.07221  0.1458E-13  0.9999E-05  0.1190E-07  0.1718E-02  0.2176E-03  0.9887E+03
   -4.050016   28.07224  0.1458E-13  0.9507E-05  0.1236E-07  0.1200E-02  0.1902E-03  0.1366E+04
   -4.162511   28.07226  0.1458E-13  0.8873E-05  0.1366E-07  0.7444E-03  0.1619E-03  0.6925E+04
   -4.275006   28.07228  0.1458E-13  0.7969E-05  0.1723E-07  0.4640E-03  0.1334E-03 -0.1910E+02
   -4.387500   28.07233  0.1458E-13  0.2932E-05  0.5755E-07  0.1884E-04  0.1068E-03 -0.1040E+06
   -4.499993   28.07521  0.1458E-13  0.0000E+00  0.0000E+00  0.0000E+00  0.1064E-03  0.0000E+00
