 1 - depth, m
 2 - temperature, C
 3 - salinity, kg/kg
 4 - turbulent kinetic energy, m**2/s**2
 5 - dissipation rate, m**2/s**3
 6 - kinematic heat conductance, m**2/s
 7 - modulus of horizontal velocity, m/s
 8 - Richardson number, n/d
   -0.000000   29.70060  0.7946E-14  0.5500E-05  0.2365E-06  0.6489E-04  0.1673E-02 -0.1482E+02
   -0.112493   29.74900  0.7946E-14  0.1210E-04  0.9544E-07  0.5015E-03  0.6181E-03  0.1257E+06
   -0.224987   29.75617  0.7946E-14  0.1442E-04  0.6963E-07  0.1046E-02  0.4618E-03  0.5550E+03
   -0.337482   29.75878  0.7946E-14  0.1578E-04  0.5958E-07  0.1337E-02  0.4042E-03  0.1662E+03
   -0.449978   29.76071  0.7946E-14  0.1678E-04  0.5319E-07  0.1674E-02  0.3617E-03  0.1075E+03
   -0.562475   29.76216  0.7946E-14  0.1754E-04  0.4863E-07  0.1979E-02  0.3292E-03  0.8042E+02
   -0.674973   29.76332  0.7946E-14  0.1813E-04  0.4513E-07  0.2265E-02  0.3027E-03  0.6567E+02
   -0.787471   29.76429  0.7946E-14  0.1859E-04  0.4230E-07  0.2531E-02  0.2804E-03  0.5644E+02
   -0.899970   29.76511  0.7946E-14  0.1895E-04  0.3994E-07  0.2778E-02  0.2612E-03  0.5023E+02
   -1.012470   29.76582  0.7946E-14  0.1922E-04  0.3791E-07  0.3006E-02  0.2443E-03  0.4585E+02
   -1.124971   29.76645  0.7946E-14  0.1942E-04  0.3614E-07  0.3217E-02  0.2292E-03  0.4267E+02
   -1.237472   29.76701  0.7946E-14  0.1957E-04  0.3457E-07  0.3411E-02  0.2156E-03  0.4032E+02
   -1.349974   29.76751  0.7946E-14  0.1967E-04  0.3317E-07  0.3589E-02  0.2032E-03  0.3858E+02
   -1.462476   29.76797  0.7946E-14  0.1972E-04  0.3189E-07  0.3752E-02  0.1919E-03  0.3730E+02
   -1.574978   29.76839  0.7946E-14  0.1973E-04  0.3072E-07  0.3900E-02  0.1814E-03  0.3638E+02
   -1.687481   29.76877  0.7946E-14  0.1971E-04  0.2965E-07  0.4032E-02  0.1716E-03  0.3576E+02
   -1.799984   29.76912  0.7946E-14  0.1966E-04  0.2867E-07  0.4151E-02  0.1626E-03  0.3538E+02
   -1.912487   29.76944  0.7946E-14  0.1958E-04  0.2775E-07  0.4256E-02  0.1541E-03  0.3523E+02
   -2.024991   29.76975  0.7946E-14  0.1948E-04  0.2691E-07  0.4346E-02  0.1461E-03  0.3527E+02
   -2.137494   29.77003  0.7946E-14  0.1935E-04  0.2612E-07  0.4423E-02  0.1385E-03  0.3551E+02
   -2.249998   29.77029  0.7946E-14  0.1921E-04  0.2539E-07  0.4486E-02  0.1314E-03  0.3594E+02
   -2.362502   29.77054  0.7946E-14  0.1904E-04  0.2472E-07  0.4534E-02  0.1246E-03  0.3654E+02
   -2.475005   29.77077  0.7946E-14  0.1886E-04  0.2409E-07  0.4569E-02  0.1182E-03  0.3734E+02
   -2.587509   29.77098  0.7946E-14  0.1867E-04  0.2352E-07  0.4588E-02  0.1121E-03  0.3832E+02
   -2.700012   29.77119  0.7946E-14  0.1846E-04  0.2300E-07  0.4593E-02  0.1062E-03  0.3953E+02
   -2.812515   29.77138  0.7946E-14  0.1823E-04  0.2253E-07  0.4582E-02  0.1006E-03  0.4104E+02
   -2.925018   29.77156  0.7946E-14  0.1799E-04  0.2212E-07  0.4554E-02  0.9523E-04  0.4289E+02
   -3.037520   29.77173  0.7946E-14  0.1774E-04  0.2178E-07  0.4509E-02  0.9006E-04  0.4520E+02
   -3.150022   29.77189  0.7946E-14  0.1748E-04  0.2150E-07  0.4445E-02  0.8508E-04  0.4804E+02
   -3.262524   29.77204  0.7946E-14  0.1720E-04  0.2129E-07  0.4361E-02  0.8029E-04  0.5170E+02
   -3.375025   29.77218  0.7946E-14  0.1692E-04  0.2118E-07  0.4255E-02  0.7565E-04  0.5639E+02
   -3.487526   29.77232  0.7946E-14  0.1662E-04  0.2118E-07  0.4123E-02  0.7117E-04  0.6262E+02
   -3.600026   29.77245  0.7946E-14  0.1630E-04  0.2133E-07  0.3964E-02  0.6683E-04  0.7111E+02
   -3.712525   29.77257  0.7946E-14  0.1596E-04  0.2165E-07  0.3774E-02  0.6262E-04  0.8326E+02
   -3.825023   29.77269  0.7946E-14  0.1561E-04  0.2224E-07  0.3547E-02  0.5852E-04  0.1013E+03
   -3.937521   29.77280  0.7946E-14  0.1522E-04  0.2320E-07  0.3277E-02  0.5454E-04  0.1320E+03
   -4.050018   29.77291  0.7946E-14  0.1479E-04  0.2477E-07  0.2924E-02  0.5067E-04  0.1892E+03
   -4.162514   29.77302  0.7946E-14  0.1429E-04  0.2741E-07  0.2697E-02  0.4691E-04  0.3480E+03
   -4.275009   29.77313  0.7946E-14  0.1344E-04  0.3402E-07  0.1229E-02  0.4360E-04  0.5621E+04
   -4.387503   29.77336  0.7946E-14  0.5240E-05  0.1347E-06  0.2639E-04  0.3859E-04 -0.8875E+06
   -4.499996   29.78376  0.7946E-14  0.0000E+00  0.0000E+00  0.0000E+00  0.3859E-04  0.0000E+00
