 1 - depth, m
 2 - temperature, C
 3 - salinity, kg/kg
 4 - turbulent kinetic energy, m**2/s**2
 5 - dissipation rate, m**2/s**3
 6 - kinematic heat conductance, m**2/s
 7 - modulus of horizontal velocity, m/s
 8 - Richardson number, n/d
   -0.000000   28.47387  0.1184E-13  0.4148E-05  0.8941E-07  0.3955E-04  0.4815E-02 -0.1823E+01
   -0.112493   28.52258  0.1184E-13  0.6203E-05  0.3613E-07  0.3886E-03  0.1662E-02 -0.1564E+02
   -0.224987   28.52670  0.1184E-13  0.6480E-05  0.2705E-07  0.5487E-03  0.1310E-02  0.1109E+03
   -0.337483   28.52910  0.1184E-13  0.6490E-05  0.2199E-07  0.6582E-03  0.1128E-02  0.6166E+05
   -0.449979   28.53075  0.1184E-13  0.6359E-05  0.1838E-07  0.7466E-03  0.9909E-03  0.1230E+05
   -0.562476   28.53195  0.1184E-13  0.6140E-05  0.1558E-07  0.8157E-03  0.8822E-03  0.1868E+05
   -0.674974   28.53285  0.1184E-13  0.5869E-05  0.1334E-07  0.8686E-03  0.7927E-03  0.1559E+05
   -0.787473   28.53353  0.1184E-13  0.5565E-05  0.1148E-07  0.9068E-03  0.7172E-03  0.5326E+04
   -0.899972   28.53406  0.1184E-13  0.5237E-05  0.9903E-08  0.9158E-03  0.6513E-03  0.1848E+04
   -1.012472   28.53447  0.1184E-13  0.4896E-05  0.8548E-08  0.9132E-03  0.5920E-03  0.8049E+03
   -1.124973   28.53480  0.1184E-13  0.4553E-05  0.7391E-08  0.9048E-03  0.5389E-03  0.1699E+03
   -1.237475   28.53504  0.1184E-13  0.4217E-05  0.6411E-08  0.8896E-03  0.4914E-03  0.4362E+03
   -1.349976   28.53522  0.1184E-13  0.3884E-05  0.5561E-08  0.8505E-03  0.4490E-03  0.4142E+04
   -1.462479   28.53534  0.1184E-13  0.3531E-05  0.4764E-08  0.6751E-03  0.4072E-03  0.4209E+04
   -1.574981   28.53539  0.1184E-13  0.3143E-05  0.3992E-08  0.5221E-03  0.3621E-03  0.3092E+04
   -1.687484   28.53522  0.1184E-13  0.2735E-05  0.3271E-08  0.3546E-03  0.3145E-03  0.2607E+02
   -1.799988   28.53433  0.1184E-13  0.2331E-05  0.2632E-08  0.2510E-03  0.2647E-03  0.4043E+03
   -1.912491   28.53282  0.1184E-13  0.1949E-05  0.2097E-08  0.1647E-03  0.2226E-03  0.3338E+05
   -2.024995   28.53080  0.1184E-13  0.1575E-05  0.1636E-08  0.8609E-04  0.1860E-03  0.4803E+07
   -2.137499   28.52762  0.1184E-13  0.1153E-05  0.1171E-08  0.2470E-04  0.1511E-03  0.1087E+10
   -2.250003   28.51598  0.1184E-13  0.5530E-06  0.5544E-09  0.5695E-06  0.8191E-04  0.5423E+12
   -2.362506   28.47501  0.1184E-13  0.6747E-07  0.6822E-10  0.2856E-07  0.1438E-04  0.1549E+15
   -2.475010   28.42076  0.1184E-13  0.3704E-08  0.4423E-11  0.2402E-08  0.1064E-05  0.1069E+16
   -2.587514   28.38076  0.1184E-13  0.7230E-10  0.1017E-11  0.1643E-09  0.6511E-07  0.1367E+16
   -2.700018   28.34795  0.1183E-13  0.4419E-11  0.1000E-11  0.1000E-09  0.3752E-08  0.1910E+16
   -2.812521   28.31798  0.1183E-13  0.4419E-11  0.1000E-11  0.1000E-09  0.2060E-09  0.3335E+16
   -2.925024   28.28925  0.1183E-13  0.4419E-11  0.1000E-11  0.1000E-09  0.1072E-10  0.7645E+16
   -3.037527   28.26120  0.1183E-13  0.4419E-11  0.1000E-11  0.1000E-09  0.5271E-12  0.7687E+16
   -3.150029   28.23385  0.1183E-13  0.4419E-11  0.1000E-11  0.1000E-09  0.2437E-13  0.7306E+16
   -3.262531   28.20784  0.1182E-13  0.4419E-11  0.1000E-11  0.1000E-09  0.1052E-14  0.6368E+16
   -3.375032   28.18514  0.1182E-13  0.4419E-11  0.1000E-11  0.1000E-09  0.4217E-16  0.6787E+16
   -3.487533   28.16093  0.1181E-13  0.4419E-11  0.1000E-11  0.1000E-09  0.1557E-17  0.6987E+16
   -3.600033   28.13599  0.1181E-13  0.9240E-09  0.1400E-11  0.1533E-08  0.5323E-19  0.6138E+16
   -3.712532   28.11407  0.1179E-13  0.1808E-07  0.1588E-10  0.4992E-07  0.1670E-20  0.3756E+16
   -3.825031   28.10065  0.1178E-13  0.9662E-07  0.8706E-10  0.5316E-05  0.4604E-22  0.6528E+15
   -3.937529   28.09831  0.1178E-13  0.2100E-06  0.2110E-09  0.3722E-04  0.3781E-23 -0.1730E+14
   -4.050026   28.09838  0.1178E-13  0.3177E-06  0.3978E-09  0.6980E-04  0.1126E-23 -0.5980E+14
   -4.162523   28.09859  0.1178E-13  0.4300E-06  0.7051E-09  0.8833E-04  0.3987E-24 -0.1184E+15
   -4.275018   28.09901  0.1178E-13  0.5271E-06  0.1280E-08  0.8129E-04  0.1414E-24 -0.2749E+15
   -4.387512   28.10000  0.1178E-13  0.4068E-06  0.4436E-08  0.1031E-04  0.4506E-25 -0.4622E+16
   -4.500005   28.11652  0.1178E-13  0.0000E+00  0.0000E+00  0.0000E+00  0.4493E-25  0.0000E+00
