 1 - depth, m
 2 - temperature, C
 3 - salinity, kg/kg
 4 - turbulent kinetic energy, m**2/s**2
 5 - dissipation rate, m**2/s**3
 6 - kinematic heat conductance, m**2/s
 7 - modulus of horizontal velocity, m/s
 8 - Richardson number, n/d
   -0.000000   29.31746  0.7906E-14  0.7361E-05  0.2090E-06  0.4961E-04  0.5836E-02 -0.1179E+01
   -0.112493   29.37840  0.7906E-14  0.1332E-04  0.8516E-07  0.7524E-03  0.1695E-02  0.1957E+06
   -0.224987   29.38214  0.7906E-14  0.1477E-04  0.6780E-07  0.1057E-02  0.1431E-02  0.3032E+02
   -0.337482   29.38463  0.7906E-14  0.1581E-04  0.5819E-07  0.1381E-02  0.1256E-02  0.1549E+02
   -0.449978   29.38642  0.7906E-14  0.1659E-04  0.5185E-07  0.1680E-02  0.1128E-02  0.1047E+02
   -0.562475   29.38780  0.7906E-14  0.1719E-04  0.4724E-07  0.1961E-02  0.1028E-02  0.8054E+01
   -0.674973   29.38892  0.7906E-14  0.1765E-04  0.4366E-07  0.2224E-02  0.9454E-03  0.6661E+01
   -0.787472   29.38985  0.7906E-14  0.1801E-04  0.4075E-07  0.2469E-02  0.8754E-03  0.5763E+01
   -0.899971   29.39064  0.7906E-14  0.1828E-04  0.3832E-07  0.2698E-02  0.8147E-03  0.5157E+01
   -1.012471   29.39133  0.7906E-14  0.1847E-04  0.3624E-07  0.2910E-02  0.7612E-03  0.4719E+01
   -1.124972   29.39194  0.7906E-14  0.1861E-04  0.3443E-07  0.3106E-02  0.7133E-03  0.4404E+01
   -1.237473   29.39248  0.7906E-14  0.1870E-04  0.3282E-07  0.3287E-02  0.6702E-03  0.4166E+01
   -1.349975   29.39297  0.7906E-14  0.1875E-04  0.3138E-07  0.3454E-02  0.6308E-03  0.3994E+01
   -1.462477   29.39341  0.7906E-14  0.1876E-04  0.3007E-07  0.3606E-02  0.5947E-03  0.3863E+01
   -1.574980   29.39381  0.7906E-14  0.1874E-04  0.2889E-07  0.3744E-02  0.5614E-03  0.3774E+01
   -1.687483   29.39418  0.7906E-14  0.1868E-04  0.2780E-07  0.3869E-02  0.5305E-03  0.3709E+01
   -1.799986   29.39452  0.7906E-14  0.1860E-04  0.2680E-07  0.3981E-02  0.5016E-03  0.3675E+01
   -1.912489   29.39483  0.7906E-14  0.1850E-04  0.2588E-07  0.4079E-02  0.4746E-03  0.3658E+01
   -2.024993   29.39512  0.7906E-14  0.1838E-04  0.2503E-07  0.4164E-02  0.4493E-03  0.3667E+01
   -2.137497   29.39539  0.7906E-14  0.1824E-04  0.2423E-07  0.4237E-02  0.4254E-03  0.3691E+01
   -2.250000   29.39564  0.7906E-14  0.1808E-04  0.2350E-07  0.4296E-02  0.4029E-03  0.3740E+01
   -2.362504   29.39587  0.7906E-14  0.1790E-04  0.2282E-07  0.4342E-02  0.3815E-03  0.3800E+01
   -2.475008   29.39609  0.7906E-14  0.1771E-04  0.2219E-07  0.4375E-02  0.3612E-03  0.3886E+01
   -2.587511   29.39630  0.7906E-14  0.1751E-04  0.2162E-07  0.4394E-02  0.3419E-03  0.3985E+01
   -2.700015   29.39649  0.7906E-14  0.1729E-04  0.2109E-07  0.4400E-02  0.3234E-03  0.4114E+01
   -2.812518   29.39667  0.7906E-14  0.1706E-04  0.2062E-07  0.4390E-02  0.3058E-03  0.4265E+01
   -2.925021   29.39684  0.7906E-14  0.1683E-04  0.2021E-07  0.4365E-02  0.2889E-03  0.4458E+01
   -3.037523   29.39700  0.7906E-14  0.1658E-04  0.1985E-07  0.4324E-02  0.2727E-03  0.4689E+01
   -3.150026   29.39715  0.7906E-14  0.1632E-04  0.1955E-07  0.4265E-02  0.2572E-03  0.4983E+01
   -3.262527   29.39729  0.7906E-14  0.1605E-04  0.1933E-07  0.4188E-02  0.2422E-03  0.5348E+01
   -3.375029   29.39742  0.7906E-14  0.1577E-04  0.1919E-07  0.4089E-02  0.2278E-03  0.5824E+01
   -3.487529   29.39754  0.7906E-14  0.1548E-04  0.1915E-07  0.3967E-02  0.2139E-03  0.6442E+01
   -3.600029   29.39766  0.7906E-14  0.1518E-04  0.1925E-07  0.3819E-02  0.2004E-03  0.7292E+01
   -3.712529   29.39777  0.7906E-14  0.1486E-04  0.1950E-07  0.3641E-02  0.1874E-03  0.8484E+01
   -3.825027   29.39788  0.7906E-14  0.1452E-04  0.1999E-07  0.3428E-02  0.1747E-03  0.1026E+02
   -3.937525   29.39798  0.7906E-14  0.1416E-04  0.2081E-07  0.3174E-02  0.1625E-03  0.1323E+02
   -4.050022   29.39808  0.7906E-14  0.1376E-04  0.2216E-07  0.2840E-02  0.1506E-03  0.1873E+02
   -4.162518   29.39818  0.7906E-14  0.1330E-04  0.2444E-07  0.2633E-02  0.1391E-03  0.3406E+02
   -4.275013   29.39828  0.7906E-14  0.1251E-04  0.3026E-07  0.1097E-02  0.1291E-03  0.7620E+03
   -4.387508   29.39850  0.7905E-14  0.4856E-05  0.1196E-06  0.2540E-04  0.1133E-03 -0.1074E+06
   -4.500001   29.40817  0.7905E-14  0.0000E+00  0.0000E+00  0.0000E+00  0.1130E-03  0.0000E+00
