 1 - depth, m
 2 - temperature, C
 3 - salinity, kg/kg
 4 - turbulent kinetic energy, m**2/s**2
 5 - dissipation rate, m**2/s**3
 6 - kinematic heat conductance, m**2/s
 7 - modulus of horizontal velocity, m/s
 8 - Richardson number, n/d
   -0.000000   31.04572  0.6382E-14  0.5078E-05  0.1586E-06  0.4059E-04  0.1471E-02 -0.1032E+03
   -0.112493   31.12202  0.6382E-14  0.1108E-04  0.6869E-07  0.6463E-03  0.4090E-03  0.1322E+05
   -0.224987   31.12629  0.6382E-14  0.1232E-04  0.5494E-07  0.9147E-03  0.3424E-03  0.6245E+04
   -0.337482   31.12894  0.6382E-14  0.1307E-04  0.4704E-07  0.1171E-02  0.2999E-03  0.2512E+04
   -0.449978   31.13080  0.6382E-14  0.1355E-04  0.4159E-07  0.1404E-02  0.2687E-03  0.1609E+04
   -0.562475   31.13220  0.6382E-14  0.1384E-04  0.3745E-07  0.1615E-02  0.2439E-03  0.1212E+04
   -0.674973   31.13330  0.6382E-14  0.1401E-04  0.3413E-07  0.1807E-02  0.2234E-03  0.9893E+03
   -0.787471   31.13420  0.6382E-14  0.1409E-04  0.3136E-07  0.1982E-02  0.2058E-03  0.8503E+03
   -0.899971   31.13494  0.6382E-14  0.1409E-04  0.2900E-07  0.2141E-02  0.1906E-03  0.7540E+03
   -1.012471   31.13557  0.6382E-14  0.1404E-04  0.2695E-07  0.2285E-02  0.1771E-03  0.6868E+03
   -1.124971   31.13612  0.6382E-14  0.1394E-04  0.2513E-07  0.2416E-02  0.1650E-03  0.6353E+03
   -1.237472   31.13658  0.6382E-14  0.1381E-04  0.2352E-07  0.2534E-02  0.1541E-03  0.5984E+03
   -1.349974   31.13699  0.6382E-14  0.1365E-04  0.2206E-07  0.2641E-02  0.1441E-03  0.5683E+03
   -1.462476   31.13735  0.6382E-14  0.1347E-04  0.2073E-07  0.2736E-02  0.1350E-03  0.5471E+03
   -1.574979   31.13767  0.6382E-14  0.1327E-04  0.1953E-07  0.2822E-02  0.1265E-03  0.5288E+03
   -1.687481   31.13795  0.6382E-14  0.1306E-04  0.1842E-07  0.2898E-02  0.1187E-03  0.5168E+03
   -1.799984   31.13820  0.6382E-14  0.1283E-04  0.1740E-07  0.2966E-02  0.1114E-03  0.5059E+03
   -1.912488   31.13843  0.6382E-14  0.1260E-04  0.1646E-07  0.3025E-02  0.1046E-03  0.4999E+03
   -2.024991   31.13863  0.6382E-14  0.1235E-04  0.1559E-07  0.3077E-02  0.9827E-04  0.4940E+03
   -2.137495   31.13881  0.6382E-14  0.1211E-04  0.1478E-07  0.3122E-02  0.9230E-04  0.4924E+03
   -2.249999   31.13897  0.6382E-14  0.1185E-04  0.1403E-07  0.3159E-02  0.8673E-04  0.4900E+03
   -2.362502   31.13911  0.6382E-14  0.1160E-04  0.1334E-07  0.3191E-02  0.8148E-04  0.4913E+03
   -2.475006   31.13924  0.6382E-14  0.1135E-04  0.1269E-07  0.3217E-02  0.7656E-04  0.4913E+03
   -2.587509   31.13936  0.6382E-14  0.1109E-04  0.1210E-07  0.3237E-02  0.7191E-04  0.4942E+03
   -2.700013   31.13946  0.6382E-14  0.1084E-04  0.1154E-07  0.3252E-02  0.6756E-04  0.4952E+03
   -2.812516   31.13954  0.6382E-14  0.1060E-04  0.1104E-07  0.3264E-02  0.6345E-04  0.4989E+03
   -2.925019   31.13962  0.6382E-14  0.1035E-04  0.1057E-07  0.3271E-02  0.5962E-04  0.5000E+03
   -3.037521   31.13969  0.6382E-14  0.1012E-04  0.1015E-07  0.3278E-02  0.5602E-04  0.5144E+03
   -3.150023   31.13974  0.6382E-14  0.9883E-05  0.9761E-08  0.3169E-02  0.5268E-04  0.1249E+04
   -3.262525   31.13979  0.6382E-14  0.9642E-05  0.9396E-08  0.3069E-02  0.4944E-04  0.3151E+05
   -3.375026   31.13983  0.6382E-14  0.9398E-05  0.9060E-08  0.2942E-02  0.4638E-04  0.4164E+04
   -3.487527   31.13986  0.6382E-14  0.9137E-05  0.8735E-08  0.2460E-02  0.4326E-04  0.8853E+05
   -3.600026   31.13988  0.6382E-14  0.8841E-05  0.8409E-08  0.2005E-02  0.3952E-04  0.2110E+06
   -3.712526   31.13990  0.6382E-14  0.8519E-05  0.8118E-08  0.1686E-02  0.3559E-04  0.2814E+06
   -3.825024   31.13990  0.6382E-14  0.8166E-05  0.7892E-08  0.1212E-02  0.3178E-04  0.2410E+05
   -3.937522   31.13988  0.6382E-14  0.7768E-05  0.7780E-08  0.8183E-03  0.2797E-04  0.1521E+06
   -4.050019   31.13982  0.6382E-14  0.7310E-05  0.7860E-08  0.6020E-03  0.2424E-04  0.6641E+03
   -4.162515   31.13881  0.6381E-14  0.6540E-05  0.8126E-08  0.4214E-03  0.1887E-04  0.8611E+04
   -4.275010   31.11657  0.6367E-14  0.4888E-05  0.9071E-08  0.2747E-03  0.8596E-05  0.8847E+06
   -4.387504   31.10395  0.6358E-14  0.1726E-05  0.2780E-07  0.1403E-04  0.4859E-05 -0.8140E+10
   -4.499997   31.10597  0.6357E-14  0.0000E+00  0.0000E+00  0.0000E+00  0.4839E-05  0.0000E+00
