 1 - depth, m
 2 - temperature, C
 3 - salinity, kg/kg
 4 - turbulent kinetic energy, m**2/s**2
 5 - dissipation rate, m**2/s**3
 6 - kinematic heat conductance, m**2/s
 7 - modulus of horizontal velocity, m/s
 8 - Richardson number, n/d
   -0.000000   26.13660  0.4270E-15  0.3171E-04  0.1755E-05  0.7230E-04  0.3404E-01 -0.6683E-01
   -0.112493   26.19451  0.4269E-15  0.2719E-04  0.4798E-06  0.2217E-03  0.1697E-01 -0.2182E+00
   -0.224987   26.21111  0.4269E-15  0.2519E-04  0.2460E-06  0.4522E-03  0.1203E-01 -0.3493E+00
   -0.337481   26.21877  0.4269E-15  0.2393E-04  0.1635E-06  0.9282E-03  0.9525E-02  0.3612E+02
   -0.449977   26.22252  0.4269E-15  0.2317E-04  0.1250E-06  0.1316E-02  0.8170E-02  0.1492E+03
   -0.562474   26.22467  0.4269E-15  0.2274E-04  0.1030E-06  0.1657E-02  0.7257E-02  0.5883E+02
   -0.674972   26.22617  0.4269E-15  0.2247E-04  0.8787E-07  0.1869E-02  0.6580E-02  0.3826E+01
   -0.787470   26.22740  0.4269E-15  0.2224E-04  0.7609E-07  0.2097E-02  0.5960E-02  0.3747E+01
   -0.899969   26.22840  0.4269E-15  0.2203E-04  0.6681E-07  0.2324E-02  0.5408E-02  0.3593E+01
   -1.012469   26.22924  0.4269E-15  0.2181E-04  0.5930E-07  0.2551E-02  0.4912E-02  0.3424E+01
   -1.124969   26.22996  0.4269E-15  0.2157E-04  0.5311E-07  0.2772E-02  0.4465E-02  0.3244E+01
   -1.237470   26.23056  0.4269E-15  0.2131E-04  0.4792E-07  0.2970E-02  0.4061E-02  0.3059E+01
   -1.349971   26.23109  0.4269E-15  0.2104E-04  0.4351E-07  0.3147E-02  0.3694E-02  0.2877E+01
   -1.462473   26.23156  0.4269E-15  0.2074E-04  0.3973E-07  0.3311E-02  0.3362E-02  0.2703E+01
   -1.574976   26.23197  0.4269E-15  0.2042E-04  0.3647E-07  0.3466E-02  0.3060E-02  0.2538E+01
   -1.687478   26.23234  0.4269E-15  0.2008E-04  0.3363E-07  0.3612E-02  0.2785E-02  0.2384E+01
   -1.799981   26.23267  0.4269E-15  0.1973E-04  0.3115E-07  0.3753E-02  0.2535E-02  0.2239E+01
   -1.912484   26.23297  0.4269E-15  0.1937E-04  0.2897E-07  0.3889E-02  0.2308E-02  0.2104E+01
   -2.024987   26.23324  0.4269E-15  0.1899E-04  0.2706E-07  0.4018E-02  0.2101E-02  0.1975E+01
   -2.137491   26.23349  0.4269E-15  0.1860E-04  0.2537E-07  0.4137E-02  0.1914E-02  0.1853E+01
   -2.249994   26.23371  0.4269E-15  0.1821E-04  0.2389E-07  0.4243E-02  0.1743E-02  0.1736E+01
   -2.362498   26.23391  0.4269E-15  0.1782E-04  0.2260E-07  0.4330E-02  0.1589E-02  0.1623E+01
   -2.475001   26.23410  0.4269E-15  0.1743E-04  0.2147E-07  0.4391E-02  0.1449E-02  0.1517E+01
   -2.587504   26.23428  0.4269E-15  0.1704E-04  0.2049E-07  0.4415E-02  0.1322E-02  0.1412E+01
   -2.700008   26.23444  0.4269E-15  0.1665E-04  0.1965E-07  0.4400E-02  0.1208E-02  0.1309E+01
   -2.812511   26.23459  0.4269E-15  0.1628E-04  0.1895E-07  0.4364E-02  0.1104E-02  0.1207E+01
   -2.925013   26.23473  0.4269E-15  0.1591E-04  0.1837E-07  0.4306E-02  0.1011E-02  0.1107E+01
   -3.037515   26.23487  0.4269E-15  0.1556E-04  0.1791E-07  0.4227E-02  0.9271E-03  0.1009E+01
   -3.150017   26.23500  0.4269E-15  0.1522E-04  0.1757E-07  0.4129E-02  0.8521E-03  0.9126E+00
   -3.262519   26.23513  0.4269E-15  0.1490E-04  0.1735E-07  0.4014E-02  0.7852E-03  0.8177E+00
   -3.375020   26.23525  0.4269E-15  0.1459E-04  0.1724E-07  0.3884E-02  0.7258E-03  0.7248E+00
   -3.487520   26.23537  0.4269E-15  0.1430E-04  0.1724E-07  0.3751E-02  0.6735E-03  0.6568E+00
   -3.600020   26.23548  0.4269E-15  0.1402E-04  0.1737E-07  0.3615E-02  0.6275E-03  0.6970E+00
   -3.712519   26.23559  0.4269E-15  0.1373E-04  0.1765E-07  0.3446E-02  0.5845E-03  0.8384E+00
   -3.825017   26.23570  0.4269E-15  0.1343E-04  0.1815E-07  0.3233E-02  0.5430E-03  0.1072E+01
   -3.937515   26.23581  0.4269E-15  0.1310E-04  0.1896E-07  0.2980E-02  0.5027E-03  0.1480E+01
   -4.050011   26.23593  0.4269E-15  0.1273E-04  0.2028E-07  0.2652E-02  0.4637E-03  0.2282E+01
   -4.162507   26.23605  0.4269E-15  0.1230E-04  0.2250E-07  0.2418E-02  0.4260E-03  0.4619E+01
   -4.275002   26.23618  0.4269E-15  0.1156E-04  0.2800E-07  0.1188E-02  0.3926E-03  0.1218E+03
   -4.387496   26.23643  0.4269E-15  0.4557E-05  0.1103E-06  0.2492E-04  0.3443E-03 -0.1106E+05
   -4.499989   26.24813  0.4269E-15  0.0000E+00  0.0000E+00  0.0000E+00  0.3426E-03  0.0000E+00
