 1 - depth, m
 2 - temperature, C
 3 - salinity, kg/kg
 4 - turbulent kinetic energy, m**2/s**2
 5 - dissipation rate, m**2/s**3
 6 - kinematic heat conductance, m**2/s
 7 - modulus of horizontal velocity, m/s
 8 - Richardson number, n/d
   -0.000000    0.00000  0.0000E+00  0.2999E-07  0.1165E-09  0.7061E-08  0.0000E+00  0.6455E+17
   -0.068766    1.15772  0.0000E+00  0.3285E-06  0.1040E-09  0.1353E-07  0.0000E+00  0.3468E+17
   -0.137533    2.28739  0.0000E+00  0.6219E-06  0.1774E-09  0.2348E-03  0.0000E+00  0.1470E+17
   -0.206300    3.03858  0.0000E+00  0.8217E-06  0.2300E-09  0.6098E-03  0.0000E+00  0.6565E+16
   -0.275068    3.46581  0.0000E+00  0.9851E-06  0.2737E-09  0.8543E-03  0.0000E+00  0.3678E+16
   -0.343837    3.75525  0.0000E+00  0.1130E-05  0.3128E-09  0.1047E-02  0.0000E+00  0.2544E+16
   -0.412606    3.98703  0.0000E+00  0.1255E-05  0.3472E-09  0.1219E-02  0.0000E+00  0.1865E+16
   -0.481376    4.18561  0.0000E+00  0.1331E-05  0.3680E-09  0.1393E-02  0.0000E+00  0.5648E+15
   -0.550146    4.30395  0.0000E+00  0.1334E-05  0.3698E-09  0.1520E-02  0.0000E+00 -0.2107E+13
   -0.618916    4.30441  0.0000E+00  0.1337E-05  0.3717E-09  0.1514E-02  0.0000E+00 -0.2074E+13
   -0.687687    4.30486  0.0000E+00  0.1339E-05  0.3738E-09  0.1511E-02  0.0000E+00 -0.2042E+13
   -0.756458    4.30530  0.0000E+00  0.1341E-05  0.3763E-09  0.1504E-02  0.0000E+00 -0.2037E+13
   -0.825229    4.30574  0.0000E+00  0.1342E-05  0.3790E-09  0.1492E-02  0.0000E+00 -0.2044E+13
   -0.894001    4.30617  0.0000E+00  0.1344E-05  0.3821E-09  0.1480E-02  0.0000E+00 -0.2056E+13
   -0.962773    4.30661  0.0000E+00  0.1345E-05  0.3856E-09  0.1468E-02  0.0000E+00 -0.2079E+13
   -1.031545    4.30704  0.0000E+00  0.1346E-05  0.3894E-09  0.1452E-02  0.0000E+00 -0.2108E+13
   -1.100318    4.30748  0.0000E+00  0.1346E-05  0.3937E-09  0.1441E-02  0.0000E+00 -0.2135E+13
   -1.169090    4.30793  0.0000E+00  0.1347E-05  0.3984E-09  0.1415E-02  0.0000E+00 -0.2202E+13
   -1.237863    4.30838  0.0000E+00  0.1346E-05  0.4036E-09  0.1394E-02  0.0000E+00 -0.2252E+13
   -1.306635    4.30884  0.0000E+00  0.1346E-05  0.4094E-09  0.1379E-02  0.0000E+00 -0.2305E+13
   -1.375408    4.30932  0.0000E+00  0.1345E-05  0.4157E-09  0.1348E-02  0.0000E+00 -0.2389E+13
   -1.444181    4.30980  0.0000E+00  0.1344E-05  0.4227E-09  0.1331E-02  0.0000E+00 -0.2439E+13
   -1.512953    4.31030  0.0000E+00  0.1343E-05  0.4305E-09  0.1294E-02  0.0000E+00 -0.2542E+13
   -1.581726    4.31081  0.0000E+00  0.1341E-05  0.4392E-09  0.1263E-02  0.0000E+00 -0.2631E+13
   -1.650498    4.31134  0.0000E+00  0.1338E-05  0.4491E-09  0.1231E-02  0.0000E+00 -0.2711E+13
   -1.719271    4.31188  0.0000E+00  0.1335E-05  0.4602E-09  0.1194E-02  0.0000E+00 -0.2827E+13
   -1.788043    4.31244  0.0000E+00  0.1331E-05  0.4729E-09  0.1166E-02  0.0000E+00 -0.2901E+13
   -1.856815    4.31302  0.0000E+00  0.1327E-05  0.4874E-09  0.1112E-02  0.0000E+00 -0.3093E+13
   -1.925587    4.31363  0.0000E+00  0.1322E-05  0.5041E-09  0.1068E-02  0.0000E+00 -0.3242E+13
   -1.994358    4.31427  0.0000E+00  0.1316E-05  0.5235E-09  0.1019E-02  0.0000E+00 -0.3444E+13
   -2.063129    4.31495  0.0000E+00  0.1310E-05  0.5461E-09  0.1001E-02  0.0000E+00 -0.3470E+13
   -2.131900    4.31564  0.0000E+00  0.1302E-05  0.5726E-09  0.9075E-03  0.0000E+00 -0.4032E+13
   -2.200670    4.31642  0.0000E+00  0.1294E-05  0.6044E-09  0.8589E-03  0.0000E+00 -0.4256E+13
   -2.269440    4.31725  0.0000E+00  0.1284E-05  0.6439E-09  0.7990E-03  0.0000E+00 -0.4651E+13
   -2.338210    4.31815  0.0000E+00  0.1272E-05  0.6957E-09  0.7324E-03  0.0000E+00 -0.5105E+13
   -2.406979    4.31913  0.0000E+00  0.1257E-05  0.7661E-09  0.6577E-03  0.0000E+00 -0.5824E+13
   -2.475748    4.32025  0.0000E+00  0.1238E-05  0.8676E-09  0.5725E-03  0.0000E+00 -0.6878E+13
   -2.544516    4.32156  0.0000E+00  0.1213E-05  0.1032E-08  0.4862E-03  0.0000E+00 -0.8370E+13
   -2.613283    4.32315  0.0000E+00  0.1165E-05  0.1423E-08  0.2866E-03  0.0000E+00 -0.1445E+14
   -2.682050    4.32594  0.0000E+00  0.7277E-06  0.6512E-08  0.1134E-04  0.0000E+00 -0.4066E+15
   -2.750816    4.39576  0.0000E+00  0.0000E+00  0.0000E+00  0.0000E+00  0.0000E+00  0.0000E+00
