 1 - depth, m
 2 - temperature, C
 3 - salinity, kg/kg
 4 - turbulent kinetic energy, m**2/s**2
 5 - dissipation rate, m**2/s**3
 6 - kinematic heat conductance, m**2/s
 7 - modulus of horizontal velocity, m/s
 8 - Richardson number, n/d
   -0.000000   13.39983  0.0000E+00  0.1552E-03  0.5865E-04  0.7899E-04  0.1055E+00  0.5356E-01
   -0.068760   13.43311  0.0000E+00  0.8597E-04  0.1463E-04  0.1670E-03  0.3519E-01 -0.7523E-01
   -0.137520   13.43843  0.0000E+00  0.6234E-04  0.6266E-05  0.1772E-03  0.2687E-01 -0.9324E-01
   -0.206281   13.44159  0.0000E+00  0.4765E-04  0.3070E-05  0.2028E-03  0.2223E-01  0.4761E+01
   -0.275042   13.44362  0.0000E+00  0.3823E-04  0.1637E-05  0.2286E-03  0.1897E-01  0.5924E+01
   -0.343804   13.44516  0.0000E+00  0.3181E-04  0.9386E-06  0.2582E-03  0.1626E-01  0.8806E+01
   -0.412567   13.44639  0.0000E+00  0.2724E-04  0.5760E-06  0.2864E-03  0.1400E-01  0.7329E+00
   -0.481330   13.44743  0.0000E+00  0.2381E-04  0.3761E-06  0.3162E-03  0.1207E-01  0.5857E+01
   -0.550093   13.44833  0.0000E+00  0.2110E-04  0.2585E-06  0.3483E-03  0.1044E-01  0.3884E+00
   -0.618857   13.44912  0.0000E+00  0.1893E-04  0.1856E-06  0.3823E-03  0.9069E-02  0.4261E+00
   -0.687622   13.44984  0.0000E+00  0.1717E-04  0.1381E-06  0.4186E-03  0.7912E-02  0.5701E+00
   -0.756386   13.45052  0.0000E+00  0.1572E-04  0.1057E-06  0.4592E-03  0.6929E-02  0.6403E+00
   -0.825151   13.45115  0.0000E+00  0.1452E-04  0.8303E-07  0.5054E-03  0.6092E-02  0.1320E+02
   -0.893916   13.45176  0.0000E+00  0.1353E-04  0.6666E-07  0.5721E-03  0.5381E-02  0.2186E+02
   -0.962682   13.45233  0.0000E+00  0.1272E-04  0.5467E-07  0.7156E-03  0.4778E-02  0.3755E+02
   -1.031448   13.45285  0.0000E+00  0.1208E-04  0.4584E-07  0.8442E-03  0.4275E-02  0.3837E+02
   -1.100213   13.45332  0.0000E+00  0.1156E-04  0.3924E-07  0.9870E-03  0.3841E-02  0.5541E+02
   -1.168979   13.45374  0.0000E+00  0.1115E-04  0.3424E-07  0.1116E-02  0.3464E-02  0.2208E+02
   -1.237745   13.45413  0.0000E+00  0.1083E-04  0.3039E-07  0.1233E-02  0.3131E-02  0.1339E+02
   -1.306512   13.45450  0.0000E+00  0.1056E-04  0.2738E-07  0.1328E-02  0.2831E-02  0.8172E+02
   -1.375278   13.45485  0.0000E+00  0.1035E-04  0.2498E-07  0.1383E-02  0.2556E-02  0.4322E+01
   -1.444044   13.45519  0.0000E+00  0.1016E-04  0.2304E-07  0.1421E-02  0.2298E-02  0.6374E+01
   -1.512810   13.45555  0.0000E+00  0.9987E-05  0.2143E-07  0.1442E-02  0.2054E-02  0.3583E+01
   -1.581576   13.45593  0.0000E+00  0.9824E-05  0.2009E-07  0.1460E-02  0.1826E-02  0.2730E+01
   -1.650342   13.45632  0.0000E+00  0.9667E-05  0.1900E-07  0.1476E-02  0.1618E-02  0.2517E+01
   -1.719108   13.45673  0.0000E+00  0.9515E-05  0.1814E-07  0.1490E-02  0.1429E-02  0.2407E+01
   -1.787874   13.45715  0.0000E+00  0.9364E-05  0.1748E-07  0.1502E-02  0.1257E-02  0.2340E+01
   -1.856639   13.45760  0.0000E+00  0.9215E-05  0.1704E-07  0.1512E-02  0.1103E-02  0.2339E+01
   -1.925404   13.45806  0.0000E+00  0.9065E-05  0.1679E-07  0.1505E-02  0.9639E-03  0.2378E+01
   -1.994169   13.45855  0.0000E+00  0.8914E-05  0.1674E-07  0.1472E-02  0.8403E-03  0.2509E+01
   -2.062934   13.45907  0.0000E+00  0.8763E-05  0.1689E-07  0.1422E-02  0.7310E-03  0.2713E+01
   -2.131698   13.45964  0.0000E+00  0.8612E-05  0.1724E-07  0.1353E-02  0.6348E-03  0.3079E+01
   -2.200462   13.46027  0.0000E+00  0.8461E-05  0.1781E-07  0.1265E-02  0.5504E-03  0.3639E+01
   -2.269225   13.46098  0.0000E+00  0.8310E-05  0.1861E-07  0.1170E-02  0.4766E-03  0.4567E+01
   -2.337989   13.46177  0.0000E+00  0.8149E-05  0.1975E-07  0.1070E-02  0.4150E-03  0.6375E+01
   -2.406751   13.46267  0.0000E+00  0.7962E-05  0.2144E-07  0.9574E-03  0.3614E-03  0.1017E+02
   -2.475513   13.46372  0.0000E+00  0.7721E-05  0.2422E-07  0.8003E-03  0.3119E-03  0.1850E+02
   -2.544275   13.46503  0.0000E+00  0.7377E-05  0.2942E-07  0.6998E-03  0.2616E-03  0.4045E+02
   -2.613036   13.46656  0.0000E+00  0.6694E-05  0.4590E-07  0.3628E-03  0.2167E-03  0.6666E+05
   -2.681796   13.47173  0.0000E+00  0.4094E-05  0.1507E-06  0.6792E-04  0.1420E-03 -0.3913E+05
   -2.750555   13.49040  0.0000E+00  0.0000E+00  0.0000E+00  0.0000E+00  0.1591E-03  0.0000E+00
