 1 - depth, m
 2 - temperature, C
 3 - salinity, kg/kg
 4 - turbulent kinetic energy, m**2/s**2
 5 - dissipation rate, m**2/s**3
 6 - kinematic heat conductance, m**2/s
 7 - modulus of horizontal velocity, m/s
 8 - Richardson number, n/d
   -0.000000    9.26602  0.0000E+00  0.1694E-03  0.6078E-04  0.1103E-03  0.1162E+00  0.1498E-01
   -0.068758    9.32272  0.0000E+00  0.9327E-04  0.1472E-04  0.1735E-03  0.3944E-01 -0.6291E-01
   -0.137516    9.33389  0.0000E+00  0.6731E-04  0.6126E-05  0.1759E-03  0.3003E-01 -0.2618E-01
   -0.206275    9.34176  0.0000E+00  0.5152E-04  0.2948E-05  0.1898E-03  0.2480E-01 -0.3974E-01
   -0.275034    9.34768  0.0000E+00  0.4153E-04  0.1570E-05  0.2095E-03  0.2111E-01 -0.5353E-01
   -0.343794    9.35254  0.0000E+00  0.3478E-04  0.9116E-06  0.2350E-03  0.1808E-01 -0.6749E-01
   -0.412554    9.35661  0.0000E+00  0.2997E-04  0.5695E-06  0.2717E-03  0.1556E-01  0.1794E+02
   -0.481315    9.36007  0.0000E+00  0.2633E-04  0.3785E-06  0.3217E-03  0.1345E-01  0.4357E+02
   -0.550077    9.36303  0.0000E+00  0.2345E-04  0.2644E-06  0.3776E-03  0.1167E-01  0.7002E+01
   -0.618839    9.36558  0.0000E+00  0.2112E-04  0.1926E-06  0.4368E-03  0.1019E-01  0.3874E+02
   -0.687601    9.36782  0.0000E+00  0.1921E-04  0.1453E-06  0.4946E-03  0.8943E-02  0.1143E+02
   -0.756363    9.36979  0.0000E+00  0.1762E-04  0.1128E-06  0.5525E-03  0.7882E-02  0.2833E+02
   -0.825126    9.37156  0.0000E+00  0.1627E-04  0.8963E-07  0.6090E-03  0.6975E-02  0.1076E+02
   -0.893889    9.37315  0.0000E+00  0.1513E-04  0.7270E-07  0.6702E-03  0.6196E-02  0.3170E+01
   -0.962653    9.37459  0.0000E+00  0.1416E-04  0.6007E-07  0.7343E-03  0.5526E-02  0.3003E+02
   -1.031416    9.37589  0.0000E+00  0.1334E-04  0.5051E-07  0.8138E-03  0.4952E-02  0.3310E+01
   -1.100180    9.37704  0.0000E+00  0.1264E-04  0.4315E-07  0.9258E-03  0.4445E-02  0.2264E+02
   -1.168944    9.37804  0.0000E+00  0.1204E-04  0.3740E-07  0.1047E-02  0.3998E-02  0.3343E+02
   -1.237708    9.37890  0.0000E+00  0.1152E-04  0.3284E-07  0.1159E-02  0.3599E-02  0.3908E+02
   -1.306472    9.37964  0.0000E+00  0.1106E-04  0.2916E-07  0.1261E-02  0.3240E-02  0.1649E+03
   -1.375236    9.38028  0.0000E+00  0.1064E-04  0.2615E-07  0.1341E-02  0.2911E-02  0.9922E+02
   -1.444000    9.38086  0.0000E+00  0.1026E-04  0.2362E-07  0.1388E-02  0.2608E-02  0.4424E+02
   -1.512764    9.38139  0.0000E+00  0.9903E-05  0.2148E-07  0.1424E-02  0.2322E-02  0.1200E+02
   -1.581528    9.38190  0.0000E+00  0.9559E-05  0.1963E-07  0.1449E-02  0.2061E-02  0.2696E+01
   -1.650292    9.38240  0.0000E+00  0.9229E-05  0.1805E-07  0.1463E-02  0.1824E-02  0.2362E+01
   -1.719056    9.38290  0.0000E+00  0.8913E-05  0.1670E-07  0.1473E-02  0.1609E-02  0.2103E+01
   -1.787819    9.38338  0.0000E+00  0.8611E-05  0.1557E-07  0.1477E-02  0.1416E-02  0.1889E+01
   -1.856583    9.38386  0.0000E+00  0.8322E-05  0.1464E-07  0.1476E-02  0.1241E-02  0.1706E+01
   -1.925346    9.38433  0.0000E+00  0.8048E-05  0.1389E-07  0.1467E-02  0.1085E-02  0.1542E+01
   -1.994109    9.38481  0.0000E+00  0.7787E-05  0.1332E-07  0.1446E-02  0.9451E-03  0.1392E+01
   -2.062871    9.38529  0.0000E+00  0.7541E-05  0.1292E-07  0.1406E-02  0.8206E-03  0.1256E+01
   -2.131634    9.38578  0.0000E+00  0.7311E-05  0.1269E-07  0.1346E-02  0.7101E-03  0.1146E+01
   -2.200395    9.38629  0.0000E+00  0.7098E-05  0.1264E-07  0.1272E-02  0.6121E-03  0.1080E+01
   -2.269157    9.38682  0.0000E+00  0.6901E-05  0.1278E-07  0.1190E-02  0.5252E-03  0.1043E+01
   -2.337918    9.38739  0.0000E+00  0.6715E-05  0.1313E-07  0.1101E-02  0.4513E-03  0.1125E+01
   -2.406678    9.38800  0.0000E+00  0.6534E-05  0.1377E-07  0.1006E-02  0.3893E-03  0.1488E+01
   -2.475438    9.38867  0.0000E+00  0.6341E-05  0.1488E-07  0.8925E-03  0.3355E-03  0.2392E+01
   -2.544198    9.38942  0.0000E+00  0.6107E-05  0.1698E-07  0.7589E-03  0.2848E-03  0.2094E+03
   -2.612956    9.39032  0.0000E+00  0.5727E-05  0.2265E-07  0.5246E-03  0.2368E-03  0.2746E+03
   -2.681715    9.39201  0.0000E+00  0.3511E-05  0.7973E-07  0.3222E-04  0.1779E-03 -0.3718E+04
   -2.750472    9.41394  0.0000E+00  0.0000E+00  0.0000E+00  0.0000E+00  0.1830E-03  0.0000E+00
