 1 - depth, m
 2 - temperature, C
 3 - salinity, kg/kg
 4 - turbulent kinetic energy, m**2/s**2
 5 - dissipation rate, m**2/s**3
 6 - kinematic heat conductance, m**2/s
 7 - modulus of horizontal velocity, m/s
 8 - Richardson number, n/d
   -0.000000    0.00000  0.0000E+00  0.1219E-13  0.7603E-17  0.1000E-09  0.0000E+00  0.1360E+17
   -0.068771    0.20997  0.0000E+00  0.1219E-13  0.7603E-17  0.1000E-09  0.0000E+00  0.1141E+17
   -0.137542    0.39615  0.0000E+00  0.1219E-13  0.7603E-17  0.1000E-09  0.0000E+00  0.9924E+16
   -0.206314    0.56689  0.0000E+00  0.1219E-13  0.7603E-17  0.1000E-09  0.0000E+00  0.8857E+16
   -0.275087    0.72726  0.0000E+00  0.1219E-13  0.7603E-17  0.1000E-09  0.0000E+00  0.8233E+16
   -0.343860    0.88419  0.0000E+00  0.1219E-13  0.7603E-17  0.1000E-09  0.0000E+00  0.7769E+16
   -0.412634    1.04033  0.0000E+00  0.1219E-13  0.7603E-17  0.1000E-09  0.0000E+00  0.7374E+16
   -0.481408    1.19702  0.0000E+00  0.1219E-13  0.7603E-17  0.1000E-09  0.0000E+00  0.6990E+16
   -0.550183    1.35458  0.0000E+00  0.2720E-13  0.7879E-17  0.1000E-09  0.0000E+00  0.6544E+16
   -0.618958    1.51159  0.0000E+00  0.9408E-13  0.1493E-16  0.1000E-09  0.0000E+00  0.6107E+16
   -0.687733    1.66810  0.0000E+00  0.2606E-12  0.3677E-16  0.1000E-09  0.0000E+00  0.5668E+16
   -0.756509    1.82388  0.0000E+00  0.6731E-12  0.9147E-16  0.1000E-09  0.0000E+00  0.5225E+16
   -0.825285    1.97857  0.0000E+00  0.1699E-11  0.2254E-15  0.1000E-09  0.0000E+00  0.4777E+16
   -0.894061    2.13165  0.0000E+00  0.4245E-11  0.5508E-15  0.1000E-09  0.0000E+00  0.4326E+16
   -0.962838    2.28251  0.0000E+00  0.1052E-10  0.1336E-14  0.1000E-09  0.0000E+00  0.3875E+16
   -1.031614    2.43039  0.0000E+00  0.2585E-10  0.3214E-14  0.1000E-09  0.0000E+00  0.3491E+16
   -1.100391    2.57721  0.0000E+00  0.6302E-10  0.7671E-14  0.1000E-09  0.0000E+00  0.3113E+16
   -1.169169    2.72280  0.0000E+00  0.1526E-09  0.1818E-13  0.1000E-09  0.0000E+00  0.2749E+16
   -1.237946    2.86733  0.0000E+00  0.3669E-09  0.4281E-13  0.1143E-09  0.0000E+00  0.2408E+16
   -1.306723    3.01174  0.0000E+00  0.8766E-09  0.1002E-12  0.2416E-09  0.0000E+00  0.2099E+16
   -1.375500    3.15834  0.0000E+00  0.2080E-08  0.2328E-12  0.6265E-09  0.0000E+00  0.1869E+16
   -1.444278    3.31593  0.0000E+00  0.4902E-08  0.5374E-12  0.1627E-08  0.0000E+00  0.1652E+16
   -1.513055    3.49694  0.0000E+00  0.1146E-07  0.1232E-11  0.4816E-08  0.0000E+00  0.1297E+16
   -1.581832    3.71874  0.0000E+00  0.2602E-07  0.2748E-11  0.4072E-07  0.0000E+00  0.5450E+15
   -1.650609    3.96516  0.0000E+00  0.3193E-07  0.3339E-11  0.7292E-04  0.0000E+00  0.4095E+14
   -1.719386    4.02717  0.0000E+00  0.3275E-07  0.3439E-11  0.1140E-03  0.0000E+00 -0.2853E+12
   -1.788163    4.02762  0.0000E+00  0.3330E-07  0.3526E-11  0.1161E-03  0.0000E+00 -0.3041E+12
   -1.856939    4.02810  0.0000E+00  0.3378E-07  0.3621E-11  0.1188E-03  0.0000E+00 -0.3103E+12
   -1.925716    4.02857  0.0000E+00  0.3419E-07  0.3725E-11  0.1200E-03  0.0000E+00 -0.3182E+12
   -1.994492    4.02906  0.0000E+00  0.3453E-07  0.3840E-11  0.1196E-03  0.0000E+00 -0.3305E+12
   -2.063268    4.02955  0.0000E+00  0.3481E-07  0.3971E-11  0.1178E-03  0.0000E+00 -0.3444E+12
   -2.132043    4.03006  0.0000E+00  0.3501E-07  0.4120E-11  0.1150E-03  0.0000E+00 -0.3619E+12
   -2.200818    4.03059  0.0000E+00  0.3514E-07  0.4294E-11  0.1114E-03  0.0000E+00 -0.3838E+12
   -2.269593    4.03114  0.0000E+00  0.3519E-07  0.4505E-11  0.1065E-03  0.0000E+00 -0.4117E+12
   -2.338367    4.03172  0.0000E+00  0.3513E-07  0.4786E-11  0.9949E-04  0.0000E+00 -0.4519E+12
   -2.407141    4.03236  0.0000E+00  0.3492E-07  0.5208E-11  0.8624E-04  0.0000E+00 -0.5367E+12
   -2.475914    4.03310  0.0000E+00  0.3445E-07  0.5900E-11  0.6545E-04  0.0000E+00 -0.7302E+12
   -2.544686    4.03410  0.0000E+00  0.3354E-07  0.7160E-11  0.4550E-04  0.0000E+00 -0.1095E+13
   -2.613458    4.03554  0.0000E+00  0.3154E-07  0.1022E-10  0.2391E-04  0.0000E+00 -0.2224E+13
   -2.682230    4.03836  0.0000E+00  0.2084E-07  0.3399E-10  0.2182E-05  0.0000E+00 -0.3257E+14
   -2.751001    4.06915  0.0000E+00  0.0000E+00  0.0000E+00  0.0000E+00  0.0000E+00  0.0000E+00
