 1 - depth, m
 2 - temperature, C
 3 - salinity, kg/kg
 4 - turbulent kinetic energy, m**2/s**2
 5 - dissipation rate, m**2/s**3
 6 - kinematic heat conductance, m**2/s
 7 - modulus of horizontal velocity, m/s
 8 - Richardson number, n/d
   -0.000000    0.00000  0.0000E+00  0.1219E-13  0.7603E-17  0.1000E-09  0.0000E+00  0.1391E+17
   -0.068738    0.21491  0.0000E+00  0.5051E-13  0.7604E-17  0.1000E-09  0.0000E+00  0.1306E+17
   -0.137476    0.42923  0.0000E+00  0.1386E-12  0.1171E-16  0.1000E-09  0.0000E+00  0.1220E+17
   -0.206215    0.64263  0.0000E+00  0.3040E-12  0.2183E-16  0.1000E-09  0.0000E+00  0.1134E+17
   -0.274955    0.85475  0.0000E+00  0.6129E-12  0.4154E-16  0.1000E-09  0.0000E+00  0.1051E+17
   -0.343695    1.06584  0.0000E+00  0.1193E-11  0.7836E-16  0.1000E-09  0.0000E+00  0.9684E+16
   -0.412436    1.27561  0.0000E+00  0.2284E-11  0.1465E-15  0.1000E-09  0.0000E+00  0.8862E+16
   -0.481177    1.48369  0.0000E+00  0.4332E-11  0.2718E-15  0.1000E-09  0.0000E+00  0.8044E+16
   -0.549919    1.68955  0.0000E+00  0.8166E-11  0.5017E-15  0.1000E-09  0.0000E+00  0.7226E+16
   -0.618661    1.89240  0.0000E+00  0.1531E-10  0.9209E-15  0.1000E-09  0.0000E+00  0.6428E+16
   -0.687404    2.09168  0.0000E+00  0.2852E-10  0.1681E-14  0.1000E-09  0.0000E+00  0.5683E+16
   -0.756147    2.28789  0.0000E+00  0.5284E-10  0.3052E-14  0.1000E-09  0.0000E+00  0.4974E+16
   -0.824890    2.48110  0.0000E+00  0.9733E-10  0.5508E-14  0.1000E-09  0.0000E+00  0.4286E+16
   -0.893633    2.67077  0.0000E+00  0.1783E-09  0.9890E-14  0.1000E-09  0.0000E+00  0.3625E+16
   -0.962377    2.85637  0.0000E+00  0.3248E-09  0.1766E-13  0.1000E-09  0.0000E+00  0.2997E+16
   -1.031121    3.03740  0.0000E+00  0.5878E-09  0.3134E-13  0.1000E-09  0.0000E+00  0.2411E+16
   -1.099865    3.21379  0.0000E+00  0.1057E-08  0.5524E-13  0.1507E-09  0.0000E+00  0.1865E+16
   -1.168609    3.38530  0.0000E+00  0.1888E-08  0.9682E-13  0.3621E-09  0.0000E+00  0.1361E+16
   -1.237353    3.55173  0.0000E+00  0.3355E-08  0.1688E-12  0.9560E-09  0.0000E+00  0.8988E+15
   -1.306097    3.71289  0.0000E+00  0.5923E-08  0.2923E-12  0.3124E-08  0.0000E+00  0.4766E+15
   -1.374842    3.86750  0.0000E+00  0.1029E-07  0.4992E-12  0.2336E-07  0.0000E+00  0.1089E+15
   -1.443586    4.00151  0.0000E+00  0.1063E-07  0.5166E-12  0.8360E-04  0.0000E+00 -0.5176E+11
   -1.512331    4.00173  0.0000E+00  0.1079E-07  0.5260E-12  0.8149E-04  0.0000E+00 -0.6340E+11
   -1.581075    4.00199  0.0000E+00  0.1093E-07  0.5362E-12  0.8284E-04  0.0000E+00 -0.6496E+11
   -1.649819    4.00225  0.0000E+00  0.1105E-07  0.5474E-12  0.8373E-04  0.0000E+00 -0.6592E+11
   -1.718563    4.00251  0.0000E+00  0.1117E-07  0.5598E-12  0.8408E-04  0.0000E+00 -0.6703E+11
   -1.787307    4.00278  0.0000E+00  0.1126E-07  0.5734E-12  0.8491E-04  0.0000E+00 -0.6767E+11
   -1.856051    4.00304  0.0000E+00  0.1134E-07  0.5885E-12  0.8448E-04  0.0000E+00 -0.6928E+11
   -1.924794    4.00330  0.0000E+00  0.1141E-07  0.6057E-12  0.8277E-04  0.0000E+00 -0.7203E+11
   -1.993537    4.00357  0.0000E+00  0.1145E-07  0.6260E-12  0.7979E-04  0.0000E+00 -0.7618E+11
   -2.062280    4.00385  0.0000E+00  0.1148E-07  0.6503E-12  0.7516E-04  0.0000E+00 -0.8226E+11
   -2.131022    4.00414  0.0000E+00  0.1149E-07  0.6799E-12  0.6857E-04  0.0000E+00 -0.9167E+11
   -2.199765    4.00447  0.0000E+00  0.1148E-07  0.7162E-12  0.6202E-04  0.0000E+00 -0.1032E+12
   -2.268506    4.00483  0.0000E+00  0.1143E-07  0.7620E-12  0.5579E-04  0.0000E+00 -0.1174E+12
   -2.337248    4.00523  0.0000E+00  0.1134E-07  0.8237E-12  0.4908E-04  0.0000E+00 -0.1370E+12
   -2.405988    4.00569  0.0000E+00  0.1120E-07  0.9120E-12  0.4137E-04  0.0000E+00 -0.1678E+12
   -2.474729    4.00623  0.0000E+00  0.1097E-07  0.1049E-11  0.3251E-04  0.0000E+00 -0.2223E+12
   -2.543468    4.00693  0.0000E+00  0.1058E-07  0.1302E-11  0.2235E-04  0.0000E+00 -0.3430E+12
   -2.612207    4.00797  0.0000E+00  0.9800E-08  0.1940E-11  0.1109E-04  0.0000E+00 -0.7691E+12
   -2.680946    4.01013  0.0000E+00  0.6418E-08  0.6348E-11  0.1098E-05  0.0000E+00 -0.1214E+14
   -2.749684    4.03233  0.0000E+00  0.0000E+00  0.0000E+00  0.0000E+00  0.0000E+00  0.0000E+00
