 1 - depth, m
 2 - temperature, C
 3 - salinity, kg/kg
 4 - turbulent kinetic energy, m**2/s**2
 5 - dissipation rate, m**2/s**3
 6 - kinematic heat conductance, m**2/s
 7 - modulus of horizontal velocity, m/s
 8 - Richardson number, n/d
   -0.000000    0.00000  0.0000E+00  0.1073E-09  0.9457E-13  0.1000E-09  0.0000E+00  0.2638E+17
   -0.034997    0.41914  0.0000E+00  0.2630E-09  0.7617E-13  0.1000E-09  0.0000E+00  0.2272E+17
   -0.069995    0.82736  0.0000E+00  0.5479E-09  0.9155E-13  0.1000E-09  0.0000E+00  0.1933E+17
   -0.104993    1.22454  0.0000E+00  0.9907E-09  0.1311E-12  0.1000E-09  0.0000E+00  0.1610E+17
   -0.139992    1.60807  0.0000E+00  0.1661E-08  0.1986E-12  0.1000E-09  0.0000E+00  0.1310E+17
   -0.174990    1.97605  0.0000E+00  0.2678E-08  0.3049E-12  0.1000E-09  0.0000E+00  0.1041E+17
   -0.209989    2.32788  0.0000E+00  0.4228E-08  0.4682E-12  0.1511E-09  0.0000E+00  0.8021E+16
   -0.244988    2.66323  0.0000E+00  0.6594E-08  0.7169E-12  0.3129E-09  0.0000E+00  0.5924E+16
   -0.279988    2.98221  0.0000E+00  0.1021E-07  0.1094E-11  0.6883E-09  0.0000E+00  0.4107E+16
   -0.314987    3.28555  0.0000E+00  0.1582E-07  0.1672E-11  0.1708E-08  0.0000E+00  0.2528E+16
   -0.349987    3.57259  0.0000E+00  0.2458E-07  0.2565E-11  0.5642E-08  0.0000E+00  0.1178E+16
   -0.384987    3.84050  0.0000E+00  0.3725E-07  0.3851E-11  0.6957E-07  0.0000E+00  0.1579E+15
   -0.419987    4.02336  0.0000E+00  0.3779E-07  0.3911E-11  0.1218E-03  0.0000E+00 -0.1797E+12
   -0.454987    4.02366  0.0000E+00  0.3806E-07  0.3944E-11  0.1196E-03  0.0000E+00 -0.1825E+12
   -0.489988    4.02397  0.0000E+00  0.3831E-07  0.3980E-11  0.1199E-03  0.0000E+00 -0.1849E+12
   -0.524988    4.02429  0.0000E+00  0.3858E-07  0.4024E-11  0.1200E-03  0.0000E+00 -0.1937E+12
   -0.559989    4.02461  0.0000E+00  0.3891E-07  0.4082E-11  0.1197E-03  0.0000E+00 -0.2115E+12
   -0.594990    4.02496  0.0000E+00  0.3933E-07  0.4167E-11  0.1196E-03  0.0000E+00 -0.2309E+12
   -0.629990    4.02534  0.0000E+00  0.3976E-07  0.4260E-11  0.1197E-03  0.0000E+00 -0.2340E+12
   -0.664991    4.02572  0.0000E+00  0.4016E-07  0.4357E-11  0.1195E-03  0.0000E+00 -0.2373E+12
   -0.699992    4.02611  0.0000E+00  0.4054E-07  0.4458E-11  0.1191E-03  0.0000E+00 -0.2420E+12
   -0.734992    4.02649  0.0000E+00  0.4091E-07  0.4566E-11  0.1184E-03  0.0000E+00 -0.2475E+12
   -0.769993    4.02689  0.0000E+00  0.4125E-07  0.4681E-11  0.1176E-03  0.0000E+00 -0.2536E+12
   -0.804994    4.02728  0.0000E+00  0.4158E-07  0.4806E-11  0.1165E-03  0.0000E+00 -0.2603E+12
   -0.839995    4.02769  0.0000E+00  0.4189E-07  0.4941E-11  0.1151E-03  0.0000E+00 -0.2679E+12
   -0.874995    4.02810  0.0000E+00  0.4218E-07  0.5088E-11  0.1135E-03  0.0000E+00 -0.2770E+12
   -0.909996    4.02852  0.0000E+00  0.4244E-07  0.5250E-11  0.1116E-03  0.0000E+00 -0.2861E+12
   -0.944996    4.02895  0.0000E+00  0.4268E-07  0.5427E-11  0.1094E-03  0.0000E+00 -0.2960E+12
   -0.979996    4.02940  0.0000E+00  0.4289E-07  0.5622E-11  0.1069E-03  0.0000E+00 -0.3076E+12
   -1.014996    4.02985  0.0000E+00  0.4307E-07  0.5843E-11  0.1040E-03  0.0000E+00 -0.3248E+12
   -1.049996    4.03033  0.0000E+00  0.4322E-07  0.6101E-11  0.1007E-03  0.0000E+00 -0.3464E+12
   -1.084996    4.03083  0.0000E+00  0.4335E-07  0.6410E-11  0.9685E-04  0.0000E+00 -0.3695E+12
   -1.119996    4.03136  0.0000E+00  0.4344E-07  0.6780E-11  0.9250E-04  0.0000E+00 -0.3930E+12
   -1.154995    4.03191  0.0000E+00  0.4348E-07  0.7228E-11  0.8765E-04  0.0000E+00 -0.4214E+12
   -1.189994    4.03250  0.0000E+00  0.4347E-07  0.7789E-11  0.8197E-04  0.0000E+00 -0.4616E+12
   -1.224993    4.03314  0.0000E+00  0.4340E-07  0.8584E-11  0.7490E-04  0.0000E+00 -0.5404E+12
   -1.259992    4.03387  0.0000E+00  0.4319E-07  0.9923E-11  0.6474E-04  0.0000E+00 -0.7093E+12
   -1.294990    4.03481  0.0000E+00  0.4256E-07  0.1314E-10  0.5085E-04  0.0000E+00 -0.1123E+13
   -1.329988    4.03628  0.0000E+00  0.4066E-07  0.2185E-10  0.1985E-04  0.0000E+00 -0.2942E+13
   -1.364986    4.03992  0.0000E+00  0.2959E-07  0.8078E-10  0.1740E-05  0.0000E+00 -0.4034E+14
   -1.399983    4.07594  0.0000E+00  0.0000E+00  0.0000E+00  0.0000E+00  0.0000E+00  0.0000E+00
