 1 - depth, m
 2 - temperature, C
 3 - salinity, kg/kg
 4 - turbulent kinetic energy, m**2/s**2
 5 - dissipation rate, m**2/s**3
 6 - kinematic heat conductance, m**2/s
 7 - modulus of horizontal velocity, m/s
 8 - Richardson number, n/d
   -0.000000    0.00000  0.0000E+00  0.4701E-13  0.1132E-15  0.1000E-09  0.0000E+00  0.4662E+16
   -0.034998    0.07060  0.0000E+00  0.4701E-13  0.1132E-15  0.1000E-09  0.0000E+00  0.4680E+16
   -0.069996    0.14286  0.0000E+00  0.4701E-13  0.1132E-15  0.1000E-09  0.0000E+00  0.4694E+16
   -0.104995    0.21684  0.0000E+00  0.4701E-13  0.1132E-15  0.1000E-09  0.0000E+00  0.4657E+16
   -0.139994    0.29178  0.0000E+00  0.4701E-13  0.1132E-15  0.1000E-09  0.0000E+00  0.4587E+16
   -0.174993    0.36723  0.0000E+00  0.4701E-13  0.1132E-15  0.1000E-09  0.0000E+00  0.4512E+16
   -0.209993    0.44309  0.0000E+00  0.4701E-13  0.1132E-15  0.1000E-09  0.0000E+00  0.4429E+16
   -0.244993    0.51928  0.0000E+00  0.4701E-13  0.1132E-15  0.1000E-09  0.0000E+00  0.4341E+16
   -0.279993    0.59570  0.0000E+00  0.4701E-13  0.1132E-15  0.1000E-09  0.0000E+00  0.4247E+16
   -0.314993    0.67228  0.0000E+00  0.4701E-13  0.1132E-15  0.1000E-09  0.0000E+00  0.4189E+16
   -0.349994    0.74970  0.0000E+00  0.4701E-13  0.1132E-15  0.1000E-09  0.0000E+00  0.4132E+16
   -0.384994    0.82801  0.0000E+00  0.4701E-13  0.1132E-15  0.1000E-09  0.0000E+00  0.4071E+16
   -0.419995    0.90723  0.0000E+00  0.4701E-13  0.1132E-15  0.1000E-09  0.0000E+00  0.3992E+16
   -0.454996    0.98705  0.0000E+00  0.4701E-13  0.1132E-15  0.1000E-09  0.0000E+00  0.3915E+16
   -0.489997    1.06755  0.0000E+00  0.4701E-13  0.1132E-15  0.1000E-09  0.0000E+00  0.3883E+16
   -0.524998    1.14977  0.0000E+00  0.4701E-13  0.1132E-15  0.1000E-09  0.0000E+00  0.4087E+16
   -0.559999    1.23910  0.0000E+00  0.4701E-13  0.1132E-15  0.1000E-09  0.0000E+00  0.4482E+16
   -0.595001    1.34069  0.0000E+00  0.4701E-13  0.1132E-15  0.1000E-09  0.0000E+00  0.4884E+16
   -0.630002    1.45623  0.0000E+00  0.4701E-13  0.1132E-15  0.1000E-09  0.0000E+00  0.4645E+16
   -0.665003    1.57148  0.0000E+00  0.4701E-13  0.1132E-15  0.1000E-09  0.0000E+00  0.4406E+16
   -0.700005    1.68635  0.0000E+00  0.4701E-13  0.1132E-15  0.1000E-09  0.0000E+00  0.4175E+16
   -0.735006    1.80097  0.0000E+00  0.4701E-13  0.1132E-15  0.1000E-09  0.0000E+00  0.3965E+16
   -0.770007    1.91593  0.0000E+00  0.4701E-13  0.1132E-15  0.1000E-09  0.0000E+00  0.3785E+16
   -0.805009    2.03219  0.0000E+00  0.4701E-13  0.1132E-15  0.1000E-09  0.0000E+00  0.3587E+16
   -0.840010    2.14939  0.0000E+00  0.4701E-13  0.1132E-15  0.1000E-09  0.0000E+00  0.3380E+16
   -0.875011    2.26734  0.0000E+00  0.4701E-13  0.1132E-15  0.1000E-09  0.0000E+00  0.3170E+16
   -0.910012    2.38610  0.0000E+00  0.4701E-13  0.1132E-15  0.1000E-09  0.0000E+00  0.2923E+16
   -0.945013    2.50424  0.0000E+00  0.4701E-13  0.1132E-15  0.1000E-09  0.0000E+00  0.2667E+16
   -0.980014    2.62113  0.0000E+00  0.4701E-13  0.1132E-15  0.1000E-09  0.0000E+00  0.2413E+16
   -1.015015    2.73649  0.0000E+00  0.4701E-13  0.1132E-15  0.1000E-09  0.0000E+00  0.2198E+16
   -1.050016    2.85200  0.0000E+00  0.4701E-13  0.1132E-15  0.1000E-09  0.0000E+00  0.1999E+16
   -1.085016    2.96859  0.0000E+00  0.1024E-12  0.1758E-15  0.1000E-09  0.0000E+00  0.1859E+16
   -1.120016    3.09080  0.0000E+00  0.4674E-12  0.7431E-15  0.1000E-09  0.0000E+00  0.1635E+16
   -1.155016    3.21438  0.0000E+00  0.2165E-11  0.3332E-14  0.1000E-09  0.0000E+00  0.1408E+16
   -1.190016    3.33971  0.0000E+00  0.9942E-11  0.1487E-13  0.1000E-09  0.0000E+00  0.1198E+16
   -1.225016    3.47009  0.0000E+00  0.4773E-10  0.6950E-13  0.1626E-09  0.0000E+00  0.1059E+16
   -1.260015    3.62264  0.0000E+00  0.2416E-09  0.3430E-12  0.1009E-08  0.0000E+00  0.8344E+15
   -1.295014    3.82447  0.0000E+00  0.1397E-08  0.1942E-11  0.2554E-07  0.0000E+00  0.1547E+15
   -1.330013    4.06687  0.0000E+00  0.5286E-08  0.7723E-11  0.1498E-05  0.0000E+00 -0.3225E+14
   -1.365011    4.08933  0.0000E+00  0.5168E-08  0.1352E-10  0.5515E-06  0.0000E+00 -0.8332E+14
   -1.400009    4.13215  0.0000E+00  0.0000E+00  0.0000E+00  0.0000E+00  0.0000E+00  0.0000E+00
