 1 - depth, m
 2 - temperature, C
 3 - salinity, kg/kg
 4 - turbulent kinetic energy, m**2/s**2
 5 - dissipation rate, m**2/s**3
 6 - kinematic heat conductance, m**2/s
 7 - modulus of horizontal velocity, m/s
 8 - Richardson number, n/d
   -0.000000    0.00000  0.0000E+00  0.1228E-09  0.1120E-12  0.1000E-09  0.0000E+00  0.2844E+17
   -0.034997    0.45412  0.0000E+00  0.3063E-09  0.8866E-13  0.1000E-09  0.0000E+00  0.2358E+17
   -0.069994    0.88394  0.0000E+00  0.6381E-09  0.1042E-12  0.1000E-09  0.0000E+00  0.1940E+17
   -0.104992    1.29150  0.0000E+00  0.1146E-08  0.1459E-12  0.1000E-09  0.0000E+00  0.1577E+17
   -0.139989    1.67792  0.0000E+00  0.1901E-08  0.2165E-12  0.1000E-09  0.0000E+00  0.1263E+17
   -0.174988    2.04461  0.0000E+00  0.3022E-08  0.3256E-12  0.1026E-09  0.0000E+00  0.9936E+16
   -0.209986    2.39353  0.0000E+00  0.4691E-08  0.4897E-12  0.1672E-09  0.0000E+00  0.7611E+16
   -0.244985    2.72657  0.0000E+00  0.7182E-08  0.7334E-12  0.3395E-09  0.0000E+00  0.5597E+16
   -0.279983    3.04587  0.0000E+00  0.1090E-07  0.1094E-11  0.7363E-09  0.0000E+00  0.3835E+16
   -0.314982    3.35359  0.0000E+00  0.1651E-07  0.1631E-11  0.1834E-08  0.0000E+00  0.2275E+16
   -0.349982    3.65313  0.0000E+00  0.2501E-07  0.2436E-11  0.7577E-08  0.0000E+00  0.8415E+15
   -0.384981    3.93836  0.0000E+00  0.3109E-07  0.3058E-11  0.5000E-04  0.0000E+00  0.4605E+14
   -0.419981    4.00997  0.0000E+00  0.3146E-07  0.3097E-11  0.1079E-03  0.0000E+00 -0.1342E+12
   -0.454980    4.01039  0.0000E+00  0.3168E-07  0.3124E-11  0.1073E-03  0.0000E+00 -0.1360E+12
   -0.489980    4.01079  0.0000E+00  0.3190E-07  0.3154E-11  0.1075E-03  0.0000E+00 -0.1384E+12
   -0.524980    4.01120  0.0000E+00  0.3213E-07  0.3190E-11  0.1076E-03  0.0000E+00 -0.1470E+12
   -0.559980    4.01162  0.0000E+00  0.3241E-07  0.3238E-11  0.1072E-03  0.0000E+00 -0.1634E+12
   -0.594980    4.01208  0.0000E+00  0.3278E-07  0.3308E-11  0.1070E-03  0.0000E+00 -0.1807E+12
   -0.629981    4.01257  0.0000E+00  0.3315E-07  0.3384E-11  0.1071E-03  0.0000E+00 -0.1842E+12
   -0.664981    4.01307  0.0000E+00  0.3351E-07  0.3464E-11  0.1068E-03  0.0000E+00 -0.1881E+12
   -0.699981    4.01357  0.0000E+00  0.3385E-07  0.3548E-11  0.1065E-03  0.0000E+00 -0.1928E+12
   -0.734981    4.01406  0.0000E+00  0.3417E-07  0.3636E-11  0.1058E-03  0.0000E+00 -0.1985E+12
   -0.769981    4.01456  0.0000E+00  0.3448E-07  0.3731E-11  0.1051E-03  0.0000E+00 -0.2043E+12
   -0.804982    4.01507  0.0000E+00  0.3477E-07  0.3834E-11  0.1041E-03  0.0000E+00 -0.2109E+12
   -0.839982    4.01558  0.0000E+00  0.3505E-07  0.3944E-11  0.1029E-03  0.0000E+00 -0.2180E+12
   -0.874982    4.01610  0.0000E+00  0.3531E-07  0.4065E-11  0.1014E-03  0.0000E+00 -0.2265E+12
   -0.909982    4.01662  0.0000E+00  0.3554E-07  0.4197E-11  0.9970E-04  0.0000E+00 -0.2345E+12
   -0.944982    4.01715  0.0000E+00  0.3576E-07  0.4341E-11  0.9777E-04  0.0000E+00 -0.2435E+12
   -0.979981    4.01770  0.0000E+00  0.3595E-07  0.4500E-11  0.9557E-04  0.0000E+00 -0.2535E+12
   -1.014981    4.01825  0.0000E+00  0.3612E-07  0.4679E-11  0.9301E-04  0.0000E+00 -0.2684E+12
   -1.049980    4.01882  0.0000E+00  0.3626E-07  0.4889E-11  0.9003E-04  0.0000E+00 -0.2867E+12
   -1.084980    4.01943  0.0000E+00  0.3638E-07  0.5139E-11  0.8662E-04  0.0000E+00 -0.3076E+12
   -1.119979    4.02006  0.0000E+00  0.3647E-07  0.5439E-11  0.8274E-04  0.0000E+00 -0.3284E+12
   -1.154977    4.02072  0.0000E+00  0.3652E-07  0.5802E-11  0.7839E-04  0.0000E+00 -0.3538E+12
   -1.189976    4.02141  0.0000E+00  0.3652E-07  0.6256E-11  0.7330E-04  0.0000E+00 -0.3895E+12
   -1.224974    4.02216  0.0000E+00  0.3647E-07  0.6900E-11  0.6694E-04  0.0000E+00 -0.4595E+12
   -1.259973    4.02302  0.0000E+00  0.3630E-07  0.7985E-11  0.5783E-04  0.0000E+00 -0.6101E+12
   -1.294970    4.02413  0.0000E+00  0.3578E-07  0.1060E-10  0.4520E-04  0.0000E+00 -0.9839E+12
   -1.329968    4.02585  0.0000E+00  0.3417E-07  0.1773E-10  0.1686E-04  0.0000E+00 -0.2763E+13
   -1.364965    4.03032  0.0000E+00  0.2496E-07  0.6501E-10  0.1584E-05  0.0000E+00 -0.3772E+14
   -1.399962    4.06882  0.0000E+00  0.0000E+00  0.0000E+00  0.0000E+00  0.0000E+00  0.0000E+00
