 1 - depth, m
 2 - temperature, C
 3 - salinity, kg/kg
 4 - turbulent kinetic energy, m**2/s**2
 5 - dissipation rate, m**2/s**3
 6 - kinematic heat conductance, m**2/s
 7 - modulus of horizontal velocity, m/s
 8 - Richardson number, n/d
   -0.000000   16.41284  0.0000E+00  0.1394E-03  0.6534E-04  0.5744E-04  0.1074E+00 -0.4498E-01
   -0.034998   16.47454  0.0000E+00  0.7985E-04  0.1883E-04  0.8933E-04  0.3548E-01 -0.3078E-01
   -0.069996   16.48443  0.0000E+00  0.5886E-04  0.8560E-05  0.1025E-03  0.2475E-01 -0.2775E-02
   -0.104994   16.49049  0.0000E+00  0.4757E-04  0.4587E-05  0.1096E-03  0.2010E-01 -0.4352E-01
   -0.139993   16.49517  0.0000E+00  0.3994E-04  0.2693E-05  0.1207E-03  0.1679E-01 -0.4612E-01
   -0.174992   16.49918  0.0000E+00  0.3436E-04  0.1677E-05  0.1326E-03  0.1416E-01 -0.5470E-01
   -0.209991   16.50276  0.0000E+00  0.3016E-04  0.1100E-05  0.1445E-03  0.1198E-01 -0.6514E-01
   -0.244990   16.50601  0.0000E+00  0.2687E-04  0.7564E-06  0.1564E-03  0.1010E-01 -0.4267E-01
   -0.279990   16.50901  0.0000E+00  0.2415E-04  0.5419E-06  0.1689E-03  0.8454E-02  0.3316E+01
   -0.314990   16.51183  0.0000E+00  0.2172E-04  0.3998E-06  0.2021E-03  0.6965E-02  0.5094E+02
   -0.349990   16.51426  0.0000E+00  0.1965E-04  0.3037E-06  0.2500E-03  0.5791E-02  0.9107E+02
   -0.384990   16.51633  0.0000E+00  0.1794E-04  0.2372E-06  0.3096E-03  0.4839E-02  0.1218E+03
   -0.419990   16.51808  0.0000E+00  0.1652E-04  0.1907E-06  0.3763E-03  0.4045E-02  0.4503E+02
   -0.454991   16.51952  0.0000E+00  0.1533E-04  0.1573E-06  0.4156E-03  0.3335E-02  0.5026E+02
   -0.489992   16.52078  0.0000E+00  0.1429E-04  0.1326E-06  0.4263E-03  0.2677E-02  0.3747E+02
   -0.524992   16.52196  0.0000E+00  0.1325E-04  0.1122E-06  0.4463E-03  0.2074E-02  0.6065E+01
   -0.559993   16.52299  0.0000E+00  0.1221E-04  0.9434E-07  0.4761E-03  0.1613E-02  0.1553E+02
   -0.594994   16.52381  0.0000E+00  0.1114E-04  0.7757E-07  0.5196E-03  0.1306E-02  0.5953E+02
   -0.629995   16.52440  0.0000E+00  0.1029E-04  0.6499E-07  0.5356E-03  0.1136E-02  0.4580E+02
   -0.664996   16.52499  0.0000E+00  0.9620E-05  0.5550E-07  0.5452E-03  0.9933E-03  0.3472E+02
   -0.699997   16.52559  0.0000E+00  0.9062E-05  0.4806E-07  0.5566E-03  0.8625E-03  0.5557E+01
   -0.734998   16.52618  0.0000E+00  0.8595E-05  0.4216E-07  0.5661E-03  0.7455E-03  0.1301E+02
   -0.769999   16.52678  0.0000E+00  0.8202E-05  0.3749E-07  0.5759E-03  0.6423E-03 -0.2629E+00
   -0.805000   16.52737  0.0000E+00  0.7873E-05  0.3381E-07  0.5847E-03  0.5530E-03  0.1106E+01
   -0.840001   16.52796  0.0000E+00  0.7598E-05  0.3095E-07  0.5922E-03  0.4759E-03  0.1257E+01
   -0.875002   16.52856  0.0000E+00  0.7366E-05  0.2877E-07  0.5971E-03  0.4100E-03  0.1394E+01
   -0.910003   16.52917  0.0000E+00  0.7168E-05  0.2715E-07  0.5967E-03  0.3544E-03  0.1639E+01
   -0.945003   16.52979  0.0000E+00  0.7001E-05  0.2602E-07  0.5913E-03  0.3066E-03  0.1958E+01
   -0.980004   16.53044  0.0000E+00  0.6855E-05  0.2530E-07  0.5812E-03  0.2651E-03  0.2373E+01
   -1.015004   16.53112  0.0000E+00  0.6726E-05  0.2495E-07  0.5671E-03  0.2291E-03  0.2921E+01
   -1.050004   16.53184  0.0000E+00  0.6606E-05  0.2495E-07  0.5488E-03  0.1988E-03  0.3849E+01
   -1.085005   16.53259  0.0000E+00  0.6487E-05  0.2535E-07  0.5306E-03  0.1733E-03  0.5288E+01
   -1.120004   16.53340  0.0000E+00  0.6361E-05  0.2629E-07  0.5007E-03  0.1514E-03  0.7709E+01
   -1.155004   16.53430  0.0000E+00  0.6220E-05  0.2800E-07  0.4782E-03  0.1306E-03  0.1096E+02
   -1.190003   16.53531  0.0000E+00  0.6046E-05  0.3119E-07  0.4281E-03  0.1109E-03 -0.4374E+02
   -1.225003   16.53666  0.0000E+00  0.5823E-05  0.3684E-07  0.4044E-03  0.9040E-04  0.1403E+04
   -1.260002   16.53805  0.0000E+00  0.5482E-05  0.5017E-07  0.3135E-03  0.7211E-04 -0.6312E+04
   -1.295000   16.54155  0.0000E+00  0.4901E-05  0.8523E-07  0.2957E-03  0.5214E-04  0.4752E+05
   -1.329999   16.54168  0.0000E+00  0.4050E-05  0.1826E-06  0.1321E-03  0.4413E-04  0.2593E+06
   -1.364997   16.55566  0.0000E+00  0.2718E-05  0.4302E-06  0.7452E-04  0.2792E-04 -0.1521E+07
   -1.399994   16.56403  0.0000E+00  0.0000E+00  0.0000E+00  0.0000E+00  0.4001E-04  0.0000E+00
