 1 - depth, m
 2 - temperature, C
 3 - salinity, kg/kg
 4 - turbulent kinetic energy, m**2/s**2
 5 - dissipation rate, m**2/s**3
 6 - kinematic heat conductance, m**2/s
 7 - modulus of horizontal velocity, m/s
 8 - Richardson number, n/d
   -0.000000    0.00000  0.0000E+00  0.4702E-13  0.1132E-15  0.1000E-09  0.0000E+00  0.7340E+16
   -0.034998    0.11179  0.0000E+00  0.4702E-13  0.1132E-15  0.1000E-09  0.0000E+00  0.7244E+16
   -0.069996    0.22559  0.0000E+00  0.4702E-13  0.1132E-15  0.1000E-09  0.0000E+00  0.7147E+16
   -0.104995    0.34158  0.0000E+00  0.4702E-13  0.1132E-15  0.1000E-09  0.0000E+00  0.6964E+16
   -0.139994    0.45849  0.0000E+00  0.4702E-13  0.1132E-15  0.1000E-09  0.0000E+00  0.6734E+16
   -0.174993    0.57559  0.0000E+00  0.4702E-13  0.1132E-15  0.1000E-09  0.0000E+00  0.6504E+16
   -0.209993    0.69287  0.0000E+00  0.4702E-13  0.1132E-15  0.1000E-09  0.0000E+00  0.6271E+16
   -0.244992    0.81028  0.0000E+00  0.4702E-13  0.1132E-15  0.1000E-09  0.0000E+00  0.6035E+16
   -0.279992    0.92778  0.0000E+00  0.4702E-13  0.1132E-15  0.1000E-09  0.0000E+00  0.5797E+16
   -0.314992    1.04528  0.0000E+00  0.4702E-13  0.1132E-15  0.1000E-09  0.0000E+00  0.5586E+16
   -0.349993    1.16337  0.0000E+00  0.4702E-13  0.1132E-15  0.1000E-09  0.0000E+00  0.5373E+16
   -0.384993    1.28206  0.0000E+00  0.4702E-13  0.1132E-15  0.1000E-09  0.0000E+00  0.5155E+16
   -0.419994    1.40128  0.0000E+00  0.4702E-13  0.1132E-15  0.1000E-09  0.0000E+00  0.4927E+16
   -0.454995    1.52085  0.0000E+00  0.4702E-13  0.1132E-15  0.1000E-09  0.0000E+00  0.4703E+16
   -0.489996    1.64092  0.0000E+00  0.4702E-13  0.1132E-15  0.1000E-09  0.0000E+00  0.4512E+16
   -0.524997    1.76246  0.0000E+00  0.5425E-13  0.1132E-15  0.1000E-09  0.0000E+00  0.4487E+16
   -0.559998    1.89057  0.0000E+00  0.2716E-12  0.1192E-15  0.1000E-09  0.0000E+00  0.4571E+16
   -0.594999    2.02998  0.0000E+00  0.8257E-12  0.2297E-15  0.1000E-09  0.0000E+00  0.4615E+16
   -0.630000    2.18201  0.0000E+00  0.1827E-11  0.4524E-15  0.1000E-09  0.0000E+00  0.4205E+16
   -0.665002    2.33305  0.0000E+00  0.3636E-11  0.8613E-15  0.1000E-09  0.0000E+00  0.3803E+16
   -0.700003    2.48302  0.0000E+00  0.6984E-11  0.1611E-14  0.1000E-09  0.0000E+00  0.3413E+16
   -0.735004    2.63207  0.0000E+00  0.1327E-10  0.2995E-14  0.1000E-09  0.0000E+00  0.3047E+16
   -0.770005    2.78098  0.0000E+00  0.2507E-10  0.5544E-14  0.1000E-09  0.0000E+00  0.2708E+16
   -0.805007    2.93119  0.0000E+00  0.4714E-10  0.1022E-13  0.1000E-09  0.0000E+00  0.2357E+16
   -0.840008    3.08241  0.0000E+00  0.8817E-10  0.1876E-13  0.1000E-09  0.0000E+00  0.1998E+16
   -0.875009    3.23448  0.0000E+00  0.1644E-09  0.3430E-13  0.1000E-09  0.0000E+00  0.1636E+16
   -0.910010    3.38751  0.0000E+00  0.3049E-09  0.6244E-13  0.1285E-09  0.0000E+00  0.1259E+16
   -0.945011    3.54002  0.0000E+00  0.5612E-09  0.1128E-12  0.3306E-09  0.0000E+00  0.8833E+15
   -0.980012    3.69123  0.0000E+00  0.1028E-08  0.2029E-12  0.1016E-08  0.0000E+00  0.5170E+15
   -1.015013    3.84039  0.0000E+00  0.1885E-08  0.3653E-12  0.5652E-08  0.0000E+00  0.1670E+15
   -1.050013    3.98527  0.0000E+00  0.2798E-08  0.5430E-12  0.2801E-05  0.0000E+00 -0.2960E+12
   -1.085013    3.99273  0.0000E+00  0.3461E-08  0.7067E-12  0.5249E-05  0.0000E+00 -0.5442E+12
   -1.120014    3.99683  0.0000E+00  0.4054E-08  0.8845E-12  0.6338E-05  0.0000E+00 -0.6579E+12
   -1.155013    4.00026  0.0000E+00  0.4604E-08  0.1091E-11  0.6804E-05  0.0000E+00 -0.7866E+12
   -1.190013    4.00349  0.0000E+00  0.5125E-08  0.1345E-11  0.6866E-05  0.0000E+00 -0.9680E+12
   -1.225013    4.00677  0.0000E+00  0.5654E-08  0.1703E-11  0.6859E-05  0.0000E+00 -0.1297E+13
   -1.260012    4.01048  0.0000E+00  0.6208E-08  0.2268E-11  0.6725E-05  0.0000E+00 -0.1977E+13
   -1.295011    4.01523  0.0000E+00  0.6773E-08  0.3441E-11  0.5598E-05  0.0000E+00 -0.3911E+13
   -1.330009    4.02286  0.0000E+00  0.6730E-08  0.5516E-11  0.2785E-05  0.0000E+00 -0.9218E+13
   -1.365008    4.03644  0.0000E+00  0.5283E-08  0.1155E-10  0.5734E-06  0.0000E+00 -0.5052E+14
   -1.400006    4.08102  0.0000E+00  0.0000E+00  0.0000E+00  0.0000E+00  0.0000E+00  0.0000E+00
