 1 - depth, m
 2 - temperature, C
 3 - salinity, kg/kg
 4 - turbulent kinetic energy, m**2/s**2
 5 - dissipation rate, m**2/s**3
 6 - kinematic heat conductance, m**2/s
 7 - modulus of horizontal velocity, m/s
 8 - Richardson number, n/d
   -0.000000   17.71294  0.0000E+00  0.5038E-03  0.2184E-02  0.8382E-04  0.2743E+00 -0.2570E-01
   -0.034998   17.92993  0.0000E+00  0.2731E-03  0.1135E-02  0.1228E-03  0.8680E-01  0.2814E+00
   -0.069996   18.01929  0.0000E+00  0.1737E-03  0.3903E-03  0.1949E-03  0.4822E-01  0.4208E+00
   -0.104994   18.05843  0.0000E+00  0.1349E-03  0.2087E-03  0.2163E-03  0.3538E-01  0.2132E+02
   -0.139993   18.07888  0.0000E+00  0.1109E-03  0.1117E-03  0.2477E-03  0.2821E-01  0.3018E+02
   -0.174992   18.08761  0.0000E+00  0.9373E-04  0.6770E-04  0.2663E-03  0.2361E-01  0.1145E+02
   -0.209991   18.09606  0.0000E+00  0.8143E-04  0.4298E-04  0.2981E-03  0.2018E-01  0.7136E+01
   -0.244990   18.10264  0.0000E+00  0.7234E-04  0.2771E-04  0.3290E-03  0.1744E-01  0.1117E+03
   -0.279990   18.10868  0.0000E+00  0.6516E-04  0.1805E-04  0.3505E-03  0.1507E-01  0.2099E+03
   -0.314990   18.11525  0.0000E+00  0.5904E-04  0.1187E-04  0.4026E-03  0.1259E-01  0.1888E+03
   -0.349990   18.11968  0.0000E+00  0.5408E-04  0.7841E-05  0.4537E-03  0.1091E-01  0.6766E+02
   -0.384990   18.12324  0.0000E+00  0.4997E-04  0.5220E-05  0.5115E-03  0.9548E-02  0.2507E+03
   -0.419991   18.12629  0.0000E+00  0.4659E-04  0.3497E-05  0.5608E-03  0.8397E-02  0.1799E+03
   -0.454991   18.12983  0.0000E+00  0.4362E-04  0.2430E-05  0.6078E-03  0.7189E-02  0.1393E+03
   -0.489992   18.13308  0.0000E+00  0.4110E-04  0.1773E-05  0.6349E-03  0.6099E-02  0.2807E+03
   -0.524992   18.13683  0.0000E+00  0.3860E-04  0.1316E-05  0.6756E-03  0.5086E-02  0.7775E+02
   -0.559993   18.13976  0.0000E+00  0.3604E-04  0.1014E-05  0.7218E-03  0.4337E-02 -0.5775E+05
   -0.594994   18.14142  0.0000E+00  0.3308E-04  0.7526E-06  0.7532E-03  0.3806E-02  0.1277E+04
   -0.629995   18.14026  0.0000E+00  0.3052E-04  0.5685E-06  0.8253E-03  0.3499E-02  0.9882E+03
   -0.664996   18.14152  0.0000E+00  0.2839E-04  0.4478E-06  0.8137E-03  0.3192E-02  0.3324E+03
   -0.699997   18.14285  0.0000E+00  0.2654E-04  0.3597E-06  0.8181E-03  0.2877E-02  0.7194E+03
   -0.734998   18.14426  0.0000E+00  0.2494E-04  0.2929E-06  0.8422E-03  0.2583E-02  0.1647E+03
   -0.769999   18.14571  0.0000E+00  0.2347E-04  0.2437E-06  0.8190E-03  0.2313E-02  0.4373E+02
   -0.805000   18.14694  0.0000E+00  0.2209E-04  0.2052E-06  0.8260E-03  0.2045E-02  0.1154E+03
   -0.840001   18.14834  0.0000E+00  0.2089E-04  0.1780E-06  0.8213E-03  0.1810E-02  0.2772E+04
   -0.875002   18.14959  0.0000E+00  0.1980E-04  0.1573E-06  0.8073E-03  0.1603E-02  0.1728E+03
   -0.910003   18.15091  0.0000E+00  0.1880E-04  0.1413E-06  0.8220E-03  0.1411E-02  0.2007E+03
   -0.945004   18.15221  0.0000E+00  0.1786E-04  0.1287E-06  0.7783E-03  0.1248E-02  0.4526E+02
   -0.980004   18.15358  0.0000E+00  0.1693E-04  0.1189E-06  0.7448E-03  0.1083E-02 -0.8081E+02
   -1.015004   18.15501  0.0000E+00  0.1605E-04  0.1124E-06  0.7335E-03  0.9241E-03  0.2287E+02
   -1.050005   18.15646  0.0000E+00  0.1522E-04  0.1095E-06  0.6818E-03  0.7954E-03  0.3744E+03
   -1.085005   18.15806  0.0000E+00  0.1436E-04  0.1106E-06  0.6445E-03  0.6804E-03  0.2019E+03
   -1.120005   18.15985  0.0000E+00  0.1347E-04  0.1191E-06  0.6088E-03  0.5789E-03  0.8503E+04
   -1.155004   18.16203  0.0000E+00  0.1253E-04  0.1415E-06  0.5639E-03  0.4869E-03 -0.1839E+03
   -1.190004   18.16487  0.0000E+00  0.1149E-04  0.1891E-06  0.5059E-03  0.3968E-03  0.3432E+05
   -1.225003   18.16895  0.0000E+00  0.1048E-04  0.2728E-06  0.4474E-03  0.3033E-03  0.6542E+05
   -1.260002   18.17266  0.0000E+00  0.9236E-05  0.5174E-06  0.3552E-03  0.2272E-03 -0.5817E+05
   -1.295000   18.18745  0.0000E+00  0.7933E-05  0.1026E-05  0.3513E-03  0.1524E-03  0.1589E+06
   -1.329999   18.17610  0.0000E+00  0.6377E-05  0.2558E-05  0.1896E-03  0.1392E-03  0.3313E+07
   -1.364997   18.21730  0.0000E+00  0.4672E-05  0.4502E-05  0.1775E-03  0.8409E-04 -0.1659E+08
   -1.399995   18.22141  0.0000E+00  0.0000E+00  0.0000E+00  0.0000E+00  0.1701E-03  0.0000E+00
