 1 - depth, m
 2 - temperature, C
 3 - salinity, kg/kg
 4 - turbulent kinetic energy, m**2/s**2
 5 - dissipation rate, m**2/s**3
 6 - kinematic heat conductance, m**2/s
 7 - modulus of horizontal velocity, m/s
 8 - Richardson number, n/d
   -0.000000    9.59160  0.0000E+00  0.8631E-03  0.3522E-02  0.9139E-04  0.3987E+00  0.4946E-03
   -0.034998    9.55310  0.0000E+00  0.4608E-03  0.1684E-02  0.1937E-03  0.1186E+00  0.1209E-01
   -0.069996    9.53997  0.0000E+00  0.2894E-03  0.3388E-03  0.2526E-03  0.6786E-01  0.2202E-01
   -0.104995    9.53337  0.0000E+00  0.2254E-03  0.1947E-03  0.2701E-03  0.5085E-01  0.2944E-02
   -0.139994    9.53000  0.0000E+00  0.1859E-03  0.1226E-03  0.2699E-03  0.4183E-01  0.4441E-01
   -0.174993    9.52801  0.0000E+00  0.1578E-03  0.7869E-04  0.2721E-03  0.3541E-01  0.9506E-02
   -0.209992    9.52649  0.0000E+00  0.1353E-03  0.5100E-04  0.2777E-03  0.3027E-01  0.2141E-02
   -0.244992    9.52536  0.0000E+00  0.1187E-03  0.3355E-04  0.2783E-03  0.2628E-01 -0.2240E-02
   -0.279992    9.52453  0.0000E+00  0.1057E-03  0.2258E-04  0.2767E-03  0.2268E-01  0.3288E-01
   -0.314992    9.52431  0.0000E+00  0.9396E-04  0.1552E-04  0.2863E-03  0.1884E-01  0.1414E-01
   -0.349992    9.52387  0.0000E+00  0.8443E-04  0.1081E-04  0.2906E-03  0.1627E-01  0.3120E+00
   -0.384993    9.52340  0.0000E+00  0.7647E-04  0.7612E-05  0.2943E-03  0.1422E-01  0.6415E+01
   -0.419993    9.52290  0.0000E+00  0.6981E-04  0.5456E-05  0.2940E-03  0.1255E-01 -0.1611E+01
   -0.454994    9.52270  0.0000E+00  0.6408E-04  0.4015E-05  0.2895E-03  0.1090E-01  0.6564E+02
   -0.489995    9.52291  0.0000E+00  0.5899E-04  0.3069E-05  0.2888E-03  0.9225E-02  0.3740E+02
   -0.524996    9.52379  0.0000E+00  0.5415E-04  0.2412E-05  0.2966E-03  0.7721E-02 -0.6924E+01
   -0.559997    9.52408  0.0000E+00  0.4950E-04  0.1917E-05  0.3016E-03  0.6681E-02  0.2586E+05
   -0.594998    9.52336  0.0000E+00  0.4447E-04  0.1477E-05  0.2935E-03  0.6001E-02  0.7434E+04
   -0.630000    9.51987  0.0000E+00  0.3981E-04  0.1136E-05  0.2840E-03  0.5668E-02  0.4227E+05
   -0.665001    9.51855  0.0000E+00  0.3579E-04  0.8863E-06  0.2745E-03  0.5221E-02  0.2579E+06
   -0.700002    9.51757  0.0000E+00  0.3229E-04  0.7011E-06  0.2678E-03  0.4742E-02  0.1286E+06
   -0.735003    9.51678  0.0000E+00  0.2924E-04  0.5615E-06  0.2623E-03  0.4279E-02  0.2923E+05
   -0.770005    9.51606  0.0000E+00  0.2653E-04  0.4545E-06  0.2571E-03  0.3854E-02  0.7482E+04
   -0.805006    9.51537  0.0000E+00  0.2413E-04  0.3711E-06  0.2529E-03  0.3465E-02  0.1362E+05
   -0.840007    9.51477  0.0000E+00  0.2201E-04  0.3059E-06  0.2502E-03  0.3103E-02  0.2757E+05
   -0.875008    9.51426  0.0000E+00  0.2011E-04  0.2545E-06  0.2476E-03  0.2774E-02  0.5950E+05
   -0.910009    9.51384  0.0000E+00  0.1843E-04  0.2136E-06  0.2467E-03  0.2475E-02  0.8893E+05
   -0.945010    9.51353  0.0000E+00  0.1694E-04  0.1809E-06  0.2464E-03  0.2195E-02 -0.1729E+05
   -0.980011    9.51333  0.0000E+00  0.1563E-04  0.1549E-06  0.2460E-03  0.1935E-02  0.3879E+06
   -1.015012    9.51323  0.0000E+00  0.1447E-04  0.1344E-06  0.2452E-03  0.1693E-02  0.3614E+07
   -1.050012    9.51321  0.0000E+00  0.1341E-04  0.1183E-06  0.2450E-03  0.1475E-02  0.5943E+08
   -1.085012    9.51326  0.0000E+00  0.1245E-04  0.1060E-06  0.2463E-03  0.1281E-02  0.9414E+08
   -1.120012    9.51337  0.0000E+00  0.1157E-04  0.9743E-07  0.2482E-03  0.1109E-02  0.5041E+09
   -1.155012    9.51359  0.0000E+00  0.1077E-04  0.9320E-07  0.2463E-03  0.9484E-03  0.5466E+09
   -1.190012    9.51392  0.0000E+00  0.1004E-04  0.9443E-07  0.2401E-03  0.7973E-03  0.4495E+09
   -1.225011    9.51439  0.0000E+00  0.9326E-05  0.1046E-06  0.2295E-03  0.6537E-03  0.1059E+10
   -1.260011    9.51503  0.0000E+00  0.8538E-05  0.1341E-06  0.2105E-03  0.5227E-03  0.1377E+11
   -1.295010    9.51597  0.0000E+00  0.7397E-05  0.2248E-06  0.1734E-03  0.4118E-03  0.1958E+10
   -1.330008    9.51744  0.0000E+00  0.5958E-05  0.4485E-06  0.1142E-03  0.3481E-03 -0.3258E+12
   -1.365006    9.52113  0.0000E+00  0.3883E-05  0.9030E-06  0.4596E-04  0.2646E-03 -0.2698E+13
   -1.400004    9.54464  0.0000E+00  0.0000E+00  0.0000E+00  0.0000E+00  0.3636E-03  0.0000E+00
