 1 - depth, m
 2 - temperature, C
 3 - salinity, kg/kg
 4 - turbulent kinetic energy, m**2/s**2
 5 - dissipation rate, m**2/s**3
 6 - kinematic heat conductance, m**2/s
 7 - modulus of horizontal velocity, m/s
 8 - Richardson number, n/d
   -0.000000   15.24136  0.0000E+00  0.3797E-03  0.8291E-03  0.7244E-04  0.2303E+00  0.1127E-01
   -0.034998   15.35464  0.0000E+00  0.2054E-03  0.3304E-03  0.1272E-03  0.7209E-01 -0.2093E-01
   -0.069996   15.38772  0.0000E+00  0.1404E-03  0.1034E-03  0.1651E-03  0.4332E-01 -0.8546E-01
   -0.104994   15.40264  0.0000E+00  0.1107E-03  0.5587E-04  0.1766E-03  0.3336E-01 -0.1756E-01
   -0.139993   15.41040  0.0000E+00  0.9222E-04  0.3463E-04  0.1868E-03  0.2743E-01 -0.3888E-01
   -0.174992   15.41616  0.0000E+00  0.7917E-04  0.2214E-04  0.1972E-03  0.2316E-01 -0.3309E-01
   -0.209991   15.42081  0.0000E+00  0.6929E-04  0.1416E-04  0.2095E-03  0.1980E-01  0.2118E+00
   -0.244991   15.42479  0.0000E+00  0.6169E-04  0.9031E-05  0.2218E-03  0.1705E-01  0.9589E-01
   -0.279990   15.42827  0.0000E+00  0.5553E-04  0.5767E-05  0.2289E-03  0.1466E-01  0.2879E+01
   -0.314990   15.43327  0.0000E+00  0.5000E-04  0.3704E-05  0.2540E-03  0.1223E-01  0.2099E+02
   -0.349990   15.43633  0.0000E+00  0.4538E-04  0.2417E-05  0.2742E-03  0.1048E-01  0.4011E+02
   -0.384991   15.43909  0.0000E+00  0.4150E-04  0.1620E-05  0.3009E-03  0.9053E-02  0.2436E+02
   -0.419991   15.44149  0.0000E+00  0.3824E-04  0.1133E-05  0.3341E-03  0.7848E-02  0.3794E+02
   -0.454992   15.44389  0.0000E+00  0.3547E-04  0.8329E-06  0.3761E-03  0.6730E-02  0.1319E+03
   -0.489993   15.44629  0.0000E+00  0.3306E-04  0.6459E-06  0.4154E-03  0.5676E-02  0.1707E+02
   -0.524993   15.44886  0.0000E+00  0.3072E-04  0.5206E-06  0.4530E-03  0.4724E-02  0.3084E+02
   -0.559994   15.45078  0.0000E+00  0.2834E-04  0.4251E-06  0.5003E-03  0.4001E-02 -0.1579E+03
   -0.594995   15.45212  0.0000E+00  0.2569E-04  0.3399E-06  0.5363E-03  0.3483E-02  0.8199E+03
   -0.629996   15.45206  0.0000E+00  0.2337E-04  0.2753E-06  0.5600E-03  0.3166E-02  0.8639E+03
   -0.664997   15.45303  0.0000E+00  0.2142E-04  0.2271E-06  0.5736E-03  0.2854E-02  0.3329E+04
   -0.699998   15.45404  0.0000E+00  0.1973E-04  0.1904E-06  0.6035E-03  0.2556E-02  0.1080E+03
   -0.735000   15.45499  0.0000E+00  0.1824E-04  0.1613E-06  0.6055E-03  0.2276E-02  0.3295E+02
   -0.770001   15.45591  0.0000E+00  0.1696E-04  0.1383E-06  0.6302E-03  0.2014E-02  0.2438E+02
   -0.805002   15.45681  0.0000E+00  0.1585E-04  0.1198E-06  0.6316E-03  0.1789E-02  0.1236E+03
   -0.840003   15.45769  0.0000E+00  0.1482E-04  0.1041E-06  0.6220E-03  0.1580E-02  0.2963E+02
   -0.875003   15.45858  0.0000E+00  0.1385E-04  0.9089E-07  0.6246E-03  0.1376E-02  0.5905E+02
   -0.910004   15.45946  0.0000E+00  0.1298E-04  0.8022E-07  0.6209E-03  0.1196E-02  0.1928E+02
   -0.945005   15.46037  0.0000E+00  0.1220E-04  0.7176E-07  0.6125E-03  0.1031E-02  0.3813E+02
   -0.980006   15.46130  0.0000E+00  0.1148E-04  0.6526E-07  0.5979E-03  0.8805E-03  0.2867E+02
   -1.015006   15.46226  0.0000E+00  0.1083E-04  0.6053E-07  0.5808E-03  0.7431E-03  0.3842E+02
   -1.050006   15.46327  0.0000E+00  0.1022E-04  0.5745E-07  0.5586E-03  0.6245E-03  0.3865E+02
   -1.085007   15.46434  0.0000E+00  0.9672E-05  0.5614E-07  0.5335E-03  0.5256E-03  0.6020E+02
   -1.120006   15.46547  0.0000E+00  0.9156E-05  0.5722E-07  0.5013E-03  0.4449E-03  0.8319E+02
   -1.155006   15.46677  0.0000E+00  0.8633E-05  0.6253E-07  0.4774E-03  0.3743E-03  0.7991E+02
   -1.190006   15.46833  0.0000E+00  0.8043E-05  0.7644E-07  0.4229E-03  0.3077E-03  0.1315E+03
   -1.225005   15.47073  0.0000E+00  0.7380E-05  0.1040E-06  0.3883E-03  0.2365E-03  0.3666E+04
   -1.260004   15.47316  0.0000E+00  0.6518E-05  0.1750E-06  0.2960E-03  0.1766E-03 -0.2860E+04
   -1.295003   15.48105  0.0000E+00  0.5533E-05  0.3341E-06  0.2818E-03  0.1168E-03  0.2696E+05
   -1.330001   15.47695  0.0000E+00  0.4432E-05  0.8163E-06  0.1461E-03  0.1058E-03 -0.9917E+05
   -1.364999   15.50238  0.0000E+00  0.3111E-05  0.1625E-05  0.1186E-03  0.6253E-04 -0.4289E+08
   -1.399997   15.50787  0.0000E+00  0.0000E+00  0.0000E+00  0.0000E+00  0.1215E-03  0.0000E+00
