 1 - depth, m
 2 - temperature, C
 3 - salinity, kg/kg
 4 - turbulent kinetic energy, m**2/s**2
 5 - dissipation rate, m**2/s**3
 6 - kinematic heat conductance, m**2/s
 7 - modulus of horizontal velocity, m/s
 8 - Richardson number, n/d
   -0.000000    0.99894  0.0000E+00  0.3821E-04  0.9982E-05  0.2727E-04  0.4216E-01  0.5175E-03
   -0.034998    0.99667  0.0000E+00  0.2441E-04  0.3231E-05  0.4145E-04  0.1983E-01 -0.1203E-01
   -0.069996    0.99743  0.0000E+00  0.1884E-04  0.1323E-05  0.5044E-04  0.1473E-01  0.2924E-02
   -0.104994    0.99809  0.0000E+00  0.1533E-04  0.6639E-06  0.5721E-04  0.1169E-01  0.5776E-02
   -0.139993    0.99868  0.0000E+00  0.1284E-04  0.3809E-06  0.6271E-04  0.9466E-02  0.9173E-02
   -0.174992    0.99925  0.0000E+00  0.1096E-04  0.2408E-06  0.6692E-04  0.7726E-02  0.1405E-01
   -0.209992    0.99982  0.0000E+00  0.9500E-05  0.1632E-06  0.6962E-04  0.6319E-02  0.2048E-01
   -0.244991    1.00041  0.0000E+00  0.8300E-05  0.1163E-06  0.7055E-04  0.5140E-02  0.2824E-01
   -0.279991    1.00105  0.0000E+00  0.7238E-05  0.8542E-07  0.6885E-04  0.4113E-02  0.3520E-01
   -0.314991    1.00178  0.0000E+00  0.6198E-05  0.6284E-07  0.6959E-04  0.3166E-02  0.7217E-01
   -0.349991    1.00255  0.0000E+00  0.5282E-05  0.4668E-07  0.6857E-04  0.2441E-02  0.1601E+00
   -0.384992    1.00342  0.0000E+00  0.4507E-05  0.3513E-07  0.6648E-04  0.1881E-02  0.4171E+00
   -0.419992    1.00448  0.0000E+00  0.3869E-05  0.2690E-07  0.6294E-04  0.1444E-02  0.1112E+01
   -0.454993    1.00602  0.0000E+00  0.3341E-05  0.2096E-07  0.5913E-04  0.1072E-02  0.6074E+01
   -0.489994    1.01050  0.0000E+00  0.2906E-05  0.1665E-07  0.5635E-04  0.7469E-03  0.2679E+03
   -0.524995    1.02360  0.0000E+00  0.2535E-05  0.1334E-07  0.5595E-04  0.4830E-03  0.5718E+05
   -0.559996    1.03786  0.0000E+00  0.2211E-05  0.1069E-07  0.5545E-04  0.3193E-03  0.1523E+07
   -0.594997    1.04068  0.0000E+00  0.1883E-05  0.8274E-08  0.6047E-04  0.2282E-03 -0.2301E+09
   -0.629998    1.04066  0.0000E+00  0.1599E-05  0.6390E-08  0.5571E-04  0.1862E-03 -0.2867E+09
   -0.664999    1.04080  0.0000E+00  0.1361E-05  0.4972E-08  0.4970E-04  0.1499E-03 -0.3746E+09
   -0.700000    1.04140  0.0000E+00  0.1161E-05  0.3897E-08  0.4322E-04  0.1187E-03  0.4479E+09
   -0.735001    1.04325  0.0000E+00  0.9924E-06  0.3071E-08  0.3846E-04  0.9264E-04  0.5827E+11
   -0.770002    1.04713  0.0000E+00  0.8490E-06  0.2433E-08  0.3535E-04  0.7146E-04  0.3178E+13
   -0.805003    1.05189  0.0000E+00  0.7277E-06  0.1936E-08  0.3229E-04  0.5470E-04  0.1274E+15
   -0.840004    1.05725  0.0000E+00  0.6247E-06  0.1548E-08  0.2927E-04  0.4149E-04  0.1803E+15
   -0.875005    1.06314  0.0000E+00  0.5363E-06  0.1242E-08  0.2636E-04  0.3118E-04  0.1875E+15
   -0.910006    1.06889  0.0000E+00  0.4594E-06  0.9986E-09  0.2301E-04  0.2341E-04  0.2793E+15
   -0.945007    1.07726  0.0000E+00  0.3923E-06  0.8054E-09  0.1944E-04  0.1729E-04  0.4244E+15
   -0.980008    1.08993  0.0000E+00  0.3327E-06  0.6499E-09  0.1575E-04  0.1241E-04  0.6074E+15
   -1.015008    1.10848  0.0000E+00  0.2804E-06  0.5246E-09  0.1265E-04  0.8478E-05  0.6371E+15
   -1.050009    1.12771  0.0000E+00  0.2349E-06  0.4234E-09  0.9823E-05  0.5631E-05  0.6623E+15
   -1.085009    1.14719  0.0000E+00  0.1947E-06  0.3408E-09  0.7391E-05  0.3660E-05  0.1077E+16
   -1.120009    1.17920  0.0000E+00  0.1580E-06  0.2715E-09  0.4596E-05  0.2392E-05  0.1831E+16
   -1.155009    1.23688  0.0000E+00  0.1227E-06  0.2098E-09  0.2320E-05  0.1464E-05  0.2819E+16
   -1.190008    1.33071  0.0000E+00  0.8697E-07  0.1512E-09  0.9799E-06  0.7658E-06  0.3911E+16
   -1.225008    1.47425  0.0000E+00  0.5763E-07  0.1026E-09  0.2815E-06  0.3030E-06  0.4921E+16
   -1.260007    1.65842  0.0000E+00  0.3375E-07  0.6141E-10  0.4501E-07  0.7031E-07  0.5490E+16
   -1.295005    1.87234  0.0000E+00  0.1361E-07  0.2568E-10  0.1168E-07  0.5640E-08  0.5200E+16
   -1.330004    2.06786  0.0000E+00  0.3782E-08  0.8125E-11  0.1564E-08  0.4220E-09  0.5660E+16
   -1.365002    2.29598  0.0000E+00  0.7280E-09  0.3363E-11  0.5384E-09  0.1698E-10  0.4721E+16
   -1.400000    2.48800  0.0000E+00  0.0000E+00  0.0000E+00  0.0000E+00  0.1954E-10  0.0000E+00
