 1 - depth, m
 2 - temperature, C
 3 - salinity, kg/kg
 4 - turbulent kinetic energy, m**2/s**2
 5 - dissipation rate, m**2/s**3
 6 - kinematic heat conductance, m**2/s
 7 - modulus of horizontal velocity, m/s
 8 - Richardson number, n/d
   -0.000000    0.00000  0.0000E+00  0.4702E-13  0.1132E-15  0.1000E-09  0.0000E+00  0.1440E+17
   -0.034998    0.22272  0.0000E+00  0.4702E-13  0.1132E-15  0.1000E-09  0.0000E+00  0.1351E+17
   -0.069996    0.44512  0.0000E+00  0.4702E-13  0.1132E-15  0.1000E-09  0.0000E+00  0.1256E+17
   -0.104994    0.66618  0.0000E+00  0.4702E-13  0.1132E-15  0.1000E-09  0.0000E+00  0.1150E+17
   -0.139993    0.88316  0.0000E+00  0.4702E-13  0.1132E-15  0.1000E-09  0.0000E+00  0.1040E+17
   -0.174991    1.09415  0.0000E+00  0.5130E-13  0.1132E-15  0.1000E-09  0.0000E+00  0.9337E+16
   -0.209991    1.29836  0.0000E+00  0.1048E-12  0.1132E-15  0.1000E-09  0.0000E+00  0.8319E+16
   -0.244990    1.49505  0.0000E+00  0.2993E-12  0.1181E-15  0.1000E-09  0.0000E+00  0.7359E+16
   -0.279990    1.68362  0.0000E+00  0.6875E-12  0.1448E-15  0.1000E-09  0.0000E+00  0.6463E+16
   -0.314989    1.86358  0.0000E+00  0.1324E-11  0.2207E-15  0.1000E-09  0.0000E+00  0.5683E+16
   -0.349989    2.03599  0.0000E+00  0.2356E-11  0.3583E-15  0.1000E-09  0.0000E+00  0.4960E+16
   -0.384990    2.20048  0.0000E+00  0.4038E-11  0.5889E-15  0.1000E-09  0.0000E+00  0.4290E+16
   -0.419990    2.35650  0.0000E+00  0.6774E-11  0.9648E-15  0.1000E-09  0.0000E+00  0.3698E+16
   -0.454990    2.50450  0.0000E+00  0.1123E-10  0.1573E-14  0.1000E-09  0.0000E+00  0.3192E+16
   -0.489991    2.64566  0.0000E+00  0.1853E-10  0.2557E-14  0.1000E-09  0.0000E+00  0.2765E+16
   -0.524992    2.78155  0.0000E+00  0.3175E-10  0.4320E-14  0.1000E-09  0.0000E+00  0.2514E+16
   -0.559992    2.92036  0.0000E+00  0.5703E-10  0.7653E-14  0.1000E-09  0.0000E+00  0.2322E+16
   -0.594993    3.06739  0.0000E+00  0.1088E-09  0.1440E-13  0.1000E-09  0.0000E+00  0.2076E+16
   -0.629994    3.22285  0.0000E+00  0.1901E-09  0.2487E-13  0.1000E-09  0.0000E+00  0.1590E+16
   -0.664995    3.36819  0.0000E+00  0.3166E-09  0.4096E-13  0.1019E-09  0.0000E+00  0.1171E+16
   -0.699996    3.50268  0.0000E+00  0.5179E-09  0.6622E-13  0.2089E-09  0.0000E+00  0.8186E+15
   -0.734997    3.62570  0.0000E+00  0.8431E-09  0.1065E-12  0.5084E-09  0.0000E+00  0.5399E+15
   -0.769998    3.73851  0.0000E+00  0.1370E-08  0.1710E-12  0.1356E-08  0.0000E+00  0.3247E+15
   -0.804999    3.84469  0.0000E+00  0.2220E-08  0.2738E-12  0.5200E-08  0.0000E+00  0.1420E+15
   -0.840000    3.94159  0.0000E+00  0.3417E-08  0.4197E-12  0.7531E-06  0.0000E+00  0.1901E+14
   -0.875001    3.99713  0.0000E+00  0.3972E-08  0.4921E-12  0.1112E-04  0.0000E+00 -0.2083E+12
   -0.910001    3.99843  0.0000E+00  0.4293E-08  0.5414E-12  0.1197E-04  0.0000E+00 -0.2198E+12
   -0.945002    3.99961  0.0000E+00  0.4594E-08  0.5955E-12  0.1244E-04  0.0000E+00 -0.2334E+12
   -0.980003    4.00074  0.0000E+00  0.4880E-08  0.6565E-12  0.1260E-04  0.0000E+00 -0.2510E+12
   -1.015003    4.00185  0.0000E+00  0.5160E-08  0.7275E-12  0.1270E-04  0.0000E+00 -0.2768E+12
   -1.050003    4.00298  0.0000E+00  0.5439E-08  0.8131E-12  0.1262E-04  0.0000E+00 -0.3121E+12
   -1.085003    4.00417  0.0000E+00  0.5720E-08  0.9192E-12  0.1245E-04  0.0000E+00 -0.3632E+12
   -1.120003    4.00545  0.0000E+00  0.6000E-08  0.1052E-11  0.1165E-04  0.0000E+00 -0.4270E+12
   -1.155002    4.00684  0.0000E+00  0.6285E-08  0.1224E-11  0.1062E-04  0.0000E+00 -0.5187E+12
   -1.190002    4.00842  0.0000E+00  0.6586E-08  0.1460E-11  0.9538E-05  0.0000E+00 -0.6634E+12
   -1.225001    4.01028  0.0000E+00  0.6940E-08  0.1824E-11  0.8846E-05  0.0000E+00 -0.9557E+12
   -1.260000    4.01272  0.0000E+00  0.7368E-08  0.2449E-11  0.8256E-05  0.0000E+00 -0.1612E+13
   -1.294998    4.01638  0.0000E+00  0.7866E-08  0.3876E-11  0.6482E-05  0.0000E+00 -0.3670E+13
   -1.329997    4.02336  0.0000E+00  0.7828E-08  0.6687E-11  0.2998E-05  0.0000E+00 -0.9897E+13
   -1.364995    4.03764  0.0000E+00  0.6494E-08  0.1528E-10  0.6891E-06  0.0000E+00 -0.6145E+14
   -1.399992    4.08871  0.0000E+00  0.0000E+00  0.0000E+00  0.0000E+00  0.0000E+00  0.0000E+00
