 1 - depth, m
 2 - temperature, C
 3 - salinity, kg/kg
 4 - turbulent kinetic energy, m**2/s**2
 5 - dissipation rate, m**2/s**3
 6 - kinematic heat conductance, m**2/s
 7 - modulus of horizontal velocity, m/s
 8 - Richardson number, n/d
   -0.000000   18.56209  0.0000E+00  0.3607E-04  0.5861E-05  0.2591E-04  0.3935E-01 -0.2736E-01
   -0.034998   18.61030  0.0000E+00  0.2567E-04  0.1801E-05  0.4858E-04  0.1938E-01 -0.4162E-01
   -0.069996   18.62503  0.0000E+00  0.2134E-04  0.8782E-06  0.7037E-04  0.1426E-01 -0.7351E-01
   -0.104994   18.63459  0.0000E+00  0.1871E-04  0.5162E-06  0.9393E-04  0.1123E-01 -0.1118E+00
   -0.139993   18.64169  0.0000E+00  0.1692E-04  0.3393E-06  0.1246E-03  0.9142E-02 -0.2517E-01
   -0.174991   18.64712  0.0000E+00  0.1571E-04  0.2437E-06  0.2315E-03  0.7611E-02  0.1486E+03
   -0.209991   18.65053  0.0000E+00  0.1492E-04  0.1886E-06  0.3694E-03  0.6503E-02  0.1348E+03
   -0.244990   18.65256  0.0000E+00  0.1438E-04  0.1532E-06  0.3780E-03  0.5615E-02  0.2308E+03
   -0.279990   18.65439  0.0000E+00  0.1394E-04  0.1277E-06  0.3970E-03  0.4768E-02  0.1925E+04
   -0.314989   18.65609  0.0000E+00  0.1350E-04  0.1080E-06  0.4176E-03  0.3982E-02  0.1234E+03
   -0.349989   18.65769  0.0000E+00  0.1309E-04  0.9238E-07  0.4377E-03  0.3309E-02  0.7887E+01
   -0.384990   18.65919  0.0000E+00  0.1272E-04  0.7995E-07  0.4591E-03  0.2732E-02  0.3943E+01
   -0.419990   18.66063  0.0000E+00  0.1239E-04  0.7010E-07  0.4752E-03  0.2237E-02  0.3555E+01
   -0.454990   18.66201  0.0000E+00  0.1209E-04  0.6220E-07  0.4929E-03  0.1788E-02  0.3402E+01
   -0.489991   18.66335  0.0000E+00  0.1178E-04  0.5581E-07  0.5098E-03  0.1377E-02  0.2928E+01
   -0.524992   18.66464  0.0000E+00  0.1143E-04  0.5023E-07  0.5521E-03  0.1011E-02  0.1791E+01
   -0.559992   18.66578  0.0000E+00  0.1108E-04  0.4535E-07  0.6304E-03  0.7491E-03  0.1160E+01
   -0.594993   18.66669  0.0000E+00  0.1073E-04  0.4105E-07  0.7989E-03  0.5897E-03  0.8432E+00
   -0.629994   18.66734  0.0000E+00  0.1047E-04  0.3813E-07  0.8725E-03  0.5087E-03  0.8952E+00
   -0.664995   18.66793  0.0000E+00  0.1027E-04  0.3604E-07  0.8832E-03  0.4487E-03  0.8963E+00
   -0.699996   18.66851  0.0000E+00  0.1009E-04  0.3444E-07  0.8944E-03  0.3950E-03  0.9126E+00
   -0.734997   18.66909  0.0000E+00  0.9925E-05  0.3325E-07  0.8992E-03  0.3483E-03  0.9152E+00
   -0.769998   18.66968  0.0000E+00  0.9778E-05  0.3244E-07  0.8951E-03  0.3085E-03  0.9042E+00
   -0.804999   18.67026  0.0000E+00  0.9642E-05  0.3194E-07  0.8818E-03  0.2749E-03  0.8887E+00
   -0.840000   18.67086  0.0000E+00  0.9516E-05  0.3171E-07  0.8635E-03  0.2467E-03  0.8714E+00
   -0.875001   18.67148  0.0000E+00  0.9397E-05  0.3173E-07  0.8428E-03  0.2230E-03  0.8764E+00
   -0.910001   18.67213  0.0000E+00  0.9279E-05  0.3198E-07  0.8192E-03  0.2029E-03  0.9559E+00
   -0.945002   18.67280  0.0000E+00  0.9159E-05  0.3250E-07  0.7923E-03  0.1851E-03  0.1111E+01
   -0.980003   18.67352  0.0000E+00  0.9030E-05  0.3333E-07  0.7566E-03  0.1686E-03  0.1370E+01
   -1.015003   18.67429  0.0000E+00  0.8885E-05  0.3460E-07  0.7217E-03  0.1530E-03  0.1782E+01
   -1.050003   18.67512  0.0000E+00  0.8716E-05  0.3653E-07  0.6712E-03  0.1383E-03  0.2596E+01
   -1.085003   18.67604  0.0000E+00  0.8510E-05  0.3950E-07  0.6335E-03  0.1241E-03  0.4146E+01
   -1.120003   18.67707  0.0000E+00  0.8252E-05  0.4430E-07  0.5702E-03  0.1107E-03 -0.1263E+03
   -1.155003   18.67840  0.0000E+00  0.7924E-05  0.5188E-07  0.5364E-03  0.9623E-04  0.5365E+01
   -1.190002   18.68003  0.0000E+00  0.7485E-05  0.6528E-07  0.4567E-03  0.8141E-04 -0.4740E+03
   -1.225001   18.68278  0.0000E+00  0.6962E-05  0.8678E-07  0.4152E-03  0.6350E-04  0.3484E+05
   -1.260000   18.68532  0.0000E+00  0.6192E-05  0.1458E-06  0.3042E-03  0.4870E-04 -0.7312E+06
   -1.294998   18.69629  0.0000E+00  0.5248E-05  0.2738E-06  0.3051E-03  0.3173E-04  0.8124E+06
   -1.329997   18.68913  0.0000E+00  0.4192E-05  0.6271E-06  0.1409E-03  0.2851E-04 -0.1522E+06
   -1.364995   18.72175  0.0000E+00  0.3050E-05  0.1331E-05  0.1384E-03  0.1669E-04 -0.3798E+06
   -1.399992   18.72396  0.0000E+00  0.0000E+00  0.0000E+00  0.0000E+00  0.3088E-04  0.0000E+00
