 1 - depth, m
 2 - temperature, C
 3 - salinity, kg/kg
 4 - turbulent kinetic energy, m**2/s**2
 5 - dissipation rate, m**2/s**3
 6 - kinematic heat conductance, m**2/s
 7 - modulus of horizontal velocity, m/s
 8 - Richardson number, n/d
   -0.000000   18.40552  0.0000E+00  0.8582E-04  0.3195E-04  0.3685E-04  0.6660E-01  0.2708E+03
   -0.034998   18.51127  0.0000E+00  0.5064E-04  0.8371E-05  0.8869E-04  0.2251E-01  0.1984E+04
   -0.069996   18.52953  0.0000E+00  0.3881E-04  0.3986E-05  0.1215E-03  0.1598E-01  0.1359E+02
   -0.104994   18.54009  0.0000E+00  0.3235E-04  0.2292E-05  0.1531E-03  0.1310E-01  0.2961E+01
   -0.139993   18.54746  0.0000E+00  0.2790E-04  0.1408E-05  0.1904E-03  0.1104E-01  0.2074E+02
   -0.174992   18.55309  0.0000E+00  0.2470E-04  0.9105E-06  0.2318E-03  0.9403E-02  0.6975E+01
   -0.209991   18.55761  0.0000E+00  0.2233E-04  0.6189E-06  0.2728E-03  0.8055E-02  0.2269E+03
   -0.244991   18.56140  0.0000E+00  0.2054E-04  0.4413E-06  0.3278E-03  0.6898E-02  0.2958E+03
   -0.279991   18.56449  0.0000E+00  0.1911E-04  0.3289E-06  0.3818E-03  0.5886E-02  0.2954E+03
   -0.314991   18.56701  0.0000E+00  0.1788E-04  0.2542E-06  0.4324E-03  0.4963E-02  0.4341E+03
   -0.349991   18.56904  0.0000E+00  0.1685E-04  0.2025E-06  0.4709E-03  0.4186E-02  0.1765E+03
   -0.384991   18.57077  0.0000E+00  0.1596E-04  0.1651E-06  0.5035E-03  0.3519E-02  0.4683E+02
   -0.419992   18.57230  0.0000E+00  0.1521E-04  0.1378E-06  0.5289E-03  0.2938E-02  0.5715E+02
   -0.454992   18.57369  0.0000E+00  0.1457E-04  0.1176E-06  0.5508E-03  0.2408E-02  0.3108E+02
   -0.489993   18.57498  0.0000E+00  0.1399E-04  0.1023E-06  0.5669E-03  0.1920E-02  0.1137E+02
   -0.524994   18.57620  0.0000E+00  0.1341E-04  0.8938E-07  0.5999E-03  0.1476E-02  0.3197E+01
   -0.559995   18.57736  0.0000E+00  0.1282E-04  0.7788E-07  0.6501E-03  0.1136E-02  0.1872E+01
   -0.594996   18.57847  0.0000E+00  0.1220E-04  0.6696E-07  0.7368E-03  0.9079E-03  0.2048E+01
   -0.629997   18.57947  0.0000E+00  0.1170E-04  0.5881E-07  0.7769E-03  0.7831E-03  0.5220E+01
   -0.664998   18.58039  0.0000E+00  0.1129E-04  0.5256E-07  0.7803E-03  0.6817E-03  0.2482E+01
   -0.699999   18.58129  0.0000E+00  0.1092E-04  0.4752E-07  0.7895E-03  0.5871E-03  0.3088E+01
   -0.735000   18.58215  0.0000E+00  0.1057E-04  0.4338E-07  0.7868E-03  0.5027E-03  0.2934E+01
   -0.770001   18.58300  0.0000E+00  0.1029E-04  0.4053E-07  0.8428E-03  0.4251E-03  0.9645E+01
   -0.805002   18.58378  0.0000E+00  0.1011E-04  0.3903E-07  0.8301E-03  0.3730E-03  0.2300E+02
   -0.840003   18.58452  0.0000E+00  0.9946E-05  0.3797E-07  0.8090E-03  0.3447E-03  0.4593E+01
   -0.875004   18.58528  0.0000E+00  0.9774E-05  0.3717E-07  0.9056E-03  0.3079E-03  0.1260E+02
   -0.910005   18.58595  0.0000E+00  0.9612E-05  0.3675E-07  0.7264E-03  0.2853E-03  0.4958E+02
   -0.945006   18.58675  0.0000E+00  0.9423E-05  0.3653E-07  0.7588E-03  0.2624E-03  0.6460E+01
   -0.980006   18.58750  0.0000E+00  0.9187E-05  0.3661E-07  0.7240E-03  0.2316E-03  0.8040E+01
   -1.015007   18.58827  0.0000E+00  0.8953E-05  0.3724E-07  0.6880E-03  0.2045E-03  0.8538E+01
   -1.050007   18.58909  0.0000E+00  0.8707E-05  0.3868E-07  0.6432E-03  0.1812E-03  0.1338E+02
   -1.085007   18.58996  0.0000E+00  0.8432E-05  0.4123E-07  0.6085E-03  0.1606E-03  0.1699E+02
   -1.120007   18.59090  0.0000E+00  0.8109E-05  0.4578E-07  0.5568E-03  0.1422E-03  0.2852E+01
   -1.155007   18.59206  0.0000E+00  0.7717E-05  0.5329E-07  0.5190E-03  0.1231E-03  0.2018E+04
   -1.190007   18.59347  0.0000E+00  0.7217E-05  0.6631E-07  0.4478E-03  0.1032E-03 -0.1428E+04
   -1.225006   18.59567  0.0000E+00  0.6644E-05  0.8858E-07  0.4041E-03  0.8021E-04  0.8215E+05
   -1.260005   18.59765  0.0000E+00  0.5836E-05  0.1511E-06  0.2979E-03  0.6132E-04 -0.7357E+05
   -1.295004   18.60599  0.0000E+00  0.4909E-05  0.2813E-06  0.2998E-03  0.4020E-04  0.1266E+07
   -1.330002   18.60007  0.0000E+00  0.3872E-05  0.6438E-06  0.1428E-03  0.3702E-04 -0.2655E+06
   -1.365000   18.62378  0.0000E+00  0.2775E-05  0.1345E-05  0.1417E-03  0.2149E-04  0.1491E+07
   -1.399998   18.62309  0.0000E+00  0.0000E+00  0.0000E+00  0.0000E+00  0.4167E-04  0.0000E+00
