 1 - depth, m
 2 - temperature, C
 3 - salinity, kg/kg
 4 - turbulent kinetic energy, m**2/s**2
 5 - dissipation rate, m**2/s**3
 6 - kinematic heat conductance, m**2/s
 7 - modulus of horizontal velocity, m/s
 8 - Richardson number, n/d
   -0.000000   14.81765  0.0000E+00  0.5572E-04  0.1829E-04  0.3099E-04  0.5166E-01 -0.3064E-01
   -0.034998   14.85192  0.0000E+00  0.3475E-04  0.5293E-05  0.5479E-04  0.2154E-01 -0.2423E-01
   -0.069997   14.85949  0.0000E+00  0.2683E-04  0.2459E-05  0.6659E-04  0.1565E-01 -0.3430E-01
   -0.104996   14.86468  0.0000E+00  0.2222E-04  0.1378E-05  0.7864E-04  0.1245E-01 -0.5312E-01
   -0.139996   14.86858  0.0000E+00  0.1896E-04  0.8194E-06  0.9109E-04  0.1016E-01 -0.6692E-01
   -0.174996   14.87180  0.0000E+00  0.1653E-04  0.5114E-06  0.1042E-03  0.8379E-02 -0.9181E-01
   -0.209996   14.87458  0.0000E+00  0.1466E-04  0.3367E-06  0.1194E-03  0.6942E-02 -0.8861E-01
   -0.244996   14.87700  0.0000E+00  0.1318E-04  0.2347E-06  0.1622E-03  0.5744E-02  0.9715E+02
   -0.279996   14.87899  0.0000E+00  0.1197E-04  0.1720E-06  0.2041E-03  0.4738E-02  0.6703E+02
   -0.314997   14.88071  0.0000E+00  0.1088E-04  0.1300E-06  0.2372E-03  0.3849E-02  0.4610E+02
   -0.349998   14.88217  0.0000E+00  0.9953E-05  0.1011E-06  0.2788E-03  0.3144E-02  0.6362E+02
   -0.384999   14.88340  0.0000E+00  0.9188E-05  0.8087E-07  0.3234E-03  0.2578E-02  0.3548E+02
   -0.420000   14.88444  0.0000E+00  0.8560E-05  0.6631E-07  0.3464E-03  0.2113E-02  0.1930E+02
   -0.455001   14.88535  0.0000E+00  0.8031E-05  0.5556E-07  0.3681E-03  0.1700E-02  0.2379E+02
   -0.490003   14.88618  0.0000E+00  0.7575E-05  0.4752E-07  0.3863E-03  0.1328E-02  0.5098E+02
   -0.525004   14.88693  0.0000E+00  0.7140E-05  0.4089E-07  0.4288E-03  0.9982E-03  0.2333E+01
   -0.560006   14.88757  0.0000E+00  0.6721E-05  0.3515E-07  0.4629E-03  0.7565E-03  0.1674E+01
   -0.595008   14.88812  0.0000E+00  0.6307E-05  0.2985E-07  0.4904E-03  0.6022E-03  0.7763E+00
   -0.630009   14.88860  0.0000E+00  0.5991E-05  0.2594E-07  0.5018E-03  0.5208E-03  0.7466E+00
   -0.665011   14.88906  0.0000E+00  0.5740E-05  0.2297E-07  0.5086E-03  0.4564E-03  0.6654E+00
   -0.700013   14.88952  0.0000E+00  0.5529E-05  0.2059E-07  0.5171E-03  0.3978E-03  0.7043E+00
   -0.735015   14.88997  0.0000E+00  0.5352E-05  0.1868E-07  0.5253E-03  0.3461E-03  0.7558E+00
   -0.770017   14.89041  0.0000E+00  0.5202E-05  0.1714E-07  0.5329E-03  0.3012E-03  0.8270E+00
   -0.805018   14.89085  0.0000E+00  0.5075E-05  0.1591E-07  0.5392E-03  0.2627E-03  0.9218E+00
   -0.840020   14.89128  0.0000E+00  0.4966E-05  0.1493E-07  0.5440E-03  0.2295E-03  0.1047E+01
   -0.875022   14.89171  0.0000E+00  0.4871E-05  0.1416E-07  0.5467E-03  0.2010E-03  0.1199E+01
   -0.910023   14.89214  0.0000E+00  0.4789E-05  0.1357E-07  0.5472E-03  0.1766E-03  0.1414E+01
   -0.945025   14.89257  0.0000E+00  0.4716E-05  0.1312E-07  0.5451E-03  0.1552E-03  0.1659E+01
   -0.980026   14.89300  0.0000E+00  0.4651E-05  0.1282E-07  0.5402E-03  0.1362E-03  0.1974E+01
   -1.015027   14.89344  0.0000E+00  0.4590E-05  0.1263E-07  0.5324E-03  0.1192E-03  0.2387E+01
   -1.050028   14.89389  0.0000E+00  0.4531E-05  0.1257E-07  0.5210E-03  0.1042E-03  0.3091E+01
   -1.085029   14.89436  0.0000E+00  0.4470E-05  0.1263E-07  0.5056E-03  0.9100E-04  0.4100E+01
   -1.120030   14.89484  0.0000E+00  0.4406E-05  0.1286E-07  0.4840E-03  0.7916E-04  0.5696E+01
   -1.155030   14.89535  0.0000E+00  0.4336E-05  0.1331E-07  0.4606E-03  0.6813E-04  0.7691E+01
   -1.190030   14.89589  0.0000E+00  0.4257E-05  0.1415E-07  0.4237E-03  0.5769E-04  0.1300E+03
   -1.225030   14.89651  0.0000E+00  0.4155E-05  0.1574E-07  0.3930E-03  0.4721E-04  0.5118E+02
   -1.260030   14.89720  0.0000E+00  0.4000E-05  0.1933E-07  0.3094E-03  0.3785E-04 -0.2418E+04
   -1.295030   14.89828  0.0000E+00  0.3705E-05  0.2839E-07  0.3010E-03  0.2870E-04  0.4426E+04
   -1.330029   14.89895  0.0000E+00  0.3169E-05  0.5559E-07  0.1222E-03  0.2431E-04  0.5200E+05
   -1.365027   14.90467  0.0000E+00  0.2034E-05  0.1433E-06  0.4811E-04  0.1555E-04 -0.1722E+06
   -1.400026   14.91067  0.0000E+00  0.0000E+00  0.0000E+00  0.0000E+00  0.1996E-04  0.0000E+00
