 1 - depth, m
 2 - temperature, C
 3 - salinity, kg/kg
 4 - turbulent kinetic energy, m**2/s**2
 5 - dissipation rate, m**2/s**3
 6 - kinematic heat conductance, m**2/s
 7 - modulus of horizontal velocity, m/s
 8 - Richardson number, n/d
   -0.000000   14.16796  0.0000E+00  0.1436E-02  0.1068E-01  0.1493E-03  0.6527E+00 -0.6296E-03
   -0.034998   14.13631  0.0000E+00  0.8228E-03  0.6268E-02  0.2839E-03  0.1915E+00  0.4660E-02
   -0.069996   14.12553  0.0000E+00  0.5227E-03  0.1738E-02  0.3848E-03  0.1048E+00 -0.1227E-02
   -0.104994   14.12143  0.0000E+00  0.4189E-03  0.1140E-02  0.4327E-03  0.7528E-01  0.6168E-02
   -0.139993   14.11950  0.0000E+00  0.3547E-03  0.7946E-03  0.4426E-03  0.6004E-01 -0.3826E-01
   -0.174992   14.11838  0.0000E+00  0.3056E-03  0.5531E-03  0.4446E-03  0.5048E-01  0.8911E-02
   -0.209991   14.11765  0.0000E+00  0.2683E-03  0.3841E-03  0.4462E-03  0.4390E-01  0.1283E-01
   -0.244991   14.11715  0.0000E+00  0.2402E-03  0.2662E-03  0.4463E-03  0.3923E-01  0.7714E-01
   -0.279991   14.11675  0.0000E+00  0.2156E-03  0.1845E-03  0.4407E-03  0.3472E-01 -0.3388E-02
   -0.314991   14.11670  0.0000E+00  0.1928E-03  0.1281E-03  0.4523E-03  0.2951E-01 -0.3350E-01
   -0.349991   14.11649  0.0000E+00  0.1750E-03  0.8910E-04  0.4536E-03  0.2633E-01  0.5484E-01
   -0.384991   14.11625  0.0000E+00  0.1601E-03  0.6205E-04  0.4547E-03  0.2373E-01  0.3862E+03
   -0.419992   14.11593  0.0000E+00  0.1471E-03  0.4351E-04  0.4516E-03  0.2158E-01  0.4730E+00
   -0.454992   14.11579  0.0000E+00  0.1360E-03  0.3107E-04  0.4444E-03  0.1931E-01 -0.2945E+01
   -0.489993   14.11598  0.0000E+00  0.1261E-03  0.2298E-04  0.4392E-03  0.1681E-01 -0.1576E+03
   -0.524994   14.11697  0.0000E+00  0.1162E-03  0.1743E-04  0.4544E-03  0.1445E-01 -0.1836E+05
   -0.559995   14.11739  0.0000E+00  0.1071E-03  0.1332E-04  0.4644E-03  0.1292E-01  0.3409E+04
   -0.594996   14.11693  0.0000E+00  0.9744E-04  0.9747E-05  0.4611E-03  0.1190E-01  0.5944E+02
   -0.629997   14.11461  0.0000E+00  0.8838E-04  0.7089E-05  0.4456E-03  0.1156E-01  0.6942E+03
   -0.664998   14.11403  0.0000E+00  0.8050E-04  0.5215E-05  0.4353E-03  0.1084E-01  0.2474E+03
   -0.699999   14.11364  0.0000E+00  0.7363E-04  0.3887E-05  0.4257E-03  0.1002E-01  0.1269E+04
   -0.735000   14.11331  0.0000E+00  0.6748E-04  0.2934E-05  0.4154E-03  0.9219E-02  0.3391E+03
   -0.770002   14.11301  0.0000E+00  0.6203E-04  0.2245E-05  0.4087E-03  0.8482E-02  0.2645E+02
   -0.805003   14.11270  0.0000E+00  0.5713E-04  0.1742E-05  0.4020E-03  0.7803E-02  0.4347E+06
   -0.840004   14.11241  0.0000E+00  0.5275E-04  0.1373E-05  0.3935E-03  0.7154E-02  0.1120E+05
   -0.875005   14.11217  0.0000E+00  0.4880E-04  0.1101E-05  0.3860E-03  0.6552E-02  0.7159E+05
   -0.910005   14.11193  0.0000E+00  0.4525E-04  0.8978E-06  0.3782E-03  0.6009E-02  0.6916E+06
   -0.945006   14.11177  0.0000E+00  0.4205E-04  0.7474E-06  0.3704E-03  0.5481E-02  0.8129E+06
   -0.980007   14.11167  0.0000E+00  0.3918E-04  0.6359E-06  0.3623E-03  0.4974E-02  0.4559E+06
   -1.015007   14.11165  0.0000E+00  0.3658E-04  0.5532E-06  0.3536E-03  0.4484E-02  0.4878E+05
   -1.050008   14.11165  0.0000E+00  0.3417E-04  0.4918E-06  0.3437E-03  0.4037E-02  0.1121E+06
   -1.085008   14.11167  0.0000E+00  0.3189E-04  0.4479E-06  0.3311E-03  0.3627E-02  0.7951E+05
   -1.120008   14.11172  0.0000E+00  0.2973E-04  0.4212E-06  0.3165E-03  0.3250E-02  0.3877E+06
   -1.155008   14.11184  0.0000E+00  0.2769E-04  0.4144E-06  0.2995E-03  0.2880E-02  0.6019E+07
   -1.190007   14.11203  0.0000E+00  0.2577E-04  0.4336E-06  0.2808E-03  0.2514E-02  0.2937E+08
   -1.225006   14.11230  0.0000E+00  0.2379E-04  0.4956E-06  0.2583E-03  0.2143E-02  0.7631E+07
   -1.260006   14.11265  0.0000E+00  0.2158E-04  0.6512E-06  0.2289E-03  0.1782E-02  0.7005E+07
   -1.295004   14.11310  0.0000E+00  0.1847E-04  0.1118E-05  0.1790E-03  0.1459E-02 -0.1591E+09
   -1.330003   14.11371  0.0000E+00  0.1463E-04  0.2228E-05  0.1130E-03  0.1289E-02 -0.7253E+10
   -1.365001   14.11503  0.0000E+00  0.9733E-05  0.4939E-05  0.7072E-04  0.1016E-02 -0.2171E+12
   -1.399999   14.12354  0.0000E+00  0.0000E+00  0.0000E+00  0.0000E+00  0.1489E-02  0.0000E+00
