 1 - depth, m
 2 - temperature, C
 3 - salinity, kg/kg
 4 - turbulent kinetic energy, m**2/s**2
 5 - dissipation rate, m**2/s**3
 6 - kinematic heat conductance, m**2/s
 7 - modulus of horizontal velocity, m/s
 8 - Richardson number, n/d
   -0.000000    0.50375  0.0000E+00  0.2487E-02  0.2533E-01  0.1742E-03  0.9265E+00 -0.5682E-04
   -0.034998    0.52828  0.0000E+00  0.1484E-02  0.1553E-01  0.4413E-03  0.2739E+00 -0.5772E-02
   -0.069996    0.53581  0.0000E+00  0.9499E-03  0.5451E-02  0.5478E-03  0.1463E+00  0.2147E-02
   -0.104994    0.53906  0.0000E+00  0.7666E-03  0.3784E-02  0.6516E-03  0.1062E+00 -0.6894E-01
   -0.139993    0.54060  0.0000E+00  0.6539E-03  0.2722E-02  0.6647E-03  0.8553E-01  0.1159E-01
   -0.174992    0.54139  0.0000E+00  0.5664E-03  0.2023E-02  0.6686E-03  0.7244E-01 -0.3256E-02
   -0.209991    0.54207  0.0000E+00  0.5014E-03  0.1508E-02  0.6885E-03  0.6319E-01 -0.2297E-01
   -0.244991    0.54253  0.0000E+00  0.4503E-03  0.1124E-02  0.6739E-03  0.5673E-01  0.7084E-02
   -0.279991    0.54293  0.0000E+00  0.4074E-03  0.8386E-03  0.6709E-03  0.5068E-01  0.1987E-02
   -0.314991    0.54353  0.0000E+00  0.3690E-03  0.6268E-03  0.6908E-03  0.4416E-01  0.7890E-03
   -0.349991    0.54391  0.0000E+00  0.3373E-03  0.4684E-03  0.6909E-03  0.4012E-01  0.2032E-01
   -0.384991    0.54422  0.0000E+00  0.3113E-03  0.3506E-03  0.6941E-03  0.3679E-01 -0.1576E+03
   -0.419992    0.54446  0.0000E+00  0.2888E-03  0.2654E-03  0.6851E-03  0.3408E-01  0.9612E+00
   -0.454992    0.54485  0.0000E+00  0.2683E-03  0.2043E-03  0.6856E-03  0.3053E-01  0.6054E+01
   -0.489993    0.54552  0.0000E+00  0.2502E-03  0.1603E-03  0.6711E-03  0.2730E-01  0.2913E+03
   -0.524994    0.54708  0.0000E+00  0.2330E-03  0.1287E-03  0.6941E-03  0.2418E-01  0.4794E+05
   -0.559995    0.54798  0.0000E+00  0.2171E-03  0.1048E-03  0.7114E-03  0.2215E-01 -0.1681E+04
   -0.594996    0.54799  0.0000E+00  0.2003E-03  0.8160E-04  0.7136E-03  0.2080E-01 -0.1358E+04
   -0.629997    0.54649  0.0000E+00  0.1845E-03  0.6090E-04  0.6963E-03  0.2051E-01 -0.2731E+04
   -0.664998    0.54653  0.0000E+00  0.1705E-03  0.4358E-04  0.6840E-03  0.1958E-01 -0.4836E+05
   -0.699999    0.54673  0.0000E+00  0.1583E-03  0.3372E-04  0.6700E-03  0.1845E-01 -0.1569E+06
   -0.735000    0.54708  0.0000E+00  0.1469E-03  0.2358E-04  0.6544E-03  0.1731E-01 -0.1631E+04
   -0.770002    0.54753  0.0000E+00  0.1365E-03  0.1717E-04  0.6475E-03  0.1620E-01 -0.1175E+04
   -0.805003    0.54788  0.0000E+00  0.1274E-03  0.1352E-04  0.6339E-03  0.1521E-01  0.1240E+04
   -0.840004    0.54827  0.0000E+00  0.1192E-03  0.1074E-04  0.6198E-03  0.1428E-01  0.8283E+04
   -0.875005    0.54870  0.0000E+00  0.1117E-03  0.8590E-05  0.6082E-03  0.1338E-01 -0.1102E+06
   -0.910005    0.54903  0.0000E+00  0.1044E-03  0.6910E-05  0.5845E-03  0.1255E-01  0.3457E+05
   -0.945006    0.54954  0.0000E+00  0.9802E-04  0.5649E-05  0.5686E-03  0.1158E-01  0.3902E+05
   -0.980007    0.55018  0.0000E+00  0.9195E-04  0.4687E-05  0.5501E-03  0.1074E-01  0.3364E+06
   -1.015007    0.55115  0.0000E+00  0.8634E-04  0.3981E-05  0.5276E-03  0.9919E-02  0.6675E+07
   -1.050008    0.55218  0.0000E+00  0.8114E-04  0.3473E-05  0.5061E-03  0.9135E-02  0.3318E+09
   -1.085008    0.55349  0.0000E+00  0.7602E-04  0.3129E-05  0.4807E-03  0.8416E-02 -0.5369E+10
   -1.120008    0.55423  0.0000E+00  0.7116E-04  0.2886E-05  0.4462E-03  0.7743E-02  0.2593E+12
   -1.155008    0.55555  0.0000E+00  0.6645E-04  0.2706E-05  0.4141E-03  0.7019E-02  0.3374E+13
   -1.190007    0.55760  0.0000E+00  0.6185E-04  0.2798E-05  0.3748E-03  0.6247E-02  0.1766E+14
   -1.225006    0.56148  0.0000E+00  0.5717E-04  0.3162E-05  0.3367E-03  0.5378E-02  0.8873E+13
   -1.260005    0.56638  0.0000E+00  0.5215E-04  0.4213E-05  0.2954E-03  0.4570E-02  0.5186E+13
   -1.295004    0.57094  0.0000E+00  0.4540E-04  0.7047E-05  0.2329E-03  0.3889E-02 -0.6537E+11
   -1.330003    0.57234  0.0000E+00  0.3674E-04  0.1398E-04  0.1372E-03  0.3590E-02  0.2707E+10
   -1.365001    0.57940  0.0000E+00  0.2479E-04  0.2976E-04  0.4415E-04  0.2909E-02  0.1374E+08
   -1.399999    0.64437  0.0000E+00  0.0000E+00  0.0000E+00  0.0000E+00  0.4259E-02  0.0000E+00
