 1 - depth, m
 2 - temperature, C
 3 - salinity, kg/kg
 4 - turbulent kinetic energy, m**2/s**2
 5 - dissipation rate, m**2/s**3
 6 - kinematic heat conductance, m**2/s
 7 - modulus of horizontal velocity, m/s
 8 - Richardson number, n/d
   -0.000000    8.63915  0.0000E+00  0.2119E-03  0.3587E-03  0.4138E-04  0.1245E+00 -0.1914E+01
   -0.034998    8.73389  0.0000E+00  0.1135E-03  0.1394E-03  0.9311E-04  0.3928E-01  0.9517E+02
   -0.069996    8.75571  0.0000E+00  0.7709E-04  0.3755E-04  0.1277E-03  0.2459E-01  0.2587E+02
   -0.104994    8.76902  0.0000E+00  0.6157E-04  0.2158E-04  0.1464E-03  0.1937E-01  0.1208E+02
   -0.139993    8.77710  0.0000E+00  0.5173E-04  0.1373E-04  0.1656E-03  0.1627E-01  0.7996E+01
   -0.174992    8.78305  0.0000E+00  0.4433E-04  0.8808E-05  0.1872E-03  0.1389E-01  0.1520E+03
   -0.209991    8.78789  0.0000E+00  0.3869E-04  0.5659E-05  0.2091E-03  0.1192E-01  0.6084E+01
   -0.244990    8.79207  0.0000E+00  0.3430E-04  0.3646E-05  0.2305E-03  0.1024E-01  0.5879E+01
   -0.279990    8.79583  0.0000E+00  0.3073E-04  0.2372E-05  0.2492E-03  0.8728E-02  0.9953E+01
   -0.314990    8.79952  0.0000E+00  0.2760E-04  0.1568E-05  0.2734E-03  0.7241E-02  0.8723E+01
   -0.349990    8.80272  0.0000E+00  0.2499E-04  0.1061E-05  0.2964E-03  0.6116E-02  0.6424E+01
   -0.384990    8.80562  0.0000E+00  0.2281E-04  0.7380E-06  0.3152E-03  0.5200E-02  0.8744E+01
   -0.419991    8.80826  0.0000E+00  0.2100E-04  0.5321E-06  0.3328E-03  0.4438E-02  0.2835E+02
   -0.454991    8.81080  0.0000E+00  0.1945E-04  0.3997E-06  0.3487E-03  0.3743E-02  0.2106E+02
   -0.489992    8.81329  0.0000E+00  0.1808E-04  0.3141E-06  0.3687E-03  0.3096E-02  0.3504E+02
   -0.524993    8.81574  0.0000E+00  0.1679E-04  0.2541E-06  0.4005E-03  0.2522E-02  0.4125E+02
   -0.559993    8.81777  0.0000E+00  0.1551E-04  0.2080E-06  0.4343E-03  0.2099E-02 -0.5187E+02
   -0.594994    8.81937  0.0000E+00  0.1415E-04  0.1679E-06  0.4642E-03  0.1813E-02  0.1656E+04
   -0.629995    8.82034  0.0000E+00  0.1296E-04  0.1359E-06  0.4869E-03  0.1643E-02  0.5839E+03
   -0.664996    8.82169  0.0000E+00  0.1195E-04  0.1111E-06  0.5033E-03  0.1477E-02  0.3848E+03
   -0.699997    8.82287  0.0000E+00  0.1109E-04  0.9247E-07  0.5283E-03  0.1320E-02  0.4675E+03
   -0.734999    8.82409  0.0000E+00  0.1034E-04  0.7810E-07  0.5439E-03  0.1174E-02  0.3535E+04
   -0.770000    8.82520  0.0000E+00  0.9673E-05  0.6673E-07  0.5658E-03  0.1041E-02  0.1161E+03
   -0.805001    8.82628  0.0000E+00  0.9084E-05  0.5760E-07  0.5758E-03  0.9205E-03  0.6930E+02
   -0.840001    8.82730  0.0000E+00  0.8557E-05  0.5012E-07  0.5802E-03  0.8096E-03  0.1118E+03
   -0.875002    8.82831  0.0000E+00  0.8084E-05  0.4401E-07  0.5815E-03  0.7087E-03  0.1310E+03
   -0.910003    8.82930  0.0000E+00  0.7660E-05  0.3905E-07  0.5790E-03  0.6188E-03  0.1457E+03
   -0.945004    8.83029  0.0000E+00  0.7281E-05  0.3509E-07  0.5738E-03  0.5370E-03  0.1886E+03
   -0.980004    8.83129  0.0000E+00  0.6938E-05  0.3197E-07  0.5648E-03  0.4621E-03  0.4207E+03
   -1.015005    8.83232  0.0000E+00  0.6627E-05  0.2961E-07  0.5524E-03  0.3936E-03  0.4097E+03
   -1.050005    8.83337  0.0000E+00  0.6341E-05  0.2795E-07  0.5351E-03  0.3343E-03  0.2723E+03
   -1.085005    8.83446  0.0000E+00  0.6076E-05  0.2697E-07  0.5143E-03  0.2837E-03  0.2966E+03
   -1.120005    8.83560  0.0000E+00  0.5828E-05  0.2689E-07  0.4860E-03  0.2417E-03  0.4318E+03
   -1.155005    8.83685  0.0000E+00  0.5580E-05  0.2819E-07  0.4597E-03  0.2039E-03  0.5514E+03
   -1.190004    8.83826  0.0000E+00  0.5309E-05  0.3209E-07  0.4141E-03  0.1685E-03  0.9273E+03
   -1.225003    8.84014  0.0000E+00  0.4983E-05  0.4030E-07  0.3785E-03  0.1306E-03  0.9636E+03
   -1.260002    8.84219  0.0000E+00  0.4554E-05  0.6062E-07  0.2928E-03  0.9681E-04  0.2161E+04
   -1.295001    8.84665  0.0000E+00  0.4021E-05  0.1059E-06  0.2823E-03  0.6523E-04 -0.2610E+06
   -1.329999    8.84614  0.0000E+00  0.3336E-05  0.2369E-06  0.1261E-03  0.5851E-04 -0.2535E+06
   -1.364997    8.86404  0.0000E+00  0.2219E-05  0.5039E-06  0.6848E-04  0.3611E-04 -0.9330E+07
   -1.399995    8.87424  0.0000E+00  0.0000E+00  0.0000E+00  0.0000E+00  0.6714E-04  0.0000E+00
