 1 - depth, m
 2 - temperature, C
 3 - salinity, kg/kg
 4 - turbulent kinetic energy, m**2/s**2
 5 - dissipation rate, m**2/s**3
 6 - kinematic heat conductance, m**2/s
 7 - modulus of horizontal velocity, m/s
 8 - Richardson number, n/d
   -0.000000    9.67356  0.0000E+00  0.1481E-02  0.1021E-01  0.1264E-03  0.6607E+00  0.5955E-02
   -0.034998    9.80894  0.0000E+00  0.8561E-03  0.5792E-02  0.2832E-03  0.1980E+00 -0.1539E-01
   -0.069996    9.86329  0.0000E+00  0.5569E-03  0.1720E-02  0.3987E-03  0.1040E+00 -0.3492E+00
   -0.104994    9.88106  0.0000E+00  0.4454E-03  0.1081E-02  0.4573E-03  0.7675E-01  0.2842E+00
   -0.139993    9.88846  0.0000E+00  0.3744E-03  0.7534E-03  0.4638E-03  0.6175E-01 -0.2396E-01
   -0.174992    9.89269  0.0000E+00  0.3231E-03  0.5380E-03  0.4642E-03  0.5265E-01 -0.4292E-01
   -0.209991    9.89564  0.0000E+00  0.2852E-03  0.3878E-03  0.4676E-03  0.4602E-01  0.4641E-01
   -0.244991    9.89784  0.0000E+00  0.2554E-03  0.2813E-03  0.4672E-03  0.4109E-01  0.7929E-02
   -0.279991    9.89981  0.0000E+00  0.2308E-03  0.1982E-03  0.4684E-03  0.3665E-01  0.1772E+00
   -0.314991    9.90249  0.0000E+00  0.2056E-03  0.1351E-03  0.4739E-03  0.3063E-01  0.1880E+00
   -0.349991    9.90422  0.0000E+00  0.1866E-03  0.9320E-04  0.4759E-03  0.2731E-01  0.1068E+00
   -0.384991    9.90604  0.0000E+00  0.1700E-03  0.6455E-04  0.4796E-03  0.2454E-01  0.1819E+01
   -0.419991    9.90748  0.0000E+00  0.1565E-03  0.4479E-04  0.4795E-03  0.2229E-01 -0.2454E+02
   -0.454992    9.90916  0.0000E+00  0.1446E-03  0.3214E-04  0.4730E-03  0.1993E-01  0.5077E+01
   -0.489993    9.91133  0.0000E+00  0.1338E-03  0.2402E-04  0.4724E-03  0.1740E-01  0.5010E+01
   -0.524994    9.91524  0.0000E+00  0.1241E-03  0.1845E-04  0.4873E-03  0.1509E-01 -0.1854E+03
   -0.559995    9.91798  0.0000E+00  0.1146E-03  0.1426E-04  0.5001E-03  0.1352E-01 -0.4970E+04
   -0.594996    9.91884  0.0000E+00  0.1044E-03  0.1055E-04  0.5000E-03  0.1248E-01  0.4195E+04
   -0.629997    9.91584  0.0000E+00  0.9513E-04  0.7763E-05  0.4906E-03  0.1218E-01  0.3902E+05
   -0.664998    9.91657  0.0000E+00  0.8701E-04  0.5791E-05  0.4855E-03  0.1146E-01  0.4931E+04
   -0.699999    9.91793  0.0000E+00  0.7999E-04  0.4376E-05  0.4830E-03  0.1064E-01 -0.6132E+02
   -0.735000    9.91927  0.0000E+00  0.7370E-04  0.3347E-05  0.4755E-03  0.9779E-02 -0.2939E+03
   -0.770001    9.92058  0.0000E+00  0.6817E-04  0.2594E-05  0.4747E-03  0.9049E-02 -0.6156E+03
   -0.805002    9.92176  0.0000E+00  0.6322E-04  0.2036E-05  0.4710E-03  0.8381E-02  0.1797E+03
   -0.840003    9.92308  0.0000E+00  0.5874E-04  0.1620E-05  0.4674E-03  0.7736E-02  0.7824E+03
   -0.875004    9.92437  0.0000E+00  0.5472E-04  0.1312E-05  0.4687E-03  0.7136E-02  0.1545E+04
   -0.910005    9.92543  0.0000E+00  0.5107E-04  0.1080E-05  0.4666E-03  0.6597E-02  0.1772E+03
   -0.945006    9.92673  0.0000E+00  0.4776E-04  0.9065E-06  0.4615E-03  0.6068E-02  0.6471E+03
   -0.980006    9.92792  0.0000E+00  0.4475E-04  0.7779E-06  0.4605E-03  0.5554E-02  0.1445E+04
   -1.015007    9.92927  0.0000E+00  0.4199E-04  0.6836E-06  0.4573E-03  0.5049E-02  0.2085E+04
   -1.050007    9.93049  0.0000E+00  0.3935E-04  0.6159E-06  0.4514E-03  0.4587E-02  0.1325E+04
   -1.085007    9.93173  0.0000E+00  0.3679E-04  0.5731E-06  0.4431E-03  0.4152E-02  0.4736E+04
   -1.120007    9.93294  0.0000E+00  0.3431E-04  0.5576E-06  0.4198E-03  0.3751E-02  0.1236E+04
   -1.155007    9.93427  0.0000E+00  0.3191E-04  0.5766E-06  0.3947E-03  0.3350E-02  0.9666E+04
   -1.190006    9.93567  0.0000E+00  0.2955E-04  0.6435E-06  0.3595E-03  0.2939E-02  0.3328E+07
   -1.225006    9.93728  0.0000E+00  0.2707E-04  0.7966E-06  0.3299E-03  0.2490E-02  0.5245E+06
   -1.260005    9.93907  0.0000E+00  0.2433E-04  0.1140E-05  0.2857E-03  0.2041E-02  0.2596E+05
   -1.295003    9.94125  0.0000E+00  0.2071E-04  0.2088E-05  0.2375E-03  0.1652E-02 -0.3368E+07
   -1.330002    9.94287  0.0000E+00  0.1644E-04  0.4223E-05  0.1543E-03  0.1493E-02 -0.2196E+09
   -1.365000    9.94773  0.0000E+00  0.1132E-04  0.8725E-05  0.1231E-03  0.1159E-02 -0.1756E+09
   -1.399998    9.96263  0.0000E+00  0.0000E+00  0.0000E+00  0.0000E+00  0.1851E-02  0.0000E+00
