 1 - depth, m
 2 - temperature, C
 3 - salinity, kg/kg
 4 - turbulent kinetic energy, m**2/s**2
 5 - dissipation rate, m**2/s**3
 6 - kinematic heat conductance, m**2/s
 7 - modulus of horizontal velocity, m/s
 8 - Richardson number, n/d
   -0.000000    0.42694  0.0000E+00  0.1262E-02  0.9795E-02  0.1284E-03  0.5948E+00  0.1460E-01
   -0.034998    0.51769  0.0000E+00  0.6819E-03  0.5001E-02  0.2017E-03  0.1896E+00  0.1458E-01
   -0.069996    0.56392  0.0000E+00  0.4359E-03  0.1928E-02  0.3466E-03  0.9802E-01  0.3690E+00
   -0.104994    0.58178  0.0000E+00  0.3440E-03  0.1190E-02  0.3621E-03  0.6804E-01  0.1486E-01
   -0.139993    0.58926  0.0000E+00  0.2880E-03  0.8253E-03  0.3738E-03  0.5275E-01  0.2872E-01
   -0.174992    0.59355  0.0000E+00  0.2473E-03  0.5778E-03  0.3788E-03  0.4410E-01  0.2045E-01
   -0.209991    0.59604  0.0000E+00  0.2173E-03  0.4118E-03  0.3834E-03  0.3860E-01  0.3710E-01
   -0.244991    0.59791  0.0000E+00  0.1934E-03  0.2885E-03  0.3865E-03  0.3443E-01  0.1408E+01
   -0.279991    0.59962  0.0000E+00  0.1737E-03  0.1929E-03  0.3756E-03  0.3058E-01  0.5931E-02
   -0.314991    0.60244  0.0000E+00  0.1558E-03  0.1254E-03  0.3880E-03  0.2568E-01  0.1797E-01
   -0.349991    0.60427  0.0000E+00  0.1418E-03  0.8473E-04  0.3907E-03  0.2273E-01  0.1281E+00
   -0.384991    0.60581  0.0000E+00  0.1298E-03  0.5852E-04  0.3918E-03  0.2040E-01 -0.4640E+03
   -0.419992    0.60676  0.0000E+00  0.1196E-03  0.4126E-04  0.3874E-03  0.1854E-01  0.3847E+01
   -0.454992    0.60846  0.0000E+00  0.1105E-03  0.2968E-04  0.3803E-03  0.1648E-01  0.2163E+02
   -0.489993    0.61188  0.0000E+00  0.1021E-03  0.2102E-04  0.3761E-03  0.1422E-01  0.5299E+03
   -0.524994    0.61977  0.0000E+00  0.9416E-04  0.1469E-04  0.3888E-03  0.1213E-01  0.2419E+06
   -0.559995    0.62344  0.0000E+00  0.8666E-04  0.1066E-04  0.4020E-03  0.1079E-01 -0.1037E+08
   -0.594996    0.62402  0.0000E+00  0.7887E-04  0.7370E-05  0.4016E-03  0.9917E-02  0.1676E+06
   -0.629997    0.61924  0.0000E+00  0.7171E-04  0.5048E-05  0.3892E-03  0.9713E-02  0.4307E+07
   -0.664998    0.61972  0.0000E+00  0.6528E-04  0.3622E-05  0.3752E-03  0.9078E-02  0.2976E+05
   -0.699999    0.62081  0.0000E+00  0.5970E-04  0.2693E-05  0.3656E-03  0.8373E-02  0.1827E+08
   -0.735001    0.62224  0.0000E+00  0.5471E-04  0.2040E-05  0.3542E-03  0.7680E-02  0.3205E+08
   -0.770002    0.62365  0.0000E+00  0.5024E-04  0.1574E-05  0.3447E-03  0.7024E-02  0.2533E+08
   -0.805003    0.62508  0.0000E+00  0.4626E-04  0.1238E-05  0.3355E-03  0.6450E-02  0.1466E+08
   -0.840004    0.62660  0.0000E+00  0.4267E-04  0.9905E-06  0.3260E-03  0.5902E-02 -0.5108E+07
   -0.875005    0.62834  0.0000E+00  0.3940E-04  0.8047E-06  0.3148E-03  0.5386E-02 -0.1335E+08
   -0.910006    0.62985  0.0000E+00  0.3643E-04  0.6639E-06  0.3042E-03  0.4932E-02 -0.9634E+05
   -0.945006    0.63179  0.0000E+00  0.3376E-04  0.5575E-06  0.2906E-03  0.4484E-02  0.5632E+08
   -0.980007    0.63429  0.0000E+00  0.3130E-04  0.4758E-06  0.2780E-03  0.4039E-02  0.5156E+09
   -1.015007    0.63788  0.0000E+00  0.2905E-04  0.4129E-06  0.2686E-03  0.3613E-02  0.7046E+10
   -1.050008    0.64118  0.0000E+00  0.2699E-04  0.3637E-06  0.2545E-03  0.3229E-02  0.6909E+11
   -1.085008    0.64407  0.0000E+00  0.2506E-04  0.3245E-06  0.2415E-03  0.2877E-02  0.6107E+11
   -1.120008    0.64669  0.0000E+00  0.2325E-04  0.2955E-06  0.2249E-03  0.2558E-02  0.6969E+13
   -1.155008    0.65112  0.0000E+00  0.2155E-04  0.2774E-06  0.2072E-03  0.2248E-02  0.2793E+14
   -1.190007    0.65859  0.0000E+00  0.1994E-04  0.2738E-06  0.1880E-03  0.1945E-02  0.1035E+15
   -1.225007    0.67383  0.0000E+00  0.1834E-04  0.2896E-06  0.1683E-03  0.1645E-02  0.2093E+15
   -1.260006    0.69465  0.0000E+00  0.1664E-04  0.3446E-06  0.1461E-03  0.1366E-02  0.1343E+15
   -1.295004    0.71093  0.0000E+00  0.1438E-04  0.5203E-06  0.1192E-03  0.1128E-02 -0.4144E+12
   -1.330003    0.71551  0.0000E+00  0.1149E-04  0.9366E-06  0.6692E-04  0.9793E-03  0.5724E+14
   -1.365001    0.73099  0.0000E+00  0.7076E-05  0.2306E-05  0.1439E-04  0.7810E-03  0.6171E+14
   -1.399999    0.86037  0.0000E+00  0.0000E+00  0.0000E+00  0.0000E+00  0.1020E-02  0.0000E+00
