 1 - depth, m
 2 - temperature, C
 3 - salinity, kg/kg
 4 - turbulent kinetic energy, m**2/s**2
 5 - dissipation rate, m**2/s**3
 6 - kinematic heat conductance, m**2/s
 7 - modulus of horizontal velocity, m/s
 8 - Richardson number, n/d
   -0.000000   11.26041  0.0000E+00  0.3437E-03  0.7688E-03  0.6306E-04  0.1970E+00 -0.1673E+00
   -0.034998   11.31771  0.0000E+00  0.1867E-03  0.2857E-03  0.1227E-03  0.6188E-01 -0.1872E-01
   -0.069996   11.33374  0.0000E+00  0.1257E-03  0.9266E-04  0.1553E-03  0.3765E-01 -0.1059E+00
   -0.104994   11.34208  0.0000E+00  0.9933E-04  0.5341E-04  0.1644E-03  0.2928E-01 -0.7726E-01
   -0.139993   11.34747  0.0000E+00  0.8302E-04  0.3333E-04  0.1719E-03  0.2429E-01  0.2898E-01
   -0.174992   11.35140  0.0000E+00  0.7100E-04  0.2109E-04  0.1798E-03  0.2059E-01 -0.3389E-01
   -0.209991   11.35450  0.0000E+00  0.6183E-04  0.1328E-04  0.1883E-03  0.1772E-01 -0.2162E+00
   -0.244991   11.35716  0.0000E+00  0.5471E-04  0.8314E-05  0.1967E-03  0.1528E-01 -0.4030E-01
   -0.279991   11.35955  0.0000E+00  0.4878E-04  0.5231E-05  0.2054E-03  0.1310E-01  0.4631E+00
   -0.314991   11.36206  0.0000E+00  0.4357E-04  0.3348E-05  0.2312E-03  0.1090E-01  0.3685E+02
   -0.349991   11.36405  0.0000E+00  0.3919E-04  0.2193E-05  0.2483E-03  0.9270E-02  0.2899E+01
   -0.384991   11.36583  0.0000E+00  0.3551E-04  0.1481E-05  0.2648E-03  0.7945E-02  0.2211E+02
   -0.419991   11.36744  0.0000E+00  0.3243E-04  0.1040E-05  0.2765E-03  0.6837E-02  0.1473E+02
   -0.454992   11.36906  0.0000E+00  0.2979E-04  0.7631E-06  0.2851E-03  0.5799E-02  0.2125E+03
   -0.489993   11.37075  0.0000E+00  0.2747E-04  0.5894E-06  0.2948E-03  0.4810E-02  0.1519E+03
   -0.524994   11.37261  0.0000E+00  0.2527E-04  0.4702E-06  0.3180E-03  0.3927E-02  0.3637E+01
   -0.559995   11.37410  0.0000E+00  0.2312E-04  0.3808E-06  0.3409E-03  0.3289E-02 -0.2227E+04
   -0.594996   11.37520  0.0000E+00  0.2081E-04  0.3012E-06  0.3580E-03  0.2861E-02  0.3863E+04
   -0.629997   11.37539  0.0000E+00  0.1878E-04  0.2402E-06  0.3691E-03  0.2622E-02  0.2975E+05
   -0.664998   11.37634  0.0000E+00  0.1706E-04  0.1950E-06  0.3822E-03  0.2366E-02  0.2520E+05
   -0.699999   11.37731  0.0000E+00  0.1559E-04  0.1607E-06  0.4011E-03  0.2120E-02  0.2900E+03
   -0.735000   11.37824  0.0000E+00  0.1431E-04  0.1341E-06  0.4259E-03  0.1893E-02  0.1479E+04
   -0.770001   11.37912  0.0000E+00  0.1320E-04  0.1130E-06  0.4555E-03  0.1685E-02  0.1416E+04
   -0.805002   11.37994  0.0000E+00  0.1222E-04  0.9604E-07  0.4848E-03  0.1498E-02  0.1218E+03
   -0.840003   11.38070  0.0000E+00  0.1134E-04  0.8229E-07  0.5046E-03  0.1327E-02  0.2045E+03
   -0.875004   11.38141  0.0000E+00  0.1056E-04  0.7105E-07  0.5177E-03  0.1169E-02  0.3755E+03
   -0.910005   11.38210  0.0000E+00  0.9864E-05  0.6192E-07  0.5316E-03  0.1029E-02  0.1881E+03
   -0.945006   11.38275  0.0000E+00  0.9240E-05  0.5449E-07  0.5333E-03  0.9001E-03  0.6584E+03
   -0.980006   11.38338  0.0000E+00  0.8668E-05  0.4844E-07  0.5292E-03  0.7775E-03  0.1212E+03
   -1.015007   11.38402  0.0000E+00  0.8153E-05  0.4368E-07  0.5208E-03  0.6642E-03  0.1390E+03
   -1.050007   11.38465  0.0000E+00  0.7682E-05  0.4006E-07  0.5081E-03  0.5642E-03  0.1810E+03
   -1.085007   11.38530  0.0000E+00  0.7246E-05  0.3756E-07  0.4888E-03  0.4778E-03  0.3205E+03
   -1.120007   11.38597  0.0000E+00  0.6841E-05  0.3643E-07  0.4619E-03  0.4045E-03  0.1379E+04
   -1.155007   11.38671  0.0000E+00  0.6457E-05  0.3714E-07  0.4345E-03  0.3383E-03  0.5416E+03
   -1.190006   11.38754  0.0000E+00  0.6068E-05  0.4088E-07  0.3908E-03  0.2772E-03  0.8000E+03
   -1.225006   11.38858  0.0000E+00  0.5644E-05  0.4946E-07  0.3598E-03  0.2156E-03  0.1035E+04
   -1.260005   11.38977  0.0000E+00  0.5125E-05  0.7130E-07  0.2894E-03  0.1619E-03  0.3486E+04
   -1.295003   11.39194  0.0000E+00  0.4455E-05  0.1252E-06  0.2610E-03  0.1139E-03 -0.2000E+05
   -1.330002   11.39223  0.0000E+00  0.3610E-05  0.2862E-06  0.1359E-03  0.9977E-04  0.7146E+05
   -1.365000   11.40052  0.0000E+00  0.2402E-05  0.5965E-06  0.6602E-04  0.6501E-04 -0.1922E+09
   -1.399998   11.40836  0.0000E+00  0.0000E+00  0.0000E+00  0.0000E+00  0.1110E-03  0.0000E+00
