 1 - depth, m
 2 - temperature, C
 3 - salinity, kg/kg
 4 - turbulent kinetic energy, m**2/s**2
 5 - dissipation rate, m**2/s**3
 6 - kinematic heat conductance, m**2/s
 7 - modulus of horizontal velocity, m/s
 8 - Richardson number, n/d
   -0.000000    0.00000  0.0000E+00  0.1251E-09  0.1152E-12  0.1000E-09  0.0000E+00  0.2572E+17
   -0.034998    0.40797  0.0000E+00  0.3146E-09  0.9265E-13  0.1000E-09  0.0000E+00  0.2224E+17
   -0.069995    0.80560  0.0000E+00  0.6607E-09  0.1116E-12  0.1000E-09  0.0000E+00  0.1903E+17
   -0.104994    1.19312  0.0000E+00  0.1198E-08  0.1599E-12  0.1000E-09  0.0000E+00  0.1601E+17
   -0.139992    1.56931  0.0000E+00  0.2010E-08  0.2420E-12  0.1000E-09  0.0000E+00  0.1322E+17
   -0.174991    1.93367  0.0000E+00  0.3238E-08  0.3702E-12  0.1026E-09  0.0000E+00  0.1069E+17
   -0.209990    2.28676  0.0000E+00  0.5100E-08  0.5657E-12  0.1745E-09  0.0000E+00  0.8407E+16
   -0.244989    2.62943  0.0000E+00  0.7928E-08  0.8606E-12  0.3522E-09  0.0000E+00  0.6339E+16
   -0.279989    2.96313  0.0000E+00  0.1222E-07  0.1303E-11  0.7579E-09  0.0000E+00  0.4458E+16
   -0.314989    3.28980  0.0000E+00  0.1881E-07  0.1974E-11  0.1876E-08  0.0000E+00  0.2714E+16
   -0.349988    3.61156  0.0000E+00  0.2897E-07  0.2995E-11  0.7419E-08  0.0000E+00  0.1053E+16
   -0.384989    3.92295  0.0000E+00  0.3746E-07  0.3900E-11  0.4468E-04  0.0000E+00  0.5776E+14
   -0.419989    4.01532  0.0000E+00  0.3790E-07  0.3949E-11  0.1216E-03  0.0000E+00 -0.1629E+12
   -0.454989    4.01571  0.0000E+00  0.3815E-07  0.3982E-11  0.1204E-03  0.0000E+00 -0.1641E+12
   -0.489990    4.01611  0.0000E+00  0.3840E-07  0.4017E-11  0.1207E-03  0.0000E+00 -0.1664E+12
   -0.524990    4.01650  0.0000E+00  0.3866E-07  0.4060E-11  0.1207E-03  0.0000E+00 -0.1754E+12
   -0.559991    4.01691  0.0000E+00  0.3897E-07  0.4117E-11  0.1203E-03  0.0000E+00 -0.1930E+12
   -0.594992    4.01734  0.0000E+00  0.3938E-07  0.4200E-11  0.1201E-03  0.0000E+00 -0.2112E+12
   -0.629993    4.01782  0.0000E+00  0.3979E-07  0.4291E-11  0.1202E-03  0.0000E+00 -0.2145E+12
   -0.664993    4.01829  0.0000E+00  0.4018E-07  0.4386E-11  0.1199E-03  0.0000E+00 -0.2181E+12
   -0.699994    4.01876  0.0000E+00  0.4055E-07  0.4485E-11  0.1195E-03  0.0000E+00 -0.2225E+12
   -0.734995    4.01923  0.0000E+00  0.4089E-07  0.4591E-11  0.1187E-03  0.0000E+00 -0.2281E+12
   -0.769996    4.01971  0.0000E+00  0.4123E-07  0.4704E-11  0.1179E-03  0.0000E+00 -0.2339E+12
   -0.804997    4.02019  0.0000E+00  0.4154E-07  0.4826E-11  0.1167E-03  0.0000E+00 -0.2405E+12
   -0.839998    4.02068  0.0000E+00  0.4183E-07  0.4958E-11  0.1153E-03  0.0000E+00 -0.2475E+12
   -0.874998    4.02117  0.0000E+00  0.4210E-07  0.5102E-11  0.1137E-03  0.0000E+00 -0.2563E+12
   -0.909999    4.02167  0.0000E+00  0.4235E-07  0.5260E-11  0.1118E-03  0.0000E+00 -0.2644E+12
   -0.945000    4.02218  0.0000E+00  0.4258E-07  0.5432E-11  0.1096E-03  0.0000E+00 -0.2737E+12
   -0.980000    4.02270  0.0000E+00  0.4277E-07  0.5623E-11  0.1071E-03  0.0000E+00 -0.2841E+12
   -1.015000    4.02323  0.0000E+00  0.4294E-07  0.5839E-11  0.1042E-03  0.0000E+00 -0.2998E+12
   -1.050000    4.02378  0.0000E+00  0.4308E-07  0.6091E-11  0.1009E-03  0.0000E+00 -0.3191E+12
   -1.085000    4.02435  0.0000E+00  0.4319E-07  0.6393E-11  0.9705E-04  0.0000E+00 -0.3406E+12
   -1.120000    4.02495  0.0000E+00  0.4327E-07  0.6756E-11  0.9272E-04  0.0000E+00 -0.3623E+12
   -1.154999    4.02558  0.0000E+00  0.4330E-07  0.7195E-11  0.8786E-04  0.0000E+00 -0.3886E+12
   -1.189999    4.02625  0.0000E+00  0.4328E-07  0.7744E-11  0.8220E-04  0.0000E+00 -0.4255E+12
   -1.224998    4.02696  0.0000E+00  0.4320E-07  0.8524E-11  0.7513E-04  0.0000E+00 -0.4971E+12
   -1.259997    4.02777  0.0000E+00  0.4298E-07  0.9837E-11  0.6498E-04  0.0000E+00 -0.6498E+12
   -1.294995    4.02881  0.0000E+00  0.4234E-07  0.1300E-10  0.5106E-04  0.0000E+00 -0.1023E+13
   -1.329993    4.03040  0.0000E+00  0.4045E-07  0.2162E-10  0.1920E-04  0.0000E+00 -0.2817E+13
   -1.364991    4.03449  0.0000E+00  0.2938E-07  0.8097E-10  0.1720E-05  0.0000E+00 -0.3968E+14
   -1.399989    4.07259  0.0000E+00  0.0000E+00  0.0000E+00  0.0000E+00  0.0000E+00  0.0000E+00
