 1 - depth, m
 2 - temperature, C
 3 - salinity, kg/kg
 4 - turbulent kinetic energy, m**2/s**2
 5 - dissipation rate, m**2/s**3
 6 - kinematic heat conductance, m**2/s
 7 - modulus of horizontal velocity, m/s
 8 - Richardson number, n/d
   -0.000000    0.00000  0.0000E+00  0.3275E-10  0.2152E-13  0.1000E-09  0.0000E+00  0.2439E+17
   -0.034998    0.38574  0.0000E+00  0.6796E-10  0.1799E-13  0.1000E-09  0.0000E+00  0.2101E+17
   -0.069997    0.75733  0.0000E+00  0.1330E-09  0.2157E-13  0.1000E-09  0.0000E+00  0.1788E+17
   -0.104995    1.11339  0.0000E+00  0.2340E-09  0.3043E-13  0.1000E-09  0.0000E+00  0.1506E+17
   -0.139994    1.45376  0.0000E+00  0.3855E-09  0.4533E-13  0.1000E-09  0.0000E+00  0.1256E+17
   -0.174994    1.77929  0.0000E+00  0.6121E-09  0.6843E-13  0.1000E-09  0.0000E+00  0.1036E+17
   -0.209993    2.09142  0.0000E+00  0.9520E-09  0.1033E-12  0.1000E-09  0.0000E+00  0.8442E+16
   -0.244993    2.39178  0.0000E+00  0.1463E-08  0.1555E-12  0.1000E-09  0.0000E+00  0.6743E+16
   -0.279993    2.68194  0.0000E+00  0.2231E-08  0.2332E-12  0.1247E-09  0.0000E+00  0.5222E+16
   -0.314993    2.96309  0.0000E+00  0.3403E-08  0.3504E-12  0.2367E-09  0.0000E+00  0.3839E+16
   -0.349994    3.23553  0.0000E+00  0.5212E-08  0.5293E-12  0.5324E-09  0.0000E+00  0.2575E+16
   -0.384994    3.49829  0.0000E+00  0.7994E-08  0.8010E-12  0.1455E-08  0.0000E+00  0.1427E+16
   -0.419995    3.74810  0.0000E+00  0.1220E-07  0.1207E-11  0.7405E-08  0.0000E+00  0.4379E+15
   -0.454996    3.97593  0.0000E+00  0.1347E-07  0.1341E-11  0.3295E-04  0.0000E+00  0.9595E+13
   -0.489997    3.99563  0.0000E+00  0.1383E-07  0.1383E-11  0.4396E-04  0.0000E+00 -0.1024E+12
   -0.524998    3.99650  0.0000E+00  0.1417E-07  0.1427E-11  0.4666E-04  0.0000E+00 -0.1165E+12
   -0.560000    3.99733  0.0000E+00  0.1457E-07  0.1484E-11  0.4971E-04  0.0000E+00 -0.1351E+12
   -0.595001    3.99815  0.0000E+00  0.1508E-07  0.1563E-11  0.5193E-04  0.0000E+00 -0.1587E+12
   -0.630002    3.99902  0.0000E+00  0.1561E-07  0.1648E-11  0.5258E-04  0.0000E+00 -0.1714E+12
   -0.665004    3.99990  0.0000E+00  0.1613E-07  0.1737E-11  0.5315E-04  0.0000E+00 -0.1847E+12
   -0.700005    4.00078  0.0000E+00  0.1665E-07  0.1831E-11  0.5359E-04  0.0000E+00 -0.1998E+12
   -0.735007    4.00167  0.0000E+00  0.1716E-07  0.1931E-11  0.5391E-04  0.0000E+00 -0.2158E+12
   -0.770008    4.00257  0.0000E+00  0.1767E-07  0.2038E-11  0.5410E-04  0.0000E+00 -0.2313E+12
   -0.805009    4.00348  0.0000E+00  0.1817E-07  0.2152E-11  0.5416E-04  0.0000E+00 -0.2479E+12
   -0.840011    4.00440  0.0000E+00  0.1867E-07  0.2275E-11  0.5409E-04  0.0000E+00 -0.2661E+12
   -0.875012    4.00534  0.0000E+00  0.1916E-07  0.2407E-11  0.5387E-04  0.0000E+00 -0.2868E+12
   -0.910013    4.00630  0.0000E+00  0.1964E-07  0.2549E-11  0.5348E-04  0.0000E+00 -0.3081E+12
   -0.945014    4.00728  0.0000E+00  0.2010E-07  0.2702E-11  0.5293E-04  0.0000E+00 -0.3316E+12
   -0.980015    4.00828  0.0000E+00  0.2054E-07  0.2868E-11  0.5217E-04  0.0000E+00 -0.3589E+12
   -1.015016    4.00931  0.0000E+00  0.2095E-07  0.3051E-11  0.5122E-04  0.0000E+00 -0.3958E+12
   -1.050016    4.01040  0.0000E+00  0.2135E-07  0.3258E-11  0.5001E-04  0.0000E+00 -0.4408E+12
   -1.085017    4.01155  0.0000E+00  0.2172E-07  0.3499E-11  0.4849E-04  0.0000E+00 -0.4833E+12
   -1.120017    4.01275  0.0000E+00  0.2205E-07  0.3780E-11  0.4665E-04  0.0000E+00 -0.5292E+12
   -1.155017    4.01401  0.0000E+00  0.2234E-07  0.4111E-11  0.4447E-04  0.0000E+00 -0.5849E+12
   -1.190017    4.01534  0.0000E+00  0.2257E-07  0.4514E-11  0.4176E-04  0.0000E+00 -0.6626E+12
   -1.225017    4.01677  0.0000E+00  0.2275E-07  0.5073E-11  0.3833E-04  0.0000E+00 -0.8020E+12
   -1.260016    4.01841  0.0000E+00  0.2286E-07  0.5996E-11  0.3327E-04  0.0000E+00 -0.1097E+13
   -1.295015    4.02053  0.0000E+00  0.2275E-07  0.8180E-11  0.2562E-04  0.0000E+00 -0.1852E+13
   -1.330014    4.02384  0.0000E+00  0.2187E-07  0.1384E-10  0.1055E-04  0.0000E+00 -0.5074E+13
   -1.365012    4.03168  0.0000E+00  0.1711E-07  0.4186E-10  0.1460E-05  0.0000E+00 -0.5465E+14
   -1.400010    4.08142  0.0000E+00  0.0000E+00  0.0000E+00  0.0000E+00  0.0000E+00  0.0000E+00
