 1 - depth, m
 2 - temperature, C
 3 - salinity, kg/kg
 4 - turbulent kinetic energy, m**2/s**2
 5 - dissipation rate, m**2/s**3
 6 - kinematic heat conductance, m**2/s
 7 - modulus of horizontal velocity, m/s
 8 - Richardson number, n/d
   -0.000000   12.69666  0.6816E-10  0.5894E-03  0.3891E-03  0.1054E-03  0.2648E+00  0.1955E-01
   -0.068746   12.80844  0.6816E-10  0.3327E-03  0.1078E-03  0.4685E-03  0.7150E-01 -0.1017E-01
   -0.137492   12.82936  0.6816E-10  0.2492E-03  0.5232E-04  0.4395E-03  0.5622E-01 -0.7425E-01
   -0.206239   12.84099  0.6816E-10  0.1923E-03  0.2873E-04  0.4222E-03  0.4872E-01 -0.3162E-01
   -0.274986   12.84896  0.6815E-10  0.1535E-03  0.1670E-04  0.4307E-03  0.4327E-01 -0.1335E+00
   -0.343735   12.85481  0.6815E-10  0.1262E-03  0.9958E-05  0.4434E-03  0.3915E-01 -0.3805E+00
   -0.412483   12.85962  0.6815E-10  0.1056E-03  0.6033E-05  0.4727E-03  0.3539E-01 -0.5081E-01
   -0.481232   12.86366  0.6815E-10  0.9055E-04  0.3760E-05  0.5162E-03  0.3220E-01  0.1758E+02
   -0.549982   12.86712  0.6815E-10  0.7969E-04  0.2443E-05  0.5690E-03  0.2953E-01  0.1136E+01
   -0.618732   12.87010  0.6815E-10  0.7182E-04  0.1668E-05  0.6366E-03  0.2720E-01  0.7912E+01
   -0.687482   12.87269  0.6815E-10  0.6596E-04  0.1197E-05  0.7146E-03  0.2511E-01  0.1011E+02
   -0.756233   12.87495  0.6815E-10  0.6150E-04  0.9001E-06  0.7951E-03  0.2323E-01  0.1696E+04
   -0.824984   12.87695  0.6815E-10  0.5800E-04  0.7040E-06  0.8799E-03  0.2154E-01  0.6361E+02
   -0.893735   12.87873  0.6815E-10  0.5516E-04  0.5691E-06  0.9707E-03  0.2001E-01  0.9972E+02
   -0.962486   12.88032  0.6815E-10  0.5276E-04  0.4723E-06  0.1053E-02  0.1860E-01  0.3166E+03
   -1.031238   12.88176  0.6815E-10  0.5064E-04  0.4001E-06  0.1140E-02  0.1729E-01  0.4254E+03
   -1.099990   12.88308  0.6815E-10  0.4870E-04  0.3444E-06  0.1245E-02  0.1608E-01  0.2570E+03
   -1.168742   12.88427  0.6815E-10  0.4692E-04  0.3005E-06  0.1375E-02  0.1498E-01  0.1462E+03
   -1.237494   12.88536  0.6815E-10  0.4530E-04  0.2654E-06  0.1520E-02  0.1398E-01  0.2716E+03
   -1.306246   12.88634  0.6815E-10  0.4380E-04  0.2368E-06  0.1673E-02  0.1306E-01  0.1612E+03
   -1.374998   12.88723  0.6815E-10  0.4240E-04  0.2132E-06  0.1821E-02  0.1221E-01  0.2086E+03
   -1.443750   12.88803  0.6815E-10  0.4108E-04  0.1935E-06  0.1974E-02  0.1140E-01  0.2922E+03
   -1.512503   12.88875  0.6815E-10  0.3981E-04  0.1769E-06  0.2098E-02  0.1064E-01  0.3549E+03
   -1.581255   12.88940  0.6815E-10  0.3859E-04  0.1627E-06  0.2184E-02  0.9903E-02  0.3500E+03
   -1.650007   12.89001  0.6815E-10  0.3738E-04  0.1506E-06  0.2239E-02  0.9198E-02  0.4142E+03
   -1.718758   12.89060  0.6815E-10  0.3617E-04  0.1401E-06  0.2263E-02  0.8516E-02  0.1071E+03
   -1.787510   12.89116  0.6815E-10  0.3495E-04  0.1311E-06  0.2256E-02  0.7853E-02  0.3388E+03
   -1.856262   12.89173  0.6815E-10  0.3371E-04  0.1233E-06  0.2224E-02  0.7207E-02  0.2027E+03
   -1.925013   12.89229  0.6815E-10  0.3242E-04  0.1167E-06  0.2178E-02  0.6574E-02  0.1145E+03
   -1.993764   12.89286  0.6815E-10  0.3108E-04  0.1111E-06  0.2108E-02  0.5951E-02  0.1815E+03
   -2.062514   12.89344  0.6815E-10  0.2966E-04  0.1065E-06  0.2045E-02  0.5332E-02  0.7959E+02
   -2.131265   12.89404  0.6815E-10  0.2812E-04  0.1030E-06  0.1964E-02  0.4749E-02  0.1016E+02
   -2.200015   12.89465  0.6815E-10  0.2645E-04  0.1008E-06  0.1846E-02  0.4213E-02  0.1044E+02
   -2.268764   12.89531  0.6815E-10  0.2469E-04  0.1008E-06  0.1650E-02  0.3726E-02  0.6733E+02
   -2.337513   12.89606  0.6815E-10  0.2278E-04  0.1049E-06  0.1411E-02  0.3285E-02  0.3153E+03
   -2.406262   12.89702  0.6815E-10  0.2059E-04  0.1171E-06  0.1151E-02  0.2884E-02  0.1292E+03
   -2.475010   12.89832  0.6815E-10  0.1780E-04  0.1472E-06  0.8315E-03  0.2506E-02  0.6362E+03
   -2.543757   12.90053  0.6815E-10  0.1419E-04  0.2103E-06  0.6122E-03  0.2124E-02  0.2598E+03
   -2.612504   12.90270  0.6815E-10  0.9853E-05  0.4091E-06  0.2843E-03  0.1805E-02  0.2241E+03
   -2.681251   12.91265  0.6815E-10  0.5153E-05  0.1020E-05  0.1130E-03  0.1385E-02 -0.1157E+04
   -2.749996   12.92479  0.6815E-10  0.0000E+00  0.0000E+00  0.0000E+00  0.1715E-02  0.0000E+00
