 1 - depth, m
 2 - temperature, C
 3 - salinity, kg/kg
 4 - turbulent kinetic energy, m**2/s**2
 5 - dissipation rate, m**2/s**3
 6 - kinematic heat conductance, m**2/s
 7 - modulus of horizontal velocity, m/s
 8 - Richardson number, n/d
   -0.000000   -0.00000  0.9549E-09  0.4950E-06  0.2311E-08  0.9333E-07  0.0000E+00  0.1272E+18
   -0.068747    4.57584  0.1229E-08  0.9473E-06  0.1405E-08  0.2424E-03  0.0000E+00 -0.4023E+14
   -0.137495    4.58021  0.1229E-08  0.1039E-05  0.1262E-08  0.2941E-03  0.0000E+00 -0.3178E+14
   -0.206243    4.58364  0.1229E-08  0.1112E-05  0.1166E-08  0.3580E-03  0.0000E+00 -0.2513E+14
   -0.274992    4.58634  0.1230E-08  0.1173E-05  0.1096E-08  0.4171E-03  0.0000E+00 -0.2085E+14
   -0.343742    4.58857  0.1230E-08  0.1224E-05  0.1042E-08  0.4727E-03  0.0000E+00 -0.1786E+14
   -0.412492    4.59047  0.1230E-08  0.1269E-05  0.1001E-08  0.5248E-03  0.0000E+00 -0.1568E+14
   -0.481242    4.59214  0.1230E-08  0.1309E-05  0.9670E-09  0.5738E-03  0.0000E+00 -0.1402E+14
   -0.549993    4.59363  0.1230E-08  0.1344E-05  0.9396E-09  0.6196E-03  0.0000E+00 -0.1276E+14
   -0.618745    4.59498  0.1230E-08  0.1376E-05  0.9172E-09  0.6620E-03  0.0000E+00 -0.1176E+14
   -0.687497    4.59622  0.1230E-08  0.1404E-05  0.8988E-09  0.7009E-03  0.0000E+00 -0.1099E+14
   -0.756249    4.59738  0.1230E-08  0.1429E-05  0.8838E-09  0.7366E-03  0.0000E+00 -0.1036E+14
   -0.825001    4.59847  0.1230E-08  0.1451E-05  0.8715E-09  0.7688E-03  0.0000E+00 -0.9859E+13
   -0.893754    4.59950  0.1230E-08  0.1471E-05  0.8617E-09  0.7979E-03  0.0000E+00 -0.9447E+13
   -0.962507    4.60049  0.1230E-08  0.1490E-05  0.8540E-09  0.8236E-03  0.0000E+00 -0.9128E+13
   -1.031260    4.60145  0.1230E-08  0.1506E-05  0.8482E-09  0.8462E-03  0.0000E+00 -0.8862E+13
   -1.100013    4.60237  0.1230E-08  0.1520E-05  0.8440E-09  0.8657E-03  0.0000E+00 -0.8651E+13
   -1.168767    4.60328  0.1230E-08  0.1533E-05  0.8415E-09  0.8822E-03  0.0000E+00 -0.8479E+13
   -1.237520    4.60416  0.1230E-08  0.1544E-05  0.8404E-09  0.8956E-03  0.0000E+00 -0.8361E+13
   -1.306274    4.60503  0.1230E-08  0.1554E-05  0.8409E-09  0.9061E-03  0.0000E+00 -0.8272E+13
   -1.375028    4.60589  0.1230E-08  0.1562E-05  0.8427E-09  0.9134E-03  0.0000E+00 -0.8231E+13
   -1.443781    4.60675  0.1230E-08  0.1569E-05  0.8461E-09  0.9176E-03  0.0000E+00 -0.8215E+13
   -1.512535    4.60760  0.1230E-08  0.1574E-05  0.8510E-09  0.9185E-03  0.0000E+00 -0.8244E+13
   -1.581289    4.60846  0.1230E-08  0.1578E-05  0.8574E-09  0.9163E-03  0.0000E+00 -0.8297E+13
   -1.650042    4.60932  0.1230E-08  0.1581E-05  0.8656E-09  0.9108E-03  0.0000E+00 -0.8397E+13
   -1.718795    4.61018  0.1230E-08  0.1582E-05  0.8756E-09  0.9019E-03  0.0000E+00 -0.8524E+13
   -1.787548    4.61107  0.1230E-08  0.1581E-05  0.8877E-09  0.8897E-03  0.0000E+00 -0.8702E+13
   -1.856301    4.61196  0.1230E-08  0.1579E-05  0.9020E-09  0.8740E-03  0.0000E+00 -0.8914E+13
   -1.925054    4.61288  0.1230E-08  0.1575E-05  0.9190E-09  0.8548E-03  0.0000E+00 -0.9186E+13
   -1.993807    4.61383  0.1230E-08  0.1569E-05  0.9389E-09  0.8323E-03  0.0000E+00 -0.9503E+13
   -2.062559    4.61480  0.1230E-08  0.1562E-05  0.9627E-09  0.8057E-03  0.0000E+00 -0.9881E+13
   -2.131310    4.61582  0.1230E-08  0.1552E-05  0.9927E-09  0.7735E-03  0.0000E+00 -0.1034E+14
   -2.200062    4.61688  0.1230E-08  0.1539E-05  0.1031E-08  0.7352E-03  0.0000E+00 -0.1094E+14
   -2.268813    4.61800  0.1230E-08  0.1522E-05  0.1081E-08  0.6899E-03  0.0000E+00 -0.1172E+14
   -2.337563    4.61919  0.1230E-08  0.1500E-05  0.1148E-08  0.6363E-03  0.0000E+00 -0.1278E+14
   -2.406313    4.62050  0.1230E-08  0.1472E-05  0.1241E-08  0.5729E-03  0.0000E+00 -0.1428E+14
   -2.475063    4.62195  0.1230E-08  0.1434E-05  0.1381E-08  0.4956E-03  0.0000E+00 -0.1662E+14
   -2.543812    4.62364  0.1230E-08  0.1380E-05  0.1612E-08  0.4141E-03  0.0000E+00 -0.2003E+14
   -2.612560    4.62566  0.1230E-08  0.1282E-05  0.2117E-08  0.2415E-03  0.0000E+00 -0.3471E+14
   -2.681308    4.62917  0.1230E-08  0.6160E-06  0.6994E-08  0.8182E-05  0.0000E+00 -0.1103E+16
   -2.750055    4.73182  0.1230E-08  0.0000E+00  0.0000E+00  0.0000E+00  0.0000E+00  0.0000E+00
