 1 - depth, m
 2 - temperature, C
 3 - salinity, kg/kg
 4 - turbulent kinetic energy, m**2/s**2
 5 - dissipation rate, m**2/s**3
 6 - kinematic heat conductance, m**2/s
 7 - modulus of horizontal velocity, m/s
 8 - Richardson number, n/d
   -0.000000   -0.00000  0.1904E-09  0.7757E-12  0.1666E-15  0.1000E-09  0.0000E+00  0.1581E+17
   -0.068746    0.24523  0.1307E-09  0.1835E-11  0.2013E-15  0.1000E-09  0.0000E+00  0.1454E+17
   -0.137492    0.48698  0.9063E-10  0.4201E-11  0.3680E-15  0.1000E-09  0.0000E+00  0.1326E+17
   -0.206239    0.72387  0.7451E-10  0.8968E-11  0.7304E-15  0.1000E-09  0.0000E+00  0.1209E+17
   -0.274986    0.95693  0.7001E-10  0.1850E-10  0.1456E-14  0.1000E-09  0.0000E+00  0.1103E+17
   -0.343734    1.18741  0.6901E-10  0.3747E-10  0.2874E-14  0.1000E-09  0.0000E+00  0.1012E+17
   -0.412483    1.41792  0.6882E-10  0.7502E-10  0.5624E-14  0.1000E-09  0.0000E+00  0.9264E+16
   -0.481232    1.64972  0.6879E-10  0.1490E-09  0.1092E-13  0.1000E-09  0.0000E+00  0.8445E+16
   -0.549982    1.88409  0.6878E-10  0.2937E-09  0.2107E-13  0.1000E-09  0.0000E+00  0.7673E+16
   -0.618732    2.12340  0.6878E-10  0.5729E-09  0.4025E-13  0.1000E-09  0.0000E+00  0.6910E+16
   -0.687482    2.37000  0.6878E-10  0.1109E-08  0.7630E-13  0.1000E-09  0.0000E+00  0.6094E+16
   -0.756232    2.62514  0.6876E-10  0.2133E-08  0.1437E-12  0.1399E-09  0.0000E+00  0.5228E+16
   -0.824983    2.89166  0.6870E-10  0.4075E-08  0.2689E-12  0.3246E-09  0.0000E+00  0.4217E+16
   -0.893735    3.16901  0.6849E-10  0.7734E-08  0.5000E-12  0.8333E-09  0.0000E+00  0.3056E+16
   -0.962486    3.45518  0.6784E-10  0.1457E-07  0.9233E-12  0.2665E-08  0.0000E+00  0.1765E+16
   -1.031238    3.74506  0.6640E-10  0.2705E-07  0.1682E-11  0.1894E-07  0.0000E+00  0.4530E+15
   -1.099990    4.00941  0.6580E-10  0.2751E-07  0.1712E-11  0.1673E-03  0.0000E+00 -0.9224E+11
   -1.168742    4.00966  0.6580E-10  0.2773E-07  0.1730E-11  0.1637E-03  0.0000E+00 -0.9626E+11
   -1.237494    4.00992  0.6580E-10  0.2793E-07  0.1750E-11  0.1640E-03  0.0000E+00 -0.9822E+11
   -1.306246    4.01019  0.6580E-10  0.2812E-07  0.1772E-11  0.1647E-03  0.0000E+00 -0.9996E+11
   -1.374998    4.01045  0.6580E-10  0.2830E-07  0.1798E-11  0.1744E-03  0.0000E+00 -0.9618E+11
   -1.443750    4.01071  0.6580E-10  0.2848E-07  0.1829E-11  0.1741E-03  0.0000E+00 -0.9804E+11
   -1.512502    4.01096  0.6580E-10  0.2863E-07  0.1860E-11  0.1628E-03  0.0000E+00 -0.1063E+12
   -1.581254    4.01124  0.6580E-10  0.2874E-07  0.1892E-11  0.1609E-03  0.0000E+00 -0.1093E+12
   -1.650006    4.01152  0.6580E-10  0.2883E-07  0.1928E-11  0.1592E-03  0.0000E+00 -0.1123E+12
   -1.718758    4.01180  0.6580E-10  0.2891E-07  0.1966E-11  0.1571E-03  0.0000E+00 -0.1157E+12
   -1.787510    4.01209  0.6580E-10  0.2896E-07  0.2009E-11  0.1546E-03  0.0000E+00 -0.1195E+12
   -1.856261    4.01238  0.6580E-10  0.2899E-07  0.2056E-11  0.1517E-03  0.0000E+00 -0.1239E+12
   -1.925013    4.01268  0.6580E-10  0.2899E-07  0.2108E-11  0.1484E-03  0.0000E+00 -0.1289E+12
   -1.993764    4.01299  0.6580E-10  0.2896E-07  0.2165E-11  0.1447E-03  0.0000E+00 -0.1346E+12
   -2.062514    4.01331  0.6580E-10  0.2891E-07  0.2231E-11  0.1403E-03  0.0000E+00 -0.1412E+12
   -2.131265    4.01364  0.6580E-10  0.2882E-07  0.2309E-11  0.1351E-03  0.0000E+00 -0.1494E+12
   -2.200014    4.01399  0.6580E-10  0.2868E-07  0.2405E-11  0.1291E-03  0.0000E+00 -0.1597E+12
   -2.268764    4.01436  0.6580E-10  0.2848E-07  0.2532E-11  0.1218E-03  0.0000E+00 -0.1731E+12
   -2.337513    4.01475  0.6580E-10  0.2815E-07  0.2725E-11  0.1016E-03  0.0000E+00 -0.2133E+12
   -2.406262    4.01522  0.6580E-10  0.2763E-07  0.3027E-11  0.7713E-04  0.0000E+00 -0.2909E+12
   -2.475010    4.01586  0.6580E-10  0.2681E-07  0.3516E-11  0.5722E-04  0.0000E+00 -0.4114E+12
   -2.543757    4.01674  0.6580E-10  0.2540E-07  0.4433E-11  0.3703E-04  0.0000E+00 -0.6783E+12
   -2.612504    4.01813  0.6580E-10  0.2270E-07  0.6518E-11  0.1743E-04  0.0000E+00 -0.1588E+13
   -2.681250    4.02117  0.6580E-10  0.1115E-07  0.2006E-10  0.1069E-05  0.0000E+00 -0.4208E+14
   -2.749996    4.06750  0.6580E-10  0.0000E+00  0.0000E+00  0.0000E+00  0.0000E+00  0.0000E+00
