 1 - depth, m
 2 - temperature, C
 3 - salinity, kg/kg
 4 - turbulent kinetic energy, m**2/s**2
 5 - dissipation rate, m**2/s**3
 6 - kinematic heat conductance, m**2/s
 7 - modulus of horizontal velocity, m/s
 8 - Richardson number, n/d
   -0.000000   -0.00000  0.2572E-09  0.1219E-13  0.7603E-17  0.1000E-09  0.0000E+00  0.1514E+17
   -0.068746    0.23446  0.9525E-10  0.1219E-13  0.7603E-17  0.1000E-09  0.0000E+00  0.1318E+17
   -0.137492    0.45203  0.7105E-10  0.1219E-13  0.7603E-17  0.1000E-09  0.0000E+00  0.1097E+17
   -0.206239    0.64469  0.6909E-10  0.1219E-13  0.7603E-17  0.1000E-09  0.0000E+00  0.8871E+16
   -0.274987    0.80948  0.6886E-10  0.1219E-13  0.7603E-17  0.1000E-09  0.0000E+00  0.6949E+16
   -0.343735    0.94513  0.6880E-10  0.1219E-13  0.7603E-17  0.1000E-09  0.0000E+00  0.5460E+16
   -0.412483    1.05636  0.6879E-10  0.1219E-13  0.7603E-17  0.1000E-09  0.0000E+00  0.4153E+16
   -0.481233    1.14402  0.6878E-10  0.1364E-13  0.7604E-17  0.1000E-09  0.0000E+00  0.3047E+16
   -0.549982    1.21019  0.6878E-10  0.3434E-13  0.9302E-17  0.1000E-09  0.0000E+00  0.2346E+16
   -0.618732    1.26229  0.6878E-10  0.1178E-12  0.2193E-16  0.1000E-09  0.0000E+00  0.2062E+16
   -0.687483    1.30897  0.6878E-10  0.3508E-12  0.6043E-16  0.1000E-09  0.0000E+00  0.2026E+16
   -0.756233    1.35567  0.6878E-10  0.9956E-12  0.1649E-15  0.1000E-09  0.0000E+00  0.2383E+16
   -0.824984    1.41174  0.6878E-10  0.2762E-11  0.4423E-15  0.1000E-09  0.0000E+00  0.2953E+16
   -0.893736    1.48304  0.6876E-10  0.7534E-11  0.1167E-14  0.1000E-09  0.0000E+00  0.3697E+16
   -0.962487    1.57539  0.6863E-10  0.2022E-10  0.3032E-14  0.1000E-09  0.0000E+00  0.4547E+16
   -1.031239    1.69427  0.6816E-10  0.5341E-10  0.7757E-14  0.1000E-09  0.0000E+00  0.5374E+16
   -1.099991    1.84360  0.6733E-10  0.1394E-09  0.1962E-13  0.1000E-09  0.0000E+00  0.6000E+16
   -1.168743    2.02420  0.6671E-10  0.3590E-09  0.4897E-13  0.1000E-09  0.0000E+00  0.6417E+16
   -1.237495    2.23857  0.6646E-10  0.9111E-09  0.1205E-12  0.1168E-09  0.0000E+00  0.6509E+16
   -1.306247    2.48801  0.6637E-10  0.2278E-08  0.2925E-12  0.2420E-09  0.0000E+00  0.6192E+16
   -1.374999    2.77337  0.6631E-10  0.5617E-08  0.7002E-12  0.6560E-09  0.0000E+00  0.5451E+16
   -1.443752    3.09959  0.6621E-10  0.1364E-07  0.1652E-11  0.2020E-08  0.0000E+00  0.4165E+16
   -1.512504    3.47848  0.6580E-10  0.3245E-07  0.3825E-11  0.1100E-07  0.0000E+00  0.1933E+16
   -1.581256    3.90802  0.6519E-10  0.4793E-07  0.5706E-11  0.6823E-04  0.0000E+00  0.1126E+15
   -1.650008    4.03482  0.6516E-10  0.4903E-07  0.5854E-11  0.1569E-03  0.0000E+00 -0.3666E+12
   -1.718760    4.03531  0.6516E-10  0.4961E-07  0.5955E-11  0.1547E-03  0.0000E+00 -0.3785E+12
   -1.787512    4.03581  0.6516E-10  0.5011E-07  0.6065E-11  0.1546E-03  0.0000E+00 -0.3843E+12
   -1.856263    4.03631  0.6516E-10  0.5051E-07  0.6187E-11  0.1540E-03  0.0000E+00 -0.3914E+12
   -1.925015    4.03681  0.6516E-10  0.5082E-07  0.6321E-11  0.1527E-03  0.0000E+00 -0.4004E+12
   -1.993766    4.03732  0.6516E-10  0.5103E-07  0.6470E-11  0.1507E-03  0.0000E+00 -0.4118E+12
   -2.062516    4.03784  0.6516E-10  0.5114E-07  0.6638E-11  0.1477E-03  0.0000E+00 -0.4250E+12
   -2.131267    4.03836  0.6516E-10  0.5116E-07  0.6841E-11  0.1436E-03  0.0000E+00 -0.4422E+12
   -2.200017    4.03891  0.6516E-10  0.5106E-07  0.7091E-11  0.1382E-03  0.0000E+00 -0.4651E+12
   -2.268766    4.03948  0.6516E-10  0.5083E-07  0.7409E-11  0.1309E-03  0.0000E+00 -0.4983E+12
   -2.337515    4.04008  0.6516E-10  0.5041E-07  0.7840E-11  0.1207E-03  0.0000E+00 -0.5503E+12
   -2.406264    4.04073  0.6516E-10  0.4966E-07  0.8505E-11  0.1031E-03  0.0000E+00 -0.6596E+12
   -2.475012    4.04152  0.6516E-10  0.4834E-07  0.9644E-11  0.7443E-04  0.0000E+00 -0.9493E+12
   -2.543760    4.04263  0.6516E-10  0.4594E-07  0.1180E-10  0.4878E-04  0.0000E+00 -0.1527E+13
   -2.612507    4.04436  0.6516E-10  0.4133E-07  0.1660E-10  0.2423E-04  0.0000E+00 -0.3306E+13
   -2.681253    4.04794  0.6516E-10  0.2126E-07  0.4791E-10  0.1663E-05  0.0000E+00 -0.6806E+14
   -2.749999    4.09826  0.6516E-10  0.0000E+00  0.0000E+00  0.0000E+00  0.0000E+00  0.0000E+00
