 1 - depth, m
 2 - temperature, C
 3 - salinity, kg/kg
 4 - turbulent kinetic energy, m**2/s**2
 5 - dissipation rate, m**2/s**3
 6 - kinematic heat conductance, m**2/s
 7 - modulus of horizontal velocity, m/s
 8 - Richardson number, n/d
   -0.000000   13.78761  0.6830E-10  0.2404E-02  0.1258E-01  0.1601E-03  0.6013E+00 -0.1496E-01
   -0.068746   13.89823  0.6830E-10  0.1170E-02  0.2544E-02  0.9662E-03  0.1459E+00 -0.3443E+00
   -0.137492   13.92332  0.6830E-10  0.8789E-03  0.1225E-02  0.9983E-03  0.1094E+00 -0.5697E-01
   -0.206239   13.93495  0.6830E-10  0.6877E-03  0.7813E-03  0.9482E-03  0.9443E-01  0.2202E+00
   -0.274986   13.94206  0.6830E-10  0.5650E-03  0.5112E-03  0.9107E-03  0.8427E-01  0.4891E+02
   -0.343734   13.94661  0.6830E-10  0.4627E-03  0.3418E-03  0.8845E-03  0.7786E-01  0.1948E+01
   -0.412483   13.95049  0.6830E-10  0.3847E-03  0.2207E-03  0.8758E-03  0.7101E-01  0.3349E+01
   -0.481232   13.95351  0.6830E-10  0.3216E-03  0.1432E-03  0.9262E-03  0.6499E-01  0.9413E+00
   -0.549981   13.95558  0.6830E-10  0.2749E-03  0.9467E-04  0.9702E-03  0.6129E-01  0.4242E+00
   -0.618731   13.95735  0.6830E-10  0.2409E-03  0.6134E-04  0.1002E-02  0.5798E-01  0.1676E+01
   -0.687481   13.95906  0.6830E-10  0.2140E-03  0.3728E-04  0.1058E-02  0.5371E-01  0.3819E+01
   -0.756232   13.96074  0.6830E-10  0.1935E-03  0.2267E-04  0.1107E-02  0.4972E-01  0.9853E+01
   -0.824983   13.96218  0.6830E-10  0.1786E-03  0.1442E-04  0.1158E-02  0.4617E-01  0.5526E+01
   -0.893734   13.96355  0.6830E-10  0.1666E-03  0.9526E-05  0.1214E-02  0.4290E-01  0.1509E+02
   -0.962485   13.96487  0.6831E-10  0.1575E-03  0.6628E-05  0.1269E-02  0.4006E-01  0.9254E+01
   -1.031237   13.96615  0.6831E-10  0.1503E-03  0.4883E-05  0.1234E-02  0.3725E-01  0.5090E+02
   -1.099989   13.96916  0.6831E-10  0.1393E-03  0.3573E-05  0.1389E-02  0.3201E-01  0.7338E+02
   -1.168741   13.97024  0.6831E-10  0.1314E-03  0.2764E-05  0.1456E-02  0.2991E-01  0.4854E+02
   -1.237493   13.97116  0.6831E-10  0.1247E-03  0.2214E-05  0.1512E-02  0.2818E-01  0.1299E+03
   -1.306245   13.97201  0.6831E-10  0.1188E-03  0.1822E-05  0.1569E-02  0.2662E-01  0.1007E+02
   -1.374997   13.97282  0.6831E-10  0.1137E-03  0.1535E-05  0.1628E-02  0.2516E-01  0.8374E+01
   -1.443749   13.97358  0.6831E-10  0.1090E-03  0.1318E-05  0.1685E-02  0.2380E-01  0.1155E+03
   -1.512501   13.97431  0.6831E-10  0.1048E-03  0.1152E-05  0.1730E-02  0.2251E-01  0.2300E+03
   -1.581253   13.97502  0.6831E-10  0.1009E-03  0.1021E-05  0.1770E-02  0.2129E-01  0.1794E+02
   -1.650005   13.97570  0.6831E-10  0.9731E-04  0.9173E-06  0.1807E-02  0.2012E-01  0.7155E+02
   -1.718757   13.97637  0.6831E-10  0.9392E-04  0.8335E-06  0.1833E-02  0.1900E-01  0.9369E+02
   -1.787509   13.97703  0.6831E-10  0.9067E-04  0.7655E-06  0.1842E-02  0.1791E-01  0.3116E+02
   -1.856260   13.97769  0.6831E-10  0.8752E-04  0.7103E-06  0.1836E-02  0.1685E-01  0.3607E+02
   -1.925011   13.97835  0.6831E-10  0.8439E-04  0.6660E-06  0.1811E-02  0.1580E-01  0.2368E+02
   -1.993762   13.97901  0.6831E-10  0.8123E-04  0.6310E-06  0.1763E-02  0.1475E-01  0.7894E+02
   -2.062513   13.97970  0.6831E-10  0.7788E-04  0.6041E-06  0.1727E-02  0.1368E-01  0.5363E+02
   -2.131263   13.98039  0.6831E-10  0.7423E-04  0.5855E-06  0.1668E-02  0.1265E-01  0.7435E+01
   -2.200013   13.98110  0.6831E-10  0.7027E-04  0.5788E-06  0.1576E-02  0.1169E-01  0.4647E+01
   -2.268762   13.98185  0.6831E-10  0.6592E-04  0.5909E-06  0.1447E-02  0.1077E-01  0.3776E+01
   -2.337511   13.98267  0.6831E-10  0.6100E-04  0.6356E-06  0.1284E-02  0.9881E-02  0.6557E+02
   -2.406260   13.98360  0.6831E-10  0.5520E-04  0.7419E-06  0.1099E-02  0.9010E-02  0.1203E+02
   -2.475008   13.98474  0.6831E-10  0.4802E-04  0.9734E-06  0.8805E-03  0.8133E-02  0.3753E+01
   -2.543755   13.98631  0.6831E-10  0.3889E-04  0.1497E-05  0.6411E-03  0.7226E-02  0.4621E+02
   -2.612502   13.98837  0.6831E-10  0.2755E-04  0.2958E-05  0.3711E-03  0.6300E-02  0.4594E+02
   -2.681248   13.99368  0.6831E-10  0.1467E-04  0.7023E-05  0.1547E-03  0.4968E-02 -0.4579E+04
   -2.749994   14.01223  0.6831E-10  0.0000E+00  0.0000E+00  0.0000E+00  0.5933E-02  0.0000E+00
