 1 - depth, m
 2 - temperature, C
 3 - salinity, kg/kg
 4 - turbulent kinetic energy, m**2/s**2
 5 - dissipation rate, m**2/s**3
 6 - kinematic heat conductance, m**2/s
 7 - modulus of horizontal velocity, m/s
 8 - Richardson number, n/d
   -0.000000   16.65410  0.6531E-10  0.6414E-03  0.5636E-03  0.9354E-04  0.2872E+00  0.6356E+00
   -0.068746   16.86206  0.6530E-10  0.3543E-03  0.1607E-03  0.4791E-03  0.8168E-01 -0.5722E+00
   -0.137492   16.90063  0.6530E-10  0.2611E-03  0.7369E-04  0.4360E-03  0.6498E-01 -0.6652E-01
   -0.206239   16.92378  0.6530E-10  0.1967E-03  0.3656E-04  0.4325E-03  0.5619E-01 -0.3227E-01
   -0.274986   16.93863  0.6529E-10  0.1544E-03  0.2012E-04  0.4426E-03  0.5008E-01  0.5176E+01
   -0.343734   16.94924  0.6529E-10  0.1244E-03  0.1123E-04  0.4581E-03  0.4567E-01  0.5787E+01
   -0.412482   16.95778  0.6529E-10  0.1024E-03  0.6417E-05  0.4946E-03  0.4162E-01  0.3342E+04
   -0.481231   16.96463  0.6529E-10  0.8623E-04  0.3799E-05  0.5522E-03  0.3827E-01  0.2815E+02
   -0.549981   16.97017  0.6529E-10  0.7466E-04  0.2384E-05  0.6152E-03  0.3558E-01  0.2518E+02
   -0.618731   16.97477  0.6529E-10  0.6629E-04  0.1593E-05  0.6860E-03  0.3327E-01  0.6368E+02
   -0.687481   16.97867  0.6529E-10  0.5997E-04  0.1124E-05  0.7654E-03  0.3118E-01  0.6968E+02
   -0.756231   16.98198  0.6529E-10  0.5502E-04  0.8299E-06  0.8506E-03  0.2932E-01  0.1364E+03
   -0.824982   16.98478  0.6529E-10  0.5101E-04  0.6359E-06  0.9368E-03  0.2767E-01  0.3094E+04
   -0.893733   16.98718  0.6529E-10  0.4761E-04  0.5020E-06  0.1030E-02  0.2617E-01  0.2346E+03
   -0.962485   16.98924  0.6529E-10  0.4458E-04  0.4055E-06  0.1125E-02  0.2478E-01  0.9164E+03
   -1.031236   16.99101  0.6529E-10  0.4176E-04  0.3330E-06  0.1216E-02  0.2350E-01  0.2276E+03
   -1.099988   16.99254  0.6529E-10  0.3904E-04  0.2760E-06  0.1323E-02  0.2231E-01  0.2427E+03
   -1.168740   16.99383  0.6529E-10  0.3649E-04  0.2307E-06  0.1421E-02  0.2127E-01  0.9573E+03
   -1.237492   16.99492  0.6529E-10  0.3415E-04  0.1947E-06  0.1505E-02  0.2037E-01  0.4660E+02
   -1.306244   16.99585  0.6529E-10  0.3207E-04  0.1662E-06  0.1589E-02  0.1960E-01  0.4738E+02
   -1.374996   16.99664  0.6529E-10  0.3031E-04  0.1444E-06  0.1690E-02  0.1895E-01  0.2854E+02
   -1.443748   16.99729  0.6529E-10  0.2894E-04  0.1287E-06  0.1756E-02  0.1842E-01  0.7495E+02
   -1.512500   16.99786  0.6529E-10  0.2808E-04  0.1195E-06  0.1932E-02  0.1802E-01  0.1314E+03
   -1.581252   16.99833  0.6529E-10  0.2723E-04  0.1112E-06  0.1000E-09  0.1778E-01 -0.2070E+02
   -1.650004   21.58368  0.6498E-10  0.2450E-04  0.9077E-07  0.2062E-02  0.2010E-02  0.1353E+02
   -1.718756   21.58401  0.6498E-10  0.2322E-04  0.8219E-07  0.2056E-02  0.1883E-02  0.1038E+01
   -1.787508   21.58436  0.6498E-10  0.2199E-04  0.7486E-07  0.2048E-02  0.1737E-02  0.5376E+01
   -1.856259   21.58471  0.6498E-10  0.2085E-04  0.6885E-07  0.1990E-02  0.1596E-02  0.8324E+00
   -1.925010   21.58509  0.6498E-10  0.1979E-04  0.6404E-07  0.1922E-02  0.1455E-02  0.8483E+00
   -1.993761   21.58550  0.6498E-10  0.1881E-04  0.6040E-07  0.1841E-02  0.1315E-02  0.8822E+00
   -2.062511   21.58594  0.6498E-10  0.1792E-04  0.5791E-07  0.1754E-02  0.1178E-02  0.8356E+00
   -2.131262   21.58641  0.6498E-10  0.1706E-04  0.5650E-07  0.1652E-02  0.1052E-02  0.7968E+00
   -2.200011   21.58693  0.6498E-10  0.1625E-04  0.5633E-07  0.1509E-02  0.9421E-03  0.1200E+01
   -2.268761   21.58752  0.6498E-10  0.1542E-04  0.5775E-07  0.1384E-02  0.8456E-03  0.1304E+02
   -2.337510   21.58819  0.6498E-10  0.1450E-04  0.6229E-07  0.1193E-02  0.7609E-03  0.1302E+03
   -2.406258   21.58912  0.6498E-10  0.1335E-04  0.7199E-07  0.1048E-02  0.6730E-03  0.2928E+03
   -2.475006   21.59020  0.6498E-10  0.1181E-04  0.9460E-07  0.7732E-03  0.5930E-03  0.1450E+04
   -2.543754   21.59275  0.6498E-10  0.9740E-05  0.1447E-06  0.6165E-03  0.4882E-03  0.2601E+04
   -2.612501   21.59368  0.6498E-10  0.7184E-05  0.3080E-06  0.2808E-03  0.4330E-03  0.1688E+03
   -2.681247   21.60593  0.6498E-10  0.3928E-05  0.8669E-06  0.1115E-03  0.3201E-03 -0.3083E+05
   -2.749992   21.61583  0.6498E-10  0.0000E+00  0.0000E+00  0.0000E+00  0.4163E-03  0.0000E+00
