 1 - depth, m
 2 - temperature, C
 3 - salinity, kg/kg
 4 - turbulent kinetic energy, m**2/s**2
 5 - dissipation rate, m**2/s**3
 6 - kinematic heat conductance, m**2/s
 7 - modulus of horizontal velocity, m/s
 8 - Richardson number, n/d
   -0.000000   15.86536  0.7185E-10  0.1882E-02  0.3102E-02  0.1300E-03  0.5487E+00  0.1798E+00
   -0.068746   16.01615  0.7185E-10  0.1001E-02  0.7668E-03  0.1035E-02  0.1315E+00 -0.1272E+00
   -0.137492   16.03591  0.7185E-10  0.7708E-03  0.4236E-03  0.9499E-03  0.1037E+00 -0.2508E+01
   -0.206239   16.04608  0.7185E-10  0.5971E-03  0.2289E-03  0.8834E-03  0.9082E-01 -0.4332E-01
   -0.274986   16.05267  0.7185E-10  0.4832E-03  0.1430E-03  0.8540E-03  0.8148E-01 -0.8401E-01
   -0.343734   16.05698  0.7185E-10  0.3962E-03  0.8741E-04  0.8107E-03  0.7531E-01 -0.4498E-01
   -0.412483   16.06040  0.7185E-10  0.3255E-03  0.5285E-04  0.8024E-03  0.6871E-01 -0.1120E-01
   -0.481232   16.06315  0.7185E-10  0.2745E-03  0.3264E-04  0.8494E-03  0.6267E-01 -0.3778E-01
   -0.549981   16.06529  0.7185E-10  0.2372E-03  0.2053E-04  0.8848E-03  0.5837E-01 -0.6819E-01
   -0.618731   16.06717  0.7185E-10  0.2097E-03  0.1321E-04  0.9099E-03  0.5449E-01 -0.3816E-01
   -0.687482   16.06892  0.7185E-10  0.1883E-03  0.8766E-05  0.9591E-03  0.5039E-01 -0.3203E-01
   -0.756232   16.07049  0.7185E-10  0.1717E-03  0.6058E-05  0.1004E-02  0.4681E-01 -0.2510E-01
   -0.824983   16.07192  0.7185E-10  0.1586E-03  0.4373E-05  0.1055E-02  0.4357E-01 -0.2683E-01
   -0.893734   16.07321  0.7185E-10  0.1482E-03  0.3293E-05  0.1103E-02  0.4068E-01 -0.2661E-01
   -0.962486   16.07440  0.7185E-10  0.1397E-03  0.2576E-05  0.1147E-02  0.3807E-01 -0.2738E-01
   -1.031237   16.07551  0.7185E-10  0.1326E-03  0.2078E-05  0.1192E-02  0.3564E-01 -0.2879E-01
   -1.099989   16.07654  0.7185E-10  0.1262E-03  0.1718E-05  0.1251E-02  0.3340E-01 -0.3252E-01
   -1.168741   16.07750  0.7185E-10  0.1206E-03  0.1450E-05  0.1306E-02  0.3137E-01 -0.3630E-01
   -1.237493   16.07840  0.7185E-10  0.1156E-03  0.1246E-05  0.1357E-02  0.2952E-01 -0.4018E-01
   -1.306245   16.07926  0.7185E-10  0.1111E-03  0.1085E-05  0.1405E-02  0.2781E-01 -0.4408E-01
   -1.374998   16.08007  0.7185E-10  0.1069E-03  0.9571E-06  0.1450E-02  0.2622E-01  0.1862E+00
   -1.443750   16.08084  0.7185E-10  0.1030E-03  0.8534E-06  0.1493E-02  0.2473E-01 -0.4558E-01
   -1.512502   16.08158  0.7185E-10  0.9943E-04  0.7683E-06  0.1527E-02  0.2333E-01 -0.2926E-01
   -1.581254   16.08230  0.7185E-10  0.9604E-04  0.6978E-06  0.1555E-02  0.2201E-01 -0.1883E-01
   -1.650006   16.08299  0.7185E-10  0.9283E-04  0.6390E-06  0.1580E-02  0.2075E-01  0.1412E+00
   -1.718758   16.08366  0.7185E-10  0.8976E-04  0.5898E-06  0.1607E-02  0.1954E-01  0.2866E+01
   -1.787509   16.08432  0.7185E-10  0.8678E-04  0.5485E-06  0.1625E-02  0.1838E-01  0.7786E+01
   -1.856261   16.08496  0.7185E-10  0.8386E-04  0.5139E-06  0.1625E-02  0.1725E-01  0.1586E+02
   -1.925012   16.08559  0.7185E-10  0.8095E-04  0.4850E-06  0.1604E-02  0.1613E-01  0.1807E+02
   -1.993763   16.08623  0.7185E-10  0.7798E-04  0.4613E-06  0.1559E-02  0.1503E-01  0.1352E+02
   -2.062514   16.08687  0.7185E-10  0.7487E-04  0.4419E-06  0.1531E-02  0.1391E-01  0.3294E+02
   -2.131264   16.08752  0.7185E-10  0.7147E-04  0.4270E-06  0.1479E-02  0.1284E-01  0.1245E+01
   -2.200014   16.08818  0.7185E-10  0.6778E-04  0.4183E-06  0.1393E-02  0.1183E-01  0.3394E+01
   -2.268763   16.08888  0.7185E-10  0.6368E-04  0.4193E-06  0.1285E-02  0.1086E-01  0.3791E+00
   -2.337512   16.08963  0.7185E-10  0.5900E-04  0.4376E-06  0.1144E-02  0.9917E-02  0.1862E+01
   -2.406261   16.09047  0.7185E-10  0.5340E-04  0.4902E-06  0.9740E-03  0.8989E-02  0.1918E+01
   -2.475009   16.09148  0.7185E-10  0.4635E-04  0.6192E-06  0.7700E-03  0.8050E-02  0.4251E+02
   -2.543756   16.09281  0.7185E-10  0.3707E-04  0.9452E-06  0.5434E-03  0.7091E-02  0.4982E+01
   -2.612503   16.09476  0.7185E-10  0.2557E-04  0.1870E-05  0.3070E-03  0.6123E-02  0.2274E+01
   -2.681249   16.09900  0.7185E-10  0.1325E-04  0.4352E-05  0.1675E-03  0.4910E-02 -0.3276E+03
   -2.749995   16.10812  0.7185E-10  0.0000E+00  0.0000E+00  0.0000E+00  0.5824E-02  0.0000E+00
