 1 - depth, m
 2 - temperature, C
 3 - salinity, kg/kg
 4 - turbulent kinetic energy, m**2/s**2
 5 - dissipation rate, m**2/s**3
 6 - kinematic heat conductance, m**2/s
 7 - modulus of horizontal velocity, m/s
 8 - Richardson number, n/d
   -0.000000   12.45745  0.7185E-10  0.4874E-03  0.3503E-03  0.1039E-03  0.2462E+00  0.5819E-02
   -0.068746   12.50716  0.7186E-10  0.2744E-03  0.1005E-03  0.3963E-03  0.7212E-01 -0.5093E-01
   -0.137492   12.51603  0.7186E-10  0.2006E-03  0.4703E-04  0.3502E-03  0.5602E-01 -0.8204E-02
   -0.206239   12.52194  0.7186E-10  0.1505E-03  0.2214E-04  0.3396E-03  0.4723E-01 -0.9707E-01
   -0.274987   12.52583  0.7186E-10  0.1178E-03  0.1116E-04  0.3448E-03  0.4117E-01 -0.2073E-01
   -0.343735   12.52878  0.7186E-10  0.9562E-04  0.5979E-05  0.3551E-03  0.3661E-01 -0.2198E-01
   -0.412483   12.53129  0.7186E-10  0.7987E-04  0.3430E-05  0.3774E-03  0.3261E-01 -0.2376E-01
   -0.481232   12.53339  0.7186E-10  0.6856E-04  0.2107E-05  0.4094E-03  0.2929E-01 -0.2928E-01
   -0.549982   12.53518  0.7186E-10  0.6057E-04  0.1384E-05  0.4446E-03  0.2660E-01 -0.3364E-01
   -0.618732   12.53674  0.7186E-10  0.5487E-04  0.9663E-06  0.4799E-03  0.2430E-01 -0.3607E-01
   -0.687482   12.53815  0.7186E-10  0.5063E-04  0.7105E-06  0.5192E-03  0.2223E-01 -0.3969E-01
   -0.756233   12.53942  0.7186E-10  0.4736E-04  0.5454E-06  0.5604E-03  0.2038E-01 -0.4402E-01
   -0.824984   12.54057  0.7186E-10  0.4472E-04  0.4337E-06  0.6022E-03  0.1871E-01 -0.4544E-01
   -0.893735   12.54163  0.7186E-10  0.4250E-04  0.3548E-06  0.6444E-03  0.1721E-01 -0.4502E-01
   -0.962487   12.54262  0.7186E-10  0.4055E-04  0.2969E-06  0.6856E-03  0.1583E-01  0.2153E+00
   -1.031238   12.54354  0.7186E-10  0.3877E-04  0.2525E-06  0.7338E-03  0.1455E-01  0.1728E+02
   -1.099990   12.54440  0.7186E-10  0.3707E-04  0.2174E-06  0.7957E-03  0.1338E-01  0.1722E+02
   -1.168742   12.54519  0.7186E-10  0.3550E-04  0.1892E-06  0.8749E-03  0.1234E-01  0.6649E+01
   -1.237494   12.54593  0.7186E-10  0.3403E-04  0.1664E-06  0.9648E-03  0.1140E-01  0.1155E+02
   -1.306246   12.54660  0.7186E-10  0.3269E-04  0.1476E-06  0.1062E-02  0.1055E-01  0.1070E+03
   -1.374999   12.54722  0.7186E-10  0.3144E-04  0.1320E-06  0.1192E-02  0.9770E-02  0.2853E+02
   -1.443751   12.54779  0.7186E-10  0.3029E-04  0.1190E-06  0.1319E-02  0.9057E-02  0.2897E+02
   -1.512503   12.54831  0.7186E-10  0.2922E-04  0.1080E-06  0.1458E-02  0.8394E-02  0.1119E+02
   -1.581255   12.54879  0.7186E-10  0.2821E-04  0.9872E-07  0.1585E-02  0.7774E-02  0.2149E+02
   -1.650007   12.54922  0.7186E-10  0.2727E-04  0.9076E-07  0.1721E-02  0.7188E-02  0.6949E+02
   -1.718759   12.54962  0.7186E-10  0.2637E-04  0.8394E-07  0.1842E-02  0.6631E-02  0.6366E+02
   -1.787511   12.54998  0.7186E-10  0.2551E-04  0.7805E-07  0.1960E-02  0.6095E-02  0.1181E+03
   -1.856262   12.55032  0.7186E-10  0.2466E-04  0.7297E-07  0.2035E-02  0.5576E-02  0.5478E+02
   -1.925013   12.55063  0.7186E-10  0.2382E-04  0.6855E-07  0.2051E-02  0.5068E-02  0.1169E+03
   -1.993764   12.55095  0.7186E-10  0.2298E-04  0.6473E-07  0.2034E-02  0.4568E-02  0.1508E+02
   -2.062515   12.55127  0.7186E-10  0.2211E-04  0.6143E-07  0.2016E-02  0.4073E-02  0.8206E+01
   -2.131265   12.55159  0.7186E-10  0.2118E-04  0.5855E-07  0.1977E-02  0.3607E-02  0.7483E+01
   -2.200015   12.55192  0.7186E-10  0.2021E-04  0.5620E-07  0.1933E-02  0.3178E-02  0.2319E+01
   -2.268765   12.55225  0.7186E-10  0.1919E-04  0.5452E-07  0.1878E-02  0.2787E-02  0.1513E+01
   -2.337514   12.55260  0.7186E-10  0.1813E-04  0.5374E-07  0.1797E-02  0.2435E-02  0.1064E+01
   -2.406263   12.55296  0.7186E-10  0.1707E-04  0.5418E-07  0.1656E-02  0.2128E-02  0.1177E+01
   -2.475011   12.55336  0.7186E-10  0.1604E-04  0.5625E-07  0.1391E-02  0.1874E-02  0.1208E+03
   -2.543758   12.55385  0.7186E-10  0.1490E-04  0.6130E-07  0.1039E-02  0.1689E-02  0.7743E+02
   -2.612505   12.55451  0.7186E-10  0.1323E-04  0.7548E-07  0.4851E-03  0.1536E-02  0.7416E+03
   -2.681252   12.55596  0.7186E-10  0.5796E-05  0.2079E-06  0.2394E-04  0.1367E-02 -0.3119E+04
   -2.749997   12.58391  0.7186E-10  0.0000E+00  0.0000E+00  0.0000E+00  0.1348E-02  0.0000E+00
