 1 - depth, m
 2 - temperature, C
 3 - salinity, kg/kg
 4 - turbulent kinetic energy, m**2/s**2
 5 - dissipation rate, m**2/s**3
 6 - kinematic heat conductance, m**2/s
 7 - modulus of horizontal velocity, m/s
 8 - Richardson number, n/d
   -0.000000   13.87489  0.0000E+00  0.4096E-03  0.8144E-03  0.9766E-04  0.2488E+00  0.2209E-01
   -0.037499   13.97898  0.0000E+00  0.2206E-03  0.2671E-03  0.1544E-03  0.8573E-01  0.3021E-02
   -0.074998   14.01365  0.0000E+00  0.1499E-03  0.8973E-04  0.1959E-03  0.5433E-01 -0.1767E+00
   -0.112498   14.02921  0.0000E+00  0.1190E-03  0.4958E-04  0.2065E-03  0.4286E-01 -0.8748E-02
   -0.149998   14.03694  0.0000E+00  0.9889E-04  0.2919E-04  0.2132E-03  0.3629E-01  0.7509E-01
   -0.187498   14.04214  0.0000E+00  0.8395E-04  0.1728E-04  0.2210E-03  0.3156E-01 -0.8085E-01
   -0.224998   14.04620  0.0000E+00  0.7295E-04  0.1027E-04  0.2310E-03  0.2790E-01 -0.2539E-01
   -0.262499   14.04985  0.0000E+00  0.6439E-04  0.6368E-05  0.2436E-03  0.2473E-01  0.2640E-01
   -0.300000   14.05296  0.0000E+00  0.5768E-04  0.4087E-05  0.2586E-03  0.2215E-01  0.4828E-01
   -0.337501   14.05563  0.0000E+00  0.5230E-04  0.2708E-05  0.2748E-03  0.2003E-01  0.2710E+00
   -0.375003   14.05810  0.0000E+00  0.4781E-04  0.1852E-05  0.2929E-03  0.1816E-01  0.8463E+00
   -0.412504   14.06031  0.0000E+00  0.4406E-04  0.1305E-05  0.3126E-03  0.1654E-01  0.8940E+01
   -0.450006   14.06231  0.0000E+00  0.4087E-04  0.9518E-06  0.3340E-03  0.1511E-01  0.9445E+01
   -0.487508   14.06417  0.0000E+00  0.3811E-04  0.7206E-06  0.3641E-03  0.1383E-01  0.3133E+02
   -0.525010   14.06584  0.0000E+00  0.3568E-04  0.5670E-06  0.3986E-03  0.1267E-01  0.3427E+02
   -0.562512   14.06739  0.0000E+00  0.3353E-04  0.4615E-06  0.4426E-03  0.1165E-01  0.5087E+02
   -0.600014   14.06875  0.0000E+00  0.3161E-04  0.3836E-06  0.4989E-03  0.1074E-01  0.2728E+02
   -0.637517   14.07000  0.0000E+00  0.2988E-04  0.3251E-06  0.5570E-03  0.9908E-02  0.2911E+02
   -0.675019   14.07107  0.0000E+00  0.2831E-04  0.2792E-06  0.6281E-03  0.9149E-02  0.7218E+02
   -0.712522   14.07203  0.0000E+00  0.2688E-04  0.2424E-06  0.7000E-03  0.8445E-02  0.6657E+02
   -0.750024   14.07285  0.0000E+00  0.2554E-04  0.2123E-06  0.7492E-03  0.7788E-02  0.6542E+02
   -0.787526   14.07360  0.0000E+00  0.2429E-04  0.1870E-06  0.7804E-03  0.7168E-02  0.3169E+02
   -0.825029   14.07429  0.0000E+00  0.2309E-04  0.1656E-06  0.7995E-03  0.6575E-02  0.1726E+03
   -0.862531   14.07493  0.0000E+00  0.2194E-04  0.1474E-06  0.8107E-03  0.6014E-02  0.2937E+02
   -0.900034   14.07553  0.0000E+00  0.2083E-04  0.1317E-06  0.8146E-03  0.5480E-02  0.1440E+02
   -0.937536   14.07612  0.0000E+00  0.1974E-04  0.1180E-06  0.8110E-03  0.4972E-02  0.1101E+02
   -0.975038   14.07669  0.0000E+00  0.1868E-04  0.1062E-06  0.8001E-03  0.4487E-02  0.1296E+02
   -1.012540   14.07725  0.0000E+00  0.1761E-04  0.9577E-07  0.7857E-03  0.4022E-02  0.7759E+01
   -1.050042   14.07782  0.0000E+00  0.1654E-04  0.8663E-07  0.7661E-03  0.3587E-02  0.4982E+01
   -1.087544   14.07838  0.0000E+00  0.1546E-04  0.7871E-07  0.7412E-03  0.3182E-02  0.3953E+01
   -1.125045   14.07896  0.0000E+00  0.1438E-04  0.7202E-07  0.7103E-03  0.2807E-02  0.3712E+01
   -1.162547   14.07954  0.0000E+00  0.1330E-04  0.6657E-07  0.6720E-03  0.2458E-02  0.3718E+01
   -1.200048   14.08015  0.0000E+00  0.1223E-04  0.6250E-07  0.6277E-03  0.2135E-02  0.3418E+01
   -1.237549   14.08080  0.0000E+00  0.1116E-04  0.6010E-07  0.5722E-03  0.1837E-02  0.5196E+01
   -1.275050   14.08150  0.0000E+00  0.1010E-04  0.6020E-07  0.5088E-03  0.1566E-02  0.8818E+01
   -1.312550   14.08233  0.0000E+00  0.9017E-05  0.6502E-07  0.4340E-03  0.1331E-02  0.6018E+02
   -1.350050   14.08343  0.0000E+00  0.7809E-05  0.7895E-07  0.3358E-03  0.1125E-02  0.8939E+02
   -1.387550   14.08514  0.0000E+00  0.6482E-05  0.1054E-06  0.2588E-03  0.9241E-03  0.1316E+04
   -1.425050   14.08683  0.0000E+00  0.4902E-05  0.1908E-06  0.1277E-03  0.7518E-03  0.2191E+03
   -1.462549   14.09359  0.0000E+00  0.2951E-05  0.4156E-06  0.5402E-04  0.5540E-03 -0.5719E+05
   -1.500048   14.10348  0.0000E+00  0.0000E+00  0.0000E+00  0.0000E+00  0.7081E-03  0.0000E+00
