 1 - depth, m
 2 - temperature, C
 3 - salinity, kg/kg
 4 - turbulent kinetic energy, m**2/s**2
 5 - dissipation rate, m**2/s**3
 6 - kinematic heat conductance, m**2/s
 7 - modulus of horizontal velocity, m/s
 8 - Richardson number, n/d
   -0.000000   12.86655  0.0000E+00  0.2316E-02  0.2805E-01  0.1397E-03  0.8609E+00 -0.9067E-02
   -0.037493   13.05409  0.0000E+00  0.1190E-02  0.1614E-01  0.3425E-03  0.2800E+00  0.7142E+00
   -0.074985   13.12882  0.0000E+00  0.7710E-03  0.6102E-02  0.5124E-03  0.1596E+00  0.2983E-01
   -0.112479   13.16100  0.0000E+00  0.6177E-03  0.4378E-02  0.6002E-03  0.1176E+00 -0.4977E+00
   -0.149972   13.17348  0.0000E+00  0.5212E-03  0.3267E-02  0.6015E-03  0.9636E-01 -0.9281E+01
   -0.187466   13.18192  0.0000E+00  0.4407E-03  0.2130E-02  0.6206E-03  0.8208E-01  0.4634E-01
   -0.224960   13.18676  0.0000E+00  0.3780E-03  0.1475E-02  0.6108E-03  0.7209E-01  0.2995E+00
   -0.262455   13.19067  0.0000E+00  0.3309E-03  0.1072E-02  0.6220E-03  0.6485E-01 -0.2247E+00
   -0.299949   13.19318  0.0000E+00  0.2931E-03  0.7716E-03  0.6248E-03  0.5944E-01  0.1091E+00
   -0.337444   13.19531  0.0000E+00  0.2631E-03  0.5623E-03  0.6360E-03  0.5500E-01  0.3414E+00
   -0.374939   13.19726  0.0000E+00  0.2379E-03  0.4089E-03  0.6520E-03  0.5105E-01  0.2119E+01
   -0.412434   13.19936  0.0000E+00  0.2171E-03  0.2898E-03  0.6397E-03  0.4780E-01  0.7437E+00
   -0.449930   13.20155  0.0000E+00  0.1991E-03  0.2037E-03  0.6596E-03  0.4427E-01  0.1921E+01
   -0.487425   13.20338  0.0000E+00  0.1846E-03  0.1447E-03  0.6526E-03  0.4143E-01  0.1147E+01
   -0.524921   13.20611  0.0000E+00  0.1710E-03  0.1029E-03  0.6538E-03  0.3777E-01  0.2366E+00
   -0.562417   13.20990  0.0000E+00  0.1580E-03  0.7338E-04  0.6835E-03  0.3392E-01  0.1100E+00
   -0.599913   13.21134  0.0000E+00  0.1472E-03  0.5279E-04  0.6973E-03  0.3196E-01  0.1352E+01
   -0.637409   13.21268  0.0000E+00  0.1379E-03  0.3781E-04  0.7075E-03  0.3021E-01  0.1455E+03
   -0.674905   13.21415  0.0000E+00  0.1299E-03  0.2744E-04  0.7262E-03  0.2857E-01  0.1107E+02
   -0.712401   13.21541  0.0000E+00  0.1228E-03  0.2013E-04  0.7192E-03  0.2706E-01  0.9601E+01
   -0.749897   13.22240  0.0000E+00  0.1155E-03  0.1314E-04  0.7407E-03  0.2439E-01  0.1450E+03
   -0.787393   13.22346  0.0000E+00  0.1094E-03  0.9157E-05  0.7397E-03  0.2306E-01  0.1738E+02
   -0.824889   13.22462  0.0000E+00  0.1038E-03  0.6627E-05  0.7368E-03  0.2180E-01  0.2615E+03
   -0.862385   13.22575  0.0000E+00  0.9860E-04  0.4873E-05  0.7417E-03  0.2062E-01  0.1046E+03
   -0.899881   13.22708  0.0000E+00  0.9379E-04  0.3533E-05  0.7549E-03  0.1949E-01  0.5231E+02
   -0.937377   13.22832  0.0000E+00  0.8933E-04  0.2737E-05  0.7720E-03  0.1840E-01  0.1167E+03
   -0.974873   13.22952  0.0000E+00  0.8504E-04  0.2190E-05  0.7966E-03  0.1735E-01  0.5211E+02
   -1.012369   13.23067  0.0000E+00  0.8087E-04  0.1806E-05  0.8078E-03  0.1627E-01  0.6818E+02
   -1.049864   13.23180  0.0000E+00  0.7678E-04  0.1530E-05  0.8031E-03  0.1528E-01  0.3751E+02
   -1.087360   13.23285  0.0000E+00  0.7275E-04  0.1333E-05  0.7827E-03  0.1435E-01  0.4753E+02
   -1.124855   13.23392  0.0000E+00  0.6876E-04  0.1197E-05  0.7624E-03  0.1346E-01  0.1340E+02
   -1.162350   13.23503  0.0000E+00  0.6474E-04  0.1110E-05  0.7202E-03  0.1260E-01  0.5888E+02
   -1.199845   13.23623  0.0000E+00  0.6061E-04  0.1071E-05  0.6636E-03  0.1174E-01  0.9787E+02
   -1.237339   13.23747  0.0000E+00  0.5632E-04  0.1085E-05  0.5974E-03  0.1088E-01  0.8028E+02
   -1.274834   13.23895  0.0000E+00  0.5159E-04  0.1162E-05  0.5336E-03  0.9943E-02 -0.3323E+03
   -1.312328   13.24052  0.0000E+00  0.4639E-04  0.1343E-05  0.4551E-03  0.9079E-02  0.5166E+03
   -1.349822   13.24240  0.0000E+00  0.4040E-04  0.1706E-05  0.3634E-03  0.8192E-02  0.5508E+03
   -1.387315   13.24491  0.0000E+00  0.3326E-04  0.2449E-05  0.2687E-03  0.7186E-02  0.3572E+04
   -1.424809   13.24825  0.0000E+00  0.2464E-04  0.4266E-05  0.1624E-03  0.5967E-02  0.2609E+04
   -1.462302   13.25449  0.0000E+00  0.1582E-04  0.9016E-05  0.1057E-03  0.4620E-02 -0.2824E+06
   -1.499794   13.27675  0.0000E+00  0.0000E+00  0.0000E+00  0.0000E+00  0.5679E-02  0.0000E+00
