 1 - depth, m
 2 - temperature, C
 3 - salinity, kg/kg
 4 - turbulent kinetic energy, m**2/s**2
 5 - dissipation rate, m**2/s**3
 6 - kinematic heat conductance, m**2/s
 7 - modulus of horizontal velocity, m/s
 8 - Richardson number, n/d
   -0.000000   12.17968  0.0000E+00  0.1116E-03  0.6350E-04  0.4785E-04  0.8679E-01 -0.2471E+00
   -0.037497   12.23807  0.0000E+00  0.6460E-04  0.1629E-04  0.9135E-04  0.3197E-01  0.1105E+03
   -0.074995   12.24769  0.0000E+00  0.4821E-04  0.6795E-05  0.1164E-03  0.2357E-01  0.1022E+03
   -0.112493   12.25406  0.0000E+00  0.3951E-04  0.3844E-05  0.1365E-03  0.1982E-01  0.3181E+01
   -0.149992   12.25864  0.0000E+00  0.3354E-04  0.2274E-05  0.1593E-03  0.1714E-01  0.5798E+01
   -0.187491   12.26230  0.0000E+00  0.2907E-04  0.1360E-05  0.1833E-03  0.1501E-01  0.5330E+02
   -0.224990   12.26537  0.0000E+00  0.2572E-04  0.8658E-06  0.2087E-03  0.1323E-01  0.1878E+02
   -0.262489   12.26806  0.0000E+00  0.2308E-04  0.5834E-06  0.2351E-03  0.1170E-01  0.1555E+01
   -0.299989   12.27043  0.0000E+00  0.2096E-04  0.4137E-06  0.2609E-03  0.1040E-01  0.5814E+01
   -0.337489   12.27255  0.0000E+00  0.1922E-04  0.3070E-06  0.2868E-03  0.9281E-02  0.6549E+01
   -0.374989   12.27445  0.0000E+00  0.1778E-04  0.2367E-06  0.3133E-03  0.8317E-02  0.3185E+02
   -0.412489   12.27617  0.0000E+00  0.1655E-04  0.1881E-06  0.3388E-03  0.7479E-02  0.3135E+01
   -0.449989   12.27772  0.0000E+00  0.1550E-04  0.1531E-06  0.3748E-03  0.6744E-02  0.1514E+02
   -0.487490   12.27911  0.0000E+00  0.1458E-04  0.1271E-06  0.4261E-03  0.6097E-02  0.1123E+02
   -0.524990   12.28030  0.0000E+00  0.1378E-04  0.1071E-06  0.4844E-03  0.5523E-02  0.3577E+02
   -0.562491   12.28131  0.0000E+00  0.1307E-04  0.9148E-07  0.5372E-03  0.5014E-02  0.5196E+02
   -0.599992   12.28219  0.0000E+00  0.1243E-04  0.7896E-07  0.5858E-03  0.4555E-02  0.5346E+02
   -0.637493   12.28295  0.0000E+00  0.1184E-04  0.6874E-07  0.6183E-03  0.4134E-02  0.1314E+03
   -0.674994   12.28364  0.0000E+00  0.1130E-04  0.6027E-07  0.6382E-03  0.3746E-02  0.1897E+02
   -0.712495   12.28429  0.0000E+00  0.1080E-04  0.5315E-07  0.6517E-03  0.3386E-02  0.8162E+01
   -0.749996   12.28491  0.0000E+00  0.1032E-04  0.4712E-07  0.6603E-03  0.3052E-02  0.4288E+01
   -0.787497   12.28551  0.0000E+00  0.9871E-05  0.4197E-07  0.6649E-03  0.2743E-02  0.4496E+01
   -0.824998   12.28611  0.0000E+00  0.9439E-05  0.3754E-07  0.6657E-03  0.2455E-02  0.4913E+01
   -0.862499   12.28670  0.0000E+00  0.9023E-05  0.3373E-07  0.6641E-03  0.2188E-02  0.4697E+01
   -0.900000   12.28728  0.0000E+00  0.8618E-05  0.3045E-07  0.6599E-03  0.1940E-02  0.4325E+01
   -0.937501   12.28786  0.0000E+00  0.8221E-05  0.2762E-07  0.6528E-03  0.1710E-02  0.3651E+01
   -0.975001   12.28845  0.0000E+00  0.7830E-05  0.2520E-07  0.6424E-03  0.1496E-02  0.3396E+01
   -1.012502   12.28904  0.0000E+00  0.7442E-05  0.2314E-07  0.6320E-03  0.1296E-02  0.3302E+01
   -1.050003   12.28963  0.0000E+00  0.7055E-05  0.2142E-07  0.6194E-03  0.1116E-02  0.3410E+01
   -1.087503   12.29023  0.0000E+00  0.6672E-05  0.2003E-07  0.6041E-03  0.9549E-03  0.3668E+01
   -1.125003   12.29085  0.0000E+00  0.6295E-05  0.1898E-07  0.5844E-03  0.8128E-03  0.4187E+01
   -1.162503   12.29147  0.0000E+00  0.5927E-05  0.1828E-07  0.5603E-03  0.6881E-03  0.4975E+01
   -1.200003   12.29212  0.0000E+00  0.5575E-05  0.1796E-07  0.5254E-03  0.5796E-03  0.6349E+01
   -1.237502   12.29282  0.0000E+00  0.5244E-05  0.1806E-07  0.4739E-03  0.4864E-03  0.8658E+01
   -1.275002   12.29358  0.0000E+00  0.4933E-05  0.1868E-07  0.4152E-03  0.4082E-03  0.1324E+02
   -1.312501   12.29447  0.0000E+00  0.4619E-05  0.2019E-07  0.3648E-03  0.3469E-03  0.8602E+02
   -1.350000   12.29551  0.0000E+00  0.4242E-05  0.2373E-07  0.2864E-03  0.2964E-03  0.5710E+02
   -1.387498   12.29718  0.0000E+00  0.3767E-05  0.3033E-07  0.2442E-03  0.2424E-03  0.2287E+03
   -1.424996   12.29865  0.0000E+00  0.3098E-05  0.5190E-07  0.1171E-03  0.2018E-03 -0.5038E+03
   -1.462494   12.30573  0.0000E+00  0.1835E-05  0.1262E-06  0.3573E-04  0.1462E-03 -0.2560E+05
   -1.499992   12.31756  0.0000E+00  0.0000E+00  0.0000E+00  0.0000E+00  0.1786E-03  0.0000E+00
