 1 - depth, m
 2 - temperature, C
 3 - salinity, kg/kg
 4 - turbulent kinetic energy, m**2/s**2
 5 - dissipation rate, m**2/s**3
 6 - kinematic heat conductance, m**2/s
 7 - modulus of horizontal velocity, m/s
 8 - Richardson number, n/d
   -0.000000   10.34262  0.0000E+00  0.6112E-03  0.2617E-02  0.8497E-04  0.2924E+00  0.2837E+00
   -0.037499   10.40587  0.0000E+00  0.3097E-03  0.1102E-02  0.1507E-03  0.9857E-01 -0.1548E+00
   -0.074997   10.42441  0.0000E+00  0.1990E-03  0.3644E-03  0.2231E-03  0.6073E-01 -0.3868E+00
   -0.112497   10.43280  0.0000E+00  0.1568E-03  0.2180E-03  0.2301E-03  0.4752E-01 -0.2643E-01
   -0.149996   10.43711  0.0000E+00  0.1316E-03  0.1395E-03  0.2370E-03  0.3993E-01 -0.1343E+00
   -0.187496   10.44036  0.0000E+00  0.1123E-03  0.9282E-04  0.2417E-03  0.3464E-01  0.4675E-01
   -0.224996   10.44294  0.0000E+00  0.9676E-04  0.6303E-04  0.2483E-03  0.3034E-01 -0.2257E-01
   -0.262497   10.44496  0.0000E+00  0.8453E-04  0.4223E-04  0.2558E-03  0.2700E-01 -0.2484E-01
   -0.299997   10.44676  0.0000E+00  0.7456E-04  0.2791E-04  0.2644E-03  0.2423E-01 -0.2374E-01
   -0.337498   10.44835  0.0000E+00  0.6627E-04  0.1831E-04  0.2733E-03  0.2192E-01 -0.3859E-01
   -0.374999   10.44988  0.0000E+00  0.5972E-04  0.1221E-04  0.2804E-03  0.1989E-01 -0.4801E-01
   -0.412500   10.45132  0.0000E+00  0.5424E-04  0.8236E-05  0.2896E-03  0.1811E-01 -0.3441E-01
   -0.450002   10.45269  0.0000E+00  0.4975E-04  0.5618E-05  0.3036E-03  0.1651E-01  0.5320E+02
   -0.487503   10.45395  0.0000E+00  0.4585E-04  0.3868E-05  0.3207E-03  0.1507E-01  0.1270E+02
   -0.525005   10.45517  0.0000E+00  0.4234E-04  0.2720E-05  0.3385E-03  0.1370E-01  0.4216E+00
   -0.562507   10.45625  0.0000E+00  0.3939E-04  0.1972E-05  0.3549E-03  0.1255E-01  0.1841E+02
   -0.600009   10.45726  0.0000E+00  0.3680E-04  0.1461E-05  0.3730E-03  0.1152E-01  0.6702E+01
   -0.637511   10.45820  0.0000E+00  0.3448E-04  0.1103E-05  0.3903E-03  0.1060E-01  0.1121E+01
   -0.675013   10.45910  0.0000E+00  0.3233E-04  0.8431E-06  0.4076E-03  0.9749E-02  0.4229E+01
   -0.712515   10.45995  0.0000E+00  0.3042E-04  0.6584E-06  0.4254E-03  0.8975E-02  0.4388E+02
   -0.750017   10.46075  0.0000E+00  0.2863E-04  0.5208E-06  0.4474E-03  0.8267E-02  0.3461E+01
   -0.787519   10.46150  0.0000E+00  0.2702E-04  0.4206E-06  0.4668E-03  0.7614E-02  0.7037E+02
   -0.825021   10.46220  0.0000E+00  0.2555E-04  0.3461E-06  0.4900E-03  0.7012E-02  0.1405E+03
   -0.862523   10.46288  0.0000E+00  0.2418E-04  0.2892E-06  0.5113E-03  0.6452E-02  0.3301E+02
   -0.900025   10.46351  0.0000E+00  0.2288E-04  0.2450E-06  0.5300E-03  0.5927E-02  0.2160E+02
   -0.937527   10.46412  0.0000E+00  0.2166E-04  0.2106E-06  0.5418E-03  0.5433E-02  0.2417E+02
   -0.975029   10.46472  0.0000E+00  0.2050E-04  0.1837E-06  0.5503E-03  0.4964E-02  0.4748E+01
   -1.012531   10.46531  0.0000E+00  0.1939E-04  0.1623E-06  0.5605E-03  0.4516E-02  0.4980E+01
   -1.050032   10.46589  0.0000E+00  0.1832E-04  0.1452E-06  0.5678E-03  0.4104E-02  0.1114E+02
   -1.087534   10.46645  0.0000E+00  0.1728E-04  0.1313E-06  0.5679E-03  0.3722E-02  0.1385E+02
   -1.125035   10.46700  0.0000E+00  0.1627E-04  0.1200E-06  0.5620E-03  0.3368E-02  0.1049E+02
   -1.162536   10.46756  0.0000E+00  0.1528E-04  0.1112E-06  0.5479E-03  0.3037E-02  0.2498E+02
   -1.200037   10.46813  0.0000E+00  0.1431E-04  0.1047E-06  0.5250E-03  0.2727E-02  0.4055E+02
   -1.237538   10.46872  0.0000E+00  0.1335E-04  0.1008E-06  0.4923E-03  0.2436E-02  0.2404E+04
   -1.275038   10.46935  0.0000E+00  0.1237E-04  0.1001E-06  0.4529E-03  0.2159E-02  0.1408E+02
   -1.312538   10.47004  0.0000E+00  0.1135E-04  0.1042E-06  0.3985E-03  0.1909E-02  0.3025E+01
   -1.350038   10.47082  0.0000E+00  0.1028E-04  0.1168E-06  0.3326E-03  0.1682E-02  0.2693E+02
   -1.387538   10.47177  0.0000E+00  0.9040E-05  0.1473E-06  0.2589E-03  0.1472E-02  0.1244E+02
   -1.425037   10.47301  0.0000E+00  0.7437E-05  0.2276E-06  0.1565E-03  0.1265E-02  0.1212E+04
   -1.462536   10.47515  0.0000E+00  0.4225E-05  0.5229E-06  0.2270E-04  0.1050E-02 -0.4378E+05
   -1.500034   10.49395  0.0000E+00  0.0000E+00  0.0000E+00  0.0000E+00  0.1142E-02  0.0000E+00
