20170101,-999.0,-999.0
20170102,-999.0,-999.0
20170103,-999.0,-999.0
20170104,-999.0,-999.0
20170105,-999.0,-999.0
20170106,-999.0,-999.0
20170107,-999.0,-999.0
20170108,-999.0,-999.0
20170109,-999.0,-999.0
20170110,-999.0,-999.0
20170111,-999.0,-999.0
20170112,-999.0,-999.0
20170113,-999.0,-999.0
20170114,-999.0,-999.0
20170115,-999.0,-999.0
20170116,-999.0,-999.0
20170117,-999.0,-999.0
20170118,-999.0,-999.0
20170119,-999.0,-999.0
20170120,-999.0,-999.0
20170121,-999.0,-999.0
20170122,-999.0,-999.0
20170123,-999.0,-999.0
20170124,-999.0,-999.0
20170125,-999.0,-999.0
20170126,-999.0,-999.0
20170127,-999.0,-999.0
20170128,-999.0,-999.0
20170129,-999.0,-999.0
20170130,-999.0,-999.0
20170131,-999.0,-999.0
20170201,-999.0,-999.0
20170202,-999.0,-999.0
20170203,-999.0,-999.0
20170204,-999.0,-999.0
20170205,-999.0,-999.0
20170206,-999.0,-999.0
20170207,-999.0,-999.0
20170208,-999.0,-999.0
20170209,-999.0,-999.0
20170210,-999.0,-999.0
20170211,-999.0,-999.0
20170212,-999.0,-999.0
20170213,-999.0,-999.0
20170214,-999.0,-999.0
20170215,-999.0,-999.0
20170216,-999.0,-999.0
20170217,-999.0,-999.0
20170218,-999.0,-999.0
20170219,-999.0,-999.0
20170220,-999.0,-999.0
20170221,-999.0,-999.0
20170222,-999.0,-999.0
20170223,-999.0,-999.0
20170224,-999.0,-999.0
20170225,-999.0,-999.0
20170226,-999.0,-999.0
20170227,-999.0,-999.0
20170228,-999.0,-999.0
20170301,-999.0,-999.0
20170302,-999.0,-999.0
20170303,-999.0,-999.0
20170304,-999.0,-999.0
20170305,-999.0,-999.0
20170306,-999.0,-999.0
20170307,-999.0,-999.0
20170308,-999.0,-999.0
20170309,-999.0,-999.0
20170310,-999.0,-999.0
20170311,-999.0,-999.0
20170312,-999.0,-999.0
20170313,-999.0,-999.0
20170314,-999.0,-999.0
20170315,-999.0,-999.0
20170316,-999.0,-999.0
20170317,-999.0,-999.0
20170318,-999.0,-999.0
20170319,-999.0,-999.0
20170320,-999.0,-999.0
20170321,-999.0,-999.0
20170322,-999.0,-999.0
20170323,-999.0,-999.0
20170324,-999.0,-999.0
20170325,-999.0,-999.0
20170326,-999.0,-999.0
20170327,-999.0,-999.0
20170328,-999.0,-999.0
20170329,-999.0,-999.0
20170330,-999.0,-999.0
20170331,-999.0,-999.0
20170401,-999.0,-999.0
20170402,-999.0,-999.0
20170403,-999.0,-999.0
20170404,-999.0,-999.0
20170405,-999.0,-999.0
20170406,-999.0,-999.0
20170407,-999.0,-999.0
20170408,-999.0,-999.0
20170409,-999.0,-999.0
20170410,-999.0,-999.0
20170411,-999.0,-999.0
20170412,-999.0,-999.0
20170413,-999.0,-999.0
20170414,-999.0,-999.0
20170415,-999.0,-999.0
20170416,-999.0,-999.0
20170417,-999.0,-999.0
20170418,-999.0,-999.0
20170419,-999.0,-999.0
20170420,-999.0,-999.0
20170421,-999.0,-999.0
20170422,-999.0,-999.0
20170423,-999.0,-999.0
20170424,-999.0,-999.0
20170425,-999.0,-999.0
20170426,-999.0,-999.0
20170427,-999.0,-999.0
20170428,-999.0,-999.0
20170429,-999.0,-999.0
20170430,-999.0,-999.0
20170501,-999.0,-999.0
20170502,-999.0,-999.0
20170503,-999.0,-999.0
20170504,-999.0,-999.0
20170505,-999.0,-999.0
20170506,-999.0,-999.0
20170507,-999.0,-999.0
20170508,-999.0,-999.0
20170509,-999.0,-999.0
20170510,-999.0,-999.0
20170511,-999.0,-999.0
20170512,-999.0,-999.0
20170513,-999.0,-999.0
20170514,-999.0,-999.0
20170515,-999.0,-999.0
20170516,-999.0,-999.0
20170517,-999.0,-999.0
20170518,-999.0,-999.0
20170519,-999.0,-999.0
20170520,-999.0,-999.0
20170521,-999.0,-999.0
20170522,-999.0,-999.0
20170523,-999.0,-999.0
20170524,-999.0,-999.0
20170525,-999.0,-999.0
20170526,-999.0,-999.0
20170527,-999.0,-999.0
20170528,-999.0,-999.0
20170529,-999.0,-999.0
20170530,-999.0,-999.0
20170531,-999.0,-999.0
20170601,-999.0,-999.0
20170602,-999.0,-999.0
20170603,-999.0,-999.0
20170604,-999.0,-999.0
20170605,-999.0,-999.0
20170606,-999.0,-999.0
20170607,-999.0,-999.0
20170608,-999.0,-999.0
20170609,-999.0,-999.0
20170610,-999.0,-999.0
20170611,-999.0,-999.0
20170612,-999.0,-999.0
20170613,-999.0,-999.0
20170614,-999.0,-999.0
20170615,-999.0,-999.0
20170616,-999.0,-999.0
20170617,-999.0,-999.0
20170618,-999.0,-999.0
20170619,-999.0,-999.0
20170620,-999.0,-999.0
20170621,-999.0,-999.0
20170622,-999.0,-999.0
20170623,-999.0,-999.0
20170624,-999.0,-999.0
20170625,-999.0,-999.0
20170626,-999.0,-999.0
20170627,-999.0,-999.0
20170628,-999.0,-999.0
20170629,-999.0,-999.0
20170630,-999.0,-999.0
20170701,-999.0,-999.0
20170702,-999.0,-999.0
20170703,-999.0,-999.0
20170704,-999.0,-999.0
20170705,-999.0,-999.0
20170706,-999.0,-999.0
20170707,-999.0,-999.0
20170708,-999.0,-999.0
20170709,-999.0,-999.0
20170710,-999.0,-999.0
20170711,-999.0,-999.0
20170712,-999.0,-999.0
20170713,-999.0,-999.0
20170714,-999.0,-999.0
20170715,-999.0,-999.0
20170716,-999.0,-999.0
20170717,-999.0,-999.0
20170718,-999.0,-999.0
20170719,-999.0,-999.0
20170720,-999.0,-999.0
20170721,-999.0,-999.0
20170722,-999.0,-999.0
20170723,-999.0,-999.0
20170724,-999.0,-999.0
20170725,-999.0,-999.0
20170726,-999.0,-999.0
20170727,-999.0,-999.0
20170728,-999.0,-999.0
20170729,-999.0,-999.0
20170730,-999.0,-999.0
20170731,-999.0,-999.0
20170801,-999.0,-999.0
20170802,-999.0,-999.0
20170803,-999.0,-999.0
20170804,-999.0,-999.0
20170805,-999.0,-999.0
20170806,-999.0,-999.0
20170807,-999.0,-999.0
20170808,-999.0,-999.0
20170809,-999.0,-999.0
20170810,-999.0,-999.0
20170811,-999.0,-999.0
20170812,-999.0,-999.0
20170813,-999.0,-999.0
20170814,-999.0,-999.0
20170815,-999.0,-999.0
20170816,-999.0,-999.0
20170817,-999.0,-999.0
20170818,-999.0,-999.0
20170819,-999.0,-999.0
20170820,-999.0,-999.0
20170821,-999.0,-999.0
20170822,-999.0,-999.0
20170823,-999.0,-999.0
20170824,-999.0,-999.0
20170825,-999.0,-999.0
20170826,-999.0,-999.0
20170827,-999.0,-999.0
20170828,-999.0,-999.0
20170829,-999.0,-999.0
20170830,-999.0,-999.0
20170831,-999.0,-999.0
20170901,-999.0,-999.0
20170902,-999.0,-999.0
20170903,-999.0,-999.0
20170904,-999.0,-999.0
20170905,-999.0,-999.0
20170906,-999.0,-999.0
20170907,-999.0,-999.0
20170908,-999.0,-999.0
20170909,-999.0,-999.0
20170910,-999.0,-999.0
20170911,-999.0,-999.0
20170912,-999.0,-999.0
20170913,-999.0,-999.0
20170914,-999.0,-999.0
20170915,-999.0,-999.0
20170916,-999.0,-999.0
20170917,-999.0,-999.0
20170918,-999.0,-999.0
20170919,-999.0,-999.0
20170920,-999.0,-999.0
20170921,-999.0,-999.0
20170922,-999.0,-999.0
20170923,-999.0,-999.0
20170924,-999.0,-999.0
20170925,-999.0,-999.0
20170926,-999.0,-999.0
20170927,-999.0,-999.0
20170928,-999.0,-999.0
20170929,-999.0,-999.0
20170930,-999.0,-999.0
20171001,-999.0,-999.0
20171002,-999.0,-999.0
20171003,-999.0,-999.0
20171004,-999.0,-999.0
20171005,-999.0,-999.0
20171006,-999.0,-999.0
20171007,-999.0,-999.0
20171008,-999.0,-999.0
20171009,-999.0,-999.0
20171010,-999.0,-999.0
20171011,-999.0,-999.0
20171012,-999.0,-999.0
20171013,-999.0,-999.0
20171014,-999.0,-999.0
20171015,-999.0,-999.0
20171016,-999.0,-999.0
20171017,-999.0,-999.0
20171018,-999.0,-999.0
20171019,-999.0,-999.0
20171020,-999.0,-999.0
20171021,-999.0,-999.0
20171022,-999.0,-999.0
20171023,-999.0,-999.0
20171024,-999.0,-999.0
20171025,-999.0,-999.0
20171026,-999.0,-999.0
20171027,-999.0,-999.0
20171028,-999.0,-999.0
20171029,-999.0,-999.0
20171030,-999.0,-999.0
20171031,-999.0,-999.0
20171101,-999.0,-999.0
20171102,-999.0,-999.0
20171103,-999.0,-999.0
20171104,-999.0,-999.0
20171105,-999.0,-999.0
20171106,-999.0,-999.0
20171107,-999.0,-999.0
20171108,-999.0,-999.0
20171109,-999.0,-999.0
20171110,-999.0,-999.0
20171111,-999.0,-999.0
20171112,-999.0,-999.0
20171113,-999.0,-999.0
20171114,-999.0,-999.0
20171115,-999.0,-999.0
20171116,-999.0,-999.0
20171117,-999.0,-999.0
20171118,-999.0,-999.0
20171119,-999.0,-999.0
20171120,-999.0,-999.0
20171121,-999.0,-999.0
20171122,-999.0,-999.0
20171123,-999.0,-999.0
20171124,-999.0,-999.0
20171125,-999.0,-999.0
20171126,-999.0,-999.0
20171127,-999.0,-999.0
20171128,-999.0,-999.0
20171129,-999.0,-999.0
20171130,-999.0,-999.0
20171201,-999.0,-999.0
20171202,-999.0,-999.0
20171203,-999.0,-999.0
20171204,-999.0,-999.0
20171205,-999.0,-999.0
20171206,-999.0,-999.0
20171207,-999.0,-999.0
20171208,-999.0,-999.0
20171209,-999.0,-999.0
20171210,-999.0,-999.0
20171211,-999.0,-999.0
20171212,-999.0,-999.0
20171213,-999.0,-999.0
20171214,-999.0,-999.0
20171215,-999.0,-999.0
20171216,-999.0,-999.0
20171217,-999.0,-999.0
20171218,-999.0,-999.0
20171219,-999.0,-999.0
20171220,-999.0,-999.0
20171221,-999.0,-999.0
20171222,-999.0,-999.0
20171223,-999.0,-999.0
20171224,-999.0,-999.0
20171225,-999.0,-999.0
20171226,-999.0,-999.0
20171227,-999.0,-999.0
20171228,-999.0,-999.0
20171229,-999.0,-999.0
20171230,-999.0,-999.0
20171231,-999.0,-999.0
20180101,-999.0,-999.0
20180102,-999.0,-999.0
20180103,-999.0,-999.0
20180104,-999.0,-999.0
20180105,-999.0,-999.0
20180106,-999.0,-999.0
20180107,-999.0,-999.0
20180108,-999.0,-999.0
20180109,-999.0,-999.0
20180110,-999.0,-999.0
20180111,-999.0,-999.0
20180112,-999.0,-999.0
20180113,-999.0,-999.0
20180114,-999.0,-999.0
20180115,-999.0,-999.0
20180116,-999.0,-999.0
20180117,-999.0,-999.0
20180118,-999.0,-999.0
20180119,-999.0,-999.0
20180120,-999.0,-999.0
20180121,-999.0,-999.0
20180122,-999.0,-999.0
20180123,-999.0,-999.0
20180124,-999.0,-999.0
20180125,-999.0,-999.0
20180126,-999.0,-999.0
20180127,-999.0,-999.0
20180128,-999.0,-999.0
20180129,-999.0,-999.0
20180130,-999.0,-999.0
20180131,-999.0,-999.0
20180201,-999.0,-999.0
20180202,-999.0,-999.0
20180203,-999.0,-999.0
20180204,-999.0,-999.0
20180205,-999.0,-999.0
20180206,-999.0,-999.0
20180207,-999.0,-999.0
20180208,-999.0,-999.0
20180209,-999.0,-999.0
20180210,-999.0,-999.0
20180211,-999.0,-999.0
20180212,-999.0,-999.0
20180213,-999.0,-999.0
20180214,-999.0,-999.0
20180215,-999.0,-999.0
20180216,-999.0,-999.0
20180217,-999.0,-999.0
20180218,-999.0,-999.0
20180219,-999.0,-999.0
20180220,-999.0,-999.0
20180221,-999.0,-999.0
20180222,-999.0,-999.0
20180223,-999.0,-999.0
20180224,-999.0,-999.0
20180225,-999.0,-999.0
20180226,-999.0,-999.0
20180227,-999.0,-999.0
20180228,-999.0,-999.0
20180301,-999.0,-999.0
20180302,-999.0,-999.0
20180303,-999.0,-999.0
20180304,-999.0,-999.0
20180305,-999.0,-999.0
20180306,-999.0,-999.0
20180307,-999.0,-999.0
20180308,-999.0,-999.0
20180309,-999.0,-999.0
20180310,-999.0,-999.0
20180311,-999.0,-999.0
20180312,-999.0,-999.0
20180313,-999.0,-999.0
20180314,-999.0,-999.0
20180315,-999.0,-999.0
20180316,-999.0,-999.0
20180317,-999.0,-999.0
20180318,-999.0,-999.0
20180319,-999.0,-999.0
20180320,-999.0,-999.0
20180321,-999.0,-999.0
20180322,-999.0,-999.0
20180323,-999.0,-999.0
20180324,-999.0,-999.0
20180325,-999.0,-999.0
20180326,-999.0,-999.0
20180327,-999.0,-999.0
20180328,-999.0,-999.0
20180329,-999.0,-999.0
20180330,-999.0,-999.0
20180331,-999.0,-999.0
20180401,-999.0,-999.0
20180402,-999.0,-999.0
20180403,-999.0,-999.0
20180404,-999.0,-999.0
20180405,-999.0,-999.0
20180406,-999.0,-999.0
20180407,-999.0,-999.0
20180408,-999.0,-999.0
20180409,-999.0,-999.0
20180410,-999.0,-999.0
20180411,-999.0,-999.0
20180412,-999.0,-999.0
20180413,-999.0,-999.0
20180414,-999.0,-999.0
20180415,-999.0,-999.0
20180416,-999.0,-999.0
20180417,-999.0,-999.0
20180418,-999.0,-999.0
20180419,-999.0,-999.0
20180420,-999.0,-999.0
20180421,-999.0,-999.0
20180422,-999.0,-999.0
20180423,-999.0,-999.0
20180424,-999.0,-999.0
20180425,-999.0,-999.0
20180426,-999.0,-999.0
20180427,-999.0,-999.0
20180428,-999.0,-999.0
20180429,-999.0,-999.0
20180430,-999.0,-999.0
20180501,-999.0,-999.0
20180502,-999.0,-999.0
20180503,-999.0,-999.0
20180504,-999.0,-999.0
20180505,-999.0,-999.0
20180506,-999.0,-999.0
20180507,-999.0,-999.0
20180508,-999.0,-999.0
20180509,-999.0,-999.0
20180510,-999.0,-999.0
20180511,-999.0,-999.0
20180512,-999.0,-999.0
20180513,-999.0,-999.0
20180514,-999.0,-999.0
20180515,-999.0,-999.0
20180516,-999.0,-999.0
20180517,-999.0,-999.0
20180518,-999.0,-999.0
20180519,-999.0,-999.0
20180520,-999.0,-999.0
20180521,-999.0,-999.0
20180522,-999.0,-999.0
20180523,-999.0,-999.0
20180524,-999.0,-999.0
20180525,-999.0,-999.0
20180526,-999.0,-999.0
20180527,-999.0,-999.0
20180528,-999.0,-999.0
20180529,-999.0,-999.0
20180530,-999.0,-999.0
20180531,-999.0,-999.0
20180601,-999.0,-999.0
20180602,-999.0,-999.0
20180603,-999.0,-999.0
20180604,-999.0,-999.0
20180605,-999.0,-999.0
20180606,-999.0,-999.0
20180607,-999.0,-999.0
20180608,-999.0,-999.0
20180609,-999.0,-999.0
20180610,-999.0,-999.0
20180611,-999.0,-999.0
20180612,-999.0,-999.0
20180613,-999.0,-999.0
20180614,-999.0,-999.0
20180615,-999.0,-999.0
20180616,-999.0,-999.0
20180617,-999.0,-999.0
20180618,-999.0,-999.0
20180619,-999.0,-999.0
20180620,-999.0,-999.0
20180621,-999.0,-999.0
20180622,-999.0,-999.0
20180623,-999.0,-999.0
20180624,-999.0,-999.0
20180625,-999.0,-999.0
20180626,-999.0,-999.0
20180627,-999.0,-999.0
20180628,-999.0,-999.0
20180629,-999.0,-999.0
20180630,-999.0,-999.0
20180701,-999.0,-999.0
20180702,-999.0,-999.0
20180703,-999.0,-999.0
20180704,-999.0,-999.0
20180705,-999.0,-999.0
20180706,-999.0,-999.0
20180707,-999.0,-999.0
20180708,-999.0,-999.0
20180709,-999.0,-999.0
20180710,-999.0,-999.0
20180711,-999.0,-999.0
20180712,-999.0,-999.0
20180713,-999.0,-999.0
20180714,-999.0,-999.0
20180715,-999.0,-999.0
20180716,-999.0,-999.0
20180717,-999.0,-999.0
20180718,-999.0,-999.0
20180719,-999.0,-999.0
20180720,-999.0,-999.0
20180721,-999.0,-999.0
20180722,-999.0,-999.0
20180723,-999.0,-999.0
20180724,-999.0,-999.0
20180725,-999.0,-999.0
20180726,-999.0,-999.0
20180727,-999.0,-999.0
20180728,-999.0,-999.0
20180729,-999.0,-999.0
20180730,-999.0,-999.0
20180731,-999.0,-999.0
20180801,-999.0,-999.0
20180802,-999.0,-999.0
20180803,-999.0,-999.0
20180804,-999.0,-999.0
20180805,-999.0,-999.0
20180806,-999.0,-999.0
20180807,-999.0,-999.0
20180808,-999.0,-999.0
20180809,-999.0,-999.0
20180810,-999.0,-999.0
20180811,-999.0,-999.0
20180812,-999.0,-999.0
20180813,-999.0,-999.0
20180814,-999.0,-999.0
20180815,-999.0,-999.0
20180816,-999.0,-999.0
20180817,-999.0,-999.0
20180818,-999.0,-999.0
20180819,-999.0,-999.0
20180820,-999.0,-999.0
20180821,-999.0,-999.0
20180822,-999.0,-999.0
20180823,-999.0,-999.0
20180824,-999.0,-999.0
20180825,-999.0,-999.0
20180826,-999.0,-999.0
20180827,-999.0,-999.0
20180828,-999.0,-999.0
20180829,-999.0,-999.0
20180830,-999.0,-999.0
20180831,-999.0,-999.0
20180901,-999.0,-999.0
20180902,-999.0,-999.0
20180903,-999.0,-999.0
20180904,-999.0,-999.0
20180905,-999.0,-999.0
20180906,-999.0,-999.0
20180907,-999.0,-999.0
20180908,-999.0,-999.0
20180909,-999.0,-999.0
20180910,-999.0,-999.0
20180911,-999.0,-999.0
20180912,-999.0,-999.0
20180913,-999.0,-999.0
20180914,-999.0,-999.0
20180915,-999.0,-999.0
20180916,-999.0,-999.0
20180917,-999.0,-999.0
20180918,-999.0,-999.0
20180919,-999.0,-999.0
20180920,-999.0,-999.0
20180921,-999.0,-999.0
20180922,-999.0,-999.0
20180923,-999.0,-999.0
20180924,-999.0,-999.0
20180925,-999.0,-999.0
20180926,-999.0,-999.0
20180927,-999.0,-999.0
20180928,-999.0,-999.0
20180929,-999.0,-999.0
20180930,-999.0,-999.0
20181001,-999.0,-999.0
20181002,-999.0,-999.0
20181003,-999.0,-999.0
20181004,-999.0,-999.0
20181005,-999.0,-999.0
20181006,-999.0,-999.0
20181007,-999.0,-999.0
20181008,-999.0,-999.0
20181009,-999.0,-999.0
20181010,-999.0,-999.0
20181011,-999.0,-999.0
20181012,-999.0,-999.0
20181013,-999.0,-999.0
20181014,-999.0,-999.0
20181015,-999.0,-999.0
20181016,-999.0,-999.0
20181017,-999.0,-999.0
20181018,-999.0,-999.0
20181019,-999.0,-999.0
20181020,-999.0,-999.0
20181021,-999.0,-999.0
20181022,-999.0,-999.0
20181023,-999.0,-999.0
20181024,-999.0,-999.0
20181025,-999.0,-999.0
20181026,-999.0,-999.0
20181027,-999.0,-999.0
20181028,-999.0,-999.0
20181029,-999.0,-999.0
20181030,-999.0,-999.0
20181031,-999.0,-999.0
20181101,-999.0,-999.0
20181102,-999.0,-999.0
20181103,-999.0,-999.0
20181104,-999.0,-999.0
20181105,-999.0,-999.0
20181106,-999.0,-999.0
20181107,-999.0,-999.0
20181108,-999.0,-999.0
20181109,-999.0,-999.0
20181110,-999.0,-999.0
20181111,-999.0,-999.0
20181112,-999.0,-999.0
20181113,-999.0,-999.0
20181114,-999.0,-999.0
20181115,-999.0,-999.0
20181116,-999.0,-999.0
20181117,-999.0,-999.0
20181118,-999.0,-999.0
20181119,-999.0,-999.0
20181120,-999.0,-999.0
20181121,-999.0,-999.0
20181122,-999.0,-999.0
20181123,-999.0,-999.0
20181124,-999.0,-999.0
20181125,-999.0,-999.0
20181126,-999.0,-999.0
20181127,-999.0,-999.0
20181128,-999.0,-999.0
20181129,-999.0,-999.0
20181130,-999.0,-999.0
20181201,-999.0,-999.0
20181202,-999.0,-999.0
20181203,-999.0,-999.0
20181204,-999.0,-999.0
20181205,-999.0,-999.0
20181206,-999.0,-999.0
20181207,-999.0,-999.0
20181208,-999.0,-999.0
20181209,-999.0,-999.0
20181210,-999.0,-999.0
20181211,-999.0,-999.0
20181212,-999.0,-999.0
20181213,-999.0,-999.0
20181214,-999.0,-999.0
20181215,-999.0,-999.0
20181216,-999.0,-999.0
20181217,-999.0,-999.0
20181218,-999.0,-999.0
20181219,-999.0,-999.0
20181220,-999.0,-999.0
20181221,-999.0,-999.0
20181222,-999.0,-999.0
20181223,-999.0,-999.0
20181224,-999.0,-999.0
20181225,-999.0,-999.0
20181226,-999.0,-999.0
20181227,-999.0,-999.0
20181228,-999.0,-999.0
20181229,-999.0,-999.0
20181230,-999.0,-999.0
20181231,-999.0,-999.0
20190101,-999.0,-999.0
20190102,-999.0,-999.0
20190103,-999.0,-999.0
20190104,-999.0,-999.0
20190105,-999.0,-999.0
20190106,-999.0,-999.0
20190107,-999.0,-999.0
20190108,-999.0,-999.0
20190109,-999.0,-999.0
20190110,-999.0,-999.0
20190111,-999.0,-999.0
20190112,-999.0,-999.0
20190113,-999.0,-999.0
20190114,-999.0,-999.0
20190115,-999.0,-999.0
20190116,-999.0,-999.0
20190117,-999.0,-999.0
20190118,-999.0,-999.0
20190119,-999.0,-999.0
20190120,-999.0,-999.0
20190121,-999.0,-999.0
20190122,-999.0,-999.0
20190123,-999.0,-999.0
20190124,-999.0,-999.0
20190125,-999.0,-999.0
20190126,-999.0,-999.0
20190127,-999.0,-999.0
20190128,-999.0,-999.0
20190129,-999.0,-999.0
20190130,-999.0,-999.0
20190131,-999.0,-999.0
20190201,-999.0,-999.0
20190202,-999.0,-999.0
20190203,-999.0,-999.0
20190204,-999.0,-999.0
20190205,-999.0,-999.0
20190206,-999.0,-999.0
20190207,-999.0,-999.0
20190208,-999.0,-999.0
20190209,-999.0,-999.0
20190210,-999.0,-999.0
20190211,-999.0,-999.0
20190212,-999.0,-999.0
20190213,-999.0,-999.0
20190214,-999.0,-999.0
20190215,-999.0,-999.0
20190216,-999.0,-999.0
20190217,-999.0,-999.0
20190218,-999.0,-999.0
20190219,-999.0,-999.0
20190220,-999.0,-999.0
20190221,-999.0,-999.0
20190222,-999.0,-999.0
20190223,-999.0,-999.0
20190224,-999.0,-999.0
20190225,-999.0,-999.0
20190226,-999.0,-999.0
20190227,-999.0,-999.0
20190228,-999.0,-999.0
20190301,-999.0,-999.0
20190302,-999.0,-999.0
20190303,-999.0,-999.0
20190304,-999.0,-999.0
20190305,-999.0,-999.0
20190306,-999.0,-999.0
20190307,-999.0,-999.0
20190308,-999.0,-999.0
20190309,-999.0,-999.0
20190310,-999.0,-999.0
20190311,-999.0,-999.0
20190312,-999.0,-999.0
20190313,-999.0,-999.0
20190314,-999.0,-999.0
20190315,-999.0,-999.0
20190316,-999.0,-999.0
20190317,-999.0,-999.0
20190318,-999.0,-999.0
20190319,-999.0,-999.0
20190320,-999.0,-999.0
20190321,-999.0,-999.0
20190322,-999.0,-999.0
20190323,-999.0,-999.0
20190324,-999.0,-999.0
20190325,-999.0,-999.0
20190326,-999.0,-999.0
20190327,-999.0,-999.0
20190328,-999.0,-999.0
20190329,-999.0,-999.0
20190330,-999.0,-999.0
20190331,-999.0,-999.0
20190401,-999.0,-999.0
20190402,-999.0,-999.0
20190403,-999.0,-999.0
20190404,-999.0,-999.0
20190405,-999.0,-999.0
20190406,-999.0,-999.0
20190407,-999.0,-999.0
20190408,-999.0,-999.0
20190409,-999.0,-999.0
20190410,-999.0,-999.0
20190411,-999.0,-999.0
20190412,-999.0,-999.0
20190413,-999.0,-999.0
20190414,-999.0,-999.0
20190415,-999.0,-999.0
20190416,-999.0,-999.0
20190417,-999.0,-999.0
20190418,-999.0,-999.0
20190419,-999.0,-999.0
20190420,-999.0,-999.0
20190421,-999.0,-999.0
20190422,-999.0,-999.0
20190423,-999.0,-999.0
20190424,-999.0,-999.0
20190425,-999.0,-999.0
20190426,-999.0,-999.0
20190427,-999.0,-999.0
20190428,-999.0,-999.0
20190429,-999.0,-999.0
20190430,-999.0,-999.0
20190501,32.0,4.97685185e-07
20190502,32.0,4.97685185e-07
20190503,32.0,4.97685185e-07
20190504,32.0,4.97685185e-07
20190505,32.0,4.97685185e-07
20190506,32.0,4.97685185e-07
20190507,32.0,4.97685185e-07
20190508,32.0,4.97685185e-07
20190509,32.0,4.97685185e-07
20190510,32.0,4.97685185e-07
20190511,32.0,4.97685185e-07
20190512,32.0,4.97685185e-07
20190513,32.0,4.97685185e-07
20190514,32.0,4.97685185e-07
20190515,32.0,4.97685185e-07
20190516,32.0,4.97685185e-07
20190517,32.0,4.97685185e-07
20190518,32.0,4.97685185e-07
20190519,32.0,4.97685185e-07
20190520,32.0,4.97685185e-07
20190521,32.0,4.97685185e-07
20190522,32.0,4.97685185e-07
20190523,32.0,4.97685185e-07
20190524,32.0,4.97685185e-07
20190525,32.0,4.97685185e-07
20190526,32.0,4.97685185e-07
20190527,32.0,4.97685185e-07
20190528,32.0,4.97685185e-07
20190529,32.0,4.97685185e-07
20190530,32.0,4.97685185e-07
20190531,32.0,4.97685185e-07
20190601,32.0,4.97685185e-07
20190602,32.0,4.97685185e-07
20190603,32.0,4.97685185e-07
20190604,32.0,4.97685185e-07
20190605,32.0,4.97685185e-07
20190606,32.0,4.97685185e-07
20190607,32.0,4.97685185e-07
20190608,32.0,4.97685185e-07
20190609,32.0,4.97685185e-07
20190610,32.0,4.97685185e-07
20190611,32.0,4.97685185e-07
20190612,32.0,4.97685185e-07
20190613,32.0,4.97685185e-07
20190614,32.0,4.97685185e-07
20190615,32.0,4.97685185e-07
20190616,32.0,4.97685185e-07
20190617,32.0,4.97685185e-07
20190618,32.0,4.97685185e-07
20190619,32.0,4.97685185e-07
20190620,32.0,4.97685185e-07
20190621,32.0,4.97685185e-07
20190622,32.0,4.97685185e-07
20190623,32.0,4.97685185e-07
20190624,32.0,4.97685185e-07
20190625,32.0,4.97685185e-07
20190626,32.0,4.97685185e-07
20190627,32.0,4.97685185e-07
20190628,32.0,4.97685185e-07
20190629,32.0,4.97685185e-07
20190630,32.0,4.97685185e-07
20190701,32.0,4.97685185e-07
20190702,32.0,4.97685185e-07
20190703,32.0,4.97685185e-07
20190704,32.0,4.97685185e-07
20190705,32.0,4.97685185e-07
20190706,32.0,4.97685185e-07
20190707,32.0,4.97685185e-07
20190708,32.0,4.97685185e-07
20190709,32.0,4.97685185e-07
20190710,32.0,4.97685185e-07
20190711,32.0,4.97685185e-07
20190712,32.0,4.97685185e-07
20190713,32.0,4.97685185e-07
20190714,32.0,4.97685185e-07
20190715,32.0,4.97685185e-07
20190716,32.0,4.97685185e-07
20190717,32.0,4.97685185e-07
20190718,32.0,4.97685185e-07
20190719,32.0,4.97685185e-07
20190720,32.0,4.97685185e-07
20190721,32.0,4.97685185e-07
20190722,32.0,4.97685185e-07
20190723,32.0,4.97685185e-07
20190724,32.0,4.97685185e-07
20190725,32.0,4.97685185e-07
20190726,32.0,4.97685185e-07
20190727,32.0,4.97685185e-07
20190728,32.0,4.97685185e-07
20190729,32.0,4.97685185e-07
20190730,32.0,4.97685185e-07
20190731,32.0,4.97685185e-07
20190801,32.0,4.97685185e-07
20190802,32.0,4.97685185e-07
20190803,32.0,4.97685185e-07
20190804,32.0,4.97685185e-07
20190805,32.0,4.97685185e-07
20190806,32.0,4.97685185e-07
20190807,32.0,4.97685185e-07
20190808,32.0,4.97685185e-07
20190809,32.0,4.97685185e-07
20190810,32.0,4.97685185e-07
20190811,32.0,4.97685185e-07
20190812,32.0,4.97685185e-07
20190813,32.0,4.97685185e-07
20190814,32.0,4.97685185e-07
20190815,32.0,4.97685185e-07
20190816,32.0,4.97685185e-07
20190817,32.0,4.97685185e-07
20190818,32.0,4.97685185e-07
20190819,32.0,4.97685185e-07
20190820,32.0,4.97685185e-07
20190821,32.0,4.97685185e-07
20190822,32.0,4.97685185e-07
20190823,32.0,4.97685185e-07
20190824,32.0,4.97685185e-07
20190825,32.0,4.97685185e-07
20190826,32.0,4.97685185e-07
20190827,32.0,4.97685185e-07
20190828,32.0,4.97685185e-07
20190829,32.0,4.97685185e-07
20190830,32.0,4.97685185e-07
20190831,32.0,4.97685185e-07
20190901,32.0,4.97685185e-07
20190902,32.0,4.97685185e-07
20190903,32.0,4.97685185e-07
20190904,32.0,4.97685185e-07
20190905,32.0,4.97685185e-07
20190906,32.0,4.97685185e-07
20190907,32.0,4.97685185e-07
20190908,32.0,4.97685185e-07
20190909,32.0,4.97685185e-07
20190910,32.0,4.97685185e-07
20190911,32.0,4.97685185e-07
20190912,32.0,4.97685185e-07
20190913,32.0,4.97685185e-07
20190914,32.0,4.97685185e-07
20190915,32.0,4.97685185e-07
20190916,32.0,4.97685185e-07
20190917,32.0,4.97685185e-07
20190918,32.0,4.97685185e-07
20190919,32.0,4.97685185e-07
20190920,32.0,4.97685185e-07
20190921,32.0,4.97685185e-07
20190922,32.0,4.97685185e-07
20190923,32.0,4.97685185e-07
20190924,32.0,4.97685185e-07
20190925,32.0,4.97685185e-07
20190926,32.0,4.97685185e-07
20190927,32.0,4.97685185e-07
20190928,32.0,4.97685185e-07
20190929,32.0,4.97685185e-07
20190930,32.0,4.97685185e-07
20191001,32.0,4.97685185e-07
20191002,32.0,4.97685185e-07
20191003,32.0,4.97685185e-07
20191004,32.0,4.97685185e-07
20191005,32.0,4.97685185e-07
20191006,32.0,4.97685185e-07
20191007,32.0,4.97685185e-07
20191008,32.0,4.97685185e-07
20191009,32.0,4.97685185e-07
20191010,32.0,4.97685185e-07
20191011,32.0,4.97685185e-07
20191012,32.0,4.97685185e-07
20191013,32.0,4.97685185e-07
20191014,32.0,4.97685185e-07
20191015,32.0,4.97685185e-07
20191016,32.0,4.97685185e-07
20191017,32.0,4.97685185e-07
20191018,32.0,4.97685185e-07
20191019,32.0,4.97685185e-07
20191020,32.0,4.97685185e-07
20191021,32.0,4.97685185e-07
20191022,32.0,4.97685185e-07
20191023,32.0,4.97685185e-07
20191024,32.0,4.97685185e-07
20191025,32.0,4.97685185e-07
20191026,32.0,4.97685185e-07
20191027,32.0,4.97685185e-07
20191028,32.0,4.97685185e-07
20191029,32.0,4.97685185e-07
20191030,32.0,4.97685185e-07
20191031,32.0,4.97685185e-07
20191101,32.0,4.97685185e-07
20191102,32.0,4.97685185e-07
20191103,32.0,4.97685185e-07
20191104,32.0,4.97685185e-07
20191105,32.0,4.97685185e-07
20191106,32.0,4.97685185e-07
20191107,32.0,4.97685185e-07
20191108,32.0,4.97685185e-07
20191109,32.0,4.97685185e-07
20191110,32.0,4.97685185e-07
20191111,32.0,4.97685185e-07
20191112,32.0,4.97685185e-07
20191113,32.0,4.97685185e-07
20191114,32.0,4.97685185e-07
20191115,32.0,4.97685185e-07
20191116,32.0,4.97685185e-07
20191117,32.0,4.97685185e-07
20191118,32.0,4.97685185e-07
20191119,32.0,4.97685185e-07
20191120,32.0,4.97685185e-07
20191121,32.0,4.97685185e-07
20191122,32.0,4.97685185e-07
20191123,32.0,4.97685185e-07
20191124,32.0,4.97685185e-07
20191125,32.0,4.97685185e-07
20191126,32.0,4.97685185e-07
20191127,32.0,4.97685185e-07
20191128,32.0,4.97685185e-07
20191129,32.0,4.97685185e-07
20191130,32.0,4.97685185e-07
20191201,32.0,4.97685185e-07
20191202,32.0,4.97685185e-07
20191203,32.0,4.97685185e-07
20191204,32.0,4.97685185e-07
20191205,32.0,4.97685185e-07
20191206,32.0,4.97685185e-07
20191207,32.0,4.97685185e-07
20191208,32.0,4.97685185e-07
20191209,32.0,4.97685185e-07
20191210,32.0,4.97685185e-07
20191211,32.0,4.97685185e-07
20191212,32.0,4.97685185e-07
20191213,32.0,4.97685185e-07
20191214,32.0,4.97685185e-07
20191215,32.0,4.97685185e-07
20191216,32.0,4.97685185e-07
20191217,32.0,4.97685185e-07
20191218,32.0,4.97685185e-07
20191219,32.0,4.97685185e-07
20191220,32.0,4.97685185e-07
20191221,32.0,4.97685185e-07
20191222,32.0,4.97685185e-07
20191223,32.0,4.97685185e-07
20191224,32.0,4.97685185e-07
20191225,32.0,4.97685185e-07
20191226,32.0,4.97685185e-07
20191227,32.0,4.97685185e-07
20191228,32.0,4.97685185e-07
20191229,32.0,4.97685185e-07
20191230,32.0,4.97685185e-07
20191231,32.0,4.97685185e-07
20200101,32.0,4.97685185e-07
20200102,32.0,4.97685185e-07
20200103,32.0,4.97685185e-07
20200104,32.0,4.97685185e-07
20200105,32.0,4.97685185e-07
20200106,32.0,4.97685185e-07
20200107,32.0,4.97685185e-07
20200108,32.0,4.97685185e-07
20200109,32.0,4.97685185e-07
20200110,32.0,4.97685185e-07
20200111,32.0,4.97685185e-07
20200112,32.0,4.97685185e-07
20200113,32.0,4.97685185e-07
20200114,32.0,4.97685185e-07
20200115,32.0,4.97685185e-07
20200116,32.0,4.97685185e-07
20200117,32.0,4.97685185e-07
20200118,32.0,4.97685185e-07
20200119,32.0,4.97685185e-07
20200120,32.0,4.97685185e-07
20200121,32.0,4.97685185e-07
20200122,32.0,4.97685185e-07
20200123,32.0,4.97685185e-07
20200124,32.0,4.97685185e-07
20200125,32.0,4.97685185e-07
20200126,32.0,4.97685185e-07
20200127,32.0,4.97685185e-07
20200128,32.0,4.97685185e-07
20200129,32.0,4.97685185e-07
20200130,32.0,4.97685185e-07
20200131,32.0,4.97685185e-07
20200201,32.0,4.97685185e-07
20200202,32.0,4.97685185e-07
20200203,32.0,4.97685185e-07
20200204,32.0,4.97685185e-07
20200205,32.0,4.97685185e-07
20200206,32.0,4.97685185e-07
20200207,32.0,4.97685185e-07
20200208,32.0,4.97685185e-07
20200209,32.0,4.97685185e-07
20200210,32.0,4.97685185e-07
20200211,32.0,4.97685185e-07
20200212,32.0,4.97685185e-07
20200213,32.0,4.97685185e-07
20200214,32.0,4.97685185e-07
20200215,32.0,4.97685185e-07
20200216,32.0,4.97685185e-07
20200217,32.0,4.97685185e-07
20200218,32.0,4.97685185e-07
20200219,32.0,4.97685185e-07
20200220,32.0,4.97685185e-07
20200221,32.0,4.97685185e-07
20200222,32.0,4.97685185e-07
20200223,32.0,4.97685185e-07
20200224,32.0,4.97685185e-07
20200225,32.0,4.97685185e-07
20200226,32.0,4.97685185e-07
20200227,32.0,4.97685185e-07
20200228,32.0,4.97685185e-07
20200229,32.0,4.97685185e-07
20200301,32.0,4.97685185e-07
20200302,32.0,4.97685185e-07
20200303,32.0,4.97685185e-07
20200304,32.0,4.97685185e-07
20200305,32.0,4.97685185e-07
20200306,32.0,4.97685185e-07
20200307,32.0,4.97685185e-07
20200308,32.0,4.97685185e-07
20200309,32.0,4.97685185e-07
20200310,32.0,4.97685185e-07
20200311,32.0,4.97685185e-07
20200312,32.0,4.97685185e-07
20200313,32.0,4.97685185e-07
20200314,32.0,4.97685185e-07
20200315,32.0,4.97685185e-07
20200316,32.0,4.97685185e-07
20200317,32.0,4.97685185e-07
20200318,32.0,4.97685185e-07
20200319,32.0,4.97685185e-07
20200320,32.0,4.97685185e-07
20200321,32.0,4.97685185e-07
20200322,32.0,4.97685185e-07
20200323,32.0,4.97685185e-07
20200324,32.0,4.97685185e-07
20200325,32.0,4.97685185e-07
20200326,32.0,4.97685185e-07
20200327,32.0,4.97685185e-07
20200328,32.0,4.97685185e-07
20200329,32.0,4.97685185e-07
20200330,32.0,4.97685185e-07
20200331,32.0,4.97685185e-07
20200401,32.0,4.97685185e-07
20200402,32.0,4.97685185e-07
20200403,32.0,4.97685185e-07
20200404,32.0,4.97685185e-07
20200405,32.0,4.97685185e-07
20200406,32.0,4.97685185e-07
20200407,32.0,4.97685185e-07
20200408,32.0,4.97685185e-07
20200409,32.0,4.97685185e-07
20200410,32.0,4.97685185e-07
20200411,32.0,4.97685185e-07
20200412,32.0,4.97685185e-07
20200413,32.0,4.97685185e-07
20200414,32.0,4.97685185e-07
20200415,32.0,4.97685185e-07
20200416,32.0,4.97685185e-07
20200417,32.0,4.97685185e-07
20200418,32.0,4.97685185e-07
20200419,32.0,4.97685185e-07
20200420,32.0,4.97685185e-07
20200421,32.0,4.97685185e-07
20200422,32.0,4.97685185e-07
20200423,32.0,4.97685185e-07
20200424,32.0,4.97685185e-07
20200425,32.0,4.97685185e-07
20200426,32.0,4.97685185e-07
20200427,32.0,4.97685185e-07
20200428,32.0,4.97685185e-07
20200429,32.0,4.97685185e-07
20200430,32.0,4.97685185e-07
20200501,32.0,4.97685185e-07
20200502,32.0,4.97685185e-07
20200503,32.0,4.97685185e-07
20200504,32.0,4.97685185e-07
20200505,32.0,4.97685185e-07
20200506,32.0,4.97685185e-07
20200507,32.0,4.97685185e-07
20200508,32.0,4.97685185e-07
20200509,32.0,4.97685185e-07
20200510,32.0,4.97685185e-07
20200511,32.0,4.97685185e-07
20200512,32.0,4.97685185e-07
20200513,32.0,4.97685185e-07
20200514,32.0,4.97685185e-07
20200515,32.0,4.97685185e-07
20200516,32.0,4.97685185e-07
20200517,32.0,4.97685185e-07
20200518,32.0,4.97685185e-07
20200519,32.0,4.97685185e-07
20200520,32.0,4.97685185e-07
20200521,32.0,4.97685185e-07
20200522,32.0,4.97685185e-07
20200523,32.0,4.97685185e-07
20200524,32.0,4.97685185e-07
20200525,32.0,4.97685185e-07
20200526,32.0,4.97685185e-07
20200527,32.0,4.97685185e-07
20200528,32.0,4.97685185e-07
20200529,32.0,4.97685185e-07
20200530,32.0,4.97685185e-07
20200531,32.0,4.97685185e-07
20200601,32.0,4.97685185e-07
20200602,32.0,4.97685185e-07
20200603,32.0,4.97685185e-07
20200604,32.0,4.97685185e-07
20200605,32.0,4.97685185e-07
20200606,32.0,4.97685185e-07
20200607,32.0,4.97685185e-07
20200608,32.0,4.97685185e-07
20200609,32.0,4.97685185e-07
20200610,32.0,4.97685185e-07
20200611,32.0,4.97685185e-07
20200612,32.0,4.97685185e-07
20200613,32.0,4.97685185e-07
20200614,32.0,4.97685185e-07
20200615,32.0,4.97685185e-07
20200616,32.0,4.97685185e-07
20200617,32.0,4.97685185e-07
20200618,32.0,4.97685185e-07
20200619,32.0,4.97685185e-07
20200620,32.0,4.97685185e-07
20200621,32.0,4.97685185e-07
20200622,32.0,4.97685185e-07
20200623,32.0,4.97685185e-07
20200624,32.0,4.97685185e-07
20200625,32.0,4.97685185e-07
20200626,32.0,4.97685185e-07
20200627,32.0,4.97685185e-07
20200628,32.0,4.97685185e-07
20200629,32.0,4.97685185e-07
20200630,32.0,4.97685185e-07
20200701,32.0,4.97685185e-07
20200702,32.0,4.97685185e-07
20200703,32.0,4.97685185e-07
20200704,32.0,4.97685185e-07
20200705,32.0,4.97685185e-07
20200706,32.0,4.97685185e-07
20200707,32.0,4.97685185e-07
20200708,32.0,4.97685185e-07
20200709,32.0,4.97685185e-07
20200710,32.0,4.97685185e-07
20200711,32.0,4.97685185e-07
20200712,32.0,4.97685185e-07
20200713,32.0,4.97685185e-07
20200714,32.0,4.97685185e-07
20200715,32.0,4.97685185e-07
20200716,32.0,4.97685185e-07
20200717,32.0,4.97685185e-07
20200718,32.0,4.97685185e-07
20200719,32.0,4.97685185e-07
20200720,32.0,4.97685185e-07
20200721,32.0,4.97685185e-07
20200722,32.0,4.97685185e-07
20200723,32.0,4.97685185e-07
20200724,32.0,4.97685185e-07
20200725,32.0,4.97685185e-07
20200726,32.0,4.97685185e-07
20200727,32.0,4.97685185e-07
20200728,32.0,4.97685185e-07
20200729,32.0,4.97685185e-07
20200730,32.0,4.97685185e-07
20200731,32.0,4.97685185e-07
20200801,32.0,4.97685185e-07
20200802,32.0,4.97685185e-07
20200803,32.0,4.97685185e-07
20200804,32.0,4.97685185e-07
20200805,32.0,4.97685185e-07
20200806,32.0,4.97685185e-07
20200807,32.0,4.97685185e-07
20200808,32.0,4.97685185e-07
20200809,32.0,4.97685185e-07
20200810,32.0,4.97685185e-07
20200811,32.0,4.97685185e-07
20200812,32.0,4.97685185e-07
20200813,32.0,4.97685185e-07
20200814,32.0,4.97685185e-07
20200815,32.0,4.97685185e-07
20200816,32.0,4.97685185e-07
20200817,32.0,4.97685185e-07
20200818,32.0,4.97685185e-07
20200819,32.0,4.97685185e-07
20200820,32.0,4.97685185e-07
20200821,32.0,4.97685185e-07
20200822,32.0,4.97685185e-07
20200823,32.0,4.97685185e-07
20200824,32.0,4.97685185e-07
20200825,32.0,4.97685185e-07
20200826,32.0,4.97685185e-07
20200827,32.0,4.97685185e-07
20200828,32.0,4.97685185e-07
20200829,32.0,4.97685185e-07
20200830,32.0,4.97685185e-07
20200831,32.0,4.97685185e-07
20200901,32.0,4.97685185e-07
20200902,32.0,4.97685185e-07
20200903,32.0,4.97685185e-07
20200904,32.0,4.97685185e-07
20200905,32.0,4.97685185e-07
20200906,32.0,4.97685185e-07
20200907,32.0,4.97685185e-07
20200908,32.0,4.97685185e-07
20200909,32.0,4.97685185e-07
20200910,32.0,4.97685185e-07
20200911,32.0,4.97685185e-07
20200912,32.0,4.97685185e-07
20200913,32.0,4.97685185e-07
20200914,32.0,4.97685185e-07
20200915,32.0,4.97685185e-07
20200916,32.0,4.97685185e-07
20200917,32.0,4.97685185e-07
20200918,32.0,4.97685185e-07
20200919,32.0,4.97685185e-07
20200920,32.0,4.97685185e-07
20200921,32.0,4.97685185e-07
20200922,32.0,4.97685185e-07
20200923,32.0,4.97685185e-07
20200924,32.0,4.97685185e-07
20200925,32.0,4.97685185e-07
20200926,32.0,4.97685185e-07
20200927,32.0,4.97685185e-07
20200928,32.0,4.97685185e-07
20200929,32.0,4.97685185e-07
20200930,32.0,4.97685185e-07
20201001,32.0,4.97685185e-07
20201002,32.0,4.97685185e-07
20201003,32.0,4.97685185e-07
20201004,32.0,4.97685185e-07
20201005,32.0,4.97685185e-07
20201006,32.0,4.97685185e-07
20201007,32.0,4.97685185e-07
20201008,32.0,4.97685185e-07
20201009,32.0,4.97685185e-07
20201010,32.0,4.97685185e-07
20201011,32.0,4.97685185e-07
20201012,32.0,4.97685185e-07
20201013,32.0,4.97685185e-07
20201014,32.0,4.97685185e-07
20201015,32.0,4.97685185e-07
20201016,32.0,4.97685185e-07
20201017,32.0,4.97685185e-07
20201018,32.0,4.97685185e-07
20201019,32.0,4.97685185e-07
20201020,32.0,4.97685185e-07
20201021,32.0,4.97685185e-07
20201022,32.0,4.97685185e-07
20201023,32.0,4.97685185e-07
20201024,32.0,4.97685185e-07
20201025,32.0,4.97685185e-07
20201026,32.0,4.97685185e-07
20201027,32.0,4.97685185e-07
20201028,32.0,4.97685185e-07
20201029,32.0,4.97685185e-07
20201030,32.0,4.97685185e-07
20201031,32.0,4.97685185e-07
20201101,32.0,4.97685185e-07
20201102,32.0,4.97685185e-07
20201103,32.0,4.97685185e-07
20201104,32.0,4.97685185e-07
20201105,32.0,4.97685185e-07
20201106,32.0,4.97685185e-07
20201107,32.0,4.97685185e-07
20201108,32.0,4.97685185e-07
20201109,32.0,4.97685185e-07
20201110,32.0,4.97685185e-07
20201111,32.0,4.97685185e-07
20201112,32.0,4.97685185e-07
20201113,32.0,4.97685185e-07
20201114,32.0,4.97685185e-07
20201115,32.0,4.97685185e-07
20201116,32.0,4.97685185e-07
20201117,32.0,4.97685185e-07
20201118,32.0,4.97685185e-07
20201119,32.0,4.97685185e-07
20201120,32.0,4.97685185e-07
20201121,32.0,4.97685185e-07
20201122,32.0,4.97685185e-07
20201123,32.0,4.97685185e-07
20201124,32.0,4.97685185e-07
20201125,32.0,4.97685185e-07
20201126,32.0,4.97685185e-07
20201127,32.0,4.97685185e-07
20201128,32.0,4.97685185e-07
20201129,32.0,4.97685185e-07
20201130,32.0,4.97685185e-07
20201201,32.0,4.97685185e-07
20201202,32.0,4.97685185e-07
20201203,32.0,4.97685185e-07
20201204,32.0,4.97685185e-07
20201205,32.0,4.97685185e-07
20201206,32.0,4.97685185e-07
20201207,32.0,4.97685185e-07
20201208,32.0,4.97685185e-07
20201209,32.0,4.97685185e-07
20201210,32.0,4.97685185e-07
20201211,32.0,4.97685185e-07
20201212,32.0,4.97685185e-07
20201213,32.0,4.97685185e-07
20201214,32.0,4.97685185e-07
20201215,32.0,4.97685185e-07
20201216,32.0,4.97685185e-07
20201217,32.0,4.97685185e-07
20201218,32.0,4.97685185e-07
20201219,32.0,4.97685185e-07
20201220,32.0,4.97685185e-07
20201221,32.0,4.97685185e-07
20201222,32.0,4.97685185e-07
20201223,32.0,4.97685185e-07
20201224,32.0,4.97685185e-07
20201225,32.0,4.97685185e-07
20201226,32.0,4.97685185e-07
20201227,32.0,4.97685185e-07
20201228,32.0,4.97685185e-07
20201229,32.0,4.97685185e-07
20201230,32.0,4.97685185e-07
20201231,32.0,4.97685185e-07
20210101,32.0,4.97685185e-07
20210102,32.0,4.97685185e-07
20210103,32.0,4.97685185e-07
20210104,32.0,4.97685185e-07
20210105,32.0,4.97685185e-07
20210106,32.0,4.97685185e-07
20210107,32.0,4.97685185e-07
20210108,32.0,4.97685185e-07
20210109,32.0,4.97685185e-07
20210110,32.0,4.97685185e-07
20210111,32.0,4.97685185e-07
20210112,32.0,4.97685185e-07
20210113,32.0,4.97685185e-07
20210114,32.0,4.97685185e-07
20210115,32.0,4.97685185e-07
20210116,32.0,4.97685185e-07
20210117,32.0,4.97685185e-07
20210118,32.0,4.97685185e-07
20210119,32.0,4.97685185e-07
20210120,32.0,4.97685185e-07
20210121,32.0,4.97685185e-07
20210122,32.0,4.97685185e-07
20210123,32.0,4.97685185e-07
20210124,32.0,4.97685185e-07
20210125,32.0,4.97685185e-07
20210126,32.0,4.97685185e-07
20210127,32.0,4.97685185e-07
20210128,32.0,4.97685185e-07
20210129,32.0,4.97685185e-07
20210130,32.0,4.97685185e-07
20210131,32.0,4.97685185e-07
20210201,32.0,4.97685185e-07
20210202,32.0,4.97685185e-07
20210203,32.0,4.97685185e-07
20210204,32.0,4.97685185e-07
20210205,32.0,4.97685185e-07
20210206,32.0,4.97685185e-07
20210207,32.0,4.97685185e-07
20210208,32.0,4.97685185e-07
20210209,32.0,4.97685185e-07
20210210,32.0,4.97685185e-07
20210211,32.0,4.97685185e-07
20210212,32.0,4.97685185e-07
20210213,32.0,4.97685185e-07
20210214,32.0,4.97685185e-07
20210215,32.0,4.97685185e-07
20210216,32.0,4.97685185e-07
20210217,32.0,4.97685185e-07
20210218,32.0,4.97685185e-07
20210219,32.0,4.97685185e-07
20210220,32.0,4.97685185e-07
20210221,32.0,4.97685185e-07
20210222,32.0,4.97685185e-07
20210223,32.0,4.97685185e-07
20210224,32.0,4.97685185e-07
20210225,32.0,4.97685185e-07
20210226,32.0,4.97685185e-07
20210227,32.0,4.97685185e-07
20210228,32.0,4.97685185e-07
20210301,32.0,4.97685185e-07
20210302,32.0,4.97685185e-07
20210303,32.0,4.97685185e-07
20210304,32.0,4.97685185e-07
20210305,32.0,4.97685185e-07
20210306,32.0,4.97685185e-07
20210307,32.0,4.97685185e-07
20210308,32.0,4.97685185e-07
20210309,32.0,4.97685185e-07
20210310,32.0,4.97685185e-07
20210311,32.0,4.97685185e-07
20210312,32.0,4.97685185e-07
20210313,32.0,4.97685185e-07
20210314,32.0,4.97685185e-07
20210315,32.0,4.97685185e-07
20210316,32.0,4.97685185e-07
20210317,32.0,4.97685185e-07
20210318,32.0,4.97685185e-07
20210319,32.0,4.97685185e-07
20210320,32.0,4.97685185e-07
20210321,32.0,4.97685185e-07
20210322,32.0,4.97685185e-07
20210323,32.0,4.97685185e-07
20210324,32.0,4.97685185e-07
20210325,32.0,4.97685185e-07
20210326,32.0,4.97685185e-07
20210327,32.0,4.97685185e-07
20210328,32.0,4.97685185e-07
20210329,32.0,4.97685185e-07
20210330,32.0,4.97685185e-07
20210331,32.0,4.97685185e-07
20210401,32.0,4.97685185e-07
20210402,32.0,4.97685185e-07
20210403,32.0,4.97685185e-07
20210404,32.0,4.97685185e-07
20210405,32.0,4.97685185e-07
20210406,32.0,4.97685185e-07
20210407,32.0,4.97685185e-07
20210408,32.0,4.97685185e-07
20210409,32.0,4.97685185e-07
20210410,32.0,4.97685185e-07
20210411,32.0,4.97685185e-07
20210412,32.0,4.97685185e-07
20210413,32.0,4.97685185e-07
20210414,32.0,4.97685185e-07
20210415,32.0,4.97685185e-07
20210416,32.0,4.97685185e-07
20210417,32.0,4.97685185e-07
20210418,32.0,4.97685185e-07
20210419,32.0,4.97685185e-07
20210420,32.0,4.97685185e-07
20210421,32.0,4.97685185e-07
20210422,32.0,4.97685185e-07
20210423,32.0,4.97685185e-07
20210424,32.0,4.97685185e-07
20210425,32.0,4.97685185e-07
20210426,32.0,4.97685185e-07
20210427,32.0,4.97685185e-07
20210428,32.0,4.97685185e-07
20210429,32.0,4.97685185e-07
20210430,32.0,4.97685185e-07
20210501,32.0,4.97685185e-07
20210502,32.0,4.97685185e-07
20210503,32.0,4.97685185e-07
20210504,32.0,4.97685185e-07
20210505,32.0,4.97685185e-07
20210506,32.0,4.97685185e-07
20210507,32.0,4.97685185e-07
20210508,32.0,4.97685185e-07
20210509,32.0,4.97685185e-07
20210510,32.0,4.97685185e-07
20210511,32.0,4.97685185e-07
20210512,32.0,4.97685185e-07
20210513,32.0,4.97685185e-07
20210514,32.0,4.97685185e-07
20210515,32.0,4.97685185e-07
20210516,32.0,4.97685185e-07
20210517,32.0,4.97685185e-07
20210518,32.0,4.97685185e-07
20210519,32.0,4.97685185e-07
20210520,32.0,4.97685185e-07
20210521,32.0,4.97685185e-07
20210522,32.0,4.97685185e-07
20210523,32.0,4.97685185e-07
20210524,32.0,4.97685185e-07
20210525,32.0,4.97685185e-07
20210526,32.0,4.97685185e-07
20210527,32.0,4.97685185e-07
20210528,32.0,4.97685185e-07
20210529,32.0,4.97685185e-07
20210530,32.0,4.97685185e-07
20210531,32.0,4.97685185e-07
20210601,32.0,4.97685185e-07
20210602,32.0,4.97685185e-07
20210603,32.0,4.97685185e-07
20210604,32.0,4.97685185e-07
20210605,32.0,4.97685185e-07
20210606,32.0,4.97685185e-07
20210607,32.0,4.97685185e-07
20210608,32.0,4.97685185e-07
20210609,32.0,4.97685185e-07
20210610,32.0,4.97685185e-07
20210611,32.0,4.97685185e-07
20210612,32.0,4.97685185e-07
20210613,32.0,4.97685185e-07
20210614,32.0,4.97685185e-07
20210615,32.0,4.97685185e-07
20210616,32.0,4.97685185e-07
20210617,32.0,4.97685185e-07
20210618,32.0,4.97685185e-07
20210619,32.0,4.97685185e-07
20210620,32.0,4.97685185e-07
20210621,32.0,4.97685185e-07
20210622,32.0,4.97685185e-07
20210623,32.0,4.97685185e-07
20210624,32.0,4.97685185e-07
20210625,32.0,4.97685185e-07
20210626,32.0,4.97685185e-07
20210627,32.0,4.97685185e-07
20210628,32.0,4.97685185e-07
20210629,32.0,4.97685185e-07
20210630,32.0,4.97685185e-07
20210701,32.0,4.97685185e-07
20210702,32.0,4.97685185e-07
20210703,32.0,4.97685185e-07
20210704,32.0,4.97685185e-07
20210705,32.0,4.97685185e-07
20210706,32.0,4.97685185e-07
20210707,32.0,4.97685185e-07
20210708,32.0,4.97685185e-07
20210709,32.0,4.97685185e-07
20210710,32.0,4.97685185e-07
20210711,32.0,4.97685185e-07
20210712,32.0,4.97685185e-07
20210713,32.0,4.97685185e-07
20210714,32.0,4.97685185e-07
20210715,32.0,4.97685185e-07
20210716,32.0,4.97685185e-07
20210717,32.0,4.97685185e-07
20210718,32.0,4.97685185e-07
20210719,32.0,4.97685185e-07
20210720,32.0,4.97685185e-07
20210721,32.0,4.97685185e-07
20210722,32.0,4.97685185e-07
20210723,32.0,4.97685185e-07
20210724,32.0,4.97685185e-07
20210725,32.0,4.97685185e-07
20210726,32.0,4.97685185e-07
20210727,32.0,4.97685185e-07
20210728,32.0,4.97685185e-07
20210729,32.0,4.97685185e-07
20210730,32.0,4.97685185e-07
20210731,32.0,4.97685185e-07
20210801,32.0,4.97685185e-07
20210802,32.0,4.97685185e-07
20210803,32.0,4.97685185e-07
20210804,32.0,4.97685185e-07
20210805,32.0,4.97685185e-07
20210806,32.0,4.97685185e-07
20210807,32.0,4.97685185e-07
20210808,32.0,4.97685185e-07
20210809,32.0,4.97685185e-07
20210810,32.0,4.97685185e-07
20210811,32.0,4.97685185e-07
20210812,32.0,4.97685185e-07
20210813,32.0,4.97685185e-07
20210814,32.0,4.97685185e-07
20210815,32.0,4.97685185e-07
20210816,32.0,4.97685185e-07
20210817,32.0,4.97685185e-07
20210818,32.0,4.97685185e-07
20210819,32.0,4.97685185e-07
20210820,32.0,4.97685185e-07
20210821,32.0,4.97685185e-07
20210822,32.0,4.97685185e-07
20210823,32.0,4.97685185e-07
20210824,32.0,4.97685185e-07
20210825,32.0,4.97685185e-07
20210826,32.0,4.97685185e-07
20210827,32.0,4.97685185e-07
20210828,32.0,4.97685185e-07
20210829,32.0,4.97685185e-07
20210830,32.0,4.97685185e-07
20210831,32.0,4.97685185e-07
20210901,32.0,4.97685185e-07
20210902,32.0,4.97685185e-07
20210903,32.0,4.97685185e-07
20210904,32.0,4.97685185e-07
20210905,32.0,4.97685185e-07
20210906,32.0,4.97685185e-07
20210907,32.0,4.97685185e-07
20210908,32.0,4.97685185e-07
20210909,32.0,4.97685185e-07
20210910,32.0,4.97685185e-07
20210911,32.0,4.97685185e-07
20210912,32.0,4.97685185e-07
20210913,32.0,4.97685185e-07
20210914,32.0,4.97685185e-07
20210915,32.0,4.97685185e-07
20210916,32.0,4.97685185e-07
20210917,32.0,4.97685185e-07
20210918,32.0,4.97685185e-07
20210919,32.0,4.97685185e-07
20210920,32.0,4.97685185e-07
20210921,32.0,4.97685185e-07
20210922,32.0,4.97685185e-07
20210923,32.0,4.97685185e-07
20210924,32.0,4.97685185e-07
20210925,32.0,4.97685185e-07
20210926,32.0,4.97685185e-07
20210927,32.0,4.97685185e-07
20210928,32.0,4.97685185e-07
20210929,32.0,4.97685185e-07
20210930,32.0,4.97685185e-07
20211001,32.0,4.97685185e-07
20211002,32.0,4.97685185e-07
20211003,32.0,4.97685185e-07
20211004,32.0,4.97685185e-07
20211005,32.0,4.97685185e-07
20211006,32.0,4.97685185e-07
20211007,32.0,4.97685185e-07
20211008,32.0,4.97685185e-07
20211009,32.0,4.97685185e-07
20211010,32.0,4.97685185e-07
20211011,32.0,4.97685185e-07
20211012,32.0,4.97685185e-07
20211013,32.0,4.97685185e-07
20211014,32.0,4.97685185e-07
20211015,32.0,4.97685185e-07
20211016,32.0,4.97685185e-07
20211017,32.0,4.97685185e-07
20211018,32.0,4.97685185e-07
20211019,32.0,4.97685185e-07
20211020,32.0,4.97685185e-07
20211021,32.0,4.97685185e-07
20211022,32.0,4.97685185e-07
20211023,32.0,4.97685185e-07
20211024,32.0,4.97685185e-07
20211025,32.0,4.97685185e-07
20211026,32.0,4.97685185e-07
20211027,32.0,4.97685185e-07
20211028,32.0,4.97685185e-07
20211029,32.0,4.97685185e-07
20211030,32.0,4.97685185e-07
20211031,32.0,4.97685185e-07
20211101,32.0,4.97685185e-07
20211102,32.0,4.97685185e-07
20211103,32.0,4.97685185e-07
20211104,32.0,4.97685185e-07
20211105,32.0,4.97685185e-07
20211106,32.0,4.97685185e-07
20211107,32.0,4.97685185e-07
20211108,32.0,4.97685185e-07
20211109,32.0,4.97685185e-07
20211110,32.0,4.97685185e-07
20211111,32.0,4.97685185e-07
20211112,32.0,4.97685185e-07
20211113,32.0,4.97685185e-07
20211114,32.0,4.97685185e-07
20211115,32.0,4.97685185e-07
20211116,32.0,4.97685185e-07
20211117,32.0,4.97685185e-07
20211118,32.0,4.97685185e-07
20211119,32.0,4.97685185e-07
20211120,32.0,4.97685185e-07
20211121,32.0,4.97685185e-07
20211122,32.0,4.97685185e-07
20211123,32.0,4.97685185e-07
20211124,32.0,4.97685185e-07
20211125,32.0,4.97685185e-07
20211126,32.0,4.97685185e-07
20211127,32.0,4.97685185e-07
20211128,32.0,4.97685185e-07
20211129,32.0,4.97685185e-07
20211130,32.0,4.97685185e-07
20211201,32.0,4.97685185e-07
20211202,32.0,4.97685185e-07
20211203,32.0,4.97685185e-07
20211204,32.0,4.97685185e-07
20211205,32.0,4.97685185e-07
20211206,32.0,4.97685185e-07
20211207,32.0,4.97685185e-07
20211208,32.0,4.97685185e-07
20211209,32.0,4.97685185e-07
20211210,32.0,4.97685185e-07
20211211,32.0,4.97685185e-07
20211212,32.0,4.97685185e-07
20211213,32.0,4.97685185e-07
20211214,32.0,4.97685185e-07
20211215,32.0,4.97685185e-07
20211216,32.0,4.97685185e-07
20211217,32.0,4.97685185e-07
20211218,32.0,4.97685185e-07
20211219,32.0,4.97685185e-07
20211220,32.0,4.97685185e-07
20211221,32.0,4.97685185e-07
20211222,32.0,4.97685185e-07
20211223,32.0,4.97685185e-07
20211224,32.0,4.97685185e-07
20211225,32.0,4.97685185e-07
20211226,32.0,4.97685185e-07
20211227,32.0,4.97685185e-07
20211228,32.0,4.97685185e-07
20211229,32.0,4.97685185e-07
20211230,32.0,4.97685185e-07
20211231,32.0,4.97685185e-07
20220101,32.0,4.97685185e-07
20220102,32.0,4.97685185e-07
20220103,32.0,4.97685185e-07
20220104,32.0,4.97685185e-07
20220105,32.0,4.97685185e-07
20220106,32.0,4.97685185e-07
20220107,32.0,4.97685185e-07
20220108,32.0,4.97685185e-07
20220109,32.0,4.97685185e-07
20220110,32.0,4.97685185e-07
20220111,32.0,4.97685185e-07
20220112,32.0,4.97685185e-07
20220113,32.0,4.97685185e-07
20220114,32.0,4.97685185e-07
20220115,32.0,4.97685185e-07
20220116,32.0,4.97685185e-07
20220117,32.0,4.97685185e-07
20220118,32.0,4.97685185e-07
20220119,32.0,4.97685185e-07
20220120,32.0,4.97685185e-07
20220121,32.0,4.97685185e-07
20220122,32.0,4.97685185e-07
20220123,32.0,4.97685185e-07
20220124,32.0,4.97685185e-07
20220125,32.0,4.97685185e-07
20220126,32.0,4.97685185e-07
20220127,32.0,4.97685185e-07
20220128,32.0,4.97685185e-07
20220129,32.0,4.97685185e-07
20220130,32.0,4.97685185e-07
20220131,32.0,4.97685185e-07
20220201,32.0,4.97685185e-07
20220202,32.0,4.97685185e-07
20220203,32.0,4.97685185e-07
20220204,32.0,4.97685185e-07
20220205,32.0,4.97685185e-07
20220206,32.0,4.97685185e-07
20220207,32.0,4.97685185e-07
20220208,32.0,4.97685185e-07
20220209,32.0,4.97685185e-07
20220210,32.0,4.97685185e-07
20220211,32.0,4.97685185e-07
20220212,32.0,4.97685185e-07
20220213,32.0,4.97685185e-07
20220214,32.0,4.97685185e-07
20220215,32.0,4.97685185e-07
20220216,32.0,4.97685185e-07
20220217,32.0,4.97685185e-07
20220218,32.0,4.97685185e-07
20220219,32.0,4.97685185e-07
20220220,32.0,4.97685185e-07
20220221,32.0,4.97685185e-07
20220222,32.0,4.97685185e-07
20220223,32.0,4.97685185e-07
20220224,32.0,4.97685185e-07
20220225,32.0,4.97685185e-07
20220226,32.0,4.97685185e-07
20220227,32.0,4.97685185e-07
20220228,32.0,4.97685185e-07
20220301,32.0,4.97685185e-07
20220302,32.0,4.97685185e-07
20220303,32.0,4.97685185e-07
20220304,32.0,4.97685185e-07
20220305,32.0,4.97685185e-07
20220306,32.0,4.97685185e-07
20220307,32.0,4.97685185e-07
20220308,32.0,4.97685185e-07
20220309,32.0,4.97685185e-07
20220310,32.0,4.97685185e-07
20220311,32.0,4.97685185e-07
20220312,32.0,4.97685185e-07
20220313,32.0,4.97685185e-07
20220314,32.0,4.97685185e-07
20220315,32.0,4.97685185e-07
20220316,32.0,4.97685185e-07
20220317,32.0,4.97685185e-07
20220318,32.0,4.97685185e-07
20220319,32.0,4.97685185e-07
20220320,32.0,4.97685185e-07
20220321,32.0,4.97685185e-07
20220322,32.0,4.97685185e-07
20220323,32.0,4.97685185e-07
20220324,32.0,4.97685185e-07
20220325,32.0,4.97685185e-07
20220326,32.0,4.97685185e-07
20220327,32.0,4.97685185e-07
20220328,32.0,4.97685185e-07
20220329,32.0,4.97685185e-07
20220330,32.0,4.97685185e-07
20220331,32.0,4.97685185e-07
20220401,32.0,4.97685185e-07
20220402,32.0,4.97685185e-07
20220403,32.0,4.97685185e-07
20220404,32.0,4.97685185e-07
20220405,32.0,4.97685185e-07
20220406,32.0,4.97685185e-07
20220407,32.0,4.97685185e-07
20220408,32.0,4.97685185e-07
20220409,32.0,4.97685185e-07
20220410,32.0,4.97685185e-07
20220411,32.0,4.97685185e-07
20220412,32.0,4.97685185e-07
20220413,32.0,4.97685185e-07
20220414,32.0,4.97685185e-07
20220415,32.0,4.97685185e-07
20220416,32.0,4.97685185e-07
20220417,32.0,4.97685185e-07
20220418,32.0,4.97685185e-07
20220419,32.0,4.97685185e-07
20220420,32.0,4.97685185e-07
20220421,32.0,4.97685185e-07
20220422,32.0,4.97685185e-07
20220423,32.0,4.97685185e-07
20220424,32.0,4.97685185e-07
20220425,32.0,4.97685185e-07
20220426,32.0,4.97685185e-07
20220427,32.0,4.97685185e-07
20220428,32.0,4.97685185e-07
20220429,32.0,4.97685185e-07
20220430,32.0,4.97685185e-07
20220501,32.0,4.97685185e-07
20220502,32.0,4.97685185e-07
20220503,32.0,4.97685185e-07
20220504,32.0,4.97685185e-07
20220505,32.0,4.97685185e-07
20220506,32.0,4.97685185e-07
20220507,32.0,4.97685185e-07
20220508,32.0,4.97685185e-07
20220509,32.0,4.97685185e-07
20220510,32.0,4.97685185e-07
20220511,32.0,4.97685185e-07
20220512,32.0,4.97685185e-07
20220513,32.0,4.97685185e-07
20220514,32.0,4.97685185e-07
20220515,32.0,4.97685185e-07
20220516,32.0,4.97685185e-07
20220517,32.0,4.97685185e-07
20220518,32.0,4.97685185e-07
20220519,32.0,4.97685185e-07
20220520,32.0,4.97685185e-07
20220521,32.0,4.97685185e-07
20220522,32.0,4.97685185e-07
20220523,32.0,4.97685185e-07
20220524,32.0,4.97685185e-07
20220525,32.0,4.97685185e-07
20220526,32.0,4.97685185e-07
20220527,32.0,4.97685185e-07
20220528,32.0,4.97685185e-07
20220529,32.0,4.97685185e-07
20220530,32.0,4.97685185e-07
20220531,32.0,4.97685185e-07
20220601,32.0,4.97685185e-07
20220602,32.0,4.97685185e-07
20220603,32.0,4.97685185e-07
20220604,32.0,4.97685185e-07
20220605,32.0,4.97685185e-07
20220606,32.0,4.97685185e-07
20220607,32.0,4.97685185e-07
20220608,32.0,4.97685185e-07
20220609,32.0,4.97685185e-07
20220610,32.0,4.97685185e-07
20220611,32.0,4.97685185e-07
20220612,32.0,4.97685185e-07
20220613,32.0,4.97685185e-07
20220614,32.0,4.97685185e-07
20220615,32.0,4.97685185e-07
20220616,32.0,4.97685185e-07
20220617,32.0,4.97685185e-07
20220618,32.0,4.97685185e-07
20220619,32.0,4.97685185e-07
20220620,32.0,4.97685185e-07
20220621,32.0,4.97685185e-07
20220622,32.0,4.97685185e-07
20220623,32.0,4.97685185e-07
20220624,32.0,4.97685185e-07
20220625,32.0,4.97685185e-07
20220626,32.0,4.97685185e-07
20220627,32.0,4.97685185e-07
20220628,32.0,4.97685185e-07
20220629,32.0,4.97685185e-07
20220630,32.0,4.97685185e-07
20220701,32.0,4.97685185e-07
20220702,32.0,4.97685185e-07
20220703,32.0,4.97685185e-07
20220704,32.0,4.97685185e-07
20220705,32.0,4.97685185e-07
20220706,32.0,4.97685185e-07
20220707,32.0,4.97685185e-07
20220708,32.0,4.97685185e-07
20220709,32.0,4.97685185e-07
20220710,32.0,4.97685185e-07
20220711,32.0,4.97685185e-07
20220712,32.0,4.97685185e-07
20220713,32.0,4.97685185e-07
20220714,32.0,4.97685185e-07
20220715,32.0,4.97685185e-07
20220716,32.0,4.97685185e-07
20220717,32.0,4.97685185e-07
20220718,32.0,4.97685185e-07
20220719,32.0,4.97685185e-07
20220720,32.0,4.97685185e-07
20220721,32.0,4.97685185e-07
20220722,32.0,4.97685185e-07
20220723,32.0,4.97685185e-07
20220724,32.0,4.97685185e-07
20220725,32.0,4.97685185e-07
20220726,32.0,4.97685185e-07
20220727,32.0,4.97685185e-07
20220728,32.0,4.97685185e-07
20220729,32.0,4.97685185e-07
20220730,32.0,4.97685185e-07
20220731,32.0,4.97685185e-07
20220801,32.0,4.97685185e-07
20220802,32.0,4.97685185e-07
20220803,32.0,4.97685185e-07
20220804,32.0,4.97685185e-07
20220805,32.0,4.97685185e-07
20220806,32.0,4.97685185e-07
20220807,32.0,4.97685185e-07
20220808,32.0,4.97685185e-07
20220809,32.0,4.97685185e-07
20220810,32.0,4.97685185e-07
20220811,32.0,4.97685185e-07
20220812,32.0,4.97685185e-07
20220813,32.0,4.97685185e-07
20220814,32.0,4.97685185e-07
20220815,32.0,4.97685185e-07
20220816,32.0,4.97685185e-07
20220817,32.0,4.97685185e-07
20220818,32.0,4.97685185e-07
20220819,32.0,4.97685185e-07
20220820,32.0,4.97685185e-07
20220821,32.0,4.97685185e-07
20220822,32.0,4.97685185e-07
20220823,32.0,4.97685185e-07
20220824,32.0,4.97685185e-07
20220825,32.0,4.97685185e-07
20220826,32.0,4.97685185e-07
20220827,32.0,4.97685185e-07
20220828,32.0,4.97685185e-07
20220829,32.0,4.97685185e-07
20220830,32.0,4.97685185e-07
20220831,32.0,4.97685185e-07
20220901,32.0,4.97685185e-07
20220902,32.0,4.97685185e-07
20220903,32.0,4.97685185e-07
20220904,32.0,4.97685185e-07
20220905,32.0,4.97685185e-07
20220906,32.0,4.97685185e-07
20220907,32.0,4.97685185e-07
20220908,32.0,4.97685185e-07
20220909,32.0,4.97685185e-07
20220910,32.0,4.97685185e-07
20220911,32.0,4.97685185e-07
20220912,32.0,4.97685185e-07
20220913,32.0,4.97685185e-07
20220914,32.0,4.97685185e-07
20220915,32.0,4.97685185e-07
20220916,32.0,4.97685185e-07
20220917,32.0,4.97685185e-07
20220918,32.0,4.97685185e-07
20220919,32.0,4.97685185e-07
20220920,32.0,4.97685185e-07
20220921,32.0,4.97685185e-07
20220922,32.0,4.97685185e-07
20220923,32.0,4.97685185e-07
20220924,32.0,4.97685185e-07
20220925,32.0,4.97685185e-07
20220926,32.0,4.97685185e-07
20220927,32.0,4.97685185e-07
20220928,32.0,4.97685185e-07
20220929,32.0,4.97685185e-07
20220930,32.0,4.97685185e-07
20221001,32.0,4.97685185e-07
20221002,32.0,4.97685185e-07
20221003,32.0,4.97685185e-07
20221004,32.0,4.97685185e-07
20221005,32.0,4.97685185e-07
20221006,32.0,4.97685185e-07
20221007,32.0,4.97685185e-07
20221008,32.0,4.97685185e-07
20221009,32.0,4.97685185e-07
20221010,32.0,4.97685185e-07
20221011,32.0,4.97685185e-07
20221012,32.0,4.97685185e-07
20221013,32.0,4.97685185e-07
20221014,32.0,4.97685185e-07
20221015,32.0,4.97685185e-07
20221016,32.0,4.97685185e-07
20221017,32.0,4.97685185e-07
20221018,32.0,4.97685185e-07
20221019,32.0,4.97685185e-07
20221020,32.0,4.97685185e-07
20221021,32.0,4.97685185e-07
20221022,32.0,4.97685185e-07
20221023,32.0,4.97685185e-07
20221024,32.0,4.97685185e-07
20221025,32.0,4.97685185e-07
20221026,32.0,4.97685185e-07
20221027,32.0,4.97685185e-07
20221028,32.0,4.97685185e-07
20221029,32.0,4.97685185e-07
20221030,32.0,4.97685185e-07
20221031,32.0,4.97685185e-07
20221101,32.0,4.97685185e-07
20221102,32.0,4.97685185e-07
20221103,32.0,4.97685185e-07
20221104,32.0,4.97685185e-07
20221105,32.0,4.97685185e-07
20221106,32.0,4.97685185e-07
20221107,32.0,4.97685185e-07
20221108,32.0,4.97685185e-07
20221109,32.0,4.97685185e-07
20221110,32.0,4.97685185e-07
20221111,32.0,4.97685185e-07
20221112,32.0,4.97685185e-07
20221113,32.0,4.97685185e-07
20221114,32.0,4.97685185e-07
20221115,32.0,4.97685185e-07
20221116,32.0,4.97685185e-07
20221117,32.0,4.97685185e-07
20221118,32.0,4.97685185e-07
20221119,32.0,4.97685185e-07
20221120,32.0,4.97685185e-07
20221121,32.0,4.97685185e-07
20221122,32.0,4.97685185e-07
20221123,32.0,4.97685185e-07
20221124,32.0,4.97685185e-07
20221125,32.0,4.97685185e-07
20221126,32.0,4.97685185e-07
20221127,32.0,4.97685185e-07
20221128,32.0,4.97685185e-07
20221129,32.0,4.97685185e-07
20221130,32.0,4.97685185e-07
20221201,32.0,4.97685185e-07
20221202,32.0,4.97685185e-07
20221203,32.0,4.97685185e-07
20221204,32.0,4.97685185e-07
20221205,32.0,4.97685185e-07
20221206,32.0,4.97685185e-07
20221207,32.0,4.97685185e-07
20221208,32.0,4.97685185e-07
20221209,32.0,4.97685185e-07
20221210,32.0,4.97685185e-07
20221211,32.0,4.97685185e-07
20221212,32.0,4.97685185e-07
20221213,32.0,4.97685185e-07
20221214,32.0,4.97685185e-07
20221215,32.0,4.97685185e-07
20221216,32.0,4.97685185e-07
20221217,32.0,4.97685185e-07
20221218,32.0,4.97685185e-07
20221219,32.0,4.97685185e-07
20221220,32.0,4.97685185e-07
20221221,32.0,4.97685185e-07
20221222,32.0,4.97685185e-07
20221223,32.0,4.97685185e-07
20221224,32.0,4.97685185e-07
20221225,32.0,4.97685185e-07
20221226,32.0,4.97685185e-07
20221227,32.0,4.97685185e-07
20221228,32.0,4.97685185e-07
20221229,32.0,4.97685185e-07
20221230,32.0,4.97685185e-07
20221231,32.0,4.97685185e-07
20230101,32.0,4.97685185e-07
20230102,32.0,4.97685185e-07
20230103,32.0,4.97685185e-07
20230104,32.0,4.97685185e-07
20230105,32.0,4.97685185e-07
20230106,32.0,4.97685185e-07
20230107,32.0,4.97685185e-07
20230108,32.0,4.97685185e-07
20230109,32.0,4.97685185e-07
20230110,32.0,4.97685185e-07
20230111,32.0,4.97685185e-07
20230112,32.0,4.97685185e-07
20230113,32.0,4.97685185e-07
20230114,32.0,4.97685185e-07
20230115,32.0,4.97685185e-07
20230116,32.0,4.97685185e-07
20230117,32.0,4.97685185e-07
20230118,32.0,4.97685185e-07
20230119,32.0,4.97685185e-07
20230120,32.0,4.97685185e-07
20230121,32.0,4.97685185e-07
20230122,32.0,4.97685185e-07
20230123,32.0,4.97685185e-07
20230124,32.0,4.97685185e-07
20230125,32.0,4.97685185e-07
20230126,32.0,4.97685185e-07
20230127,32.0,4.97685185e-07
20230128,32.0,4.97685185e-07
20230129,32.0,4.97685185e-07
20230130,32.0,4.97685185e-07
20230131,32.0,4.97685185e-07
20230201,32.0,4.97685185e-07
20230202,32.0,4.97685185e-07
20230203,32.0,4.97685185e-07
20230204,32.0,4.97685185e-07
20230205,32.0,4.97685185e-07
20230206,32.0,4.97685185e-07
20230207,32.0,4.97685185e-07
20230208,32.0,4.97685185e-07
20230209,32.0,4.97685185e-07
20230210,32.0,4.97685185e-07
20230211,32.0,4.97685185e-07
20230212,32.0,4.97685185e-07
20230213,32.0,4.97685185e-07
20230214,32.0,4.97685185e-07
20230215,32.0,4.97685185e-07
20230216,32.0,4.97685185e-07
20230217,32.0,4.97685185e-07
20230218,32.0,4.97685185e-07
20230219,32.0,4.97685185e-07
20230220,32.0,4.97685185e-07
20230221,32.0,4.97685185e-07
20230222,32.0,4.97685185e-07
20230223,32.0,4.97685185e-07
20230224,32.0,4.97685185e-07
20230225,32.0,4.97685185e-07
20230226,32.0,4.97685185e-07
20230227,32.0,4.97685185e-07
20230228,32.0,4.97685185e-07
20230301,32.0,4.97685185e-07
20230302,32.0,4.97685185e-07
20230303,32.0,4.97685185e-07
20230304,32.0,4.97685185e-07
20230305,32.0,4.97685185e-07
20230306,32.0,4.97685185e-07
20230307,32.0,4.97685185e-07
20230308,32.0,4.97685185e-07
20230309,32.0,4.97685185e-07
20230310,32.0,4.97685185e-07
20230311,32.0,4.97685185e-07
20230312,32.0,4.97685185e-07
20230313,32.0,4.97685185e-07
20230314,32.0,4.97685185e-07
20230315,32.0,4.97685185e-07
20230316,32.0,4.97685185e-07
20230317,32.0,4.97685185e-07
20230318,32.0,4.97685185e-07
20230319,32.0,4.97685185e-07
20230320,32.0,4.97685185e-07
20230321,32.0,4.97685185e-07
20230322,32.0,4.97685185e-07
20230323,32.0,4.97685185e-07
20230324,32.0,4.97685185e-07
20230325,32.0,4.97685185e-07
20230326,32.0,4.97685185e-07
20230327,32.0,4.97685185e-07
20230328,32.0,4.97685185e-07
20230329,32.0,4.97685185e-07
20230330,32.0,4.97685185e-07
20230331,32.0,4.97685185e-07
20230401,32.0,4.97685185e-07
20230402,32.0,4.97685185e-07
20230403,32.0,4.97685185e-07
20230404,32.0,4.97685185e-07
20230405,32.0,4.97685185e-07
20230406,32.0,4.97685185e-07
20230407,32.0,4.97685185e-07
20230408,32.0,4.97685185e-07
20230409,32.0,4.97685185e-07
20230410,32.0,4.97685185e-07
20230411,32.0,4.97685185e-07
20230412,32.0,4.97685185e-07
20230413,32.0,4.97685185e-07
20230414,32.0,4.97685185e-07
20230415,32.0,4.97685185e-07
20230416,32.0,4.97685185e-07
20230417,32.0,4.97685185e-07
20230418,32.0,4.97685185e-07
20230419,32.0,4.97685185e-07
20230420,32.0,4.97685185e-07
20230421,32.0,4.97685185e-07
20230422,32.0,4.97685185e-07
20230423,32.0,4.97685185e-07
20230424,32.0,4.97685185e-07
20230425,32.0,4.97685185e-07
20230426,32.0,4.97685185e-07
20230427,32.0,4.97685185e-07
20230428,32.0,4.97685185e-07
20230429,32.0,4.97685185e-07
20230430,32.0,4.97685185e-07
20230501,32.0,4.97685185e-07
20230502,32.0,4.97685185e-07
20230503,32.0,4.97685185e-07
20230504,32.0,4.97685185e-07
20230505,32.0,4.97685185e-07
20230506,32.0,4.97685185e-07
20230507,32.0,4.97685185e-07
20230508,32.0,4.97685185e-07
20230509,32.0,4.97685185e-07
20230510,32.0,4.97685185e-07
20230511,32.0,4.97685185e-07
20230512,32.0,4.97685185e-07
20230513,32.0,4.97685185e-07
20230514,32.0,4.97685185e-07
20230515,32.0,4.97685185e-07
20230516,32.0,4.97685185e-07
20230517,32.0,4.97685185e-07
20230518,32.0,4.97685185e-07
20230519,32.0,4.97685185e-07
20230520,32.0,4.97685185e-07
20230521,32.0,4.97685185e-07
20230522,32.0,4.97685185e-07
20230523,32.0,4.97685185e-07
20230524,32.0,4.97685185e-07
20230525,32.0,4.97685185e-07
20230526,32.0,4.97685185e-07
20230527,32.0,4.97685185e-07
20230528,32.0,4.97685185e-07
20230529,32.0,4.97685185e-07
20230530,32.0,4.97685185e-07
20230531,32.0,4.97685185e-07
20230601,32.0,4.97685185e-07
20230602,32.0,4.97685185e-07
20230603,32.0,4.97685185e-07
20230604,32.0,4.97685185e-07
20230605,32.0,4.97685185e-07
20230606,32.0,4.97685185e-07
20230607,32.0,4.97685185e-07
20230608,32.0,4.97685185e-07
20230609,32.0,4.97685185e-07
20230610,32.0,4.97685185e-07
20230611,32.0,4.97685185e-07
20230612,32.0,4.97685185e-07
20230613,32.0,4.97685185e-07
20230614,32.0,4.97685185e-07
20230615,32.0,4.97685185e-07
20230616,32.0,4.97685185e-07
20230617,32.0,4.97685185e-07
20230618,32.0,4.97685185e-07
20230619,32.0,4.97685185e-07
20230620,32.0,4.97685185e-07
20230621,32.0,4.97685185e-07
20230622,32.0,4.97685185e-07
20230623,32.0,4.97685185e-07
20230624,32.0,4.97685185e-07
20230625,32.0,4.97685185e-07
20230626,32.0,4.97685185e-07
20230627,32.0,4.97685185e-07
20230628,32.0,4.97685185e-07
20230629,32.0,4.97685185e-07
20230630,32.0,4.97685185e-07
20230701,32.0,4.97685185e-07
20230702,32.0,4.97685185e-07
20230703,32.0,4.97685185e-07
20230704,32.0,4.97685185e-07
20230705,32.0,4.97685185e-07
20230706,32.0,4.97685185e-07
20230707,32.0,4.97685185e-07
20230708,32.0,4.97685185e-07
20230709,32.0,4.97685185e-07
20230710,32.0,4.97685185e-07
20230711,32.0,4.97685185e-07
20230712,32.0,4.97685185e-07
20230713,32.0,4.97685185e-07
20230714,32.0,4.97685185e-07
20230715,32.0,4.97685185e-07
20230716,32.0,4.97685185e-07
20230717,32.0,4.97685185e-07
20230718,32.0,4.97685185e-07
20230719,32.0,4.97685185e-07
20230720,32.0,4.97685185e-07
20230721,32.0,4.97685185e-07
20230722,32.0,4.97685185e-07
20230723,32.0,4.97685185e-07
20230724,32.0,4.97685185e-07
20230725,32.0,4.97685185e-07
20230726,32.0,4.97685185e-07
20230727,32.0,4.97685185e-07
20230728,32.0,4.97685185e-07
20230729,32.0,4.97685185e-07
20230730,32.0,4.97685185e-07
20230731,32.0,4.97685185e-07
20230801,32.0,4.97685185e-07
20230802,32.0,4.97685185e-07
20230803,32.0,4.97685185e-07
20230804,32.0,4.97685185e-07
20230805,32.0,4.97685185e-07
20230806,32.0,4.97685185e-07
20230807,32.0,4.97685185e-07
20230808,32.0,4.97685185e-07
20230809,32.0,4.97685185e-07
20230810,32.0,4.97685185e-07
20230811,32.0,4.97685185e-07
20230812,32.0,4.97685185e-07
20230813,32.0,4.97685185e-07
20230814,32.0,4.97685185e-07
20230815,32.0,4.97685185e-07
20230816,32.0,4.97685185e-07
20230817,32.0,4.97685185e-07
20230818,32.0,4.97685185e-07
20230819,32.0,4.97685185e-07
20230820,32.0,4.97685185e-07
20230821,32.0,4.97685185e-07
20230822,32.0,4.97685185e-07
20230823,32.0,4.97685185e-07
20230824,32.0,4.97685185e-07
20230825,32.0,4.97685185e-07
20230826,32.0,4.97685185e-07
20230827,32.0,4.97685185e-07
20230828,32.0,4.97685185e-07
20230829,32.0,4.97685185e-07
20230830,32.0,4.97685185e-07
20230831,32.0,4.97685185e-07
20230901,32.0,4.97685185e-07
20230902,32.0,4.97685185e-07
20230903,32.0,4.97685185e-07
20230904,32.0,4.97685185e-07
20230905,32.0,4.97685185e-07
20230906,32.0,4.97685185e-07
20230907,32.0,4.97685185e-07
20230908,32.0,4.97685185e-07
20230909,32.0,4.97685185e-07
20230910,32.0,4.97685185e-07
20230911,32.0,4.97685185e-07
20230912,32.0,4.97685185e-07
20230913,32.0,4.97685185e-07
20230914,32.0,4.97685185e-07
20230915,32.0,4.97685185e-07
20230916,32.0,4.97685185e-07
20230917,32.0,4.97685185e-07
20230918,32.0,4.97685185e-07
20230919,32.0,4.97685185e-07
20230920,32.0,4.97685185e-07
20230921,32.0,4.97685185e-07
20230922,32.0,4.97685185e-07
20230923,32.0,4.97685185e-07
20230924,32.0,4.97685185e-07
20230925,32.0,4.97685185e-07
20230926,32.0,4.97685185e-07
20230927,32.0,4.97685185e-07
20230928,32.0,4.97685185e-07
20230929,32.0,4.97685185e-07
20230930,32.0,4.97685185e-07
20231001,32.0,4.97685185e-07
20231002,32.0,4.97685185e-07
20231003,32.0,4.97685185e-07
20231004,32.0,4.97685185e-07
20231005,32.0,4.97685185e-07
20231006,32.0,4.97685185e-07
20231007,32.0,4.97685185e-07
20231008,32.0,4.97685185e-07
20231009,32.0,4.97685185e-07
20231010,32.0,4.97685185e-07
20231011,32.0,4.97685185e-07
20231012,32.0,4.97685185e-07
20231013,32.0,4.97685185e-07
20231014,32.0,4.97685185e-07
20231015,32.0,4.97685185e-07
20231016,32.0,4.97685185e-07
20231017,32.0,4.97685185e-07
20231018,32.0,4.97685185e-07
20231019,32.0,4.97685185e-07
20231020,32.0,4.97685185e-07
20231021,32.0,4.97685185e-07
20231022,32.0,4.97685185e-07
20231023,32.0,4.97685185e-07
20231024,32.0,4.97685185e-07
20231025,32.0,4.97685185e-07
20231026,32.0,4.97685185e-07
20231027,32.0,4.97685185e-07
20231028,32.0,4.97685185e-07
20231029,32.0,4.97685185e-07
20231030,32.0,4.97685185e-07
20231031,32.0,4.97685185e-07
20231101,32.0,4.97685185e-07
20231102,32.0,4.97685185e-07
20231103,32.0,4.97685185e-07
20231104,32.0,4.97685185e-07
20231105,32.0,4.97685185e-07
20231106,32.0,4.97685185e-07
20231107,32.0,4.97685185e-07
20231108,32.0,4.97685185e-07
20231109,32.0,4.97685185e-07
20231110,32.0,4.97685185e-07
20231111,32.0,4.97685185e-07
20231112,32.0,4.97685185e-07
20231113,32.0,4.97685185e-07
20231114,32.0,4.97685185e-07
20231115,32.0,4.97685185e-07
20231116,32.0,4.97685185e-07
20231117,32.0,4.97685185e-07
20231118,32.0,4.97685185e-07
20231119,32.0,4.97685185e-07
20231120,32.0,4.97685185e-07
20231121,32.0,4.97685185e-07
20231122,32.0,4.97685185e-07
20231123,32.0,4.97685185e-07
20231124,32.0,4.97685185e-07
20231125,32.0,4.97685185e-07
20231126,32.0,4.97685185e-07
20231127,32.0,4.97685185e-07
20231128,32.0,4.97685185e-07
20231129,32.0,4.97685185e-07
20231130,32.0,4.97685185e-07
20231201,32.0,4.97685185e-07
20231202,32.0,4.97685185e-07
20231203,32.0,4.97685185e-07
20231204,32.0,4.97685185e-07
20231205,32.0,4.97685185e-07
20231206,32.0,4.97685185e-07
20231207,32.0,4.97685185e-07
20231208,32.0,4.97685185e-07
20231209,32.0,4.97685185e-07
20231210,32.0,4.97685185e-07
20231211,32.0,4.97685185e-07
20231212,32.0,4.97685185e-07
20231213,32.0,4.97685185e-07
20231214,32.0,4.97685185e-07
20231215,32.0,4.97685185e-07
20231216,32.0,4.97685185e-07
20231217,32.0,4.97685185e-07
20231218,32.0,4.97685185e-07
20231219,32.0,4.97685185e-07
20231220,32.0,4.97685185e-07
20231221,32.0,4.97685185e-07
20231222,32.0,4.97685185e-07
20231223,32.0,4.97685185e-07
20231224,32.0,4.97685185e-07
20231225,32.0,4.97685185e-07
20231226,32.0,4.97685185e-07
20231227,32.0,4.97685185e-07
20231228,32.0,4.97685185e-07
20231229,32.0,4.97685185e-07
20231230,32.0,4.97685185e-07
20231231,32.0,4.97685185e-07
20240101,32.0,4.97685185e-07
20240102,32.0,4.97685185e-07
20240103,32.0,4.97685185e-07
20240104,32.0,4.97685185e-07
20240105,32.0,4.97685185e-07
20240106,32.0,4.97685185e-07
20240107,32.0,4.97685185e-07
20240108,32.0,4.97685185e-07
20240109,32.0,4.97685185e-07
20240110,32.0,4.97685185e-07
20240111,32.0,4.97685185e-07
20240112,32.0,4.97685185e-07
20240113,32.0,4.97685185e-07
20240114,32.0,4.97685185e-07
20240115,32.0,4.97685185e-07
20240116,32.0,4.97685185e-07
20240117,32.0,4.97685185e-07
20240118,32.0,4.97685185e-07
20240119,32.0,4.97685185e-07
20240120,32.0,4.97685185e-07
20240121,32.0,4.97685185e-07
20240122,32.0,4.97685185e-07
20240123,32.0,4.97685185e-07
20240124,32.0,4.97685185e-07
20240125,32.0,4.97685185e-07
20240126,32.0,4.97685185e-07
20240127,32.0,4.97685185e-07
20240128,32.0,4.97685185e-07
20240129,32.0,4.97685185e-07
20240130,32.0,4.97685185e-07
20240131,32.0,4.97685185e-07
20240201,32.0,4.97685185e-07
20240202,32.0,4.97685185e-07
20240203,32.0,4.97685185e-07
20240204,32.0,4.97685185e-07
20240205,32.0,4.97685185e-07
20240206,32.0,4.97685185e-07
20240207,32.0,4.97685185e-07
20240208,32.0,4.97685185e-07
20240209,32.0,4.97685185e-07
20240210,32.0,4.97685185e-07
20240211,32.0,4.97685185e-07
20240212,32.0,4.97685185e-07
20240213,32.0,4.97685185e-07
20240214,32.0,4.97685185e-07
20240215,32.0,4.97685185e-07
20240216,32.0,4.97685185e-07
20240217,32.0,4.97685185e-07
20240218,32.0,4.97685185e-07
20240219,32.0,4.97685185e-07
20240220,32.0,4.97685185e-07
20240221,32.0,4.97685185e-07
20240222,32.0,4.97685185e-07
20240223,32.0,4.97685185e-07
20240224,32.0,4.97685185e-07
20240225,32.0,4.97685185e-07
20240226,32.0,4.97685185e-07
20240227,32.0,4.97685185e-07
20240228,32.0,4.97685185e-07
20240229,32.0,4.97685185e-07
20240301,32.0,4.97685185e-07
20240302,32.0,4.97685185e-07
20240303,32.0,4.97685185e-07
20240304,32.0,4.97685185e-07
20240305,32.0,4.97685185e-07
20240306,32.0,4.97685185e-07
20240307,32.0,4.97685185e-07
20240308,32.0,4.97685185e-07
20240309,32.0,4.97685185e-07
20240310,32.0,4.97685185e-07
20240311,32.0,4.97685185e-07
20240312,32.0,4.97685185e-07
20240313,32.0,4.97685185e-07
20240314,32.0,4.97685185e-07
20240315,32.0,4.97685185e-07
20240316,32.0,4.97685185e-07
20240317,32.0,4.97685185e-07
20240318,32.0,4.97685185e-07
20240319,32.0,4.97685185e-07
20240320,32.0,4.97685185e-07
20240321,32.0,4.97685185e-07
20240322,32.0,4.97685185e-07
20240323,32.0,4.97685185e-07
20240324,32.0,4.97685185e-07
20240325,32.0,4.97685185e-07
20240326,32.0,4.97685185e-07
20240327,32.0,4.97685185e-07
20240328,32.0,4.97685185e-07
20240329,32.0,4.97685185e-07
20240330,32.0,4.97685185e-07
20240331,32.0,4.97685185e-07
20240401,32.0,4.97685185e-07
20240402,32.0,4.97685185e-07
20240403,32.0,4.97685185e-07
20240404,32.0,4.97685185e-07
20240405,32.0,4.97685185e-07
20240406,32.0,4.97685185e-07
20240407,32.0,4.97685185e-07
20240408,32.0,4.97685185e-07
20240409,32.0,4.97685185e-07
20240410,32.0,4.97685185e-07
20240411,32.0,4.97685185e-07
20240412,32.0,4.97685185e-07
20240413,32.0,4.97685185e-07
20240414,32.0,4.97685185e-07
20240415,32.0,4.97685185e-07
20240416,32.0,4.97685185e-07
20240417,32.0,4.97685185e-07
20240418,32.0,4.97685185e-07
20240419,32.0,4.97685185e-07
20240420,32.0,4.97685185e-07
20240421,32.0,4.97685185e-07
20240422,32.0,4.97685185e-07
20240423,32.0,4.97685185e-07
20240424,32.0,4.97685185e-07
20240425,32.0,4.97685185e-07
20240426,32.0,4.97685185e-07
20240427,32.0,4.97685185e-07
20240428,32.0,4.97685185e-07
20240429,32.0,4.97685185e-07
20240430,32.0,4.97685185e-07
20240501,32.0,4.97685185e-07
20240502,32.0,4.97685185e-07
20240503,32.0,4.97685185e-07
20240504,32.0,4.97685185e-07
20240505,32.0,4.97685185e-07
20240506,32.0,4.97685185e-07
20240507,32.0,4.97685185e-07
20240508,32.0,4.97685185e-07
20240509,32.0,4.97685185e-07
20240510,32.0,4.97685185e-07
20240511,32.0,4.97685185e-07
20240512,32.0,4.97685185e-07
20240513,32.0,4.97685185e-07
20240514,32.0,4.97685185e-07
20240515,32.0,4.97685185e-07
20240516,32.0,4.97685185e-07
20240517,32.0,4.97685185e-07
20240518,32.0,4.97685185e-07
20240519,32.0,4.97685185e-07
20240520,32.0,4.97685185e-07
20240521,32.0,4.97685185e-07
20240522,32.0,4.97685185e-07
20240523,32.0,4.97685185e-07
20240524,32.0,4.97685185e-07
20240525,32.0,4.97685185e-07
20240526,32.0,4.97685185e-07
20240527,32.0,4.97685185e-07
20240528,32.0,4.97685185e-07
20240529,32.0,4.97685185e-07
20240530,32.0,4.97685185e-07
20240531,32.0,4.97685185e-07
20240601,32.0,4.97685185e-07
20240602,32.0,4.97685185e-07
20240603,32.0,4.97685185e-07
20240604,32.0,4.97685185e-07
20240605,32.0,4.97685185e-07
20240606,32.0,4.97685185e-07
20240607,32.0,4.97685185e-07
20240608,32.0,4.97685185e-07
20240609,32.0,4.97685185e-07
20240610,32.0,4.97685185e-07
20240611,32.0,4.97685185e-07
20240612,32.0,4.97685185e-07
20240613,32.0,4.97685185e-07
20240614,32.0,4.97685185e-07
20240615,32.0,4.97685185e-07
20240616,32.0,4.97685185e-07
20240617,32.0,4.97685185e-07
20240618,32.0,4.97685185e-07
20240619,32.0,4.97685185e-07
20240620,32.0,4.97685185e-07
20240621,32.0,4.97685185e-07
20240622,32.0,4.97685185e-07
20240623,32.0,4.97685185e-07
20240624,32.0,4.97685185e-07
20240625,32.0,4.97685185e-07
20240626,32.0,4.97685185e-07
20240627,32.0,4.97685185e-07
20240628,32.0,4.97685185e-07
20240629,32.0,4.97685185e-07
20240630,32.0,4.97685185e-07
20240701,32.0,4.97685185e-07
20240702,32.0,4.97685185e-07
20240703,32.0,4.97685185e-07
20240704,32.0,4.97685185e-07
20240705,32.0,4.97685185e-07
20240706,32.0,4.97685185e-07
20240707,32.0,4.97685185e-07
20240708,32.0,4.97685185e-07
20240709,32.0,4.97685185e-07
20240710,32.0,4.97685185e-07
20240711,32.0,4.97685185e-07
20240712,32.0,4.97685185e-07
20240713,32.0,4.97685185e-07
20240714,32.0,4.97685185e-07
20240715,32.0,4.97685185e-07
20240716,32.0,4.97685185e-07
20240717,32.0,4.97685185e-07
20240718,32.0,4.97685185e-07
20240719,32.0,4.97685185e-07
20240720,32.0,4.97685185e-07
20240721,32.0,4.97685185e-07
20240722,32.0,4.97685185e-07
20240723,32.0,4.97685185e-07
20240724,32.0,4.97685185e-07
20240725,32.0,4.97685185e-07
20240726,32.0,4.97685185e-07
20240727,32.0,4.97685185e-07
20240728,32.0,4.97685185e-07
20240729,32.0,4.97685185e-07
20240730,32.0,4.97685185e-07
20240731,32.0,4.97685185e-07
20240801,32.0,4.97685185e-07
20240802,32.0,4.97685185e-07
20240803,32.0,4.97685185e-07
20240804,32.0,4.97685185e-07
20240805,32.0,4.97685185e-07
20240806,32.0,4.97685185e-07
20240807,32.0,4.97685185e-07
20240808,32.0,4.97685185e-07
20240809,32.0,4.97685185e-07
20240810,32.0,4.97685185e-07
20240811,32.0,4.97685185e-07
20240812,32.0,4.97685185e-07
20240813,32.0,4.97685185e-07
20240814,32.0,4.97685185e-07
20240815,32.0,4.97685185e-07
20240816,32.0,4.97685185e-07
20240817,32.0,4.97685185e-07
20240818,32.0,4.97685185e-07
20240819,32.0,4.97685185e-07
20240820,32.0,4.97685185e-07
20240821,32.0,4.97685185e-07
20240822,32.0,4.97685185e-07
20240823,32.0,4.97685185e-07
20240824,32.0,4.97685185e-07
20240825,32.0,4.97685185e-07
20240826,32.0,4.97685185e-07
20240827,32.0,4.97685185e-07
20240828,32.0,4.97685185e-07
20240829,32.0,4.97685185e-07
20240830,32.0,4.97685185e-07
20240831,32.0,4.97685185e-07
20240901,32.0,4.97685185e-07
20240902,32.0,4.97685185e-07
20240903,32.0,4.97685185e-07
20240904,32.0,4.97685185e-07
20240905,32.0,4.97685185e-07
20240906,32.0,4.97685185e-07
20240907,32.0,4.97685185e-07
20240908,32.0,4.97685185e-07
20240909,32.0,4.97685185e-07
20240910,32.0,4.97685185e-07
20240911,32.0,4.97685185e-07
20240912,32.0,4.97685185e-07
20240913,32.0,4.97685185e-07
20240914,32.0,4.97685185e-07
20240915,32.0,4.97685185e-07
20240916,32.0,4.97685185e-07
20240917,32.0,4.97685185e-07
20240918,32.0,4.97685185e-07
20240919,32.0,4.97685185e-07
20240920,32.0,4.97685185e-07
20240921,32.0,4.97685185e-07
20240922,32.0,4.97685185e-07
20240923,32.0,4.97685185e-07
20240924,32.0,4.97685185e-07
20240925,32.0,4.97685185e-07
20240926,32.0,4.97685185e-07
20240927,32.0,4.97685185e-07
20240928,32.0,4.97685185e-07
20240929,32.0,4.97685185e-07
20240930,32.0,4.97685185e-07
20241001,32.0,4.97685185e-07
20241002,32.0,4.97685185e-07
20241003,32.0,4.97685185e-07
20241004,32.0,4.97685185e-07
20241005,32.0,4.97685185e-07
20241006,32.0,4.97685185e-07
20241007,32.0,4.97685185e-07
20241008,32.0,4.97685185e-07
20241009,32.0,4.97685185e-07
20241010,32.0,4.97685185e-07
20241011,32.0,4.97685185e-07
20241012,32.0,4.97685185e-07
20241013,32.0,4.97685185e-07
20241014,32.0,4.97685185e-07
20241015,32.0,4.97685185e-07
20241016,32.0,4.97685185e-07
20241017,32.0,4.97685185e-07
20241018,32.0,4.97685185e-07
20241019,32.0,4.97685185e-07
20241020,32.0,4.97685185e-07
20241021,32.0,4.97685185e-07
20241022,32.0,4.97685185e-07
20241023,32.0,4.97685185e-07
20241024,32.0,4.97685185e-07
20241025,32.0,4.97685185e-07
20241026,32.0,4.97685185e-07
20241027,32.0,4.97685185e-07
20241028,32.0,4.97685185e-07
20241029,32.0,4.97685185e-07
20241030,32.0,4.97685185e-07
20241031,32.0,4.97685185e-07
20241101,32.0,4.97685185e-07
20241102,32.0,4.97685185e-07
20241103,32.0,4.97685185e-07
20241104,32.0,4.97685185e-07
20241105,32.0,4.97685185e-07
20241106,32.0,4.97685185e-07
20241107,32.0,4.97685185e-07
20241108,32.0,4.97685185e-07
20241109,32.0,4.97685185e-07
20241110,32.0,4.97685185e-07
20241111,32.0,4.97685185e-07
20241112,32.0,4.97685185e-07
20241113,32.0,4.97685185e-07
20241114,32.0,4.97685185e-07
20241115,32.0,4.97685185e-07
20241116,32.0,4.97685185e-07
20241117,32.0,4.97685185e-07
20241118,32.0,4.97685185e-07
20241119,32.0,4.97685185e-07
20241120,32.0,4.97685185e-07
20241121,32.0,4.97685185e-07
20241122,32.0,4.97685185e-07
20241123,32.0,4.97685185e-07
20241124,32.0,4.97685185e-07
20241125,32.0,4.97685185e-07
20241126,32.0,4.97685185e-07
20241127,32.0,4.97685185e-07
20241128,32.0,4.97685185e-07
20241129,32.0,4.97685185e-07
20241130,32.0,4.97685185e-07
20241201,32.0,4.97685185e-07
20241202,32.0,4.97685185e-07
20241203,32.0,4.97685185e-07
20241204,32.0,4.97685185e-07
20241205,32.0,4.97685185e-07
20241206,32.0,4.97685185e-07
20241207,32.0,4.97685185e-07
20241208,32.0,4.97685185e-07
20241209,32.0,4.97685185e-07
20241210,32.0,4.97685185e-07
20241211,32.0,4.97685185e-07
20241212,32.0,4.97685185e-07
20241213,32.0,4.97685185e-07
20241214,32.0,4.97685185e-07
20241215,32.0,4.97685185e-07
20241216,32.0,4.97685185e-07
20241217,32.0,4.97685185e-07
20241218,32.0,4.97685185e-07
20241219,32.0,4.97685185e-07
20241220,32.0,4.97685185e-07
20241221,32.0,4.97685185e-07
20241222,32.0,4.97685185e-07
20241223,32.0,4.97685185e-07
20241224,32.0,4.97685185e-07
20241225,32.0,4.97685185e-07
20241226,32.0,4.97685185e-07
20241227,32.0,4.97685185e-07
20241228,32.0,4.97685185e-07
20241229,32.0,4.97685185e-07
20241230,32.0,4.97685185e-07
